-1.228799999999999892e-01 -7.176380482436280772e+01
-1.223999999999999949e-01 -7.159216265442046279e+01
-1.219199999999999867e-01 -7.189454288465056209e+01
-1.214399999999999924e-01 -7.225355552926806979e+01
-1.209599999999999842e-01 -7.260117615632692889e+01
-1.204799999999999899e-01 -7.311053634488865782e+01
-1.199999999999999956e-01 -7.334194465430122989e+01
-1.195199999999999874e-01 -7.341195195115960814e+01
-1.190399999999999930e-01 -7.332541061171217223e+01
-1.185599999999999848e-01 -7.301314854936012466e+01
-1.180799999999999905e-01 -7.256756684185459960e+01
-1.175999999999999962e-01 -7.223441930641703834e+01
-1.171199999999999880e-01 -7.195451605589369137e+01
-1.166399999999999937e-01 -7.138904878221852357e+01
-1.161599999999999855e-01 -7.114518288850072736e+01
-1.156799999999999912e-01 -7.126804475176042786e+01
-1.151999999999999968e-01 -7.139298999204312679e+01
-1.147199999999999886e-01 -7.177687092215232667e+01
-1.142399999999999943e-01 -7.215498529018022111e+01
-1.137599999999999861e-01 -7.263169911161789116e+01
-1.132799999999999918e-01 -7.321867972352207232e+01
-1.127999999999999836e-01 -7.346313786923514044e+01
-1.123199999999999893e-01 -7.310794962571593203e+01
-1.118399999999999950e-01 -7.264518598109140157e+01
-1.113599999999999868e-01 -7.204623330561906869e+01
-1.108799999999999925e-01 -7.140243627588878894e+01
-1.103999999999999843e-01 -7.081698528370745294e+01
-1.099199999999999899e-01 -7.010572150958688553e+01
-1.094399999999999956e-01 -6.932912257991407046e+01
-1.089599999999999874e-01 -6.877613995665620905e+01
-1.084799999999999931e-01 -6.866756561625862787e+01
-1.079999999999999849e-01 -6.832447749342824750e+01
-1.075199999999999906e-01 -6.767454890215967112e+01
-1.070399999999999963e-01 -6.731542064158924177e+01
-1.065599999999999881e-01 -6.678940178768753810e+01
-1.060799999999999937e-01 -6.603968650660534934e+01
-1.055999999999999855e-01 -6.519441745626714635e+01
-1.051199999999999912e-01 -6.434130280653391765e+01
-1.046399999999999969e-01 -6.402945850252270077e+01
-1.041599999999999887e-01 -6.367105022371796963e+01
-1.036799999999999944e-01 -6.323641182847389786e+01
-1.031999999999999862e-01 -6.285906473429339059e+01
-1.027199999999999919e-01 -6.271094817506482855e+01
-1.022399999999999975e-01 -6.218026600036872509e+01
-1.017599999999999894e-01 -6.181704240380092585e+01
-1.012799999999999950e-01 -6.174793521172988164e+01
-1.007999999999999868e-01 -6.184681797991333951e+01
-1.003199999999999925e-01 -6.207296671470921723e+01
-9.983999999999998431e-02 -6.214557236989163869e+01
-9.935999999999998999e-02 -6.194772780087998143e+01
-9.887999999999999567e-02 -6.210275170195800598e+01
-9.839999999999998748e-02 -6.215674201256250342e+01
-9.791999999999999316e-02 -6.209456191585417173e+01
-9.743999999999998496e-02 -6.191842424570503312e+01
-9.695999999999999064e-02 -6.177086097243279994e+01
-9.647999999999999632e-02 -6.128729138199243209e+01
-9.599999999999998812e-02 -6.113392665005400062e+01
-9.551999999999999380e-02 -6.124681752539184743e+01
-9.503999999999998560e-02 -6.134067255939192620e+01
-9.455999999999999128e-02 -6.161856909903930557e+01
-9.407999999999999696e-02 -6.166295345587930399e+01
-9.359999999999998876e-02 -6.139868501350852625e+01
-9.311999999999999444e-02 -6.137039194892431482e+01
-9.263999999999998625e-02 -6.169518756007659022e+01
-9.215999999999999193e-02 -6.174414551244954907e+01
-9.167999999999999761e-02 -6.146976560287705382e+01
-9.119999999999998941e-02 -6.107682310522748992e+01
-9.071999999999999509e-02 -6.098351874779713455e+01
-9.023999999999998689e-02 -6.133125255269458620e+01
-8.975999999999999257e-02 -6.129449496707130152e+01
-8.927999999999999825e-02 -6.088281979059969728e+01
-8.879999999999999005e-02 -6.082189065601390610e+01
-8.831999999999999573e-02 -6.093018467828336782e+01
-8.783999999999998753e-02 -6.095839006980504138e+01
-8.735999999999999321e-02 -6.106310618995161121e+01
-8.687999999999999889e-02 -6.083859448065727094e+01
-8.639999999999999070e-02 -6.075821112298297066e+01
-8.591999999999999638e-02 -6.067260237445570681e+01
-8.543999999999998818e-02 -6.077254337160528053e+01
-8.495999999999999386e-02 -6.087714970109175283e+01
-8.447999999999999954e-02 -6.088447681397589406e+01
-8.399999999999999134e-02 -6.074639302131072327e+01
-8.351999999999999702e-02 -6.059613046330699859e+01
-8.303999999999998882e-02 -6.045255815157694457e+01
-8.255999999999999450e-02 -6.024133182410673015e+01
-8.207999999999998630e-02 -6.002000539059820028e+01
-8.159999999999999198e-02 -6.007641733251061567e+01
-8.111999999999999766e-02 -6.009292453766067865e+01
-8.063999999999998947e-02 -6.010243043610255853e+01
-8.015999999999999515e-02 -6.006705765398075414e+01
-7.967999999999998695e-02 -6.009215360473532996e+01
-7.919999999999999263e-02 -6.045999923372866647e+01
-7.871999999999999831e-02 -6.053526651484712318e+01
-7.823999999999999011e-02 -6.048496214604634247e+01
-7.775999999999999579e-02 -6.047106457739450036e+01
-7.727999999999998759e-02 -6.038708608783674947e+01
-7.679999999999999327e-02 -6.011303129776229071e+01
-7.631999999999999895e-02 -5.990191963551905019e+01
-7.583999999999999075e-02 -6.004309020296232546e+01
-7.535999999999999643e-02 -5.999625467582235672e+01
-7.487999999999998824e-02 -6.006363036080580287e+01
-7.439999999999999392e-02 -6.009645387789645810e+01
-7.391999999999999960e-02 -5.968292742775194171e+01
-7.343999999999999140e-02 -5.980978704412466129e+01
-7.295999999999999708e-02 -5.993521265296763545e+01
-7.247999999999998888e-02 -5.983288943201043253e+01
-7.199999999999999456e-02 -5.997097140544319416e+01
-7.152000000000000024e-02 -6.003449827460099186e+01
-7.103999999999999204e-02 -5.969562466693133729e+01
-7.055999999999999772e-02 -5.951782375872578257e+01
-7.007999999999998952e-02 -5.944637467602109382e+01
-6.959999999999999520e-02 -5.922708696025754449e+01
-6.911999999999998701e-02 -5.906901613758404324e+01
-6.863999999999999269e-02 -5.890634618595657912e+01
-6.815999999999999837e-02 -5.884512844185411495e+01
-6.767999999999999017e-02 -5.900260007801321649e+01
-6.719999999999999585e-02 -5.910433409946379868e+01
-6.671999999999998765e-02 -5.902752707530087406e+01
-6.623999999999999333e-02 -5.904129252960228769e+01
-6.575999999999999901e-02 -5.930020284418299070e+01
-6.527999999999999081e-02 -5.915911319115008382e+01
-6.479999999999999649e-02 -5.933370759249213933e+01
-6.431999999999998829e-02 -5.953396233674095583e+01
-6.383999999999999397e-02 -5.934547988252401041e+01
-6.335999999999999965e-02 -5.928230487518679581e+01
-6.287999999999999146e-02 -5.920239137319299516e+01
-6.239999999999999714e-02 -5.910315705190085822e+01
-6.191999999999999588e-02 -5.892432581554842130e+01
-6.143999999999999462e-02 -5.903809662354212406e+01
-6.095999999999999336e-02 -5.931517753569509921e+01
-6.047999999999999210e-02 -5.936111186213651791e+01
-5.999999999999999778e-02 -5.894324757292453398e+01
-5.951999999999999652e-02 -5.840104745650906182e+01
-5.903999999999999526e-02 -5.842403471608517407e+01
-5.855999999999999400e-02 -5.846026103300786048e+01
-5.807999999999999274e-02 -5.840537293010947195e+01
-5.759999999999999842e-02 -5.800571719057764142e+01
-5.711999999999999716e-02 -5.746249054739401174e+01
-5.663999999999999591e-02 -5.717659769363134359e+01
-5.615999999999999465e-02 -5.692265898160482607e+01
-5.567999999999999339e-02 -5.679077258015422558e+01
-5.519999999999999213e-02 -5.642930028280893140e+01
-5.471999999999999781e-02 -5.640384028478828782e+01
-5.423999999999999655e-02 -5.649459023686614501e+01
-5.375999999999999529e-02 -5.643727001093301965e+01
-5.327999999999999403e-02 -5.648021249161087098e+01
-5.279999999999999277e-02 -5.664243175543080611e+01
-5.231999999999999845e-02 -5.705917484854217037e+01
-5.183999999999999719e-02 -5.697763303157988446e+01
-5.135999999999999593e-02 -5.677175217892806813e+01
-5.087999999999999468e-02 -5.682736981677323485e+01
-5.039999999999999342e-02 -5.659797613396187899e+01
-4.991999999999999216e-02 -5.637343737673769795e+01
-4.943999999999999784e-02 -5.614023833870076885e+01
-4.895999999999999658e-02 -5.588716905272588065e+01
-4.847999999999999532e-02 -5.572376583390018112e+01
-4.799999999999999406e-02 -5.586365148885373344e+01
-4.751999999999999280e-02 -5.588999063161945458e+01
-4.703999999999999848e-02 -5.592829091030627353e+01
-4.655999999999999722e-02 -5.572278402533760300e+01
-4.607999999999999596e-02 -5.546141649710246924e+01
-4.559999999999999470e-02 -5.506640381525424743e+01
-4.511999999999999345e-02 -5.442971543521294109e+01
-4.463999999999999913e-02 -5.407757413091378851e+01
-4.415999999999999787e-02 -5.389815362895578232e+01
-4.367999999999999661e-02 -5.369920925006084644e+01
-4.319999999999999535e-02 -5.312413835551006969e+01
-4.271999999999999409e-02 -5.262101718543285500e+01
-4.223999999999999977e-02 -5.227783910463110573e+01
-4.175999999999999851e-02 -5.186501170498956270e+01
-4.127999999999999725e-02 -5.151107421031939282e+01
-4.079999999999999599e-02 -5.131983095032052233e+01
-4.031999999999999473e-02 -5.148616851227680513e+01
-3.983999999999999347e-02 -5.160556526449624926e+01
-3.935999999999999915e-02 -5.129747601486293007e+01
-3.887999999999999790e-02 -5.081738517320584236e+01
-3.839999999999999664e-02 -5.063542911495868992e+01
-3.791999999999999538e-02 -5.035439545033425190e+01
-3.743999999999999412e-02 -5.041491028629899063e+01
-3.695999999999999980e-02 -5.037689018659619933e+01
-3.647999999999999854e-02 -5.027145398737868476e+01
-3.599999999999999728e-02 -5.029441428888209487e+01
-3.551999999999999602e-02 -4.986170316880750875e+01
-3.503999999999999476e-02 -4.953105323148189143e+01
-3.455999999999999350e-02 -4.899910038279168134e+01
-3.407999999999999918e-02 -4.865922712783201121e+01
-3.359999999999999792e-02 -4.862175883958904876e+01
-3.311999999999999666e-02 -4.866938313398343752e+01
-3.263999999999999541e-02 -4.840502697742478944e+01
-3.215999999999999415e-02 -4.785337468287464446e+01
-3.167999999999999983e-02 -4.740418723185590011e+01
-3.119999999999999857e-02 -4.695973900932771983e+01
-3.071999999999999731e-02 -4.626118856182770855e+01
-3.023999999999999605e-02 -4.586057256507083224e+01
-2.975999999999999826e-02 -4.559512235942502656e+01
-2.927999999999999700e-02 -4.523179749337536748e+01
-2.879999999999999921e-02 -4.481723815499917407e+01
-2.831999999999999795e-02 -4.447577292293015461e+01
-2.783999999999999669e-02 -4.417560143612027446e+01
-2.735999999999999890e-02 -4.354259940181897548e+01
-2.687999999999999765e-02 -4.290007871316699806e+01
-2.639999999999999639e-02 -4.251001039635970358e+01
-2.591999999999999860e-02 -4.198224821847883703e+01
-2.543999999999999734e-02 -4.160419767553221249e+01
-2.495999999999999608e-02 -4.138948746627607989e+01
-2.447999999999999829e-02 -4.130864686215100789e+01
-2.399999999999999703e-02 -4.117596679787251190e+01
-2.351999999999999924e-02 -4.095594401668827089e+01
-2.303999999999999798e-02 -4.093700361802077481e+01
-2.255999999999999672e-02 -4.087809218990403792e+01
-2.207999999999999893e-02 -4.052854221482412811e+01
-2.159999999999999767e-02 -4.030326709507468763e+01
-2.111999999999999988e-02 -3.982904857747165295e+01
-2.063999999999999863e-02 -3.970942083481964602e+01
-2.015999999999999737e-02 -3.924810833402651866e+01
-1.967999999999999958e-02 -3.837192130458932127e+01
-1.919999999999999832e-02 -3.778924258637532319e+01
-1.871999999999999706e-02 -3.718837321466603640e+01
-1.823999999999999927e-02 -3.623065342512524012e+01
-1.775999999999999801e-02 -3.515570803025242697e+01
-1.727999999999999675e-02 -3.460252454125350141e+01
-1.679999999999999896e-02 -3.398551734596983920e+01
-1.631999999999999770e-02 -3.330374179599926521e+01
-1.583999999999999991e-02 -3.282247309554922765e+01
-1.535999999999999865e-02 -3.257977560380077620e+01
-1.487999999999999913e-02 -3.252766745867179310e+01
-1.439999999999999961e-02 -3.277251758123973957e+01
-1.391999999999999835e-02 -3.327869121884502590e+01
-1.343999999999999882e-02 -3.396226335455141054e+01
-1.295999999999999930e-02 -3.470702836348866072e+01
-1.247999999999999804e-02 -3.537103012495667542e+01
-1.199999999999999852e-02 -3.534838783427513675e+01
-1.151999999999999899e-02 -3.378663530852920616e+01
-1.103999999999999947e-02 -3.113043679839827149e+01
-1.055999999999999994e-02 -2.309528044032365912e+01
-1.007999999999999868e-02 -5.807359377370354458e+00
-9.599999999999999159e-03 2.576804565282848625e+00
-9.119999999999999635e-03 5.280096929330543531e+00
-8.639999999999998376e-03 5.619025536557966660e+00
-8.159999999999998851e-03 5.755563166199361369e+00
-7.679999999999999327e-03 6.036930586705900659e+00
-7.199999999999999803e-03 6.215055958543315384e+00
-6.719999999999999411e-03 6.123007514660775641e+00
-6.239999999999999020e-03 6.209806094167650059e+00
-5.759999999999999495e-03 6.386712209805706308e+00
-5.279999999999999971e-03 6.378544701880097811e+00
-4.799999999999999580e-03 6.398613786204656151e+00
-4.319999999999999188e-03 6.181526277716272944e+00
-3.839999999999999664e-03 6.046363443697138962e+00
-3.359999999999999706e-03 6.007805903883799203e+00
-2.879999999999999748e-03 5.951612784535350364e+00
-2.399999999999999790e-03 6.024498766576922293e+00
-1.919999999999999832e-03 5.951379107487867692e+00
-1.439999999999999874e-03 5.934716124155720252e+00
-9.599999999999999159e-04 5.973784567496778664e+00
-4.799999999999999580e-04 5.847431530411554057e+00
0.000000000000000000e+00 5.779735173687065242e+00
4.799999999999999580e-04 6.004577292482848883e+00
9.599999999999999159e-04 6.403072909585566741e+00
1.439999999999999874e-03 6.069934824826806796e+00
1.919999999999999832e-03 5.738133535152758924e+00
2.399999999999999790e-03 5.998642194392625804e+00
2.879999999999999748e-03 6.212580717753612092e+00
3.359999999999999706e-03 6.416447503410936726e+00
3.839999999999999664e-03 6.212744740960694401e+00
4.319999999999999188e-03 5.932537629672609114e+00
4.799999999999999580e-03 6.007024860670809652e+00
5.279999999999999971e-03 6.124958438258710558e+00
5.759999999999999495e-03 6.105108401202080870e+00
6.239999999999999020e-03 5.982035622305968303e+00
6.719999999999999411e-03 5.988132127903531554e+00
7.199999999999999803e-03 6.042143616750212054e+00
7.679999999999999327e-03 5.750056934919166807e+00
8.159999999999998851e-03 5.690485651242339848e+00
8.639999999999998376e-03 5.646957079504659305e+00
9.119999999999999635e-03 5.193292458990526939e+00
9.599999999999999159e-03 2.398183471654359078e+00
1.007999999999999868e-02 -6.121419819849911903e+00
1.055999999999999994e-02 -2.362771820118927479e+01
1.103999999999999947e-02 -3.220837292714224276e+01
1.151999999999999899e-02 -3.502082224171027747e+01
1.199999999999999852e-02 -3.556976403227166372e+01
1.247999999999999804e-02 -3.487967087977770575e+01
1.295999999999999930e-02 -3.360628488490637267e+01
1.343999999999999882e-02 -3.266402932674853332e+01
1.391999999999999835e-02 -3.203405607587205139e+01
1.439999999999999961e-02 -3.196347091766023496e+01
1.487999999999999913e-02 -3.208018024667989465e+01
1.535999999999999865e-02 -3.207657843372635398e+01
1.583999999999999991e-02 -3.225714845216376858e+01
1.631999999999999770e-02 -3.271953078732870779e+01
1.679999999999999896e-02 -3.338489798587309565e+01
1.727999999999999675e-02 -3.410330042327251476e+01
1.775999999999999801e-02 -3.516618238336288726e+01
1.823999999999999927e-02 -3.595601273323843117e+01
1.871999999999999706e-02 -3.657910962042763714e+01
1.919999999999999832e-02 -3.707918165780034769e+01
1.967999999999999958e-02 -3.762860691497663623e+01
2.015999999999999737e-02 -3.819195541350426026e+01
2.063999999999999863e-02 -3.886616767570836117e+01
2.111999999999999988e-02 -3.940358761655201647e+01
2.159999999999999767e-02 -3.954791496018818009e+01
2.207999999999999893e-02 -3.968643167628160029e+01
2.255999999999999672e-02 -3.987539352461878650e+01
2.303999999999999798e-02 -3.986221768413862065e+01
2.351999999999999924e-02 -4.034626690953474792e+01
2.399999999999999703e-02 -4.063971062303994586e+01
2.447999999999999829e-02 -4.109168992232077500e+01
2.495999999999999608e-02 -4.137737260278929341e+01
2.543999999999999734e-02 -4.176394820938904218e+01
2.591999999999999860e-02 -4.239320727733077376e+01
2.639999999999999639e-02 -4.317887889728876161e+01
2.687999999999999765e-02 -4.387383260793082940e+01
2.735999999999999890e-02 -4.468490735411558035e+01
2.783999999999999669e-02 -4.565630773270824250e+01
2.831999999999999795e-02 -4.630574835695345115e+01
2.879999999999999921e-02 -4.685145521950191494e+01
2.927999999999999700e-02 -4.695453261864297900e+01
2.975999999999999826e-02 -4.740154055275159095e+01
3.023999999999999605e-02 -4.787944108465261195e+01
3.071999999999999731e-02 -4.836470519272119617e+01
3.119999999999999857e-02 -4.880556663417709728e+01
3.167999999999999983e-02 -4.938599684201858508e+01
3.215999999999999415e-02 -4.989926699565086210e+01
3.263999999999999541e-02 -5.017805412499755846e+01
3.311999999999999666e-02 -5.050753023684082166e+01
3.359999999999999792e-02 -5.099630103809701609e+01
3.407999999999999918e-02 -5.128267463317331476e+01
3.455999999999999350e-02 -5.165507053333285370e+01
3.503999999999999476e-02 -5.202822050195591430e+01
3.551999999999999602e-02 -5.225847146910673757e+01
3.599999999999999728e-02 -5.224189002827856143e+01
3.647999999999999854e-02 -5.211907402222066565e+01
3.695999999999999980e-02 -5.234433849253949944e+01
3.743999999999999412e-02 -5.258647433274031613e+01
3.791999999999999538e-02 -5.268734783239931119e+01
3.839999999999999664e-02 -5.300208578548534888e+01
3.887999999999999790e-02 -5.317445551275844906e+01
3.935999999999999915e-02 -5.352748109309202817e+01
3.983999999999999347e-02 -5.364358247218127929e+01
4.031999999999999473e-02 -5.377230367079021534e+01
4.079999999999999599e-02 -5.400587439892674979e+01
4.127999999999999725e-02 -5.418832909880860882e+01
4.175999999999999851e-02 -5.433126001498343527e+01
4.223999999999999977e-02 -5.441852924747581710e+01
4.271999999999999409e-02 -5.447308208077568992e+01
4.319999999999999535e-02 -5.443922881612284925e+01
4.367999999999999661e-02 -5.454965170869361657e+01
4.415999999999999787e-02 -5.504410188911115398e+01
4.463999999999999913e-02 -5.520369109441796240e+01
4.511999999999999345e-02 -5.525014437690867908e+01
4.559999999999999470e-02 -5.565928700763925008e+01
4.607999999999999596e-02 -5.610849488156490139e+01
4.655999999999999722e-02 -5.670038950285264434e+01
4.703999999999999848e-02 -5.688143628904231974e+01
4.751999999999999280e-02 -5.719192570266663722e+01
4.799999999999999406e-02 -5.691354671526933373e+01
4.847999999999999532e-02 -5.670540273878627602e+01
4.895999999999999658e-02 -5.708686690803180142e+01
4.943999999999999784e-02 -5.709973958052770371e+01
4.991999999999999216e-02 -5.714710089154633010e+01
5.039999999999999342e-02 -5.720000827518789777e+01
5.087999999999999468e-02 -5.723771317275821957e+01
5.135999999999999593e-02 -5.748155140883544334e+01
5.183999999999999719e-02 -5.819234509780461195e+01
5.231999999999999845e-02 -5.838036349406719694e+01
5.279999999999999277e-02 -5.784080838155083626e+01
5.327999999999999403e-02 -5.788284244849413085e+01
5.375999999999999529e-02 -5.838784254945630892e+01
5.423999999999999655e-02 -5.838522567152058684e+01
5.471999999999999781e-02 -5.797174332301358390e+01
5.519999999999999213e-02 -5.777068489053220901e+01
5.567999999999999339e-02 -5.774742028646531367e+01
5.615999999999999465e-02 -5.782421937790787325e+01
5.663999999999999591e-02 -5.778629178423020818e+01
5.711999999999999716e-02 -5.790599687032849374e+01
5.759999999999999842e-02 -5.832768667196431522e+01
5.807999999999999274e-02 -5.847231859581641089e+01
5.855999999999999400e-02 -5.856806769549565672e+01
5.903999999999999526e-02 -5.856365903873457057e+01
5.951999999999999652e-02 -5.879329452399282019e+01
5.999999999999999778e-02 -5.917924163680251581e+01
6.047999999999999210e-02 -5.967591720517265230e+01
6.095999999999999336e-02 -5.963028922209821303e+01
6.143999999999999462e-02 -5.924302645950422175e+01
6.191999999999999588e-02 -5.915512161671212965e+01
6.239999999999999714e-02 -5.932434324125868841e+01
6.287999999999999146e-02 -5.933875505492949998e+01
6.335999999999999965e-02 -5.950044451901665354e+01
6.383999999999999397e-02 -5.977430297315675034e+01
6.431999999999998829e-02 -5.962505837330926539e+01
6.479999999999999649e-02 -5.961827845245666424e+01
6.527999999999999081e-02 -5.941223099132777463e+01
6.575999999999999901e-02 -5.973343750148678311e+01
6.623999999999999333e-02 -5.993456905617888708e+01
6.671999999999998765e-02 -5.971585827122439127e+01
6.719999999999999585e-02 -5.975408536322195374e+01
6.767999999999999017e-02 -5.978868816031932454e+01
6.815999999999999837e-02 -5.963216214445294838e+01
6.863999999999999269e-02 -5.963940614073671043e+01
6.911999999999998701e-02 -5.937363019906412376e+01
6.959999999999999520e-02 -5.947790309132408026e+01
7.007999999999998952e-02 -5.961872477910170431e+01
7.055999999999999772e-02 -5.969199207451652711e+01
7.103999999999999204e-02 -5.958979876726247937e+01
7.152000000000000024e-02 -5.962224836743367007e+01
7.199999999999999456e-02 -5.978406762248499717e+01
7.247999999999998888e-02 -6.011898872738323973e+01
7.295999999999999708e-02 -6.026349011719705828e+01
7.343999999999999140e-02 -6.033293265913737713e+01
7.391999999999999960e-02 -6.046063242601199761e+01
7.439999999999999392e-02 -6.037702801252859075e+01
7.487999999999998824e-02 -6.023710448003549800e+01
7.535999999999999643e-02 -6.040168089740347312e+01
7.583999999999999075e-02 -6.052848207878540165e+01
7.631999999999999895e-02 -6.031397615776548804e+01
7.679999999999999327e-02 -6.050043047354292014e+01
7.727999999999998759e-02 -6.089067955795727727e+01
7.775999999999999579e-02 -6.096074790954211409e+01
7.823999999999999011e-02 -6.091522270011267182e+01
7.871999999999999831e-02 -6.084293921491712354e+01
7.919999999999999263e-02 -6.091361201285942428e+01
7.967999999999998695e-02 -6.093206172253019304e+01
8.015999999999999515e-02 -6.088660010364434072e+01
8.063999999999998947e-02 -6.102088995387842374e+01
8.111999999999999766e-02 -6.125095756812786618e+01
8.159999999999999198e-02 -6.110172656069536856e+01
8.207999999999998630e-02 -6.083736409299725523e+01
8.255999999999999450e-02 -6.069421843231336311e+01
8.303999999999998882e-02 -6.079025660305235590e+01
8.351999999999999702e-02 -6.069975949226869716e+01
8.399999999999999134e-02 -6.047729018557517833e+01
8.447999999999999954e-02 -6.049500790434200326e+01
8.495999999999999386e-02 -6.058471839618779597e+01
8.543999999999998818e-02 -6.062675052956052468e+01
8.591999999999999638e-02 -6.086401169300681602e+01
8.639999999999999070e-02 -6.127058578728093607e+01
8.687999999999999889e-02 -6.139921798944094178e+01
8.735999999999999321e-02 -6.153392353107696522e+01
8.783999999999998753e-02 -6.152495301638130343e+01
8.831999999999999573e-02 -6.135353531917022707e+01
8.879999999999999005e-02 -6.141227515709989859e+01
8.927999999999999825e-02 -6.148577240651401610e+01
8.975999999999999257e-02 -6.124662357900439957e+01
9.023999999999998689e-02 -6.148795859970999800e+01
9.071999999999999509e-02 -6.148357577936330642e+01
9.119999999999998941e-02 -6.137183491849741301e+01
9.167999999999999761e-02 -6.160210248333167726e+01
9.215999999999999193e-02 -6.166815145130997422e+01
9.263999999999998625e-02 -6.177974516035001074e+01
9.311999999999999444e-02 -6.194228535976169070e+01
9.359999999999998876e-02 -6.152297159633413770e+01
9.407999999999999696e-02 -6.162700993728233101e+01
9.455999999999999128e-02 -6.156637656691270166e+01
9.503999999999998560e-02 -6.175732076772533929e+01
9.551999999999999380e-02 -6.153526061809585457e+01
9.599999999999998812e-02 -6.152865202074464435e+01
9.647999999999999632e-02 -6.177262348670033987e+01
9.695999999999999064e-02 -6.173532466161979215e+01
9.743999999999998496e-02 -6.152788521720442816e+01
9.791999999999999316e-02 -6.132569185803476586e+01
9.839999999999998748e-02 -6.139132136705046605e+01
9.887999999999999567e-02 -6.151537381127359083e+01
9.935999999999998999e-02 -6.185896459562875549e+01
9.983999999999998431e-02 -6.194341835311361422e+01
1.003199999999999925e-01 -6.185598645236062509e+01
1.007999999999999868e-01 -6.182012544636806695e+01
1.012799999999999950e-01 -6.189744731250576848e+01
1.017599999999999894e-01 -6.203755747155493339e+01
1.022399999999999975e-01 -6.207673955290103152e+01
1.027199999999999919e-01 -6.238759397480917812e+01
1.031999999999999862e-01 -6.264960499605145827e+01
1.036799999999999944e-01 -6.277612735332580485e+01
1.041599999999999887e-01 -6.292977654476564453e+01
1.046399999999999969e-01 -6.345800614935914297e+01
1.051199999999999912e-01 -6.393949254268989790e+01
1.055999999999999855e-01 -6.332466232154103380e+01
1.060799999999999937e-01 -6.255893912760045339e+01
1.065599999999999881e-01 -6.464821173302765089e+01
1.070399999999999963e-01 -6.625852398724261150e+01
1.075199999999999906e-01 -6.670415390940280531e+01
1.079999999999999849e-01 -6.738384908099251902e+01
1.084799999999999931e-01 -6.808042428673348923e+01
1.089599999999999874e-01 -6.876023994971981779e+01
1.094399999999999956e-01 -6.934837746631293953e+01
1.099199999999999899e-01 -6.950452898712684657e+01
1.103999999999999843e-01 -7.011581533601693650e+01
1.108799999999999925e-01 -7.091858220179430816e+01
1.113599999999999868e-01 -7.193484539723486648e+01
1.118399999999999950e-01 -7.243667100481840748e+01
1.123199999999999893e-01 -7.281074964787825365e+01
1.127999999999999836e-01 -7.309547420910391224e+01
1.132799999999999918e-01 -7.304133212260283869e+01
1.137599999999999861e-01 -7.280275306401858870e+01
1.142399999999999943e-01 -7.263056158179901445e+01
1.147199999999999886e-01 -7.258404963402530541e+01
1.151999999999999968e-01 -7.222807910821229882e+01
1.156799999999999912e-01 -7.154521963404825158e+01
1.161599999999999855e-01 -7.131573800063853241e+01
1.166399999999999937e-01 -7.145448738131571531e+01
1.171199999999999880e-01 -7.164477221836673948e+01
1.175999999999999962e-01 -7.183484778283232686e+01
1.180799999999999905e-01 -7.243151037658452651e+01
1.185599999999999848e-01 -7.277915942762301427e+01
1.190399999999999930e-01 -7.326386234627867111e+01
1.195199999999999874e-01 -7.359794776993615528e+01
1.199999999999999956e-01 -7.365734838958292130e+01
1.204799999999999899e-01 -7.315992700299855755e+01
1.209599999999999842e-01 -7.279541307495162528e+01
1.214399999999999924e-01 -7.257731324837826037e+01
1.219199999999999867e-01 -7.237653089842062570e+01
1.223999999999999949e-01 -7.212429519431773883e+01
