-1.228799999999999955e+02 -9.783675932177237655e+01
-1.223999999999999915e+02 -9.788128258695022055e+01
-1.219200000000000017e+02 -9.773355236718464312e+01
-1.214399999999999977e+02 -9.751396377884529443e+01
-1.209599999999999937e+02 -9.770062984491389102e+01
-1.204799999999999898e+02 -9.789152662339297706e+01
-1.200000000000000000e+02 -9.826613732774742971e+01
-1.195199999999999960e+02 -9.840696081907906034e+01
-1.190399999999999920e+02 -9.854888443121467390e+01
-1.185600000000000023e+02 -9.887274028211741950e+01
-1.180799999999999983e+02 -9.880466640095849584e+01
-1.175999999999999943e+02 -9.868873721060569437e+01
-1.171199999999999903e+02 -9.845816096652954741e+01
-1.166400000000000006e+02 -9.845433990140456615e+01
-1.161599999999999966e+02 -9.865029041794218756e+01
-1.156799999999999926e+02 -9.865141925854679528e+01
-1.151999999999999886e+02 -9.874735568668675967e+01
-1.147199999999999989e+02 -9.878042490331830550e+01
-1.142399999999999949e+02 -9.886675528705728766e+01
-1.137599999999999909e+02 -9.901593078875193044e+01
-1.132800000000000011e+02 -9.897723516463115345e+01
-1.127999999999999972e+02 -9.854921287675857400e+01
-1.123199999999999932e+02 -9.786710144496355213e+01
-1.118399999999999892e+02 -9.746967290858869148e+01
-1.113599999999999994e+02 -9.705897454666157387e+01
-1.108799999999999955e+02 -9.662423899062167720e+01
-1.103999999999999915e+02 -9.641273320483006160e+01
-1.099200000000000017e+02 -9.620086901540022950e+01
-1.094399999999999977e+02 -9.546944740136117957e+01
-1.089599999999999937e+02 -9.449132608635997599e+01
-1.084799999999999898e+02 -9.379505772078020698e+01
-1.080000000000000000e+02 -9.310138086117730438e+01
-1.075199999999999960e+02 -9.227410700691068257e+01
-1.070399999999999920e+02 -9.158167908711905625e+01
-1.065600000000000023e+02 -9.079458349947613272e+01
-1.060799999999999983e+02 -8.989241375841669424e+01
-1.055999999999999943e+02 -8.908137354643217520e+01
-1.051199999999999903e+02 -8.834746036031410199e+01
-1.046400000000000006e+02 -8.808261774440488523e+01
-1.041599999999999966e+02 -8.770138060788295320e+01
-1.036799999999999926e+02 -8.729641111206454696e+01
-1.032000000000000028e+02 -8.701576344877295810e+01
-1.027199999999999989e+02 -8.683849371568524589e+01
-1.022399999999999949e+02 -8.633139279681645917e+01
-1.017599999999999909e+02 -8.611048310053496380e+01
-1.012800000000000011e+02 -8.606035740018248248e+01
-1.007999999999999972e+02 -8.606232212925834801e+01
-1.003199999999999932e+02 -8.622547905614149499e+01
-9.984000000000000341e+01 -8.607902832228668899e+01
-9.935999999999999943e+01 -8.597766213752632325e+01
-9.887999999999999545e+01 -8.610603491191662329e+01
-9.839999999999999147e+01 -8.625061832118164773e+01
-9.792000000000000171e+01 -8.605555611248411196e+01
-9.743999999999999773e+01 -8.587917848101220386e+01
-9.695999999999999375e+01 -8.571810621318823564e+01
-9.647999999999998977e+01 -8.538566726457916900e+01
-9.600000000000000000e+01 -8.510304501795954479e+01
-9.551999999999999602e+01 -8.499290981364026720e+01
-9.503999999999999204e+01 -8.486570166800319726e+01
-9.456000000000000227e+01 -8.485994971464003811e+01
-9.407999999999999829e+01 -8.469849582905750651e+01
-9.359999999999999432e+01 -8.437681954104485271e+01
-9.311999999999999034e+01 -8.431994340352751749e+01
-9.264000000000000057e+01 -8.423055834234936867e+01
-9.215999999999999659e+01 -8.418776032639742368e+01
-9.167999999999999261e+01 -8.407750776583679908e+01
-9.120000000000000284e+01 -8.369410746602480344e+01
-9.071999999999999886e+01 -8.370067764410330824e+01
-9.023999999999999488e+01 -8.421674661208686530e+01
-8.975999999999999091e+01 -8.450194442253351212e+01
-8.928000000000000114e+01 -8.419201008956432020e+01
-8.879999999999999716e+01 -8.402901438303933901e+01
-8.831999999999999318e+01 -8.383833119992286242e+01
-8.784000000000000341e+01 -8.380152480038179874e+01
-8.735999999999999943e+01 -8.398001751641328383e+01
-8.687999999999999545e+01 -8.360681472468158404e+01
-8.639999999999999147e+01 -8.322911528465468223e+01
-8.592000000000000171e+01 -8.300590813128492584e+01
-8.543999999999999773e+01 -8.325180401759531890e+01
-8.495999999999999375e+01 -8.312650082127250073e+01
-8.447999999999998977e+01 -8.268191715018167542e+01
-8.400000000000000000e+01 -8.253548842113202966e+01
-8.351999999999999602e+01 -8.255162245850547720e+01
-8.303999999999999204e+01 -8.241120317646704052e+01
-8.256000000000000227e+01 -8.261168109480834687e+01
-8.207999999999999829e+01 -8.251442652877912565e+01
-8.159999999999999432e+01 -8.217723631470356338e+01
-8.111999999999999034e+01 -8.204042756122346702e+01
-8.064000000000000057e+01 -8.217661069943092400e+01
-8.015999999999999659e+01 -8.231287684615166711e+01
-7.967999999999999261e+01 -8.210311784748392938e+01
-7.920000000000000284e+01 -8.222820195601175897e+01
-7.871999999999999886e+01 -8.224483114010624263e+01
-7.823999999999999488e+01 -8.192595793121782322e+01
-7.775999999999999091e+01 -8.188628125201263686e+01
-7.728000000000000114e+01 -8.161828076206222704e+01
-7.679999999999999716e+01 -8.117400721891515047e+01
-7.631999999999999318e+01 -8.089599351144526906e+01
-7.584000000000000341e+01 -8.081042536617560756e+01
-7.535999999999999943e+01 -8.069351363204555128e+01
-7.487999999999999545e+01 -8.066131493141722331e+01
-7.439999999999999147e+01 -8.065163060012942253e+01
-7.392000000000000171e+01 -8.066281431311766426e+01
-7.343999999999999773e+01 -8.078061924169071517e+01
-7.295999999999999375e+01 -8.083592170105823982e+01
-7.248000000000000398e+01 -8.068345636340882265e+01
-7.200000000000000000e+01 -8.074546361196446753e+01
-7.151999999999999602e+01 -8.091338584648468668e+01
-7.103999999999999204e+01 -8.086259490797036165e+01
-7.056000000000000227e+01 -8.090927822627054411e+01
-7.007999999999999829e+01 -8.061926518283621590e+01
-6.959999999999999432e+01 -8.049199297636474171e+01
-6.912000000000000455e+01 -8.022057714592698119e+01
-6.864000000000000057e+01 -7.997572746420998158e+01
-6.815999999999999659e+01 -7.988499549402375521e+01
-6.767999999999999261e+01 -7.960637410864335095e+01
-6.720000000000000284e+01 -7.933682623015072011e+01
-6.671999999999999886e+01 -7.930697914686911076e+01
-6.623999999999999488e+01 -7.904272977185232207e+01
-6.575999999999999091e+01 -7.895261458898534102e+01
-6.528000000000000114e+01 -7.918451151534354437e+01
-6.479999999999999716e+01 -7.937382339681212784e+01
-6.431999999999999318e+01 -7.966031269745559484e+01
-6.383999999999999631e+01 -7.956309812382787072e+01
-6.335999999999999943e+01 -7.948729624281162387e+01
-6.287999999999999545e+01 -7.947795971534402781e+01
-6.239999999999999858e+01 -7.952005929683107865e+01
-6.191999999999999460e+01 -7.955113244855921550e+01
-6.143999999999999773e+01 -7.996353705101486753e+01
-6.096000000000000085e+01 -7.979202078435537260e+01
-6.047999999999999687e+01 -7.973608426170441987e+01
-6.000000000000000000e+01 -7.942709141726919597e+01
-5.951999999999999602e+01 -7.915784326602002352e+01
-5.903999999999999915e+01 -7.907843774227841038e+01
-5.855999999999999517e+01 -7.886614218557306799e+01
-5.807999999999999829e+01 -7.859268521942107100e+01
-5.759999999999999432e+01 -7.842672970118437092e+01
-5.711999999999999744e+01 -7.819115438042071276e+01
-5.664000000000000057e+01 -7.789745006326715782e+01
-5.615999999999999659e+01 -7.790872296646269035e+01
-5.567999999999999972e+01 -7.798501639160352283e+01
-5.519999999999999574e+01 -7.798014790630543303e+01
-5.471999999999999886e+01 -7.816767022739475124e+01
-5.423999999999999488e+01 -7.826785601702835038e+01
-5.375999999999999801e+01 -7.789835562762195309e+01
-5.328000000000000114e+01 -7.787494935897279902e+01
-5.279999999999999716e+01 -7.809531689271702248e+01
-5.232000000000000028e+01 -7.817503973845396104e+01
-5.183999999999999631e+01 -7.833503311400949087e+01
-5.135999999999999943e+01 -7.840494162096291575e+01
-5.087999999999999545e+01 -7.822059836620913131e+01
-5.039999999999999858e+01 -7.792698455430263493e+01
-4.992000000000000171e+01 -7.772868040456042138e+01
-4.943999999999999773e+01 -7.735064151443687308e+01
-4.896000000000000085e+01 -7.708256620473365217e+01
-4.847999999999999687e+01 -7.701093998591437639e+01
-4.800000000000000000e+01 -7.691347586984436191e+01
-4.751999999999999602e+01 -7.690262474930673875e+01
-4.703999999999999915e+01 -7.694715754746296454e+01
-4.655999999999999517e+01 -7.653550635230953958e+01
-4.607999999999999829e+01 -7.616378395247627964e+01
-4.560000000000000142e+01 -7.611798954196200384e+01
-4.511999999999999744e+01 -7.639234933297696273e+01
-4.464000000000000057e+01 -7.608016333467132597e+01
-4.415999999999999659e+01 -7.596440406902422637e+01
-4.367999999999999972e+01 -7.607967557377497769e+01
-4.319999999999999574e+01 -7.596966743960540214e+01
-4.271999999999999886e+01 -7.578214755560145477e+01
-4.223999999999999488e+01 -7.547761012836735972e+01
-4.175999999999999801e+01 -7.545895533899870600e+01
-4.128000000000000114e+01 -7.509720695746320018e+01
-4.079999999999999716e+01 -7.456143063066205912e+01
-4.032000000000000028e+01 -7.442387366284631867e+01
-3.983999999999999631e+01 -7.411043490558226665e+01
-3.935999999999999943e+01 -7.383711943340772166e+01
-3.887999999999999545e+01 -7.375679667020452257e+01
-3.839999999999999858e+01 -7.356895550591511324e+01
-3.792000000000000171e+01 -7.334235702685236902e+01
-3.743999999999999773e+01 -7.318343036604481711e+01
-3.696000000000000085e+01 -7.302265678048294717e+01
-3.647999999999999687e+01 -7.290657498619708576e+01
-3.600000000000000000e+01 -7.298602747154060921e+01
-3.551999999999999602e+01 -7.272099798717719921e+01
-3.503999999999999915e+01 -7.267918117127659627e+01
-3.456000000000000227e+01 -7.247630191739828831e+01
-3.407999999999999829e+01 -7.208297943763619742e+01
-3.360000000000000142e+01 -7.192749010108423136e+01
-3.311999999999999744e+01 -7.182572777223803939e+01
-3.264000000000000057e+01 -7.135776086840000687e+01
-3.215999999999999659e+01 -7.079984370444110198e+01
-3.167999999999999972e+01 -7.057149123849993089e+01
-3.119999999999999929e+01 -7.010826294202112763e+01
-3.071999999999999886e+01 -6.966093977911411628e+01
-3.023999999999999844e+01 -6.949324117485130614e+01
-2.975999999999999801e+01 -6.926006509527177002e+01
-2.927999999999999758e+01 -6.894296708890682623e+01
-2.879999999999999716e+01 -6.886760815386811885e+01
-2.832000000000000028e+01 -6.889456763174158027e+01
-2.783999999999999986e+01 -6.871062144037223618e+01
-2.735999999999999943e+01 -6.849208175607353155e+01
-2.687999999999999901e+01 -6.807350487082538848e+01
-2.639999999999999858e+01 -6.777245706088424981e+01
-2.591999999999999815e+01 -6.717956816280499766e+01
-2.543999999999999773e+01 -6.673124048724329782e+01
-2.496000000000000085e+01 -6.619371485705894997e+01
-2.448000000000000043e+01 -6.576696391548330212e+01
-2.400000000000000000e+01 -6.524894770082813977e+01
-2.351999999999999957e+01 -6.461994888433699202e+01
-2.303999999999999915e+01 -6.403708374454942032e+01
-2.255999999999999872e+01 -6.343769970524299850e+01
-2.207999999999999829e+01 -6.278709419603689668e+01
-2.159999999999999787e+01 -6.248378280325675149e+01
-2.111999999999999744e+01 -6.192181935985718155e+01
-2.064000000000000057e+01 -6.197138212604319563e+01
-2.016000000000000014e+01 -6.204375718048137145e+01
-1.967999999999999972e+01 -6.190837653413573349e+01
-1.919999999999999929e+01 -6.210576703423184597e+01
-1.871999999999999886e+01 -6.241418587165475884e+01
-1.823999999999999844e+01 -6.243718720467013839e+01
-1.775999999999999801e+01 -6.217562979477575880e+01
-1.728000000000000114e+01 -6.226785096402204545e+01
-1.680000000000000071e+01 -6.188017263883441643e+01
-1.632000000000000028e+01 -6.117396000678464674e+01
-1.583999999999999986e+01 -6.030856657549164623e+01
-1.535999999999999943e+01 -5.941231995325573934e+01
-1.487999999999999901e+01 -5.850823086434658649e+01
-1.439999999999999858e+01 -5.786243873466725063e+01
-1.391999999999999993e+01 -5.741488566508733982e+01
-1.343999999999999950e+01 -5.739255893054969704e+01
-1.295999999999999908e+01 -5.748320478044269777e+01
-1.248000000000000043e+01 -5.797332863678826698e+01
-1.200000000000000000e+01 -5.901866017948488263e+01
-1.151999999999999957e+01 -5.955608183312981652e+01
-1.103999999999999915e+01 -5.854715610089375133e+01
-1.055999999999999872e+01 -5.336992587783575459e+01
-1.008000000000000007e+01 -3.752327872259717623e+01
-9.599999999999999645e+00 -2.909779782103380796e+01
-9.119999999999999218e+00 -2.622237431564707677e+01
-8.640000000000000568e+00 -2.565287426435932616e+01
-8.160000000000000142e+00 -2.532058597492132890e+01
-7.679999999999999716e+00 -2.492097943699047846e+01
-7.199999999999999289e+00 -2.469050766156436794e+01
-6.719999999999999751e+00 -2.478513374677121206e+01
-6.240000000000000213e+00 -2.474846999202149789e+01
-5.759999999999999787e+00 -2.465101774359005660e+01
-5.279999999999999361e+00 -2.474466929017585670e+01
-4.799999999999999822e+00 -2.481773911640559760e+01
-4.320000000000000284e+00 -2.510098758869438740e+01
-3.839999999999999858e+00 -2.529783019952465395e+01
-3.359999999999999876e+00 -2.537805307669553656e+01
-2.879999999999999893e+00 -2.543472593320203501e+01
-2.399999999999999911e+00 -2.533968904998780047e+01
-1.919999999999999929e+00 -2.538805906005756441e+01
-1.439999999999999947e+00 -2.533790413127498908e+01
-9.599999999999999645e-01 -2.524104827472633161e+01
-4.799999999999999822e-01 -2.533286510500391842e+01
0.000000000000000000e+00 -2.537460628145862529e+01
4.799999999999999822e-01 -2.514214358084501200e+01
9.599999999999999645e-01 -2.476627625061516014e+01
1.439999999999999947e+00 -2.515337965377102591e+01
1.919999999999999929e+00 -2.555845108336534111e+01
2.399999999999999911e+00 -2.533530836324003133e+01
2.879999999999999893e+00 -2.513074987031865604e+01
3.359999999999999876e+00 -2.493553106867608093e+01
3.839999999999999858e+00 -2.513330397022799900e+01
4.320000000000000284e+00 -2.538240129835197223e+01
4.799999999999999822e+00 -2.524968979087160648e+01
5.279999999999999361e+00 -2.503863777035116556e+01
5.759999999999999787e+00 -2.501073824007844948e+01
6.240000000000000213e+00 -2.509357313449843119e+01
6.719999999999999751e+00 -2.506214667687127928e+01
7.199999999999999289e+00 -2.502127723965655548e+01
7.679999999999999716e+00 -2.537118829095888017e+01
8.160000000000000142e+00 -2.555882653269267024e+01
8.640000000000000568e+00 -2.579879277446696406e+01
9.119999999999999218e+00 -2.648153891722202147e+01
9.599999999999999645e+00 -2.943016410184921483e+01
1.008000000000000007e+01 -3.798899549906289508e+01
1.055999999999999872e+01 -5.447553878823264739e+01
1.103999999999999915e+01 -5.960459368679981651e+01
1.151999999999999957e+01 -5.930807822960368014e+01
1.200000000000000000e+01 -5.832650827792319603e+01
1.248000000000000043e+01 -5.774061713410731045e+01
1.295999999999999908e+01 -5.716911153606971396e+01
1.343999999999999950e+01 -5.697333452599242776e+01
1.391999999999999993e+01 -5.710792948254646006e+01
1.439999999999999858e+01 -5.767267774872287589e+01
1.487999999999999901e+01 -5.836071461631509294e+01
1.535999999999999943e+01 -5.891766834178096701e+01
1.583999999999999986e+01 -5.944565064720465841e+01
1.632000000000000028e+01 -5.997201983104645251e+01
1.680000000000000071e+01 -6.052571022559463643e+01
1.728000000000000114e+01 -6.098212543390988571e+01
1.775999999999999801e+01 -6.154195419204221906e+01
1.823999999999999844e+01 -6.171286439632250875e+01
1.871999999999999886e+01 -6.157102187460077403e+01
1.919999999999999929e+01 -6.140737504718397588e+01
1.967999999999999972e+01 -6.131758772056451789e+01
2.016000000000000014e+01 -6.135260929630959481e+01
2.064000000000000057e+01 -6.163452135790075204e+01
2.111999999999999744e+01 -6.209921327726984686e+01
2.159999999999999787e+01 -6.229123599145297874e+01
2.207999999999999829e+01 -6.256162061831795995e+01
2.255999999999999872e+01 -6.310630063523704791e+01
2.303999999999999915e+01 -6.356491792867993240e+01
2.351999999999999957e+01 -6.440449885592849455e+01
2.400000000000000000e+01 -6.495287140099296153e+01
2.448000000000000043e+01 -6.562570927760449990e+01
2.496000000000000085e+01 -6.602707748512754904e+01
2.543999999999999773e+01 -6.653106127406927328e+01
2.591999999999999815e+01 -6.713128075256368277e+01
2.639999999999999858e+01 -6.785910676171815226e+01
2.687999999999999901e+01 -6.847956307076118776e+01
2.735999999999999943e+01 -6.914488231826481979e+01
2.783999999999999986e+01 -6.996777513577006857e+01
2.832000000000000028e+01 -7.062088145576481679e+01
2.879999999999999716e+01 -7.099504551215872539e+01
2.927999999999999758e+01 -7.111282352278345797e+01
2.975999999999999801e+01 -7.158016166737323260e+01
3.023999999999999844e+01 -7.230539812015285861e+01
3.071999999999999886e+01 -7.274735550123597250e+01
3.119999999999999929e+01 -7.320428871191916187e+01
3.167999999999999972e+01 -7.325895070024648703e+01
3.215999999999999659e+01 -7.343243256625319759e+01
3.264000000000000057e+01 -7.377239095147076853e+01
3.311999999999999744e+01 -7.367154011811884118e+01
3.360000000000000142e+01 -7.356515364411508529e+01
3.407999999999999829e+01 -7.369826291303104426e+01
3.456000000000000227e+01 -7.392468007090548099e+01
3.503999999999999915e+01 -7.438330174245203352e+01
3.551999999999999602e+01 -7.450091851635623641e+01
3.600000000000000000e+01 -7.452079372055519002e+01
3.647999999999999687e+01 -7.459229970424320300e+01
3.696000000000000085e+01 -7.478137232932135703e+01
3.743999999999999773e+01 -7.505847702443617209e+01
3.792000000000000171e+01 -7.518230417983282621e+01
3.839999999999999858e+01 -7.546163779673010197e+01
3.887999999999999545e+01 -7.597601421710355396e+01
3.935999999999999943e+01 -7.605245998517983708e+01
3.983999999999999631e+01 -7.609627409256420094e+01
4.032000000000000028e+01 -7.619191752446526777e+01
4.079999999999999716e+01 -7.657714396023436620e+01
4.128000000000000114e+01 -7.681564995595971368e+01
4.175999999999999801e+01 -7.720249668803010934e+01
4.223999999999999488e+01 -7.709421438564581308e+01
4.271999999999999886e+01 -7.694124372897391595e+01
4.319999999999999574e+01 -7.712070511551524987e+01
4.367999999999999972e+01 -7.729025675472725254e+01
4.415999999999999659e+01 -7.736388007831378388e+01
4.464000000000000057e+01 -7.764271663720319339e+01
4.511999999999999744e+01 -7.789825500852592199e+01
4.560000000000000142e+01 -7.811343047310604959e+01
4.607999999999999829e+01 -7.841253297478912998e+01
4.655999999999999517e+01 -7.857479919489006193e+01
4.703999999999999915e+01 -7.846296658555824877e+01
4.751999999999999602e+01 -7.872720031134053897e+01
4.800000000000000000e+01 -7.858607282737621347e+01
4.847999999999999687e+01 -7.843790961618501001e+01
4.896000000000000085e+01 -7.885666656291013510e+01
4.943999999999999773e+01 -7.921012456417058445e+01
4.992000000000000171e+01 -7.925078033188532345e+01
5.039999999999999858e+01 -7.903600172574323324e+01
5.087999999999999545e+01 -7.868981484138072346e+01
5.135999999999999943e+01 -7.871425650019641296e+01
5.183999999999999631e+01 -7.931015745383834314e+01
5.232000000000000028e+01 -7.940300862905141344e+01
5.279999999999999716e+01 -7.886918939566248810e+01
5.328000000000000114e+01 -7.904776204182688559e+01
5.375999999999999801e+01 -7.946581758983401755e+01
5.423999999999999488e+01 -7.955332216966422720e+01
5.471999999999999886e+01 -7.951586613471499732e+01
5.519999999999999574e+01 -7.985457456851848690e+01
5.567999999999999972e+01 -8.021827970998742785e+01
5.615999999999999659e+01 -8.027381957469501117e+01
5.664000000000000057e+01 -8.028602020103151915e+01
5.711999999999999744e+01 -8.060515868085055047e+01
5.759999999999999432e+01 -8.036221992497357292e+01
5.807999999999999829e+01 -8.035928604260020336e+01
5.855999999999999517e+01 -8.051628132993975839e+01
5.903999999999999915e+01 -8.045118913061919841e+01
5.951999999999999602e+01 -8.031581422693895433e+01
6.000000000000000000e+01 -8.019618596826984458e+01
6.047999999999999687e+01 -8.015190370547669829e+01
6.096000000000000085e+01 -8.022012644503705303e+01
6.143999999999999773e+01 -8.011452741738956718e+01
6.191999999999999460e+01 -8.001511190511060079e+01
6.239999999999999858e+01 -8.039162458465121119e+01
6.287999999999999545e+01 -8.054703594184623228e+01
6.335999999999999943e+01 -8.077968448795863310e+01
6.383999999999999631e+01 -8.118432156616051998e+01
6.431999999999999318e+01 -8.111020376121180675e+01
6.479999999999999716e+01 -8.125421479185929741e+01
6.528000000000000114e+01 -8.137319149211649005e+01
6.575999999999999091e+01 -8.164240986472300676e+01
6.623999999999999488e+01 -8.176430428877498002e+01
6.671999999999999886e+01 -8.184823383538025610e+01
6.720000000000000284e+01 -8.197969874227720766e+01
6.767999999999999261e+01 -8.201834952576686533e+01
6.815999999999999659e+01 -8.174735645323050903e+01
6.864000000000000057e+01 -8.167739678650364965e+01
6.912000000000000455e+01 -8.198361897455842495e+01
6.959999999999999432e+01 -8.222880324232269800e+01
7.007999999999999829e+01 -8.221791399701301373e+01
7.056000000000000227e+01 -8.228636522372363515e+01
7.103999999999999204e+01 -8.227759134921925011e+01
7.151999999999999602e+01 -8.250637435181059232e+01
7.200000000000000000e+01 -8.247165965539008425e+01
7.248000000000000398e+01 -8.240609078418316358e+01
7.295999999999999375e+01 -8.258073989991419239e+01
7.343999999999999773e+01 -8.266038889278738111e+01
7.392000000000000171e+01 -8.254794417672997042e+01
7.439999999999999147e+01 -8.282395797640866419e+01
7.487999999999999545e+01 -8.285059995931335663e+01
7.535999999999999943e+01 -8.285520564447729441e+01
7.584000000000000341e+01 -8.300824371114997291e+01
7.631999999999999318e+01 -8.304220826423011204e+01
7.679999999999999716e+01 -8.311499311073706053e+01
7.728000000000000114e+01 -8.311938064739463528e+01
7.775999999999999091e+01 -8.295492258601777280e+01
7.823999999999999488e+01 -8.296577813121332667e+01
7.871999999999999886e+01 -8.276825839410022922e+01
7.920000000000000284e+01 -8.271371848871297061e+01
7.967999999999999261e+01 -8.270778502962451739e+01
8.015999999999999659e+01 -8.290858754621527282e+01
8.064000000000000057e+01 -8.330906766477701808e+01
8.111999999999999034e+01 -8.361032959033718726e+01
8.159999999999999432e+01 -8.365756295858331271e+01
8.207999999999999829e+01 -8.362697570919253565e+01
8.256000000000000227e+01 -8.380345214709969071e+01
8.303999999999999204e+01 -8.417933781923672143e+01
8.351999999999999602e+01 -8.409290002881388659e+01
8.400000000000000000e+01 -8.396641685612993911e+01
8.447999999999998977e+01 -8.402040750951597659e+01
8.495999999999999375e+01 -8.412296533258725617e+01
8.543999999999999773e+01 -8.423181403386045929e+01
8.592000000000000171e+01 -8.417890995539553955e+01
8.639999999999999147e+01 -8.446144556693327843e+01
8.687999999999999545e+01 -8.445436133553734237e+01
8.735999999999999943e+01 -8.441239605411793434e+01
8.784000000000000341e+01 -8.427819870785553746e+01
8.831999999999999318e+01 -8.439296525347478450e+01
8.879999999999999716e+01 -8.445768835676028630e+01
8.928000000000000114e+01 -8.438004920499008676e+01
8.975999999999999091e+01 -8.426790269499996100e+01
9.023999999999999488e+01 -8.456470995311491379e+01
9.071999999999999886e+01 -8.468045017518802808e+01
9.120000000000000284e+01 -8.472214883600828728e+01
9.167999999999999261e+01 -8.494270435914168615e+01
9.215999999999999659e+01 -8.518382065810263271e+01
9.264000000000000057e+01 -8.517187919841744304e+01
9.311999999999999034e+01 -8.532169328895454896e+01
9.359999999999999432e+01 -8.518743675002039595e+01
9.407999999999999829e+01 -8.554027164868465150e+01
9.456000000000000227e+01 -8.570984117437421901e+01
9.503999999999999204e+01 -8.583322887114613309e+01
9.551999999999999602e+01 -8.564866933333036059e+01
9.600000000000000000e+01 -8.564386166002847744e+01
9.647999999999998977e+01 -8.556699736260563327e+01
9.695999999999999375e+01 -8.548099718931311486e+01
9.743999999999999773e+01 -8.518523511366660728e+01
9.792000000000000171e+01 -8.487075870784411791e+01
9.839999999999999147e+01 -8.493820788896783824e+01
9.887999999999999545e+01 -8.516488278454360739e+01
9.935999999999999943e+01 -8.556867124220390508e+01
9.984000000000000341e+01 -8.550594070876306318e+01
1.003199999999999932e+02 -8.533704793049109583e+01
1.007999999999999972e+02 -8.554773671067678720e+01
1.012800000000000011e+02 -8.573674871034874911e+01
1.017599999999999909e+02 -8.597394835966949245e+01
1.022399999999999949e+02 -8.605111380050210812e+01
1.027199999999999989e+02 -8.638739451122425805e+01
1.032000000000000028e+02 -8.671655849493754431e+01
1.036799999999999926e+02 -8.687121611809118349e+01
1.041599999999999966e+02 -8.712214850795838572e+01
1.046400000000000006e+02 -8.759377845111329464e+01
1.051199999999999903e+02 -8.802931638355660482e+01
1.055999999999999943e+02 -8.749853499075246077e+01
1.060799999999999983e+02 -8.676652459447245747e+01
1.065600000000000023e+02 -8.878122644066067437e+01
1.070399999999999920e+02 -9.049083048524454398e+01
1.075199999999999960e+02 -9.117344150096684530e+01
1.080000000000000000e+02 -9.187729062196977736e+01
1.084799999999999898e+02 -9.283765284952528418e+01
1.089599999999999937e+02 -9.382943401197360345e+01
1.094399999999999977e+02 -9.479774107474172240e+01
1.099200000000000017e+02 -9.543994752642312562e+01
1.103999999999999915e+02 -9.649513626251406606e+01
1.108799999999999955e+02 -9.721911552352936781e+01
1.113599999999999994e+02 -9.822307751937137255e+01
1.118399999999999892e+02 -9.868764123144073608e+01
1.123199999999999932e+02 -9.844278527899432163e+01
1.127999999999999972e+02 -9.861991485840631810e+01
1.132800000000000011e+02 -9.883114641804201028e+01
1.137599999999999909e+02 -9.885715917495623728e+01
1.142399999999999949e+02 -9.908177582155887819e+01
1.147199999999999989e+02 -9.926475892827376413e+01
1.151999999999999886e+02 -9.922278179668867892e+01
1.156799999999999926e+02 -9.935139000599167503e+01
1.161599999999999966e+02 -9.930136576090832534e+01
1.166400000000000006e+02 -9.901881083270792772e+01
1.171199999999999903e+02 -9.869962617885133227e+01
1.175999999999999943e+02 -9.843896098566887076e+01
1.180799999999999983e+02 -9.843646931464218142e+01
1.185600000000000023e+02 -9.831347108551659630e+01
1.190399999999999920e+02 -9.851039726683038111e+01
1.195199999999999960e+02 -9.865920416467047005e+01
1.200000000000000000e+02 -9.874274218973306461e+01
1.204799999999999898e+02 -9.869997106409647358e+01
1.209599999999999937e+02 -9.879136507782662591e+01
1.214399999999999977e+02 -9.884775183597596993e+01
1.219200000000000017e+02 -9.860486211763871722e+01
1.223999999999999915e+02 -9.836446637080355515e+01
