-1.228799999999999892e-01 -7.676913753782149286e+01
-1.223999999999999949e-01 -7.648855330893476889e+01
-1.219199999999999867e-01 -7.644042073462114217e+01
-1.214399999999999924e-01 -7.652764596854696322e+01
-1.209599999999999842e-01 -7.697185464352627093e+01
-1.204799999999999899e-01 -7.725244959539223544e+01
-1.199999999999999956e-01 -7.745874093948592076e+01
-1.195199999999999874e-01 -7.764653658943204562e+01
-1.190399999999999930e-01 -7.829310045509666338e+01
-1.185599999999999848e-01 -7.845794850666575826e+01
-1.180799999999999905e-01 -7.782008768645502528e+01
-1.175999999999999962e-01 -7.741475126509624261e+01
-1.171199999999999880e-01 -7.678173501655733446e+01
-1.166399999999999937e-01 -7.649677813489567768e+01
-1.161599999999999855e-01 -7.651822045316272636e+01
-1.156799999999999912e-01 -7.661926746671025512e+01
-1.151999999999999968e-01 -7.675387668071137171e+01
-1.147199999999999886e-01 -7.673838682731866356e+01
-1.142399999999999943e-01 -7.682366793187058818e+01
-1.137599999999999861e-01 -7.720446752870442708e+01
-1.132799999999999918e-01 -7.752267074372373656e+01
-1.127999999999999836e-01 -7.759035803942281007e+01
-1.123199999999999893e-01 -7.729626223053600143e+01
-1.118399999999999950e-01 -7.666377432447282558e+01
-1.113599999999999868e-01 -7.621258362661343710e+01
-1.108799999999999925e-01 -7.535880905003146779e+01
-1.103999999999999843e-01 -7.434696577795251926e+01
-1.099199999999999899e-01 -7.327208465716134356e+01
-1.094399999999999956e-01 -7.238461643311941884e+01
-1.089599999999999874e-01 -7.153602499064743370e+01
-1.084799999999999931e-01 -7.050225410929169811e+01
-1.079999999999999849e-01 -6.950585530203748874e+01
-1.075199999999999906e-01 -6.879092394395667043e+01
-1.070399999999999963e-01 -6.835170615099823976e+01
-1.065599999999999881e-01 -6.780537911285910013e+01
-1.060799999999999937e-01 -6.717588844976302198e+01
-1.055999999999999855e-01 -6.656325584712435273e+01
-1.051199999999999912e-01 -6.622059164943524934e+01
-1.046399999999999969e-01 -6.556288850620019559e+01
-1.041599999999999887e-01 -6.500653478179046374e+01
-1.036799999999999944e-01 -6.448643412109450423e+01
-1.031999999999999862e-01 -6.399360697226570238e+01
-1.027199999999999919e-01 -6.349496361333269334e+01
-1.022399999999999975e-01 -6.310417617672197821e+01
-1.017599999999999894e-01 -6.329862368352656432e+01
-1.012799999999999950e-01 -6.314291211644740542e+01
-1.007999999999999868e-01 -6.291501854405665028e+01
-1.003199999999999925e-01 -6.297831523900673290e+01
-9.983999999999998431e-02 -6.287552955110047748e+01
-9.935999999999998999e-02 -6.264251479415549539e+01
-9.887999999999999567e-02 -6.251290230119494851e+01
-9.839999999999998748e-02 -6.262060938081170747e+01
-9.791999999999999316e-02 -6.236362027132233266e+01
-9.743999999999998496e-02 -6.234094494363110073e+01
-9.695999999999999064e-02 -6.244243366437844145e+01
-9.647999999999999632e-02 -6.236821418329762423e+01
-9.599999999999998812e-02 -6.198509761859304490e+01
-9.551999999999999380e-02 -6.171249171482897822e+01
-9.503999999999998560e-02 -6.172378491179777171e+01
-9.455999999999999128e-02 -6.191002634716647179e+01
-9.407999999999999696e-02 -6.226948895835455744e+01
-9.359999999999998876e-02 -6.230749220675988198e+01
-9.311999999999999444e-02 -6.184247644451593828e+01
-9.263999999999998625e-02 -6.171186221712982700e+01
-9.215999999999999193e-02 -6.187431729828678328e+01
-9.167999999999999761e-02 -6.184802428312150369e+01
-9.119999999999998941e-02 -6.198821668434830912e+01
-9.071999999999999509e-02 -6.216403298664094024e+01
-9.023999999999998689e-02 -6.202347980044470432e+01
-8.975999999999999257e-02 -6.180721411082152628e+01
-8.927999999999999825e-02 -6.180108020858808970e+01
-8.879999999999999005e-02 -6.190143751120746174e+01
-8.831999999999999573e-02 -6.163541107577906075e+01
-8.783999999999998753e-02 -6.124580620463075320e+01
-8.735999999999999321e-02 -6.110649616220501912e+01
-8.687999999999999889e-02 -6.115712839570986148e+01
-8.639999999999999070e-02 -6.108268909093052912e+01
-8.591999999999999638e-02 -6.124913909982257110e+01
-8.543999999999998818e-02 -6.127673962180011102e+01
-8.495999999999999386e-02 -6.109418848115507217e+01
-8.447999999999999954e-02 -6.084218586683648056e+01
-8.399999999999999134e-02 -6.067850548421773738e+01
-8.351999999999999702e-02 -6.066549788699834522e+01
-8.303999999999998882e-02 -6.060765233959848075e+01
-8.255999999999999450e-02 -6.050842382823594789e+01
-8.207999999999998630e-02 -6.019277292080240471e+01
-8.159999999999999198e-02 -6.004183113053299792e+01
-8.111999999999999766e-02 -6.021290297054080298e+01
-8.063999999999998947e-02 -6.023523135252139582e+01
-8.015999999999999515e-02 -6.023377190876274767e+01
-7.967999999999998695e-02 -6.008265722832177858e+01
-7.919999999999999263e-02 -6.030354704489168682e+01
-7.871999999999999831e-02 -6.046199102348589349e+01
-7.823999999999999011e-02 -6.019453642145456485e+01
-7.775999999999999579e-02 -5.991212554241931798e+01
-7.727999999999998759e-02 -5.987489799110308297e+01
-7.679999999999999327e-02 -6.020806918973102029e+01
-7.631999999999999895e-02 -5.992647234816062962e+01
-7.583999999999999075e-02 -5.975260432408903455e+01
-7.535999999999999643e-02 -5.994660926025751024e+01
-7.487999999999998824e-02 -6.003939914282983636e+01
-7.439999999999999392e-02 -5.967015370332273250e+01
-7.391999999999999960e-02 -5.940022938840550637e+01
-7.343999999999999140e-02 -5.951685485515412921e+01
-7.295999999999999708e-02 -5.925699841001958390e+01
-7.247999999999998888e-02 -5.915393879247211117e+01
-7.199999999999999456e-02 -5.919334749164994491e+01
-7.152000000000000024e-02 -5.902692526513106230e+01
-7.103999999999999204e-02 -5.902273095627145238e+01
-7.055999999999999772e-02 -5.917596315392083284e+01
-7.007999999999998952e-02 -5.891706125493865187e+01
-6.959999999999999520e-02 -5.861266084065350412e+01
-6.911999999999998701e-02 -5.836469569073751984e+01
-6.863999999999999269e-02 -5.826093803961875039e+01
-6.815999999999999837e-02 -5.816742455077174867e+01
-6.767999999999999017e-02 -5.828200474141748799e+01
-6.719999999999999585e-02 -5.833671545161787719e+01
-6.671999999999998765e-02 -5.838585191618818016e+01
-6.623999999999999333e-02 -5.873531209820008314e+01
-6.575999999999999901e-02 -5.855114380534355689e+01
-6.527999999999999081e-02 -5.862807385913755098e+01
-6.479999999999999649e-02 -5.866103821964586729e+01
-6.431999999999998829e-02 -5.843385783335850192e+01
-6.383999999999999397e-02 -5.828749381354909787e+01
-6.335999999999999965e-02 -5.793141775297374352e+01
-6.287999999999999146e-02 -5.776497103681185763e+01
-6.239999999999999714e-02 -5.763726706228251828e+01
-6.191999999999999588e-02 -5.755982600299937957e+01
-6.143999999999999462e-02 -5.723800971315515085e+01
-6.095999999999999336e-02 -5.721575051236268195e+01
-6.047999999999999210e-02 -5.726948975258521557e+01
-5.999999999999999778e-02 -5.690203754745323295e+01
-5.951999999999999652e-02 -5.688894156895386800e+01
-5.903999999999999526e-02 -5.735068642625670066e+01
-5.855999999999999400e-02 -5.708766624230543130e+01
-5.807999999999999274e-02 -5.691645153735911578e+01
-5.759999999999999842e-02 -5.687411244834598989e+01
-5.711999999999999716e-02 -5.659427873506125906e+01
-5.663999999999999591e-02 -5.657654881755219378e+01
-5.615999999999999465e-02 -5.654795310379222428e+01
-5.567999999999999339e-02 -5.663677209974078153e+01
-5.519999999999999213e-02 -5.628950527921999480e+01
-5.471999999999999781e-02 -5.599463127188425915e+01
-5.423999999999999655e-02 -5.578929581746204747e+01
-5.375999999999999529e-02 -5.540570979633194781e+01
-5.327999999999999403e-02 -5.546463544359561126e+01
-5.279999999999999277e-02 -5.558750303436116980e+01
-5.231999999999999845e-02 -5.566639352550926390e+01
-5.183999999999999719e-02 -5.572529447106332867e+01
-5.135999999999999593e-02 -5.536332986748929841e+01
-5.087999999999999468e-02 -5.503564052283550723e+01
-5.039999999999999342e-02 -5.465629481053625938e+01
-4.991999999999999216e-02 -5.466151220698917257e+01
-4.943999999999999784e-02 -5.451847614756323424e+01
-4.895999999999999658e-02 -5.428521187354024846e+01
-4.847999999999999532e-02 -5.437241016118964154e+01
-4.799999999999999406e-02 -5.437975481024723479e+01
-4.751999999999999280e-02 -5.402266358595704077e+01
-4.703999999999999848e-02 -5.380674607885648442e+01
-4.655999999999999722e-02 -5.390138471976112555e+01
-4.607999999999999596e-02 -5.373747272286786369e+01
-4.559999999999999470e-02 -5.390981128582716053e+01
-4.511999999999999345e-02 -5.406152829928720394e+01
-4.463999999999999913e-02 -5.397749030947066728e+01
-4.415999999999999787e-02 -5.387369408042986407e+01
-4.367999999999999661e-02 -5.393806143424632893e+01
-4.319999999999999535e-02 -5.381586193188049094e+01
-4.271999999999999409e-02 -5.325362431190552570e+01
-4.223999999999999977e-02 -5.299954163652227379e+01
-4.175999999999999851e-02 -5.296478092853610065e+01
-4.127999999999999725e-02 -5.260740760088116019e+01
-4.079999999999999599e-02 -5.241749040918483615e+01
-4.031999999999999473e-02 -5.248165150287075420e+01
-3.983999999999999347e-02 -5.246695295058514574e+01
-3.935999999999999915e-02 -5.228871176631614048e+01
-3.887999999999999790e-02 -5.179275121482497468e+01
-3.839999999999999664e-02 -5.156430782565898596e+01
-3.791999999999999538e-02 -5.158883918168071148e+01
-3.743999999999999412e-02 -5.133635959465007659e+01
-3.695999999999999980e-02 -5.093003577716239505e+01
-3.647999999999999854e-02 -5.066992141507047620e+01
-3.599999999999999728e-02 -5.043114630004433252e+01
-3.551999999999999602e-02 -5.014731284163582359e+01
-3.503999999999999476e-02 -4.993687446237161254e+01
-3.455999999999999350e-02 -5.011250783379810514e+01
-3.407999999999999918e-02 -5.036084588711507593e+01
-3.359999999999999792e-02 -5.021833927767649186e+01
-3.311999999999999666e-02 -4.986480350597225453e+01
-3.263999999999999541e-02 -4.968802682200860943e+01
-3.215999999999999415e-02 -4.959118409797777360e+01
-3.167999999999999983e-02 -4.955033226823643844e+01
-3.119999999999999857e-02 -4.922488309607210510e+01
-3.071999999999999731e-02 -4.925169224290031167e+01
-3.023999999999999605e-02 -4.885615836269012391e+01
-2.975999999999999826e-02 -4.830003067088709656e+01
-2.927999999999999700e-02 -4.765960242792555590e+01
-2.879999999999999921e-02 -4.706208067306139498e+01
-2.831999999999999795e-02 -4.630731454488717702e+01
-2.783999999999999669e-02 -4.561811304743563511e+01
-2.735999999999999890e-02 -4.490450479523188676e+01
-2.687999999999999765e-02 -4.411916143124058465e+01
-2.639999999999999639e-02 -4.352071175789550495e+01
-2.591999999999999860e-02 -4.271679734438307463e+01
-2.543999999999999734e-02 -4.198940919532990534e+01
-2.495999999999999608e-02 -4.123349007056869198e+01
-2.447999999999999829e-02 -4.059736186752934373e+01
-2.399999999999999703e-02 -4.007314712391399780e+01
-2.351999999999999924e-02 -3.966212875819341832e+01
-2.303999999999999798e-02 -3.931261567176680671e+01
-2.255999999999999672e-02 -3.898975608131625847e+01
-2.207999999999999893e-02 -3.890644231980657253e+01
-2.159999999999999767e-02 -3.869803971799383646e+01
-2.111999999999999988e-02 -3.815926005630448969e+01
-2.063999999999999863e-02 -3.795871683760793047e+01
-2.015999999999999737e-02 -3.774260418087450830e+01
-1.967999999999999958e-02 -3.747134070052111809e+01
-1.919999999999999832e-02 -3.736682630024199625e+01
-1.871999999999999706e-02 -3.701199621469607592e+01
-1.823999999999999927e-02 -3.631603628703803111e+01
-1.775999999999999801e-02 -3.526290936734210391e+01
-1.727999999999999675e-02 -3.443658952938061191e+01
-1.679999999999999896e-02 -3.375458698548071368e+01
-1.631999999999999770e-02 -3.310072806560109626e+01
-1.583999999999999991e-02 -3.239084118207850338e+01
-1.535999999999999865e-02 -3.196597514361543801e+01
-1.487999999999999913e-02 -3.168426340776457906e+01
-1.439999999999999961e-02 -3.148186629555672766e+01
-1.391999999999999835e-02 -3.157297863138797567e+01
-1.343999999999999882e-02 -3.212850563786710012e+01
-1.295999999999999930e-02 -3.272822063056894137e+01
-1.247999999999999804e-02 -3.378403237072074461e+01
-1.199999999999999852e-02 -3.455530268660276505e+01
-1.151999999999999899e-02 -3.390410340185734839e+01
-1.103999999999999947e-02 -3.177960026377284208e+01
-1.055999999999999994e-02 -2.257323148561137316e+01
-1.007999999999999868e-02 -4.998143206678419048e+00
-9.599999999999999159e-03 3.368299763137887481e+00
-9.119999999999999635e-03 6.019393522807465757e+00
-8.639999999999998376e-03 6.278908255165283947e+00
-8.159999999999998851e-03 6.336293397733484767e+00
-7.679999999999999327e-03 6.555304251329442167e+00
-7.199999999999999803e-03 6.683279176076969641e+00
-6.719999999999999411e-03 6.545361552273581296e+00
-6.239999999999999020e-03 6.606904594482591264e+00
-5.759999999999999495e-03 6.777330183858286894e+00
-5.279999999999999971e-03 6.762614034105659755e+00
-4.799999999999999580e-03 6.781140310515110237e+00
-4.319999999999999188e-03 6.581003778821172823e+00
-3.839999999999999664e-03 6.470196644812146403e+00
-3.359999999999999706e-03 6.455550144536347013e+00
-2.879999999999999748e-03 6.429667199839757430e+00
-2.399999999999999790e-03 6.530262170347370443e+00
-1.919999999999999832e-03 6.488608962631523980e+00
-1.439999999999999874e-03 6.494477080184962503e+00
-9.599999999999999159e-04 6.546932813016685060e+00
-4.799999999999999580e-04 6.433537737125208267e+00
0.000000000000000000e+00 6.375670000850509389e+00
4.799999999999999580e-04 6.594254540194599556e+00
9.599999999999999159e-04 6.978461804742826402e+00
1.439999999999999874e-03 6.636055824355140409e+00
1.919999999999999832e-03 6.292936502903638818e+00
2.399999999999999790e-03 6.530751185955621096e+00
2.879999999999999748e-03 6.713128298386560999e+00
3.359999999999999706e-03 6.886552739938141876e+00
3.839999999999999664e-03 6.659623007454107402e+00
4.319999999999999188e-03 6.369316409920679156e+00
4.799999999999999580e-03 6.437327999231976960e+00
5.279999999999999971e-03 6.547904903614543137e+00
5.759999999999999495e-03 6.544005153814699938e+00
6.239999999999999020e-03 6.445306916688968712e+00
6.719999999999999411e-03 6.486686641261267816e+00
7.199999999999999803e-03 6.585798366333651899e+00
7.679999999999999327e-03 6.351837511673047665e+00
8.159999999999998851e-03 6.363115809486858510e+00
8.639999999999998376e-03 6.405230906238489119e+00
9.119999999999999635e-03 6.037819503502168672e+00
9.599999999999999159e-03 3.294462217941816817e+00
1.007999999999999868e-02 -5.206226296687663790e+00
1.055999999999999994e-02 -2.278517137879303789e+01
1.103999999999999947e-02 -3.166834018295947573e+01
1.151999999999999899e-02 -3.424551997015723259e+01
1.199999999999999852e-02 -3.452435291814744289e+01
1.247999999999999804e-02 -3.361177839291671887e+01
1.295999999999999930e-02 -3.235454692663081033e+01
1.343999999999999882e-02 -3.149313279986758829e+01
1.391999999999999835e-02 -3.107001722523306952e+01
1.439999999999999961e-02 -3.111671442258699471e+01
1.487999999999999913e-02 -3.135386946335808034e+01
1.535999999999999865e-02 -3.144512286928974731e+01
1.583999999999999991e-02 -3.171673903306736264e+01
1.631999999999999770e-02 -3.225142291429444441e+01
1.679999999999999896e-02 -3.299156355064778978e+01
1.727999999999999675e-02 -3.383886453989538268e+01
1.775999999999999801e-02 -3.494808044047172757e+01
1.823999999999999927e-02 -3.563823215342190309e+01
1.871999999999999706e-02 -3.622008511865416125e+01
1.919999999999999832e-02 -3.664235419746240296e+01
1.967999999999999958e-02 -3.699898486382143403e+01
2.015999999999999737e-02 -3.739398771942154553e+01
2.063999999999999863e-02 -3.770263610918299690e+01
2.111999999999999988e-02 -3.790355295395313817e+01
2.159999999999999767e-02 -3.770135497876766095e+01
2.207999999999999893e-02 -3.772060460753707645e+01
2.255999999999999672e-02 -3.819460594106050166e+01
2.303999999999999798e-02 -3.827663752638478911e+01
2.351999999999999924e-02 -3.870366029142794417e+01
2.399999999999999703e-02 -3.900729027764555923e+01
2.447999999999999829e-02 -3.944464393493866083e+01
2.495999999999999608e-02 -3.993511423571528951e+01
2.543999999999999734e-02 -4.063895915943253101e+01
2.591999999999999860e-02 -4.140491382357509309e+01
2.639999999999999639e-02 -4.217986054946612740e+01
2.687999999999999765e-02 -4.295018671308753255e+01
2.735999999999999890e-02 -4.361920218877247635e+01
2.783999999999999669e-02 -4.454122266574687217e+01
2.831999999999999795e-02 -4.540253865521394516e+01
2.879999999999999921e-02 -4.584476088129303406e+01
2.927999999999999700e-02 -4.629866231102460006e+01
2.975999999999999826e-02 -4.712134064783710841e+01
3.023999999999999605e-02 -4.772205957639002349e+01
3.071999999999999731e-02 -4.808902783186540120e+01
3.119999999999999857e-02 -4.862711899946074112e+01
3.167999999999999983e-02 -4.883148912714909784e+01
3.215999999999999415e-02 -4.882189109028450957e+01
3.263999999999999541e-02 -4.910847278724918397e+01
3.311999999999999666e-02 -4.937515378643016106e+01
3.359999999999999792e-02 -4.943083556272281953e+01
3.407999999999999918e-02 -4.979518246980174467e+01
3.455999999999999350e-02 -5.027974821483354617e+01
3.503999999999999476e-02 -5.049660700531960345e+01
3.551999999999999602e-02 -5.051019046260751111e+01
3.599999999999999728e-02 -5.086891409718972312e+01
3.647999999999999854e-02 -5.132264289532146506e+01
3.695999999999999980e-02 -5.163779351654076777e+01
3.743999999999999412e-02 -5.148960432360137673e+01
3.791999999999999538e-02 -5.168113561433020919e+01
3.839999999999999664e-02 -5.200442253890410882e+01
3.887999999999999790e-02 -5.243463611616367359e+01
3.935999999999999915e-02 -5.263239976715824042e+01
3.983999999999999347e-02 -5.290793458073327571e+01
4.031999999999999473e-02 -5.294956070135954462e+01
4.079999999999999599e-02 -5.339340629356485834e+01
4.127999999999999725e-02 -5.386939983437066815e+01
4.175999999999999851e-02 -5.370914680994846435e+01
4.223999999999999977e-02 -5.354830627520610165e+01
4.271999999999999409e-02 -5.404006141160822096e+01
4.319999999999999535e-02 -5.439478892148412115e+01
4.367999999999999661e-02 -5.438418370643515232e+01
4.415999999999999787e-02 -5.432122780724665034e+01
4.463999999999999913e-02 -5.493953058038521675e+01
4.511999999999999345e-02 -5.507416436626261458e+01
4.559999999999999470e-02 -5.508243673905461435e+01
4.607999999999999596e-02 -5.512876753513705808e+01
4.655999999999999722e-02 -5.528046616126989932e+01
4.703999999999999848e-02 -5.559748183885540129e+01
4.751999999999999280e-02 -5.580137850907334496e+01
4.799999999999999406e-02 -5.552493381966041142e+01
4.847999999999999532e-02 -5.559205706211160702e+01
4.895999999999999658e-02 -5.614928838188988891e+01
4.943999999999999784e-02 -5.676198522579590389e+01
4.991999999999999216e-02 -5.679276875083940013e+01
5.039999999999999342e-02 -5.658223560165649246e+01
5.087999999999999468e-02 -5.682103165332655692e+01
5.135999999999999593e-02 -5.703609823274482693e+01
5.183999999999999719e-02 -5.716659263268915936e+01
5.231999999999999845e-02 -5.737884776668066422e+01
5.279999999999999277e-02 -5.734056362716525967e+01
5.327999999999999403e-02 -5.744040073343904140e+01
5.375999999999999529e-02 -5.745707450818464679e+01
5.423999999999999655e-02 -5.726753846272650605e+01
5.471999999999999781e-02 -5.745610625382088443e+01
5.519999999999999213e-02 -5.764066766886850246e+01
5.567999999999999339e-02 -5.792453630128839848e+01
5.615999999999999465e-02 -5.790421766928386660e+01
5.663999999999999591e-02 -5.783496052411760502e+01
5.711999999999999716e-02 -5.789833270763641337e+01
5.759999999999999842e-02 -5.830989971541988126e+01
5.807999999999999274e-02 -5.827415900533722493e+01
5.855999999999999400e-02 -5.804188001066462732e+01
5.903999999999999526e-02 -5.796053676306354419e+01
5.951999999999999652e-02 -5.802647305232044062e+01
5.999999999999999778e-02 -5.841180367534870754e+01
6.047999999999999210e-02 -5.871255886727593065e+01
6.095999999999999336e-02 -5.913355598379400391e+01
6.143999999999999462e-02 -5.937447592861110479e+01
6.191999999999999588e-02 -5.955762192279244260e+01
6.239999999999999714e-02 -5.928880401105828923e+01
6.287999999999999146e-02 -5.923338113542409644e+01
6.335999999999999965e-02 -5.945128707381079636e+01
6.383999999999999397e-02 -5.968129184736425685e+01
6.431999999999998829e-02 -5.961462515649243699e+01
6.479999999999999649e-02 -5.981574574233722785e+01
6.527999999999999081e-02 -6.003830097943553312e+01
6.575999999999999901e-02 -5.992197633087651809e+01
6.623999999999999333e-02 -5.990385475945813454e+01
6.671999999999998765e-02 -6.026301615677966339e+01
6.719999999999999585e-02 -6.049433968590830091e+01
6.767999999999999017e-02 -6.054116198615913902e+01
6.815999999999999837e-02 -6.043956864433791054e+01
6.863999999999999269e-02 -6.024201419711401684e+01
6.911999999999998701e-02 -6.007610834873293015e+01
6.959999999999999520e-02 -6.014782497780493742e+01
7.007999999999998952e-02 -6.047312625603026248e+01
7.055999999999999772e-02 -6.070242575701382037e+01
7.103999999999999204e-02 -6.081073777072609232e+01
7.152000000000000024e-02 -6.083829643409359988e+01
7.199999999999999456e-02 -6.090351185444071547e+01
7.247999999999998888e-02 -6.096026390012419682e+01
7.295999999999999708e-02 -6.094174042789511248e+01
7.343999999999999140e-02 -6.070742812935663579e+01
7.391999999999999960e-02 -6.085910660694632668e+01
7.439999999999999392e-02 -6.123679185227780408e+01
7.487999999999998824e-02 -6.121894034663299777e+01
7.535999999999999643e-02 -6.143857698680319857e+01
7.583999999999999075e-02 -6.159502577953966096e+01
7.631999999999999895e-02 -6.157161935873382674e+01
7.679999999999999327e-02 -6.158262973493428660e+01
7.727999999999998759e-02 -6.149100178467331546e+01
7.775999999999999579e-02 -6.157969028606106576e+01
7.823999999999999011e-02 -6.195394812508454407e+01
7.871999999999999831e-02 -6.190830743498197108e+01
7.919999999999999263e-02 -6.194985639182849013e+01
7.967999999999998695e-02 -6.209420017059032659e+01
8.015999999999999515e-02 -6.220998335930495671e+01
8.063999999999998947e-02 -6.209833219961079465e+01
8.111999999999999766e-02 -6.198922613503426504e+01
8.159999999999999198e-02 -6.229282797332012933e+01
8.207999999999998630e-02 -6.231459119056900420e+01
8.255999999999999450e-02 -6.217375387417540367e+01
8.303999999999998882e-02 -6.215880558361773467e+01
8.351999999999999702e-02 -6.231315622400614274e+01
8.399999999999999134e-02 -6.244193077064626607e+01
8.447999999999999954e-02 -6.262334379050737709e+01
8.495999999999999386e-02 -6.256026650689955204e+01
8.543999999999998818e-02 -6.214630985503460181e+01
8.591999999999999638e-02 -6.213964001326770870e+01
8.639999999999999070e-02 -6.233457210274490734e+01
8.687999999999999889e-02 -6.276993430804783713e+01
8.735999999999999321e-02 -6.309783228620820239e+01
8.783999999999998753e-02 -6.297743359554448972e+01
8.831999999999999573e-02 -6.261100078158845861e+01
8.879999999999999005e-02 -6.242529480150047760e+01
8.927999999999999825e-02 -6.276702424116984247e+01
8.975999999999999257e-02 -6.311030636248960946e+01
9.023999999999998689e-02 -6.297653037982327362e+01
9.071999999999999509e-02 -6.288180081703431767e+01
9.119999999999998941e-02 -6.274135135818411158e+01
9.167999999999999761e-02 -6.263899555543059705e+01
9.215999999999999193e-02 -6.287124035726914428e+01
9.263999999999998625e-02 -6.318283012463754744e+01
9.311999999999999444e-02 -6.323974149301983516e+01
9.359999999999998876e-02 -6.328919547780130728e+01
9.407999999999999696e-02 -6.306748501859279088e+01
9.455999999999999128e-02 -6.299457601882168944e+01
9.503999999999998560e-02 -6.308224666105508049e+01
9.551999999999999380e-02 -6.310059449837880408e+01
9.599999999999998812e-02 -6.331742821916783015e+01
9.647999999999999632e-02 -6.361254292584669656e+01
9.695999999999999064e-02 -6.344345178687498077e+01
9.743999999999998496e-02 -6.340893341212770906e+01
9.791999999999999316e-02 -6.340206307621673432e+01
9.839999999999998748e-02 -6.337010649982207866e+01
9.887999999999999567e-02 -6.320551582248819500e+01
9.935999999999998999e-02 -6.350570102345631085e+01
9.983999999999998431e-02 -6.360334299625976229e+01
1.003199999999999925e-01 -6.372232094729567820e+01
1.007999999999999868e-01 -6.398057668344186766e+01
1.012799999999999950e-01 -6.409605335550911320e+01
1.017599999999999894e-01 -6.405303010009001241e+01
1.022399999999999975e-01 -6.417652309047238646e+01
1.027199999999999919e-01 -6.451207817566869096e+01
1.031999999999999862e-01 -6.461355616845479233e+01
1.036799999999999944e-01 -6.471074979012853134e+01
1.041599999999999887e-01 -6.532763672070166194e+01
1.046399999999999969e-01 -6.594814115240362185e+01
1.051199999999999912e-01 -6.620615616359651767e+01
1.055999999999999855e-01 -6.626711843671469637e+01
1.060799999999999937e-01 -6.644379016030336516e+01
1.065599999999999881e-01 -6.766508038859245744e+01
1.070399999999999963e-01 -6.852715045443872555e+01
1.075199999999999906e-01 -6.941370718812164853e+01
1.079999999999999849e-01 -7.039892956016659298e+01
1.084799999999999931e-01 -7.128788491830610496e+01
1.089599999999999874e-01 -7.189520094645702386e+01
1.094399999999999956e-01 -7.241312809135391149e+01
1.099199999999999899e-01 -7.319536131061218498e+01
1.103999999999999843e-01 -7.419568910999973355e+01
1.108799999999999925e-01 -7.486173664171514019e+01
1.113599999999999868e-01 -7.538068475371765942e+01
1.118399999999999950e-01 -7.616581561698110647e+01
1.123199999999999893e-01 -7.694502003997840234e+01
1.127999999999999836e-01 -7.742460512801871175e+01
1.132799999999999918e-01 -7.804926518571846827e+01
1.137599999999999861e-01 -7.826389142209944794e+01
1.142399999999999943e-01 -7.783014834521804914e+01
1.147199999999999886e-01 -7.764071178963506270e+01
1.151999999999999968e-01 -7.742148976614262779e+01
1.156799999999999912e-01 -7.662882312600419255e+01
1.161599999999999855e-01 -7.609328868663612866e+01
1.166399999999999937e-01 -7.608574054072579429e+01
1.171199999999999880e-01 -7.627295013047530858e+01
1.175999999999999962e-01 -7.645831803758177614e+01
1.180799999999999905e-01 -7.681250173701349127e+01
1.185599999999999848e-01 -7.720713893366490765e+01
1.190399999999999930e-01 -7.769562656793978306e+01
1.195199999999999874e-01 -7.826195136703023536e+01
1.199999999999999956e-01 -7.860085588233070553e+01
1.204799999999999899e-01 -7.842875938141635572e+01
1.209599999999999842e-01 -7.811397590244398259e+01
1.214399999999999924e-01 -7.771714377012555985e+01
1.219199999999999867e-01 -7.746964528151485752e+01
1.223999999999999949e-01 -7.725286882484923012e+01
