-1.228799999999999955e+02 -1.012365705160165561e+02
-1.223999999999999915e+02 -1.005271028137652536e+02
-1.219200000000000017e+02 -9.987099410671716271e+01
-1.214399999999999977e+02 -9.970357791918510770e+01
-1.209599999999999937e+02 -9.994008857713494365e+01
-1.204799999999999898e+02 -1.002613016075832775e+02
-1.200000000000000000e+02 -1.008289371378444486e+02
-1.195199999999999960e+02 -1.011964068801732139e+02
-1.190399999999999920e+02 -1.017421596760623004e+02
-1.185600000000000023e+02 -1.020336903748258663e+02
-1.180799999999999983e+02 -1.023474052416714954e+02
-1.175999999999999943e+02 -1.021274290787894898e+02
-1.171199999999999903e+02 -1.013919960028225518e+02
-1.166400000000000006e+02 -1.010978505072740177e+02
-1.161599999999999966e+02 -1.015775578856878383e+02
-1.156799999999999926e+02 -1.018651711835103413e+02
-1.151999999999999886e+02 -1.021365795042877380e+02
-1.147199999999999989e+02 -1.025099961590636894e+02
-1.142399999999999949e+02 -1.027667672596464570e+02
-1.137599999999999909e+02 -1.027186902735276988e+02
-1.132800000000000011e+02 -1.022468489535503977e+02
-1.127999999999999972e+02 -1.016171359320537846e+02
-1.123199999999999932e+02 -1.011125831807982252e+02
-1.118399999999999892e+02 -1.005002624541297109e+02
-1.113599999999999994e+02 -9.953465504136708830e+01
-1.108799999999999955e+02 -9.881394366279181440e+01
-1.103999999999999915e+02 -9.822522258160795161e+01
-1.099200000000000017e+02 -9.761467268473916192e+01
-1.094399999999999977e+02 -9.714980934344748675e+01
-1.089599999999999937e+02 -9.605724785708595448e+01
-1.084799999999999898e+02 -9.473479350677121147e+01
-1.080000000000000000e+02 -9.372404968779115109e+01
-1.075199999999999960e+02 -9.306161382983292185e+01
-1.070399999999999920e+02 -9.233286483677289880e+01
-1.065600000000000023e+02 -9.149226028774833708e+01
-1.060799999999999983e+02 -9.079676049814605676e+01
-1.055999999999999943e+02 -9.018318897025440606e+01
-1.051199999999999903e+02 -8.963284621951882514e+01
-1.046400000000000006e+02 -8.891694078096927001e+01
-1.041599999999999966e+02 -8.842740174915347495e+01
-1.036799999999999926e+02 -8.777261285554422443e+01
-1.032000000000000028e+02 -8.734948347995867834e+01
-1.027199999999999989e+02 -8.694457066870353401e+01
-1.022399999999999949e+02 -8.659855933665127736e+01
-1.017599999999999909e+02 -8.669264629180895554e+01
-1.012800000000000011e+02 -8.650480854367437189e+01
-1.007999999999999972e+02 -8.635114804497524688e+01
-1.003199999999999932e+02 -8.644842843661409404e+01
-9.984000000000000341e+01 -8.635221050299314527e+01
-9.935999999999999943e+01 -8.613620278316155066e+01
-9.887999999999999545e+01 -8.606051627315403607e+01
-9.839999999999999147e+01 -8.622773397403099693e+01
-9.792000000000000171e+01 -8.615502315622499907e+01
-9.743999999999999773e+01 -8.601166111318734409e+01
-9.695999999999999375e+01 -8.595339305284737463e+01
-9.647999999999998977e+01 -8.590708694350503549e+01
-9.600000000000000000e+01 -8.558092648567824767e+01
-9.551999999999999602e+01 -8.530678905460332828e+01
-9.503999999999999204e+01 -8.525013681634956697e+01
-9.456000000000000227e+01 -8.518995903476232456e+01
-9.407999999999999829e+01 -8.533291821179946623e+01
-9.359999999999999432e+01 -8.515472658670805117e+01
-9.311999999999999034e+01 -8.484115189648827027e+01
-9.264000000000000057e+01 -8.479602850513755641e+01
-9.215999999999999659e+01 -8.490630249571754007e+01
-9.167999999999999261e+01 -8.500256458433605644e+01
-9.120000000000000284e+01 -8.520675025802225377e+01
-9.071999999999999886e+01 -8.541783618335554706e+01
-9.023999999999999488e+01 -8.537398774721714290e+01
-8.975999999999999091e+01 -8.505961882990638401e+01
-8.928000000000000114e+01 -8.486208438046119795e+01
-8.879999999999999716e+01 -8.515678023348260695e+01
-8.831999999999999318e+01 -8.505661728278096234e+01
-8.784000000000000341e+01 -8.476047746705880570e+01
-8.735999999999999943e+01 -8.460051041307964681e+01
-8.687999999999999545e+01 -8.446333952068384576e+01
-8.639999999999999147e+01 -8.432423739482048575e+01
-8.592000000000000171e+01 -8.437550198754433950e+01
-8.543999999999999773e+01 -8.432955487579201304e+01
-8.495999999999999375e+01 -8.433534724222370471e+01
-8.447999999999998977e+01 -8.424672517231827840e+01
-8.400000000000000000e+01 -8.400538662321864081e+01
-8.351999999999999602e+01 -8.412705672542215041e+01
-8.303999999999999204e+01 -8.400613659691092039e+01
-8.256000000000000227e+01 -8.384037001061854255e+01
-8.207999999999999829e+01 -8.366559677312268661e+01
-8.159999999999999432e+01 -8.353334249694259483e+01
-8.111999999999999034e+01 -8.361656194408197962e+01
-8.064000000000000057e+01 -8.352976305908852339e+01
-8.015999999999999659e+01 -8.335667874364629881e+01
-7.967999999999999261e+01 -8.341873690552731091e+01
-7.920000000000000284e+01 -8.344968250940736709e+01
-7.871999999999999886e+01 -8.339072876558711300e+01
-7.823999999999999488e+01 -8.317163155796804119e+01
-7.775999999999999091e+01 -8.296822562773726872e+01
-7.728000000000000114e+01 -8.292566216319657713e+01
-7.679999999999999716e+01 -8.328078344997666704e+01
-7.631999999999999318e+01 -8.284480083191779443e+01
-7.584000000000000341e+01 -8.239609436046913515e+01
-7.535999999999999943e+01 -8.243258284761340349e+01
-7.487999999999999545e+01 -8.244738514377007732e+01
-7.439999999999999147e+01 -8.254253260611598364e+01
-7.392000000000000171e+01 -8.245364715445302295e+01
-7.343999999999999773e+01 -8.258587420848783722e+01
-7.295999999999999375e+01 -8.241956049976563747e+01
-7.248000000000000398e+01 -8.235854486544367603e+01
-7.200000000000000000e+01 -8.243579755818680610e+01
-7.151999999999999602e+01 -8.231025092436979662e+01
-7.103999999999999204e+01 -8.227936916327900008e+01
-7.056000000000000227e+01 -8.241854308036297994e+01
-7.007999999999999829e+01 -8.233564413579949814e+01
-6.959999999999999432e+01 -8.200280840882928146e+01
-6.912000000000000455e+01 -8.178855462798921394e+01
-6.864000000000000057e+01 -8.156099816255617441e+01
-6.815999999999999659e+01 -8.153984500652828160e+01
-6.767999999999999261e+01 -8.160619869233387647e+01
-6.720000000000000284e+01 -8.156613673460340408e+01
-6.671999999999999886e+01 -8.150005802930655818e+01
-6.623999999999999488e+01 -8.149076893125445054e+01
-6.575999999999999091e+01 -8.131650891540402881e+01
-6.528000000000000114e+01 -8.154166974244135702e+01
-6.479999999999999716e+01 -8.158637911703549150e+01
-6.431999999999999318e+01 -8.141421879778968673e+01
-6.383999999999999631e+01 -8.115237773947814048e+01
-6.335999999999999943e+01 -8.088450424554913809e+01
-6.287999999999999545e+01 -8.062621978723798577e+01
-6.239999999999999858e+01 -8.043443179274729005e+01
-6.191999999999999460e+01 -8.045723801419187282e+01
-6.143999999999999773e+01 -8.022072990281372995e+01
-6.096000000000000085e+01 -8.028447173209956134e+01
-6.047999999999999687e+01 -8.034826499860733406e+01
-6.000000000000000000e+01 -8.009365007595262398e+01
-5.951999999999999602e+01 -7.977216434974636172e+01
-5.903999999999999915e+01 -7.996968166568500180e+01
-5.855999999999999517e+01 -7.985806020421271967e+01
-5.807999999999999829e+01 -7.980842331331214723e+01
-5.759999999999999432e+01 -7.972276860097990436e+01
-5.711999999999999744e+01 -7.942774090426956946e+01
-5.664000000000000057e+01 -7.939237430979281385e+01
-5.615999999999999659e+01 -7.933847398370615167e+01
-5.567999999999999972e+01 -7.942190187500895604e+01
-5.519999999999999574e+01 -7.923213695471963547e+01
-5.471999999999999886e+01 -7.912759212478198378e+01
-5.423999999999999488e+01 -7.897123904695332897e+01
-5.375999999999999801e+01 -7.858561125852284590e+01
-5.328000000000000114e+01 -7.841072319796396073e+01
-5.279999999999999716e+01 -7.843852822631890831e+01
-5.232000000000000028e+01 -7.848948268053764821e+01
-5.183999999999999631e+01 -7.851468215034807940e+01
-5.135999999999999943e+01 -7.818050103507518145e+01
-5.087999999999999545e+01 -7.801227433416789836e+01
-5.039999999999999858e+01 -7.780777436918523904e+01
-4.992000000000000171e+01 -7.778132478535250982e+01
-4.943999999999999773e+01 -7.776446478018579000e+01
-4.896000000000000085e+01 -7.757484283543989534e+01
-4.847999999999999687e+01 -7.754953299876322603e+01
-4.800000000000000000e+01 -7.743965208895275509e+01
-4.751999999999999602e+01 -7.722592634336967876e+01
-4.703999999999999915e+01 -7.699575208704689544e+01
-4.655999999999999517e+01 -7.692680484955970144e+01
-4.607999999999999829e+01 -7.676447010090912215e+01
-4.560000000000000142e+01 -7.686174188269752960e+01
-4.511999999999999744e+01 -7.692724609855467577e+01
-4.464000000000000057e+01 -7.688753301430875808e+01
-4.415999999999999659e+01 -7.680908672853287555e+01
-4.367999999999999972e+01 -7.674172611480469186e+01
-4.319999999999999574e+01 -7.650701261327732539e+01
-4.271999999999999886e+01 -7.611761437808607411e+01
-4.223999999999999488e+01 -7.617986645421119363e+01
-4.175999999999999801e+01 -7.604992649065002297e+01
-4.128000000000000114e+01 -7.579253133418208677e+01
-4.079999999999999716e+01 -7.566023256353852844e+01
-4.032000000000000028e+01 -7.548595778382541255e+01
-3.983999999999999631e+01 -7.543325308473959012e+01
-3.935999999999999943e+01 -7.527876689622672757e+01
-3.887999999999999545e+01 -7.492839489467374392e+01
-3.839999999999999858e+01 -7.480708251094394257e+01
-3.792000000000000171e+01 -7.504269587035599898e+01
-3.743999999999999773e+01 -7.498380142298945827e+01
-3.696000000000000085e+01 -7.471784975668613527e+01
-3.647999999999999687e+01 -7.460759861601330556e+01
-3.600000000000000000e+01 -7.459535725946318507e+01
-3.551999999999999602e+01 -7.428649614785368271e+01
-3.503999999999999915e+01 -7.409368389251704912e+01
-3.456000000000000227e+01 -7.416905699078994019e+01
-3.407999999999999829e+01 -7.432988017104801770e+01
-3.360000000000000142e+01 -7.397944908898898575e+01
-3.311999999999999744e+01 -7.346157042638505175e+01
-3.264000000000000057e+01 -7.309911024894785214e+01
-3.215999999999999659e+01 -7.277718085084576671e+01
-3.167999999999999972e+01 -7.251771816302994011e+01
-3.119999999999999929e+01 -7.209557694604062306e+01
-3.071999999999999886e+01 -7.208653362427754985e+01
-3.023999999999999844e+01 -7.189834197670154481e+01
-2.975999999999999801e+01 -7.162658042508081735e+01
-2.927999999999999758e+01 -7.140074944450874739e+01
-2.879999999999999716e+01 -7.124738129048692770e+01
-2.832000000000000028e+01 -7.109276474440507343e+01
-2.783999999999999986e+01 -7.093754948642535396e+01
-2.735999999999999943e+01 -7.037215140190534157e+01
-2.687999999999999901e+01 -6.963365737681500889e+01
-2.639999999999999858e+01 -6.886987129685496711e+01
-2.591999999999999815e+01 -6.811900824527359077e+01
-2.543999999999999773e+01 -6.746436866736355853e+01
-2.496000000000000085e+01 -6.667751776012941889e+01
-2.448000000000000043e+01 -6.600043354810932783e+01
-2.400000000000000000e+01 -6.543131014424818659e+01
-2.351999999999999957e+01 -6.478165462136819031e+01
-2.303999999999999915e+01 -6.407905950289443808e+01
-2.255999999999999872e+01 -6.343345964499798129e+01
-2.207999999999999829e+01 -6.288794063888574470e+01
-2.159999999999999787e+01 -6.231373888261053651e+01
-2.111999999999999744e+01 -6.139140067752653351e+01
-2.064000000000000057e+01 -6.102832447883208999e+01
-2.016000000000000014e+01 -6.084497058559378502e+01
-1.967999999999999972e+01 -6.081728500565862561e+01
-1.919999999999999929e+01 -6.124895301868939157e+01
-1.871999999999999886e+01 -6.158910903814457782e+01
-1.823999999999999844e+01 -6.192844195694846121e+01
-1.775999999999999801e+01 -6.184768376256883471e+01
-1.728000000000000114e+01 -6.153614337634731157e+01
-1.680000000000000071e+01 -6.107490663074953829e+01
-1.632000000000000028e+01 -6.057404069064084950e+01
-1.583999999999999986e+01 -5.972336623545808010e+01
-1.535999999999999943e+01 -5.880310327529280556e+01
-1.487999999999999901e+01 -5.775778749810153556e+01
-1.439999999999999858e+01 -5.683038079117633856e+01
-1.391999999999999993e+01 -5.620593690954704869e+01
-1.343999999999999950e+01 -5.616478689326224583e+01
-1.295999999999999908e+01 -5.628479832508422476e+01
-1.248000000000000043e+01 -5.701000669893986839e+01
-1.200000000000000000e+01 -5.834310663640408023e+01
-1.151999999999999957e+01 -5.954984401067662958e+01
-1.103999999999999915e+01 -5.947163694844680037e+01
-1.055999999999999872e+01 -5.262696492967536699e+01
-1.008000000000000007e+01 -3.584661490902784209e+01
-9.599999999999999645e+00 -2.748288287807159946e+01
-9.119999999999999218e+00 -2.477393789148374026e+01
-8.640000000000000568e+00 -2.443785314127116237e+01
-8.160000000000000142e+00 -2.431785540018923086e+01
-7.679999999999999716e+00 -2.406145672597058649e+01
-7.199999999999999289e+00 -2.392132871443033082e+01
-6.719999999999999751e+00 -2.407452218311834713e+01
-6.240000000000000213e+00 -2.403659423219725610e+01
-5.759999999999999787e+00 -2.389377033571370745e+01
-5.279999999999999361e+00 -2.394333478316826103e+01
-4.799999999999999822e+00 -2.396656291863522625e+01
-4.320000000000000284e+00 -2.417733942933275060e+01
-3.839999999999999858e+00 -2.429694025266705637e+01
-3.359999999999999876e+00 -2.431241128183190625e+01
-2.879999999999999893e+00 -2.431715747919362869e+01
-2.399999999999999911e+00 -2.420082236789640717e+01
-1.919999999999999929e+00 -2.423115701816739431e+01
-1.439999999999999947e+00 -2.417718315281795682e+01
-9.599999999999999645e-01 -2.408985496399467507e+01
-4.799999999999999822e-01 -2.418777352381436074e+01
0.000000000000000000e+00 -2.422727164528144428e+01
4.799999999999999822e-01 -2.400428283316388800e+01
9.599999999999999645e-01 -2.364375575664342222e+01
1.439999999999999947e+00 -2.402361538572326083e+01
1.919999999999999929e+00 -2.440832840354619293e+01
2.399999999999999911e+00 -2.418859199102401192e+01
2.879999999999999893e+00 -2.401560505978251214e+01
3.359999999999999876e+00 -2.385356944603556428e+01
3.839999999999999858e+00 -2.408281081888945963e+01
4.320000000000000284e+00 -2.436022520865508767e+01
4.799999999999999822e+00 -2.426357853232484274e+01
5.279999999999999361e+00 -2.410802248712533569e+01
5.759999999999999787e+00 -2.408270598339553814e+01
6.240000000000000213e+00 -2.415421969598209273e+01
6.719999999999999751e+00 -2.408785954652964634e+01
7.199999999999999289e+00 -2.397775603390556398e+01
7.679999999999999716e+00 -2.421516163613114259e+01
8.160000000000000142e+00 -2.424637135584169556e+01
8.640000000000000568e+00 -2.427234506313776308e+01
9.119999999999999218e+00 -2.471587898730273380e+01
9.599999999999999645e+00 -2.750058132017482748e+01
1.008000000000000007e+01 -3.599461647636999118e+01
1.055999999999999872e+01 -5.298094630730155785e+01
1.103999999999999915e+01 -5.938287181509284096e+01
1.151999999999999957e+01 -5.859362964995675327e+01
1.200000000000000000e+01 -5.712679542050123871e+01
1.248000000000000043e+01 -5.612130646541100276e+01
1.295999999999999908e+01 -5.533535223914511647e+01
1.343999999999999950e+01 -5.507404540948681415e+01
1.391999999999999993e+01 -5.540311429295922352e+01
1.439999999999999858e+01 -5.626462639795077791e+01
1.487999999999999901e+01 -5.729458137625277914e+01
1.535999999999999943e+01 -5.802029052300835588e+01
1.583999999999999986e+01 -5.884826159071266716e+01
1.632000000000000028e+01 -5.958295179565810429e+01
1.680000000000000071e+01 -6.033430047919108574e+01
1.728000000000000114e+01 -6.073719213262623384e+01
1.775999999999999801e+01 -6.098674229156506499e+01
1.823999999999999844e+01 -6.081040011828213920e+01
1.871999999999999886e+01 -6.047371504011564980e+01
1.919999999999999929e+01 -6.013754078662615399e+01
1.967999999999999972e+01 -5.996308972898910383e+01
2.016000000000000014e+01 -6.005643940774410794e+01
2.064000000000000057e+01 -6.032374098905991389e+01
2.111999999999999744e+01 -6.070820236797332115e+01
2.159999999999999787e+01 -6.088364156252411163e+01
2.207999999999999829e+01 -6.132761587245475710e+01
2.255999999999999872e+01 -6.226106469541331734e+01
2.303999999999999915e+01 -6.287223214984528852e+01
2.351999999999999957e+01 -6.371094033071776153e+01
2.400000000000000000e+01 -6.437834906112895794e+01
2.448000000000000043e+01 -6.500523420464776336e+01
2.496000000000000085e+01 -6.562466158407806915e+01
2.543999999999999773e+01 -6.635522008905194014e+01
2.591999999999999815e+01 -6.707713736293423779e+01
2.639999999999999858e+01 -6.783578883321305852e+01
2.687999999999999901e+01 -6.863100331765309647e+01
2.735999999999999943e+01 -6.911636542580338016e+01
2.783999999999999986e+01 -6.979367636119586393e+01
2.832000000000000028e+01 -7.018903708826084653e+01
2.879999999999999716e+01 -7.017188329928572443e+01
2.927999999999999758e+01 -7.032411852513133965e+01
2.975999999999999801e+01 -7.075980735397851618e+01
3.023999999999999844e+01 -7.107516608409210335e+01
3.071999999999999886e+01 -7.142916477699709787e+01
3.119999999999999929e+01 -7.212074640260426861e+01
3.167999999999999972e+01 -7.236640250070355762e+01
3.215999999999999659e+01 -7.252259697949790507e+01
3.264000000000000057e+01 -7.286926985375099264e+01
3.311999999999999744e+01 -7.316326619123904607e+01
3.360000000000000142e+01 -7.343211354521562839e+01
3.407999999999999829e+01 -7.385958756592172847e+01
3.456000000000000227e+01 -7.429694649991085953e+01
3.503999999999999915e+01 -7.436496202483063200e+01
3.551999999999999602e+01 -7.430469622733437518e+01
3.600000000000000000e+01 -7.466131234404207362e+01
3.647999999999999687e+01 -7.481351493403596464e+01
3.696000000000000085e+01 -7.496281115392372385e+01
3.743999999999999773e+01 -7.502781056871720011e+01
3.792000000000000171e+01 -7.518983249122740631e+01
3.839999999999999858e+01 -7.541722889923819650e+01
3.887999999999999545e+01 -7.585586313316507301e+01
3.935999999999999943e+01 -7.606421038578348259e+01
3.983999999999999631e+01 -7.657956548932594387e+01
4.032000000000000028e+01 -7.667631798429074763e+01
4.079999999999999716e+01 -7.701374818715818549e+01
4.128000000000000114e+01 -7.722219326099829573e+01
4.175999999999999801e+01 -7.695729172523988382e+01
4.223999999999999488e+01 -7.686487370134095443e+01
4.271999999999999886e+01 -7.717419835137781092e+01
4.319999999999999574e+01 -7.748376758938682940e+01
4.367999999999999972e+01 -7.748821918083919513e+01
4.415999999999999659e+01 -7.759188615735551764e+01
4.464000000000000057e+01 -7.817662207858616341e+01
4.511999999999999744e+01 -7.825823118257257249e+01
4.560000000000000142e+01 -7.830832011870549536e+01
4.607999999999999829e+01 -7.842982643719271607e+01
4.655999999999999517e+01 -7.848630678029077501e+01
4.703999999999999915e+01 -7.856016163341342917e+01
4.751999999999999602e+01 -7.886012142193635555e+01
4.800000000000000000e+01 -7.874302529837764553e+01
4.847999999999999687e+01 -7.882572412848846000e+01
4.896000000000000085e+01 -7.907503160672476383e+01
4.943999999999999773e+01 -7.937756584852421327e+01
4.992000000000000171e+01 -7.955671947725750215e+01
5.039999999999999858e+01 -7.923587102002062466e+01
5.087999999999999545e+01 -7.905573457015816530e+01
5.135999999999999943e+01 -7.920088782247815118e+01
5.183999999999999631e+01 -7.931483957644834959e+01
5.232000000000000028e+01 -7.937347706045373741e+01
5.279999999999999716e+01 -7.934333259127038218e+01
5.328000000000000114e+01 -7.961011640484178997e+01
5.375999999999999801e+01 -7.974253379865669444e+01
5.423999999999999488e+01 -7.982431599014839207e+01
5.471999999999999886e+01 -8.011618995354909600e+01
5.519999999999999574e+01 -8.018863704691213456e+01
5.567999999999999972e+01 -8.041614882792981689e+01
5.615999999999999659e+01 -8.064456770775079519e+01
5.664000000000000057e+01 -8.095344053231231385e+01
5.711999999999999744e+01 -8.113957383363310782e+01
5.759999999999999432e+01 -8.131662994355393437e+01
5.807999999999999829e+01 -8.118086993687288100e+01
5.855999999999999517e+01 -8.120693565912529266e+01
5.903999999999999915e+01 -8.120041743093477749e+01
5.951999999999999602e+01 -8.107050347228835108e+01
6.000000000000000000e+01 -8.136898904393140697e+01
6.047999999999999687e+01 -8.137911747235939686e+01
6.096000000000000085e+01 -8.174982293467245142e+01
6.143999999999999773e+01 -8.191136034084200901e+01
6.191999999999999460e+01 -8.196705544011892641e+01
6.239999999999999858e+01 -8.190182087927381360e+01
6.287999999999999545e+01 -8.188171206202045482e+01
6.335999999999999943e+01 -8.214395615489648605e+01
6.383999999999999631e+01 -8.219126609765828562e+01
6.431999999999999318e+01 -8.209001338734861974e+01
6.479999999999999716e+01 -8.248019079592114622e+01
6.528000000000000114e+01 -8.268831478453371631e+01
6.575999999999999091e+01 -8.249997633188885970e+01
6.623999999999999488e+01 -8.238065238828812653e+01
6.671999999999999886e+01 -8.285821779216811933e+01
6.720000000000000284e+01 -8.312908994915852645e+01
6.767999999999999261e+01 -8.324144713350905533e+01
6.815999999999999659e+01 -8.312300334027699478e+01
6.864000000000000057e+01 -8.286494186358956426e+01
6.912000000000000455e+01 -8.287224917993819417e+01
6.959999999999999432e+01 -8.296281246832043621e+01
7.007999999999999829e+01 -8.319642863589200488e+01
7.056000000000000227e+01 -8.334835464756311296e+01
7.103999999999999204e+01 -8.343410836565352895e+01
7.151999999999999602e+01 -8.338969414475960207e+01
7.200000000000000000e+01 -8.352474412574379414e+01
7.248000000000000398e+01 -8.383833828359627205e+01
7.295999999999999375e+01 -8.387579045124412858e+01
7.343999999999999773e+01 -8.355526810764081347e+01
7.392000000000000171e+01 -8.377348269270609649e+01
7.439999999999999147e+01 -8.424222719952874172e+01
7.487999999999999545e+01 -8.415773171931556362e+01
7.535999999999999943e+01 -8.443421419383936666e+01
7.584000000000000341e+01 -8.442623505970988163e+01
7.631999999999999318e+01 -8.435619592504937714e+01
7.679999999999999716e+01 -8.440439212950620629e+01
7.728000000000000114e+01 -8.453501138467410669e+01
7.775999999999999091e+01 -8.468729913814510724e+01
7.823999999999999488e+01 -8.480655528898310536e+01
7.871999999999999886e+01 -8.459746462084375196e+01
7.920000000000000284e+01 -8.453879317774843116e+01
7.967999999999999261e+01 -8.471548252285805347e+01
8.015999999999999659e+01 -8.509936718584681614e+01
8.064000000000000057e+01 -8.509549789091923344e+01
8.111999999999999034e+01 -8.489908213136642701e+01
8.159999999999999432e+01 -8.521523565162672753e+01
8.207999999999999829e+01 -8.561354195692376834e+01
8.256000000000000227e+01 -8.566323990806336042e+01
8.303999999999999204e+01 -8.565262785131359635e+01
8.351999999999999602e+01 -8.545604593395260906e+01
8.400000000000000000e+01 -8.545501610725412434e+01
8.447999999999998977e+01 -8.550556771532276912e+01
8.495999999999999375e+01 -8.533845917582512186e+01
8.543999999999999773e+01 -8.519010848159473426e+01
8.592000000000000171e+01 -8.521390980035980078e+01
8.639999999999999147e+01 -8.542942540991946032e+01
8.687999999999999545e+01 -8.559237944697798639e+01
8.735999999999999943e+01 -8.582018573368966941e+01
8.784000000000000341e+01 -8.573578945647554406e+01
8.831999999999999318e+01 -8.562292686768707028e+01
8.879999999999999716e+01 -8.552425964995391894e+01
8.928000000000000114e+01 -8.581095878229663754e+01
8.975999999999999091e+01 -8.600669021661146019e+01
9.023999999999999488e+01 -8.605905708739203419e+01
9.071999999999999886e+01 -8.603693102137421533e+01
9.120000000000000284e+01 -8.598346254654808263e+01
9.167999999999999261e+01 -8.603210431037815908e+01
9.215999999999999659e+01 -8.632068507369271515e+01
9.264000000000000057e+01 -8.663281952011067233e+01
9.311999999999999034e+01 -8.671245927401531617e+01
9.359999999999999432e+01 -8.672712284816823569e+01
9.407999999999999829e+01 -8.650225288076634911e+01
9.456000000000000227e+01 -8.643496787682435922e+01
9.503999999999999204e+01 -8.665681955695909267e+01
9.551999999999999602e+01 -8.659594370853565692e+01
9.600000000000000000e+01 -8.663205870188464530e+01
9.647999999999998977e+01 -8.681900719510501574e+01
9.695999999999999375e+01 -8.677925002488102280e+01
9.743999999999999773e+01 -8.667366393168920524e+01
9.792000000000000171e+01 -8.674268746213112991e+01
9.839999999999999147e+01 -8.690745630538091859e+01
9.887999999999999545e+01 -8.666979268625816246e+01
9.935999999999999943e+01 -8.683855347029272309e+01
9.984000000000000341e+01 -8.696132625257051529e+01
1.003199999999999932e+02 -8.710543581300969151e+01
1.007999999999999972e+02 -8.726952008663653260e+01
1.012800000000000011e+02 -8.745903457526326008e+01
1.017599999999999909e+02 -8.748588442200150439e+01
1.022399999999999949e+02 -8.767286063123654571e+01
1.027199999999999989e+02 -8.792031705604733816e+01
1.032000000000000028e+02 -8.799313924815717769e+01
1.036799999999999926e+02 -8.826352900435226445e+01
1.041599999999999966e+02 -8.880195529539531663e+01
1.046400000000000006e+02 -8.956752717384242146e+01
1.051199999999999903e+02 -8.990881763011570627e+01
1.055999999999999943e+02 -9.004472285956502731e+01
1.060799999999999983e+02 -9.028309984225919038e+01
1.065600000000000023e+02 -9.131047847044668231e+01
1.070399999999999920e+02 -9.214910180377295035e+01
1.075199999999999960e+02 -9.316619550033662733e+01
1.080000000000000000e+02 -9.429840938961461916e+01
1.084799999999999898e+02 -9.542330125819006525e+01
1.089599999999999937e+02 -9.633575417978016731e+01
1.094399999999999977e+02 -9.739219244245435902e+01
1.099200000000000017e+02 -9.833113777674537914e+01
1.103999999999999915e+02 -9.925942434314586649e+01
1.108799999999999955e+02 -1.002516318591424493e+02
1.113599999999999994e+02 -1.009785589893059097e+02
1.118399999999999892e+02 -1.016025497034483891e+02
1.123199999999999932e+02 -1.019077062391492916e+02
1.127999999999999972e+02 -1.021338004931464383e+02
1.132800000000000011e+02 -1.026122604929905577e+02
1.137599999999999909e+02 -1.030210141057734461e+02
1.142399999999999949e+02 -1.030683288740103052e+02
1.147199999999999989e+02 -1.033164981509975036e+02
1.151999999999999886e+02 -1.033792317499624573e+02
1.156799999999999926e+02 -1.031513525554775015e+02
1.161599999999999966e+02 -1.026934363699896551e+02
1.166400000000000006e+02 -1.023042693308533870e+02
1.171199999999999903e+02 -1.019497753558008100e+02
1.175999999999999943e+02 -1.016856566877651460e+02
1.180799999999999983e+02 -1.014203075599736223e+02
1.185600000000000023e+02 -1.013095120862976444e+02
1.190399999999999920e+02 -1.016173571456026394e+02
1.195199999999999960e+02 -1.016753084217207146e+02
1.200000000000000000e+02 -1.019668877222005676e+02
1.204799999999999898e+02 -1.023933694801928596e+02
1.209599999999999937e+02 -1.026844991029574032e+02
1.214399999999999977e+02 -1.027777574102961466e+02
1.219200000000000017e+02 -1.024570547538208984e+02
1.223999999999999915e+02 -1.020801331309503723e+02
