-1.228799999999999955e+02 -1.007241663771436890e+02
-1.223999999999999915e+02 -1.007397704785946928e+02
-1.219200000000000017e+02 -1.005180326066499532e+02
-1.214399999999999977e+02 -1.002198040013732339e+02
-1.209599999999999937e+02 -1.004707571060516784e+02
-1.204799999999999898e+02 -1.007115729330441098e+02
-1.200000000000000000e+02 -1.011318150581712416e+02
-1.195199999999999960e+02 -1.017883459924160263e+02
-1.190399999999999920e+02 -1.022308842113146454e+02
-1.185600000000000023e+02 -1.023752049554746009e+02
-1.180799999999999983e+02 -1.028377757199838243e+02
-1.175999999999999943e+02 -1.026246989508962599e+02
-1.171199999999999903e+02 -1.022285929453132383e+02
-1.166400000000000006e+02 -1.019021740687607291e+02
-1.161599999999999966e+02 -1.018335538922680996e+02
-1.156799999999999926e+02 -1.020505948845899269e+02
-1.151999999999999886e+02 -1.026365307051133016e+02
-1.147199999999999989e+02 -1.033237751440650527e+02
-1.142399999999999949e+02 -1.033581357303612123e+02
-1.137599999999999909e+02 -1.031400442992811719e+02
-1.132800000000000011e+02 -1.028905940462774424e+02
-1.127999999999999972e+02 -1.023370352916547574e+02
-1.123199999999999932e+02 -1.016687283816345087e+02
-1.118399999999999892e+02 -1.006933231575335128e+02
-1.113599999999999994e+02 -9.988653449024178599e+01
-1.108799999999999955e+02 -9.949739345869394924e+01
-1.103999999999999915e+02 -9.904331505610967668e+01
-1.099200000000000017e+02 -9.840717377697612278e+01
-1.094399999999999977e+02 -9.747070283733300755e+01
-1.089599999999999937e+02 -9.635189566697374630e+01
-1.084799999999999898e+02 -9.535237434371011034e+01
-1.080000000000000000e+02 -9.405185159288527075e+01
-1.075199999999999960e+02 -9.321170326133324124e+01
-1.070399999999999920e+02 -9.266708485922151795e+01
-1.065600000000000023e+02 -9.168180282904189937e+01
-1.060799999999999983e+02 -9.104846735139145153e+01
-1.055999999999999943e+02 -9.038487858667161845e+01
-1.051199999999999903e+02 -8.956845091069921239e+01
-1.046400000000000006e+02 -8.874373545568201394e+01
-1.041599999999999966e+02 -8.836736221692103754e+01
-1.036799999999999926e+02 -8.804945644221143652e+01
-1.032000000000000028e+02 -8.759347403392176545e+01
-1.027199999999999989e+02 -8.723338850367986197e+01
-1.022399999999999949e+02 -8.708464151213493665e+01
-1.017599999999999909e+02 -8.681535594680968870e+01
-1.012800000000000011e+02 -8.675336303682075823e+01
-1.007999999999999972e+02 -8.671388888460917599e+01
-1.003199999999999932e+02 -8.655218810859253153e+01
-9.984000000000000341e+01 -8.641340008612280599e+01
-9.935999999999999943e+01 -8.623955906728461684e+01
-9.887999999999999545e+01 -8.629776208932726433e+01
-9.839999999999999147e+01 -8.633623844503473777e+01
-9.792000000000000171e+01 -8.614472236307395292e+01
-9.743999999999999773e+01 -8.629870419133651183e+01
-9.695999999999999375e+01 -8.621888648185424131e+01
-9.647999999999998977e+01 -8.608246155730876126e+01
-9.600000000000000000e+01 -8.619211312191330876e+01
-9.551999999999999602e+01 -8.629147244410970075e+01
-9.503999999999999204e+01 -8.589935855609697057e+01
-9.456000000000000227e+01 -8.561233069124580197e+01
-9.407999999999999829e+01 -8.572743500091658575e+01
-9.359999999999999432e+01 -8.579442579104832589e+01
-9.311999999999999034e+01 -8.562234571596917476e+01
-9.264000000000000057e+01 -8.549268442506206611e+01
-9.215999999999999659e+01 -8.548261779217754963e+01
-9.167999999999999261e+01 -8.542030485779781657e+01
-9.120000000000000284e+01 -8.534087876851222632e+01
-9.071999999999999886e+01 -8.536038593677999131e+01
-9.023999999999999488e+01 -8.552532663960911918e+01
-8.975999999999999091e+01 -8.552138619768798833e+01
-8.928000000000000114e+01 -8.521459602032315672e+01
-8.879999999999999716e+01 -8.497949888437392474e+01
-8.831999999999999318e+01 -8.495795595670881539e+01
-8.784000000000000341e+01 -8.486043720141411484e+01
-8.735999999999999943e+01 -8.472231729796119737e+01
-8.687999999999999545e+01 -8.476670911186960211e+01
-8.639999999999999147e+01 -8.470181312785300065e+01
-8.592000000000000171e+01 -8.493543341441836958e+01
-8.543999999999999773e+01 -8.497634382377162865e+01
-8.495999999999999375e+01 -8.457460999130989876e+01
-8.447999999999998977e+01 -8.449919422654116374e+01
-8.400000000000000000e+01 -8.449130889606217920e+01
-8.351999999999999602e+01 -8.462176681126990729e+01
-8.303999999999999204e+01 -8.452415378171438931e+01
-8.256000000000000227e+01 -8.440374323168697401e+01
-8.207999999999999829e+01 -8.421786056800567621e+01
-8.159999999999999432e+01 -8.405989619288588699e+01
-8.111999999999999034e+01 -8.405520767628617307e+01
-8.064000000000000057e+01 -8.407267063181689082e+01
-8.015999999999999659e+01 -8.405474745355049038e+01
-7.967999999999999261e+01 -8.389842510056482183e+01
-7.920000000000000284e+01 -8.406399408838693432e+01
-7.871999999999999886e+01 -8.368121205013264330e+01
-7.823999999999999488e+01 -8.353923362146302622e+01
-7.775999999999999091e+01 -8.363879099298031861e+01
-7.728000000000000114e+01 -8.348001400080072187e+01
-7.679999999999999716e+01 -8.339894025626713869e+01
-7.631999999999999318e+01 -8.327306286768960319e+01
-7.584000000000000341e+01 -8.332286811538629934e+01
-7.535999999999999943e+01 -8.344802036419119418e+01
-7.487999999999999545e+01 -8.335580154979892598e+01
-7.439999999999999147e+01 -8.314233615806655564e+01
-7.392000000000000171e+01 -8.300276261427319469e+01
-7.343999999999999773e+01 -8.308275075320908343e+01
-7.295999999999999375e+01 -8.286540977920209627e+01
-7.248000000000000398e+01 -8.298412989280022600e+01
-7.200000000000000000e+01 -8.284127268480386874e+01
-7.151999999999999602e+01 -8.273355073175537200e+01
-7.103999999999999204e+01 -8.263204072500812458e+01
-7.056000000000000227e+01 -8.247063560800910409e+01
-7.007999999999999829e+01 -8.270569360979315832e+01
-6.959999999999999432e+01 -8.278321657976533743e+01
-6.912000000000000455e+01 -8.254348719051438366e+01
-6.864000000000000057e+01 -8.225198806415616559e+01
-6.815999999999999659e+01 -8.203566075080968290e+01
-6.767999999999999261e+01 -8.220990601912815521e+01
-6.720000000000000284e+01 -8.227166234189581928e+01
-6.671999999999999886e+01 -8.233146692001410827e+01
-6.623999999999999488e+01 -8.229374592088817053e+01
-6.575999999999999091e+01 -8.207373944810959188e+01
-6.528000000000000114e+01 -8.190472468576416532e+01
-6.479999999999999716e+01 -8.178175024125781079e+01
-6.431999999999999318e+01 -8.178758169306506431e+01
-6.383999999999999631e+01 -8.167757160608428535e+01
-6.335999999999999943e+01 -8.154594063746080224e+01
-6.287999999999999545e+01 -8.147399610744659526e+01
-6.239999999999999858e+01 -8.149839519600192261e+01
-6.191999999999999460e+01 -8.141182944905574459e+01
-6.143999999999999773e+01 -8.140470504141745778e+01
-6.096000000000000085e+01 -8.136769729994327349e+01
-6.047999999999999687e+01 -8.134482912465657023e+01
-6.000000000000000000e+01 -8.089109017033699445e+01
-5.951999999999999602e+01 -8.090293168916880973e+01
-5.903999999999999915e+01 -8.142309763193354399e+01
-5.855999999999999517e+01 -8.095381530776769807e+01
-5.807999999999999829e+01 -8.054649980936213183e+01
-5.759999999999999432e+01 -8.077914764376143353e+01
-5.711999999999999744e+01 -8.068688566407281826e+01
-5.664000000000000057e+01 -8.032241124470958482e+01
-5.615999999999999659e+01 -8.023295737188479393e+01
-5.567999999999999972e+01 -8.033065389600481865e+01
-5.519999999999999574e+01 -8.035530798397203966e+01
-5.471999999999999886e+01 -8.028759212401078571e+01
-5.423999999999999488e+01 -8.015207393080373777e+01
-5.375999999999999801e+01 -7.987608648780727094e+01
-5.328000000000000114e+01 -7.956288916027165214e+01
-5.279999999999999716e+01 -7.954790065678979261e+01
-5.232000000000000028e+01 -7.988022795918749352e+01
-5.183999999999999631e+01 -8.000613693758549516e+01
-5.135999999999999943e+01 -7.988437058448872108e+01
-5.087999999999999545e+01 -7.960281378894561044e+01
-5.039999999999999858e+01 -7.918174489054396759e+01
-4.992000000000000171e+01 -7.928152638601818580e+01
-4.943999999999999773e+01 -7.923811426882220132e+01
-4.896000000000000085e+01 -7.910908551439885628e+01
-4.847999999999999687e+01 -7.885043457385860677e+01
-4.800000000000000000e+01 -7.879253976352480038e+01
-4.751999999999999602e+01 -7.898187510204709838e+01
-4.703999999999999915e+01 -7.880212787023990018e+01
-4.655999999999999517e+01 -7.884279554646983001e+01
-4.607999999999999829e+01 -7.859967811676942517e+01
-4.560000000000000142e+01 -7.850523781554147718e+01
-4.511999999999999744e+01 -7.875533244955293810e+01
-4.464000000000000057e+01 -7.867368709022279916e+01
-4.415999999999999659e+01 -7.848141323087914145e+01
-4.367999999999999972e+01 -7.852076397880355785e+01
-4.319999999999999574e+01 -7.831316985662748209e+01
-4.271999999999999886e+01 -7.807020432554789124e+01
-4.223999999999999488e+01 -7.812684437533518178e+01
-4.175999999999999801e+01 -7.793905713828048931e+01
-4.128000000000000114e+01 -7.753490809593122890e+01
-4.079999999999999716e+01 -7.743621964163021687e+01
-4.032000000000000028e+01 -7.739420197077835439e+01
-3.983999999999999631e+01 -7.722256134564364061e+01
-3.935999999999999943e+01 -7.701834435912390120e+01
-3.887999999999999545e+01 -7.664065693966460913e+01
-3.839999999999999858e+01 -7.672383098464439399e+01
-3.792000000000000171e+01 -7.690130683731351269e+01
-3.743999999999999773e+01 -7.649172801914887998e+01
-3.696000000000000085e+01 -7.615783942134881102e+01
-3.647999999999999687e+01 -7.621036389985330572e+01
-3.600000000000000000e+01 -7.630186495285417436e+01
-3.551999999999999602e+01 -7.613115968757163898e+01
-3.503999999999999915e+01 -7.576225990607531457e+01
-3.456000000000000227e+01 -7.574598906542937016e+01
-3.407999999999999829e+01 -7.578336349491496549e+01
-3.360000000000000142e+01 -7.552775299817011501e+01
-3.311999999999999744e+01 -7.507533781482563029e+01
-3.264000000000000057e+01 -7.459172734145202810e+01
-3.215999999999999659e+01 -7.410671076076086194e+01
-3.167999999999999972e+01 -7.370839382255508099e+01
-3.119999999999999929e+01 -7.325198184641837429e+01
-3.071999999999999886e+01 -7.303609590998205192e+01
-3.023999999999999844e+01 -7.268513444559424386e+01
-2.975999999999999801e+01 -7.249884551509579467e+01
-2.927999999999999758e+01 -7.219460752782623558e+01
-2.879999999999999716e+01 -7.205531199087700145e+01
-2.832000000000000028e+01 -7.186651389851743943e+01
-2.783999999999999986e+01 -7.161535970912593996e+01
-2.735999999999999943e+01 -7.102236716975248498e+01
-2.687999999999999901e+01 -7.033616090530492215e+01
-2.639999999999999858e+01 -6.964417372692635411e+01
-2.591999999999999815e+01 -6.881742764064367179e+01
-2.543999999999999773e+01 -6.823975821674333986e+01
-2.496000000000000085e+01 -6.768157318566331071e+01
-2.448000000000000043e+01 -6.709736405287399919e+01
-2.400000000000000000e+01 -6.650550912425488548e+01
-2.351999999999999957e+01 -6.590449484525366586e+01
-2.303999999999999915e+01 -6.520641442839986723e+01
-2.255999999999999872e+01 -6.455796440306116324e+01
-2.207999999999999829e+01 -6.397799693076958505e+01
-2.159999999999999787e+01 -6.338328010903158827e+01
-2.111999999999999744e+01 -6.239179681780192510e+01
-2.064000000000000057e+01 -6.193358066785386740e+01
-2.016000000000000014e+01 -6.163435367654265917e+01
-1.967999999999999972e+01 -6.158636868550913590e+01
-1.919999999999999929e+01 -6.199362790609000484e+01
-1.871999999999999886e+01 -6.233370732254746827e+01
-1.823999999999999844e+01 -6.265186014083682409e+01
-1.775999999999999801e+01 -6.262682632205901001e+01
-1.728000000000000114e+01 -6.248129344771548688e+01
-1.680000000000000071e+01 -6.222405146715571789e+01
-1.632000000000000028e+01 -6.181057621086647202e+01
-1.583999999999999986e+01 -6.098930140873974892e+01
-1.535999999999999943e+01 -6.010203369504910142e+01
-1.487999999999999901e+01 -5.901296496069051756e+01
-1.439999999999999858e+01 -5.797061311111925619e+01
-1.391999999999999993e+01 -5.726001015091947011e+01
-1.343999999999999950e+01 -5.720694296575310744e+01
-1.295999999999999908e+01 -5.733085251819409223e+01
-1.248000000000000043e+01 -5.808370921346585902e+01
-1.200000000000000000e+01 -5.940813466013295141e+01
-1.151999999999999957e+01 -6.044780789072979843e+01
-1.103999999999999915e+01 -5.983949099289969809e+01
-1.055999999999999872e+01 -5.228616888616617331e+01
-1.008000000000000007e+01 -3.540443897007433804e+01
-9.599999999999999645e+00 -2.704959304634335737e+01
-9.119999999999999218e+00 -2.436473928339047035e+01
-8.640000000000000568e+00 -2.406354726885695072e+01
-8.160000000000000142e+00 -2.397627825407749569e+01
-7.679999999999999716e+00 -2.374274902607373861e+01
-7.199999999999999289e+00 -2.361425800249789830e+01
-6.719999999999999751e+00 -2.377279200149198601e+01
-6.240000000000000213e+00 -2.373333115912067370e+01
-5.759999999999999787e+00 -2.358513393945486314e+01
-5.279999999999999361e+00 -2.362589872745775210e+01
-4.799999999999999822e+00 -2.363826230294808894e+01
-4.320000000000000284e+00 -2.384130348941793542e+01
-3.839999999999999858e+00 -2.395353569360911195e+01
-3.359999999999999876e+00 -2.396312694291440692e+01
-2.879999999999999893e+00 -2.396507278544248010e+01
-2.399999999999999911e+00 -2.384731661720235252e+01
-1.919999999999999929e+00 -2.387792386961871216e+01
-1.439999999999999947e+00 -2.382804293188348410e+01
-9.599999999999999645e-01 -2.374409658290349867e+01
-4.799999999999999822e-01 -2.384271835675261997e+01
0.000000000000000000e+00 -2.388142692378409038e+01
4.799999999999999822e-01 -2.365688705434366312e+01
9.599999999999999645e-01 -2.329048007105336993e+01
1.439999999999999947e+00 -2.366221738700139099e+01
1.919999999999999929e+00 -2.403907993476703453e+01
2.399999999999999911e+00 -2.381610968491223090e+01
2.879999999999999893e+00 -2.364397407611779656e+01
3.359999999999999876e+00 -2.348233377354394236e+01
3.839999999999999858e+00 -2.371596387334882294e+01
4.320000000000000284e+00 -2.400339304771144100e+01
4.799999999999999822e+00 -2.391920740584204808e+01
5.279999999999999361e+00 -2.377748757582946482e+01
5.759999999999999787e+00 -2.376180105798119513e+01
6.240000000000000213e+00 -2.384095113703759594e+01
6.719999999999999751e+00 -2.377921155500208883e+01
7.199999999999999289e+00 -2.366662261592869498e+01
7.679999999999999716e+00 -2.389241394631365267e+01
8.160000000000000142e+00 -2.390204085486253049e+01
8.640000000000000568e+00 -2.389912465531407904e+01
9.119999999999999218e+00 -2.430946652867848812e+01
9.599999999999999645e+00 -2.706914488420476061e+01
1.008000000000000007e+01 -3.555329234375867742e+01
1.055999999999999872e+01 -5.260631886091410792e+01
1.103999999999999915e+01 -5.987324039227704020e+01
1.151999999999999957e+01 -5.979603128778477839e+01
1.200000000000000000e+01 -5.835505636103611948e+01
1.248000000000000043e+01 -5.717682797040644971e+01
1.295999999999999908e+01 -5.633202490543352781e+01
1.343999999999999950e+01 -5.610047066263590665e+01
1.391999999999999993e+01 -5.643252222371263827e+01
1.439999999999999858e+01 -5.730925096626638293e+01
1.487999999999999901e+01 -5.851611882498824002e+01
1.535999999999999943e+01 -5.938808016396574629e+01
1.583999999999999986e+01 -6.024052128036768750e+01
1.632000000000000028e+01 -6.101829743104670456e+01
1.680000000000000071e+01 -6.173773278905279227e+01
1.728000000000000114e+01 -6.201563739435140121e+01
1.775999999999999801e+01 -6.216059964687336503e+01
1.823999999999999844e+01 -6.189176379639527426e+01
1.871999999999999886e+01 -6.151544810758038295e+01
1.919999999999999929e+01 -6.111059806196414712e+01
1.967999999999999972e+01 -6.094630208275268757e+01
2.016000000000000014e+01 -6.103183864494866384e+01
2.064000000000000057e+01 -6.133473232178563705e+01
2.111999999999999744e+01 -6.182839933078766137e+01
2.159999999999999787e+01 -6.208694595452154630e+01
2.207999999999999829e+01 -6.254687980780666123e+01
2.255999999999999872e+01 -6.348730805232405316e+01
2.303999999999999915e+01 -6.413551010421267051e+01
2.351999999999999957e+01 -6.497297190390072785e+01
2.400000000000000000e+01 -6.560003458664898801e+01
2.448000000000000043e+01 -6.620186683576494602e+01
2.496000000000000085e+01 -6.675307578739892733e+01
2.543999999999999773e+01 -6.750235650531961085e+01
2.591999999999999815e+01 -6.823136316626609243e+01
2.639999999999999858e+01 -6.888841981944578663e+01
2.687999999999999901e+01 -6.948491412958800595e+01
2.735999999999999943e+01 -6.988006962373285091e+01
2.783999999999999986e+01 -7.039043878619494876e+01
2.832000000000000028e+01 -7.058603710901007844e+01
2.879999999999999716e+01 -7.052203475284262879e+01
2.927999999999999758e+01 -7.048248930392590239e+01
2.975999999999999801e+01 -7.076575175957498232e+01
3.023999999999999844e+01 -7.137666739876247846e+01
3.071999999999999886e+01 -7.186721462481200717e+01
3.119999999999999929e+01 -7.251850276186874567e+01
3.167999999999999972e+01 -7.286710488472542124e+01
3.215999999999999659e+01 -7.322547095139266560e+01
3.264000000000000057e+01 -7.384148985370337925e+01
3.311999999999999744e+01 -7.419448708086136435e+01
3.360000000000000142e+01 -7.442920207685185119e+01
3.407999999999999829e+01 -7.510177737683281407e+01
3.456000000000000227e+01 -7.554488774837464860e+01
3.503999999999999915e+01 -7.543190254349450186e+01
3.551999999999999602e+01 -7.540959488100590136e+01
3.600000000000000000e+01 -7.565032111328471842e+01
3.647999999999999687e+01 -7.579862388494214542e+01
3.696000000000000085e+01 -7.591572548939014098e+01
3.743999999999999773e+01 -7.590362217088333807e+01
3.792000000000000171e+01 -7.610353201525929023e+01
3.839999999999999858e+01 -7.627481851233281418e+01
3.887999999999999545e+01 -7.684148387225801002e+01
3.935999999999999943e+01 -7.722018658669840363e+01
3.983999999999999631e+01 -7.731661348062030470e+01
4.032000000000000028e+01 -7.753146838425735154e+01
4.079999999999999716e+01 -7.821414917201617811e+01
4.128000000000000114e+01 -7.854177361608607555e+01
4.175999999999999801e+01 -7.845314422603019011e+01
4.223999999999999488e+01 -7.863119768001622845e+01
4.271999999999999886e+01 -7.918878147821588698e+01
4.319999999999999574e+01 -7.907122499763002565e+01
4.367999999999999972e+01 -7.905581695533174980e+01
4.415999999999999659e+01 -7.914513765534957201e+01
4.464000000000000057e+01 -7.962339559534298417e+01
4.511999999999999744e+01 -7.990452765257782630e+01
4.560000000000000142e+01 -7.974711474045449222e+01
4.607999999999999829e+01 -7.977852330010365733e+01
4.655999999999999517e+01 -7.971371653749783093e+01
4.703999999999999915e+01 -7.986536139093790609e+01
4.751999999999999602e+01 -8.007500508341669843e+01
4.800000000000000000e+01 -8.015662540812726888e+01
4.847999999999999687e+01 -8.027253351202489284e+01
4.896000000000000085e+01 -8.029340349931015908e+01
4.943999999999999773e+01 -8.045405738263019657e+01
4.992000000000000171e+01 -8.057738731020604916e+01
5.039999999999999858e+01 -8.040973265704499795e+01
5.087999999999999545e+01 -8.035666163386585481e+01
5.135999999999999943e+01 -8.026102273276484311e+01
5.183999999999999631e+01 -8.051767775553811646e+01
5.232000000000000028e+01 -8.075042389118344488e+01
5.279999999999999716e+01 -8.066788309577823668e+01
5.328000000000000114e+01 -8.079792556190110986e+01
5.375999999999999801e+01 -8.083621736920079570e+01
5.423999999999999488e+01 -8.093722309582267371e+01
5.471999999999999886e+01 -8.141555968071659777e+01
5.519999999999999574e+01 -8.143601575879024779e+01
5.567999999999999972e+01 -8.129947744184522662e+01
5.615999999999999659e+01 -8.139641352579174338e+01
5.664000000000000057e+01 -8.152886308477805244e+01
5.711999999999999744e+01 -8.198014024594995419e+01
5.759999999999999432e+01 -8.221726284764967829e+01
5.807999999999999829e+01 -8.217722719657466257e+01
5.855999999999999517e+01 -8.226103790745614219e+01
5.903999999999999915e+01 -8.211158011773321164e+01
5.951999999999999602e+01 -8.200784043180546234e+01
6.000000000000000000e+01 -8.201042285573670654e+01
6.047999999999999687e+01 -8.192731715956085736e+01
6.096000000000000085e+01 -8.213057630032835732e+01
6.143999999999999773e+01 -8.245299398569230220e+01
6.191999999999999460e+01 -8.236672065358354189e+01
6.239999999999999858e+01 -8.234867316956314198e+01
6.287999999999999545e+01 -8.244869856836137956e+01
6.335999999999999943e+01 -8.250167336107543292e+01
6.383999999999999631e+01 -8.263001687110372018e+01
6.431999999999999318e+01 -8.251553334633483416e+01
6.479999999999999716e+01 -8.240966390929672514e+01
6.528000000000000114e+01 -8.293635152419291501e+01
6.575999999999999091e+01 -8.333325533385684025e+01
6.623999999999999488e+01 -8.304136266785383214e+01
6.671999999999999886e+01 -8.314561751678763812e+01
6.720000000000000284e+01 -8.327849206002548499e+01
6.767999999999999261e+01 -8.322483854002712178e+01
6.815999999999999659e+01 -8.323240651307420990e+01
6.864000000000000057e+01 -8.326312387154064254e+01
6.912000000000000455e+01 -8.319441793891185455e+01
6.959999999999999432e+01 -8.337084963893383360e+01
7.007999999999999829e+01 -8.375935188061055214e+01
7.056000000000000227e+01 -8.372301229364794040e+01
7.103999999999999204e+01 -8.374551006021158628e+01
7.151999999999999602e+01 -8.378765917608771474e+01
7.200000000000000000e+01 -8.396573531425566728e+01
7.248000000000000398e+01 -8.387973248763825040e+01
7.295999999999999375e+01 -8.389608974270754516e+01
7.343999999999999773e+01 -8.401940218915434855e+01
7.392000000000000171e+01 -8.418517609855990713e+01
7.439999999999999147e+01 -8.453338468798784788e+01
7.487999999999999545e+01 -8.445922931397976186e+01
7.535999999999999943e+01 -8.459440491557593589e+01
7.584000000000000341e+01 -8.476254212749944372e+01
7.631999999999999318e+01 -8.452612829904582270e+01
7.679999999999999716e+01 -8.479313256240928354e+01
7.728000000000000114e+01 -8.477105459153206368e+01
7.775999999999999091e+01 -8.455287298015028341e+01
7.823999999999999488e+01 -8.496077965144087329e+01
7.871999999999999886e+01 -8.509806578283246381e+01
7.920000000000000284e+01 -8.501309724250744182e+01
7.967999999999999261e+01 -8.503136831738027013e+01
8.015999999999999659e+01 -8.520990776100413200e+01
8.064000000000000057e+01 -8.542177636941011087e+01
8.111999999999999034e+01 -8.556423857408498179e+01
8.159999999999999432e+01 -8.568019006762696677e+01
8.207999999999999829e+01 -8.560371635635280541e+01
8.256000000000000227e+01 -8.537889317748087592e+01
8.303999999999999204e+01 -8.571203391363786750e+01
8.351999999999999602e+01 -8.539374197511736497e+01
8.400000000000000000e+01 -8.542885075934495376e+01
8.447999999999998977e+01 -8.574647804821790942e+01
8.495999999999999375e+01 -8.584946109666051939e+01
8.543999999999999773e+01 -8.584961282527841320e+01
8.592000000000000171e+01 -8.611287916087317740e+01
8.639999999999999147e+01 -8.629174213491866396e+01
8.687999999999999545e+01 -8.629892584393451216e+01
8.735999999999999943e+01 -8.603774470839171329e+01
8.784000000000000341e+01 -8.577482665198084533e+01
8.831999999999999318e+01 -8.608651751415889919e+01
8.879999999999999716e+01 -8.616414933495761375e+01
8.928000000000000114e+01 -8.599408814732444739e+01
8.975999999999999091e+01 -8.607046513616683114e+01
9.023999999999999488e+01 -8.626350760365670567e+01
9.071999999999999886e+01 -8.620053398174469805e+01
9.120000000000000284e+01 -8.616570624148079105e+01
9.167999999999999261e+01 -8.631916200949972051e+01
9.215999999999999659e+01 -8.666712531790503249e+01
9.264000000000000057e+01 -8.663168638950887157e+01
9.311999999999999034e+01 -8.659177099733176419e+01
9.359999999999999432e+01 -8.652235457722993317e+01
9.407999999999999829e+01 -8.652443233365494279e+01
9.456000000000000227e+01 -8.689391967725249799e+01
9.503999999999999204e+01 -8.720741812428775575e+01
9.551999999999999602e+01 -8.702299037377798641e+01
9.600000000000000000e+01 -8.688725580031187690e+01
9.647999999999998977e+01 -8.695410117180374243e+01
9.695999999999999375e+01 -8.698852589744605268e+01
9.743999999999999773e+01 -8.685841959383316180e+01
9.792000000000000171e+01 -8.660488732182278682e+01
9.839999999999999147e+01 -8.669927580337223105e+01
9.887999999999999545e+01 -8.695781041574559822e+01
9.935999999999999943e+01 -8.711754556009512385e+01
9.984000000000000341e+01 -8.694469177547168215e+01
1.003199999999999932e+02 -8.678392219582548250e+01
1.007999999999999972e+02 -8.703349372659870653e+01
1.012800000000000011e+02 -8.730174919383868826e+01
1.017599999999999909e+02 -8.738006460076474013e+01
1.022399999999999949e+02 -8.753074704572426867e+01
1.027199999999999989e+02 -8.794559418225074410e+01
1.032000000000000028e+02 -8.830173830366061338e+01
1.036799999999999926e+02 -8.884817620989629461e+01
1.041599999999999966e+02 -8.939634551589408318e+01
1.046400000000000006e+02 -8.979564265526272493e+01
1.051199999999999903e+02 -9.025893468606562919e+01
1.055999999999999943e+02 -9.050073690238821200e+01
1.060799999999999983e+02 -9.039676061793562667e+01
1.065600000000000023e+02 -9.155501568156537928e+01
1.070399999999999920e+02 -9.267648243553125553e+01
1.075199999999999960e+02 -9.365997649132535230e+01
1.080000000000000000e+02 -9.454613070346354675e+01
1.084799999999999898e+02 -9.539492138226032125e+01
1.089599999999999937e+02 -9.642190112042709416e+01
1.094399999999999977e+02 -9.766129691277377844e+01
1.099200000000000017e+02 -9.888543640801017887e+01
1.103999999999999915e+02 -9.973638938008208754e+01
1.108799999999999955e+02 -1.004965217113493736e+02
1.113599999999999994e+02 -1.010513019076591945e+02
1.118399999999999892e+02 -1.018384719715987785e+02
1.123199999999999932e+02 -1.026369202988137204e+02
1.127999999999999972e+02 -1.027335333039677323e+02
1.132800000000000011e+02 -1.028299067134712885e+02
1.137599999999999909e+02 -1.034454265817395111e+02
1.142399999999999949e+02 -1.036554912371869364e+02
1.147199999999999989e+02 -1.034428294345521948e+02
1.151999999999999886e+02 -1.033761145044903174e+02
1.156799999999999926e+02 -1.034624049444130094e+02
1.161599999999999966e+02 -1.034185839441558414e+02
1.166400000000000006e+02 -1.030850533647523832e+02
1.171199999999999903e+02 -1.028577587072664414e+02
1.175999999999999943e+02 -1.025261883236473324e+02
1.180799999999999983e+02 -1.019996962881569686e+02
1.185600000000000023e+02 -1.018808122377667758e+02
1.190399999999999920e+02 -1.018482938743335495e+02
1.195199999999999960e+02 -1.019298848470714631e+02
1.200000000000000000e+02 -1.024596278994595480e+02
1.204799999999999898e+02 -1.027039132923174236e+02
1.209599999999999937e+02 -1.027971256608382902e+02
1.214399999999999977e+02 -1.030406062315027498e+02
1.219200000000000017e+02 -1.028176354934950893e+02
1.223999999999999915e+02 -1.018955743130180878e+02
