-1.228799999999999892e-01 -7.672388301957485623e+01
-1.223999999999999949e-01 -7.759168080010186941e+01
-1.219199999999999867e-01 -7.809241304633546576e+01
-1.214399999999999924e-01 -7.820019680008827834e+01
-1.209599999999999842e-01 -7.827254054721238674e+01
-1.204799999999999899e-01 -7.838041576083020345e+01
-1.199999999999999956e-01 -7.867060044907630356e+01
-1.195199999999999874e-01 -7.901141518641802008e+01
-1.190399999999999930e-01 -7.901485608686233775e+01
-1.185599999999999848e-01 -7.911489254582635056e+01
-1.180799999999999905e-01 -7.901940141612685409e+01
-1.175999999999999962e-01 -7.871539795414686580e+01
-1.171199999999999880e-01 -7.829491111014525018e+01
-1.166399999999999937e-01 -7.794286697380704254e+01
-1.161599999999999855e-01 -7.775524780849127637e+01
-1.156799999999999912e-01 -7.773219267830609169e+01
-1.151999999999999968e-01 -7.782282460601241780e+01
-1.147199999999999886e-01 -7.786979311994535635e+01
-1.142399999999999943e-01 -7.786748957377642455e+01
-1.137599999999999861e-01 -7.810675523913832308e+01
-1.132799999999999918e-01 -7.851870581348660494e+01
-1.127999999999999836e-01 -7.838236313449276338e+01
-1.123199999999999893e-01 -7.813012499880494488e+01
-1.118399999999999950e-01 -7.756948497441358370e+01
-1.113599999999999868e-01 -7.705279424559320489e+01
-1.108799999999999925e-01 -7.628247034745110966e+01
-1.103999999999999843e-01 -7.528654107043030308e+01
-1.099199999999999899e-01 -7.413596508281189301e+01
-1.094399999999999956e-01 -7.306666351165760886e+01
-1.089599999999999874e-01 -7.203699806860500132e+01
-1.084799999999999931e-01 -7.103967363217694242e+01
-1.079999999999999849e-01 -7.010460896393622932e+01
-1.075199999999999906e-01 -6.936377392656825691e+01
-1.070399999999999963e-01 -6.852822468839156045e+01
-1.065599999999999881e-01 -6.772022138979386341e+01
-1.060799999999999937e-01 -6.721200788829887074e+01
-1.055999999999999855e-01 -6.700892037706753968e+01
-1.051199999999999912e-01 -6.649207260678771547e+01
-1.046399999999999969e-01 -6.556185253520561673e+01
-1.041599999999999887e-01 -6.511300078542528524e+01
-1.036799999999999944e-01 -6.457461798760500926e+01
-1.031999999999999862e-01 -6.421719283617055396e+01
-1.027199999999999919e-01 -6.380999984446632567e+01
-1.022399999999999975e-01 -6.359158503477445379e+01
-1.017599999999999894e-01 -6.329668052799924283e+01
-1.012799999999999950e-01 -6.349757941271542450e+01
-1.007999999999999868e-01 -6.341095821006062749e+01
-1.003199999999999925e-01 -6.322602801421371055e+01
-9.983999999999998431e-02 -6.302303839370872396e+01
-9.935999999999998999e-02 -6.302572155675734678e+01
-9.887999999999999567e-02 -6.310212540090795130e+01
-9.839999999999998748e-02 -6.299395379728701272e+01
-9.791999999999999316e-02 -6.276977993574459447e+01
-9.743999999999998496e-02 -6.270590631679708338e+01
-9.695999999999999064e-02 -6.268585047216347306e+01
-9.647999999999999632e-02 -6.256433960610011269e+01
-9.599999999999998812e-02 -6.258859573469764825e+01
-9.551999999999999380e-02 -6.233353295338615396e+01
-9.503999999999998560e-02 -6.228950516364048440e+01
-9.455999999999999128e-02 -6.247722322894385627e+01
-9.407999999999999696e-02 -6.243153403821516179e+01
-9.359999999999998876e-02 -6.230963531670180799e+01
-9.311999999999999444e-02 -6.230519330171204473e+01
-9.263999999999998625e-02 -6.241000150435339577e+01
-9.215999999999999193e-02 -6.276669016062047035e+01
-9.167999999999999761e-02 -6.269263471101345431e+01
-9.119999999999998941e-02 -6.236929275542834006e+01
-9.071999999999999509e-02 -6.244040849194148990e+01
-9.023999999999998689e-02 -6.239405158443746302e+01
-8.975999999999999257e-02 -6.202488062395494239e+01
-8.927999999999999825e-02 -6.185577687820641302e+01
-8.879999999999999005e-02 -6.174420337656231084e+01
-8.831999999999999573e-02 -6.191940845722704978e+01
-8.783999999999998753e-02 -6.219388488031060547e+01
-8.735999999999999321e-02 -6.204830741674431493e+01
-8.687999999999999889e-02 -6.196391887715870439e+01
-8.639999999999999070e-02 -6.192817762744052601e+01
-8.591999999999999638e-02 -6.188237852054270860e+01
-8.543999999999998818e-02 -6.151707360316405016e+01
-8.495999999999999386e-02 -6.139252795199869439e+01
-8.447999999999999954e-02 -6.140803461254007800e+01
-8.399999999999999134e-02 -6.127851310772637561e+01
-8.351999999999999702e-02 -6.117751586808675768e+01
-8.303999999999998882e-02 -6.109425908041849596e+01
-8.255999999999999450e-02 -6.116477044504592442e+01
-8.207999999999998630e-02 -6.109184565214712137e+01
-8.159999999999999198e-02 -6.099205363641905819e+01
-8.111999999999999766e-02 -6.111761592394699960e+01
-8.063999999999998947e-02 -6.118955553592506647e+01
-8.015999999999999515e-02 -6.113976531362603595e+01
-7.967999999999998695e-02 -6.096129765624263541e+01
-7.919999999999999263e-02 -6.071267518612329894e+01
-7.871999999999999831e-02 -6.084311779723211799e+01
-7.823999999999999011e-02 -6.095846040979176195e+01
-7.775999999999999579e-02 -6.120303473195075838e+01
-7.727999999999998759e-02 -6.108278248802626820e+01
-7.679999999999999327e-02 -6.087286717466557917e+01
-7.631999999999999895e-02 -6.072660205897993535e+01
-7.583999999999999075e-02 -6.072293917563874999e+01
-7.535999999999999643e-02 -6.071853724552206444e+01
-7.487999999999998824e-02 -6.079303116347581692e+01
-7.439999999999999392e-02 -6.073118316050769749e+01
-7.391999999999999960e-02 -6.063737765683241321e+01
-7.343999999999999140e-02 -6.030170631115660740e+01
-7.295999999999999708e-02 -6.025437289787002726e+01
-7.247999999999998888e-02 -6.061766626960902471e+01
-7.199999999999999456e-02 -6.039417719075604651e+01
-7.152000000000000024e-02 -6.012043852030207347e+01
-7.103999999999999204e-02 -6.024789858412092514e+01
-7.055999999999999772e-02 -6.025930328619310927e+01
-7.007999999999998952e-02 -6.024405591887236255e+01
-6.959999999999999520e-02 -6.007233171878326061e+01
-6.911999999999998701e-02 -5.993336696011713371e+01
-6.863999999999999269e-02 -5.986314677216710578e+01
-6.815999999999999837e-02 -5.974669636464270184e+01
-6.767999999999999017e-02 -5.956893997785642370e+01
-6.719999999999999585e-02 -5.957057323605533128e+01
-6.671999999999998765e-02 -5.957896272083079481e+01
-6.623999999999999333e-02 -5.972635758759729896e+01
-6.575999999999999901e-02 -5.974522033367257734e+01
-6.527999999999999081e-02 -5.969152210980220730e+01
-6.479999999999999649e-02 -5.960872882047166854e+01
-6.431999999999998829e-02 -5.943085626630872298e+01
-6.383999999999999397e-02 -5.934989458286563035e+01
-6.335999999999999965e-02 -5.904946734603177561e+01
-6.287999999999999146e-02 -5.887634645596637029e+01
-6.239999999999999714e-02 -5.902111358414715170e+01
-6.191999999999999588e-02 -5.886965886720177110e+01
-6.143999999999999462e-02 -5.862188406984385836e+01
-6.095999999999999336e-02 -5.865785987253016032e+01
-6.047999999999999210e-02 -5.853600083999019432e+01
-5.999999999999999778e-02 -5.850036666996597745e+01
-5.951999999999999652e-02 -5.858279889761626436e+01
-5.903999999999999526e-02 -5.864330897522645358e+01
-5.855999999999999400e-02 -5.878216576427909246e+01
-5.807999999999999274e-02 -5.866279281615211971e+01
-5.759999999999999842e-02 -5.868705579416790385e+01
-5.711999999999999716e-02 -5.862095932658952080e+01
-5.663999999999999591e-02 -5.837273818535378211e+01
-5.615999999999999465e-02 -5.817015261609020627e+01
-5.567999999999999339e-02 -5.819841066874658964e+01
-5.519999999999999213e-02 -5.813456186936716108e+01
-5.471999999999999781e-02 -5.799055384150857151e+01
-5.423999999999999655e-02 -5.779590784173080209e+01
-5.375999999999999529e-02 -5.768708862441724250e+01
-5.327999999999999403e-02 -5.753977264611385323e+01
-5.279999999999999277e-02 -5.748163083369522752e+01
-5.231999999999999845e-02 -5.740959389212846986e+01
-5.183999999999999719e-02 -5.737991759998755725e+01
-5.135999999999999593e-02 -5.759463009718038506e+01
-5.087999999999999468e-02 -5.759670624018207263e+01
-5.039999999999999342e-02 -5.705780576969283402e+01
-4.991999999999999216e-02 -5.690910378133093417e+01
-4.943999999999999784e-02 -5.660781542967293234e+01
-4.895999999999999658e-02 -5.655028357698854080e+01
-4.847999999999999532e-02 -5.640166278209716211e+01
-4.799999999999999406e-02 -5.635638966462460075e+01
-4.751999999999999280e-02 -5.640882102678320109e+01
-4.703999999999999848e-02 -5.612071105995516973e+01
-4.655999999999999722e-02 -5.620010109387169450e+01
-4.607999999999999596e-02 -5.612509097682065118e+01
-4.559999999999999470e-02 -5.642797851112329965e+01
-4.511999999999999345e-02 -5.669066623086347079e+01
-4.463999999999999913e-02 -5.673107105293269115e+01
-4.415999999999999787e-02 -5.656676960712477609e+01
-4.367999999999999661e-02 -5.640655329165106480e+01
-4.319999999999999535e-02 -5.611697549014270692e+01
-4.271999999999999409e-02 -5.551973921498021980e+01
-4.223999999999999977e-02 -5.513494214743491284e+01
-4.175999999999999851e-02 -5.520913937131788884e+01
-4.127999999999999725e-02 -5.466540852966546993e+01
-4.079999999999999599e-02 -5.441060676931995488e+01
-4.031999999999999473e-02 -5.461434119032107048e+01
-3.983999999999999347e-02 -5.463318101447768527e+01
-3.935999999999999915e-02 -5.427807617056056699e+01
-3.887999999999999790e-02 -5.363540821855836072e+01
-3.839999999999999664e-02 -5.335851598282961561e+01
-3.791999999999999538e-02 -5.313208408552290507e+01
-3.743999999999999412e-02 -5.270010666810910038e+01
-3.695999999999999980e-02 -5.231621251347889512e+01
-3.647999999999999854e-02 -5.208866052524270884e+01
-3.599999999999999728e-02 -5.189104819129055812e+01
-3.551999999999999602e-02 -5.156311295870189326e+01
-3.503999999999999476e-02 -5.121286870619589138e+01
-3.455999999999999350e-02 -5.125950129899608498e+01
-3.407999999999999918e-02 -5.138465268060848956e+01
-3.359999999999999792e-02 -5.130939447990626689e+01
-3.311999999999999666e-02 -5.129851568111057958e+01
-3.263999999999999541e-02 -5.105662976540738640e+01
-3.215999999999999415e-02 -5.089779374500172082e+01
-3.167999999999999983e-02 -5.069922727259350381e+01
-3.119999999999999857e-02 -5.045244175998308833e+01
-3.071999999999999731e-02 -5.015201804561880294e+01
-3.023999999999999605e-02 -4.968448245619281067e+01
-2.975999999999999826e-02 -4.918147968476703369e+01
-2.927999999999999700e-02 -4.837226331227074638e+01
-2.879999999999999921e-02 -4.777844762049267047e+01
-2.831999999999999795e-02 -4.690415146683838543e+01
-2.783999999999999669e-02 -4.624686481431106699e+01
-2.735999999999999890e-02 -4.557818712782564319e+01
-2.687999999999999765e-02 -4.490502838172385935e+01
-2.639999999999999639e-02 -4.453958222250297183e+01
-2.591999999999999860e-02 -4.380560137555234945e+01
-2.543999999999999734e-02 -4.309503114819710845e+01
-2.495999999999999608e-02 -4.245670515404675882e+01
-2.447999999999999829e-02 -4.175639056532627791e+01
-2.399999999999999703e-02 -4.113962293866183018e+01
-2.351999999999999924e-02 -4.071402526125653765e+01
-2.303999999999999798e-02 -4.034169386648698463e+01
-2.255999999999999672e-02 -3.998425471799443898e+01
-2.207999999999999893e-02 -3.989181175816008107e+01
-2.159999999999999767e-02 -3.984858535030695492e+01
-2.111999999999999988e-02 -3.944968447878542861e+01
-2.063999999999999863e-02 -3.939286966502578480e+01
-2.015999999999999737e-02 -3.931143629306909304e+01
-1.967999999999999958e-02 -3.918442591408962983e+01
-1.919999999999999832e-02 -3.915282185669573778e+01
-1.871999999999999706e-02 -3.884103805408268784e+01
-1.823999999999999927e-02 -3.807606108950651702e+01
-1.775999999999999801e-02 -3.697094289431668557e+01
-1.727999999999999675e-02 -3.613856604953789997e+01
-1.679999999999999896e-02 -3.536827379733893650e+01
-1.631999999999999770e-02 -3.456281508937583169e+01
-1.583999999999999991e-02 -3.372412940682983873e+01
-1.535999999999999865e-02 -3.322969789472992375e+01
-1.487999999999999913e-02 -3.282981994934062442e+01
-1.439999999999999961e-02 -3.256693861644288290e+01
-1.391999999999999835e-02 -3.261823033246604098e+01
-1.343999999999999882e-02 -3.320704806750181604e+01
-1.295999999999999930e-02 -3.384987422573963300e+01
-1.247999999999999804e-02 -3.498776540910147048e+01
-1.199999999999999852e-02 -3.569002745454235992e+01
-1.151999999999999899e-02 -3.459049919585695676e+01
-1.103999999999999947e-02 -3.192782116128908854e+01
-1.055999999999999994e-02 -2.229395186233048065e+01
-1.007999999999999868e-02 -4.674141429513748669e+00
-9.599999999999999159e-03 3.687083193008073412e+00
-9.119999999999999635e-03 6.326171106837087166e+00
-8.639999999999998376e-03 6.567796727096009590e+00
-8.159999999999998851e-03 6.606201487227685298e+00
-7.679999999999999327e-03 6.809476299265498689e+00
-7.199999999999999803e-03 6.925821334849199040e+00
-6.719999999999999411e-03 6.778499634444510313e+00
-6.239999999999999020e-03 6.833549612129160344e+00
-5.759999999999999495e-03 7.000041549606867974e+00
-5.279999999999999971e-03 6.984147951656493269e+00
-4.799999999999999580e-03 7.004009995045877623e+00
-4.319999999999999188e-03 6.806317440927575291e+00
-3.839999999999999664e-03 6.700461569344904333e+00
-3.359999999999999706e-03 6.693155273955681217e+00
-2.879999999999999748e-03 6.675090014050885756e+00
-2.399999999999999790e-03 6.783093398810549068e+00
-1.919999999999999832e-03 6.749113416148007083e+00
-1.439999999999999874e-03 6.759968243892659601e+00
-9.599999999999999159e-04 6.816268641014916696e+00
-4.799999999999999580e-04 6.706448397091929969e+00
0.000000000000000000e+00 6.650105062760430563e+00
4.799999999999999580e-04 6.866702527968322478e+00
9.599999999999999159e-04 7.249028365119043471e+00
1.439999999999999874e-03 6.904856378575082942e+00
1.919999999999999832e-03 6.557742106110183933e+00
2.399999999999999790e-03 6.789423075892772275e+00
2.879999999999999748e-03 6.964823915788249664e+00
3.359999999999999706e-03 7.132042494088337570e+00
3.839999999999999664e-03 6.899616820982641840e+00
4.319999999999999188e-03 6.604194649935825723e+00
4.799999999999999580e-03 6.668690400866771562e+00
5.279999999999999971e-03 6.776607399610290017e+00
5.759999999999999495e-03 6.774189370692047518e+00
6.239999999999999020e-03 6.678828871912423359e+00
6.719999999999999411e-03 6.726178566597251773e+00
7.199999999999999803e-03 6.833328018279343219e+00
7.679999999999999327e-03 6.610046932071376169e+00
8.159999999999998851e-03 6.636222155538801459e+00
8.639999999999998376e-03 6.695272246703357411e+00
9.119999999999999635e-03 6.344402015983993337e+00
9.599999999999999159e-03 3.612739897918619825e+00
1.007999999999999868e-02 -4.883348552684032562e+00
1.055999999999999994e-02 -2.247090150716067214e+01
1.103999999999999947e-02 -3.153217431808099036e+01
1.151999999999999899e-02 -3.483313718977191797e+01
1.199999999999999852e-02 -3.592854128604717800e+01
1.247999999999999804e-02 -3.512991836640300392e+01
1.295999999999999930e-02 -3.384969506633597547e+01
1.343999999999999882e-02 -3.293278403278985422e+01
1.391999999999999835e-02 -3.244240511684167672e+01
1.439999999999999961e-02 -3.244307551921644972e+01
1.487999999999999913e-02 -3.274662264219197993e+01
1.535999999999999865e-02 -3.295200738113838668e+01
1.583999999999999991e-02 -3.330898061470699645e+01
1.631999999999999770e-02 -3.395866723475717919e+01
1.679999999999999896e-02 -3.479635016135149073e+01
1.727999999999999675e-02 -3.576938088353492162e+01
1.775999999999999801e-02 -3.704570778754629146e+01
1.823999999999999927e-02 -3.789215257305651363e+01
1.871999999999999706e-02 -3.851759988834081128e+01
1.919999999999999832e-02 -3.887856381325303801e+01
1.967999999999999958e-02 -3.922550464859504160e+01
2.015999999999999737e-02 -3.950013208328193315e+01
2.063999999999999863e-02 -3.971370696778403442e+01
2.111999999999999988e-02 -3.975469002643676220e+01
2.159999999999999767e-02 -3.943662989272959152e+01
2.207999999999999893e-02 -3.934335657276978537e+01
2.255999999999999672e-02 -3.968177941113507501e+01
2.303999999999999798e-02 -3.965334934997709126e+01
2.351999999999999924e-02 -4.006249768177895731e+01
2.399999999999999703e-02 -4.044940588463876452e+01
2.447999999999999829e-02 -4.098527270043924631e+01
2.495999999999999608e-02 -4.147287644644556082e+01
2.543999999999999734e-02 -4.220916812362752069e+01
2.591999999999999860e-02 -4.299994292425991205e+01
2.639999999999999639e-02 -4.364239324490146288e+01
2.687999999999999765e-02 -4.408088275790626653e+01
2.735999999999999890e-02 -4.454463255318665915e+01
2.783999999999999669e-02 -4.529254308037892685e+01
2.831999999999999795e-02 -4.614300200483278047e+01
2.879999999999999921e-02 -4.679710787763640667e+01
2.927999999999999700e-02 -4.720392790725499310e+01
2.975999999999999826e-02 -4.787803716568802059e+01
3.023999999999999605e-02 -4.871415161349385414e+01
3.071999999999999731e-02 -4.935318497308411168e+01
3.119999999999999857e-02 -4.996206258868997452e+01
3.167999999999999983e-02 -5.005923258608078896e+01
3.215999999999999415e-02 -5.010102627076838644e+01
3.263999999999999541e-02 -5.041333667992938672e+01
3.311999999999999666e-02 -5.062755979743869972e+01
3.359999999999999792e-02 -5.061462019062307149e+01
3.407999999999999918e-02 -5.103531146793986295e+01
3.455999999999999350e-02 -5.132886626168632915e+01
3.503999999999999476e-02 -5.133677684841585886e+01
3.551999999999999602e-02 -5.138150940582789161e+01
3.599999999999999728e-02 -5.157428931009043538e+01
3.647999999999999854e-02 -5.186318599733070300e+01
3.695999999999999980e-02 -5.219226605562993626e+01
3.743999999999999412e-02 -5.209359126172443410e+01
3.791999999999999538e-02 -5.235602603406817224e+01
3.839999999999999664e-02 -5.260298735027166828e+01
3.887999999999999790e-02 -5.300838323958391385e+01
3.935999999999999915e-02 -5.345187864699535396e+01
3.983999999999999347e-02 -5.367208178151302178e+01
4.031999999999999473e-02 -5.392130880592527831e+01
4.079999999999999599e-02 -5.450076294980196678e+01
4.127999999999999725e-02 -5.520927076330069383e+01
4.175999999999999851e-02 -5.555791815938477640e+01
4.223999999999999977e-02 -5.592941007504913387e+01
4.271999999999999409e-02 -5.616314442741470003e+01
4.319999999999999535e-02 -5.636895813823619505e+01
4.367999999999999661e-02 -5.648270744956463574e+01
4.415999999999999787e-02 -5.670239078493025175e+01
4.463999999999999913e-02 -5.721113842700910368e+01
4.511999999999999345e-02 -5.728974163564718936e+01
4.559999999999999470e-02 -5.719979270069505617e+01
4.607999999999999596e-02 -5.739589573397768163e+01
4.655999999999999722e-02 -5.761583207887148461e+01
4.703999999999999848e-02 -5.769749918497190322e+01
4.751999999999999280e-02 -5.776048876921002062e+01
4.799999999999999406e-02 -5.779752318007800937e+01
4.847999999999999532e-02 -5.794316390185586840e+01
4.895999999999999658e-02 -5.845362366449879232e+01
4.943999999999999784e-02 -5.863917187345756332e+01
4.991999999999999216e-02 -5.878002461749164809e+01
5.039999999999999342e-02 -5.858680866710567869e+01
5.087999999999999468e-02 -5.866388349791752432e+01
5.135999999999999593e-02 -5.897334783519679036e+01
5.183999999999999719e-02 -5.911777675900773943e+01
5.231999999999999845e-02 -5.916131962704057656e+01
5.279999999999999277e-02 -5.920742562063588110e+01
5.327999999999999403e-02 -5.931492107400150360e+01
5.375999999999999529e-02 -5.965691408376652305e+01
5.423999999999999655e-02 -5.976894954466970944e+01
5.471999999999999781e-02 -5.941315530668735079e+01
5.519999999999999213e-02 -5.939444599385168289e+01
5.567999999999999339e-02 -5.959735540213483063e+01
5.615999999999999465e-02 -5.974658924047908926e+01
5.663999999999999591e-02 -5.964013230514616737e+01
5.711999999999999716e-02 -5.960943349432464800e+01
5.759999999999999842e-02 -5.979143938177209350e+01
5.807999999999999274e-02 -5.968025563986874005e+01
5.855999999999999400e-02 -5.943361289987548446e+01
5.903999999999999526e-02 -5.938013442874363079e+01
5.951999999999999652e-02 -5.942204134255800341e+01
5.999999999999999778e-02 -5.955078476520196773e+01
6.047999999999999210e-02 -5.985325132544740967e+01
6.095999999999999336e-02 -6.002536411903898284e+01
6.143999999999999462e-02 -6.024885608398808756e+01
6.191999999999999588e-02 -6.050331311231937548e+01
6.239999999999999714e-02 -6.061362139178550024e+01
6.287999999999999146e-02 -6.078568009339758049e+01
6.335999999999999965e-02 -6.087698318435118949e+01
6.383999999999999397e-02 -6.098494924903280889e+01
6.431999999999998829e-02 -6.093875158169437611e+01
6.479999999999999649e-02 -6.100974337041247963e+01
6.527999999999999081e-02 -6.132801737026375122e+01
6.575999999999999901e-02 -6.160318049741121627e+01
6.623999999999999333e-02 -6.165536715529949419e+01
6.671999999999998765e-02 -6.155124328204329487e+01
6.719999999999999585e-02 -6.155760912954877995e+01
6.767999999999999017e-02 -6.162715738095677409e+01
6.815999999999999837e-02 -6.153891941100113172e+01
6.863999999999999269e-02 -6.138209775661626111e+01
6.911999999999998701e-02 -6.134320408184152029e+01
6.959999999999999520e-02 -6.142446951601793614e+01
7.007999999999998952e-02 -6.158305837662159377e+01
7.055999999999999772e-02 -6.173425206444402136e+01
7.103999999999999204e-02 -6.161735022505194337e+01
7.152000000000000024e-02 -6.139326174036864359e+01
7.199999999999999456e-02 -6.175033332562718158e+01
7.247999999999998888e-02 -6.176753017501505383e+01
7.295999999999999708e-02 -6.151587539119537951e+01
7.343999999999999140e-02 -6.180386255418987673e+01
7.391999999999999960e-02 -6.193956219722088719e+01
7.439999999999999392e-02 -6.175894078002067999e+01
7.487999999999998824e-02 -6.171985165558176334e+01
7.535999999999999643e-02 -6.232776265113364644e+01
7.583999999999999075e-02 -6.255795551194555770e+01
7.631999999999999895e-02 -6.246925057219675637e+01
7.679999999999999327e-02 -6.252150342624404544e+01
7.727999999999998759e-02 -6.279402183720396380e+01
7.775999999999999579e-02 -6.263239670615237742e+01
7.823999999999999011e-02 -6.252596771288029487e+01
7.871999999999999831e-02 -6.273337777386737457e+01
7.919999999999999263e-02 -6.286495204015869831e+01
7.967999999999998695e-02 -6.286190483647856553e+01
8.015999999999999515e-02 -6.295886887756630301e+01
8.063999999999998947e-02 -6.300496032754617204e+01
8.111999999999999766e-02 -6.279829964549481502e+01
8.159999999999999198e-02 -6.262541494884013105e+01
8.207999999999998630e-02 -6.259351632892872175e+01
8.255999999999999450e-02 -6.258975966261746748e+01
8.303999999999998882e-02 -6.291537715299631373e+01
8.351999999999999702e-02 -6.310555781529514263e+01
8.399999999999999134e-02 -6.304940359658166926e+01
8.447999999999999954e-02 -6.293126470291384322e+01
8.495999999999999386e-02 -6.289175470716504890e+01
8.543999999999998818e-02 -6.313995406747299199e+01
8.591999999999999638e-02 -6.339703342341069003e+01
8.639999999999999070e-02 -6.325148374599099554e+01
8.687999999999999889e-02 -6.344142103787493170e+01
8.735999999999999321e-02 -6.349162430626836340e+01
8.783999999999998753e-02 -6.358142309594869346e+01
8.831999999999999573e-02 -6.352824327866380827e+01
8.879999999999999005e-02 -6.342329639395589425e+01
8.927999999999999825e-02 -6.312147330058113681e+01
8.975999999999999257e-02 -6.313941055383295975e+01
9.023999999999998689e-02 -6.328961367515557157e+01
9.071999999999999509e-02 -6.336916793000074222e+01
9.119999999999998941e-02 -6.360129912092833138e+01
9.167999999999999761e-02 -6.356751014881527340e+01
9.215999999999999193e-02 -6.331121384581302181e+01
9.263999999999998625e-02 -6.327569216791840034e+01
9.311999999999999444e-02 -6.348663777809440489e+01
9.359999999999998876e-02 -6.347692752366754831e+01
9.407999999999999696e-02 -6.326990508756198039e+01
9.455999999999999128e-02 -6.325048911708204002e+01
9.503999999999998560e-02 -6.338386108146109876e+01
9.551999999999999380e-02 -6.366799751864557777e+01
9.599999999999998812e-02 -6.368653962576550498e+01
9.647999999999999632e-02 -6.373102147071075763e+01
9.695999999999999064e-02 -6.379274184054621344e+01
9.743999999999998496e-02 -6.367972972021105704e+01
9.791999999999999316e-02 -6.379242086213140794e+01
9.839999999999998748e-02 -6.406074295582104128e+01
9.887999999999999567e-02 -6.395014416189322759e+01
9.935999999999998999e-02 -6.396941183081850113e+01
9.983999999999998431e-02 -6.417665233205747199e+01
1.003199999999999925e-01 -6.451314494855631665e+01
1.007999999999999868e-01 -6.458073517195464319e+01
1.012799999999999950e-01 -6.462650685171861653e+01
1.017599999999999894e-01 -6.458812928889513216e+01
1.022399999999999975e-01 -6.469557408590843295e+01
1.027199999999999919e-01 -6.500852092095914259e+01
1.031999999999999862e-01 -6.535500346034456243e+01
1.036799999999999944e-01 -6.544347402284853388e+01
1.041599999999999887e-01 -6.556324812705429395e+01
1.046399999999999969e-01 -6.598940272987550770e+01
1.051199999999999912e-01 -6.630170809116486907e+01
1.055999999999999855e-01 -6.640715398174664585e+01
1.060799999999999937e-01 -6.674807525070167458e+01
1.065599999999999881e-01 -6.834332979182735812e+01
1.070399999999999963e-01 -6.927169635179572538e+01
1.075199999999999906e-01 -6.972941532983779211e+01
1.079999999999999849e-01 -7.041847006074047499e+01
1.084799999999999931e-01 -7.149001289086476163e+01
1.089599999999999874e-01 -7.253261702854398152e+01
1.094399999999999956e-01 -7.333815949470631779e+01
1.099199999999999899e-01 -7.413813338443755185e+01
1.103999999999999843e-01 -7.473878581850202352e+01
1.108799999999999925e-01 -7.554955846778837270e+01
1.113599999999999868e-01 -7.646805340554982422e+01
1.118399999999999950e-01 -7.712333670901456628e+01
1.123199999999999893e-01 -7.763086407170828807e+01
1.127999999999999836e-01 -7.810632394649414323e+01
1.132799999999999918e-01 -7.860560168856240182e+01
1.137599999999999861e-01 -7.865794652438853518e+01
1.142399999999999943e-01 -7.860381901278275052e+01
1.147199999999999886e-01 -7.844743207761335668e+01
1.151999999999999968e-01 -7.813129478442499476e+01
1.156799999999999912e-01 -7.801443843890241681e+01
1.161599999999999855e-01 -7.765927102776015545e+01
1.166399999999999937e-01 -7.780275056466319938e+01
1.171199999999999880e-01 -7.794354817152137116e+01
1.175999999999999962e-01 -7.790610247195438376e+01
1.180799999999999905e-01 -7.788761345296749994e+01
1.185599999999999848e-01 -7.799716098929364705e+01
1.190399999999999930e-01 -7.814249980987672473e+01
1.195199999999999874e-01 -7.845548985603763015e+01
1.199999999999999956e-01 -7.886304854199580916e+01
1.204799999999999899e-01 -7.874085376741430764e+01
1.209599999999999842e-01 -7.862687681800761652e+01
1.214399999999999924e-01 -7.848657448478812171e+01
1.219199999999999867e-01 -7.836955215187840906e+01
1.223999999999999949e-01 -7.779051965808790214e+01
