-1.228799999999999955e+02 -1.006922710592989034e+02
-1.223999999999999915e+02 -1.010992906210359621e+02
-1.219200000000000017e+02 -1.014265545982688934e+02
-1.214399999999999977e+02 -1.008521465156032662e+02
-1.209599999999999937e+02 -1.008480330498696560e+02
-1.204799999999999898e+02 -1.012123477685356221e+02
-1.200000000000000000e+02 -1.016996886840464924e+02
-1.195199999999999960e+02 -1.020029910654726137e+02
-1.190399999999999920e+02 -1.023217411736741411e+02
-1.185600000000000023e+02 -1.028467773657710751e+02
-1.180799999999999983e+02 -1.030402348670397998e+02
-1.175999999999999943e+02 -1.026570081933278544e+02
-1.171199999999999903e+02 -1.022266535175560875e+02
-1.166400000000000006e+02 -1.022472678281879155e+02
-1.161599999999999966e+02 -1.023695878932296353e+02
-1.156799999999999926e+02 -1.025909357308338485e+02
-1.151999999999999886e+02 -1.029208444489340337e+02
-1.147199999999999989e+02 -1.033276242127714681e+02
-1.142399999999999949e+02 -1.035801097668641546e+02
-1.137599999999999909e+02 -1.033016626824086757e+02
-1.132800000000000011e+02 -1.030414027520223641e+02
-1.127999999999999972e+02 -1.024007168656245597e+02
-1.123199999999999932e+02 -1.017101120300769281e+02
-1.118399999999999892e+02 -1.010444522494494066e+02
-1.113599999999999994e+02 -1.003404360739117465e+02
-1.108799999999999955e+02 -9.986398245833059661e+01
-1.103999999999999915e+02 -9.918826513884967255e+01
-1.099200000000000017e+02 -9.846444433234347571e+01
-1.094399999999999977e+02 -9.772709050462049163e+01
-1.089599999999999937e+02 -9.646222585281152817e+01
-1.084799999999999898e+02 -9.511093017577007913e+01
-1.080000000000000000e+02 -9.396883484462111369e+01
-1.075199999999999960e+02 -9.324548904818468031e+01
-1.070399999999999920e+02 -9.240437361540142547e+01
-1.065600000000000023e+02 -9.146118927981676450e+01
-1.060799999999999983e+02 -9.094361120083686956e+01
-1.055999999999999943e+02 -9.060984867614226346e+01
-1.051199999999999903e+02 -8.966975025305400493e+01
-1.046400000000000006e+02 -8.870768527254847413e+01
-1.041599999999999966e+02 -8.843390387771407291e+01
-1.036799999999999926e+02 -8.804024603019044548e+01
-1.032000000000000028e+02 -8.772272998302108249e+01
-1.027199999999999989e+02 -8.724024497179881621e+01
-1.022399999999999949e+02 -8.690140588428798196e+01
-1.017599999999999909e+02 -8.672530161852755271e+01
-1.012800000000000011e+02 -8.693322911088284854e+01
-1.007999999999999972e+02 -8.691479160851440611e+01
-1.003199999999999932e+02 -8.682713879219463138e+01
-9.984000000000000341e+01 -8.650892775361938902e+01
-9.935999999999999943e+01 -8.648513700545322536e+01
-9.887999999999999545e+01 -8.661104069486354717e+01
-9.839999999999999147e+01 -8.652692625549315153e+01
-9.792000000000000171e+01 -8.622841364424803601e+01
-9.743999999999999773e+01 -8.615987479805659177e+01
-9.695999999999999375e+01 -8.601599237576992607e+01
-9.647999999999998977e+01 -8.585332759808269998e+01
-9.600000000000000000e+01 -8.605431339205944141e+01
-9.551999999999999602e+01 -8.584023985150066949e+01
-9.503999999999999204e+01 -8.566903753839648061e+01
-9.456000000000000227e+01 -8.574670665349673015e+01
-9.407999999999999829e+01 -8.565840369766644358e+01
-9.359999999999999432e+01 -8.569990326542951209e+01
-9.311999999999999034e+01 -8.555208532466254212e+01
-9.264000000000000057e+01 -8.556158129744960661e+01
-9.215999999999999659e+01 -8.610044140301745585e+01
-9.167999999999999261e+01 -8.613373442499153043e+01
-9.120000000000000284e+01 -8.571875078338044318e+01
-9.071999999999999886e+01 -8.569251786030862661e+01
-9.023999999999999488e+01 -8.565604164649687391e+01
-8.975999999999999091e+01 -8.528309319097255070e+01
-8.928000000000000114e+01 -8.511533030992416116e+01
-8.879999999999999716e+01 -8.496417519553932607e+01
-8.831999999999999318e+01 -8.515245673258861814e+01
-8.784000000000000341e+01 -8.531524617233307595e+01
-8.735999999999999943e+01 -8.517188666607239611e+01
-8.687999999999999545e+01 -8.514616107776959097e+01
-8.639999999999999147e+01 -8.506688773379862312e+01
-8.592000000000000171e+01 -8.499070590582294926e+01
-8.543999999999999773e+01 -8.478274124737222905e+01
-8.495999999999999375e+01 -8.460211073755866096e+01
-8.447999999999998977e+01 -8.458243999915393374e+01
-8.400000000000000000e+01 -8.455838640490328828e+01
-8.351999999999999602e+01 -8.441098149128757200e+01
-8.303999999999999204e+01 -8.431507218764269851e+01
-8.256000000000000227e+01 -8.453341613137706645e+01
-8.207999999999999829e+01 -8.454259436332073108e+01
-8.159999999999999432e+01 -8.443483113785289618e+01
-8.111999999999999034e+01 -8.440039289685061874e+01
-8.064000000000000057e+01 -8.426728154124988635e+01
-8.015999999999999659e+01 -8.424546750422004493e+01
-7.967999999999999261e+01 -8.401234939894911236e+01
-7.920000000000000284e+01 -8.375376739296599737e+01
-7.871999999999999886e+01 -8.388728859496886514e+01
-7.823999999999999488e+01 -8.395663462867018723e+01
-7.775999999999999091e+01 -8.407878673040882234e+01
-7.728000000000000114e+01 -8.377300704939679576e+01
-7.679999999999999716e+01 -8.346199805752137024e+01
-7.631999999999999318e+01 -8.347966739729706376e+01
-7.584000000000000341e+01 -8.366934596873016972e+01
-7.535999999999999943e+01 -8.381736106574464884e+01
-7.487999999999999545e+01 -8.370296634340910202e+01
-7.439999999999999147e+01 -8.343039313314869787e+01
-7.392000000000000171e+01 -8.335663199556427116e+01
-7.343999999999999773e+01 -8.343698102632779978e+01
-7.295999999999999375e+01 -8.327718244305447115e+01
-7.248000000000000398e+01 -8.341158501523209168e+01
-7.200000000000000000e+01 -8.316272399540552840e+01
-7.151999999999999602e+01 -8.295790087259328516e+01
-7.103999999999999204e+01 -8.291349256049460337e+01
-7.056000000000000227e+01 -8.283153537977560177e+01
-7.007999999999999829e+01 -8.305521366326169641e+01
-6.959999999999999432e+01 -8.304394512507832360e+01
-6.912000000000000455e+01 -8.281509061354009305e+01
-6.864000000000000057e+01 -8.269324163445652687e+01
-6.815999999999999659e+01 -8.260318508667674564e+01
-6.767999999999999261e+01 -8.262245945939756098e+01
-6.720000000000000284e+01 -8.263446063312530043e+01
-6.671999999999999886e+01 -8.260104535991413854e+01
-6.623999999999999488e+01 -8.265540317035259932e+01
-6.575999999999999091e+01 -8.254706637445480055e+01
-6.528000000000000114e+01 -8.248597310984271758e+01
-6.479999999999999716e+01 -8.239238570763018288e+01
-6.431999999999999318e+01 -8.237550382245478886e+01
-6.383999999999999631e+01 -8.228594561479205538e+01
-6.335999999999999943e+01 -8.189805764978821401e+01
-6.287999999999999545e+01 -8.170190180241823441e+01
-6.239999999999999858e+01 -8.190252743341899588e+01
-6.191999999999999460e+01 -8.183515277383824582e+01
-6.143999999999999773e+01 -8.182524594359807679e+01
-6.096000000000000085e+01 -8.200846324636123086e+01
-6.047999999999999687e+01 -8.198887670903235403e+01
-6.000000000000000000e+01 -8.179388359816086052e+01
-5.951999999999999602e+01 -8.157584942347037327e+01
-5.903999999999999915e+01 -8.162674516461765961e+01
-5.855999999999999517e+01 -8.149850212809539585e+01
-5.807999999999999829e+01 -8.122631915841506611e+01
-5.759999999999999432e+01 -8.130340547084585978e+01
-5.711999999999999744e+01 -8.121964390970015302e+01
-5.664000000000000057e+01 -8.101767541714231413e+01
-5.615999999999999659e+01 -8.076935189116233005e+01
-5.567999999999999972e+01 -8.077293293923119677e+01
-5.519999999999999574e+01 -8.084008369867450483e+01
-5.471999999999999886e+01 -8.067088937146955629e+01
-5.423999999999999488e+01 -8.064154403083050227e+01
-5.375999999999999801e+01 -8.046533421829293786e+01
-5.328000000000000114e+01 -8.028678977465881417e+01
-5.279999999999999716e+01 -8.033693649566616557e+01
-5.232000000000000028e+01 -8.029840305016151092e+01
-5.183999999999999631e+01 -8.032094930349175854e+01
-5.135999999999999943e+01 -8.047470964058840082e+01
-5.087999999999999545e+01 -8.030463340342660672e+01
-5.039999999999999858e+01 -7.977539387209992583e+01
-4.992000000000000171e+01 -7.993991982514566530e+01
-4.943999999999999773e+01 -7.982635328547988252e+01
-4.896000000000000085e+01 -7.970348746655291450e+01
-4.847999999999999687e+01 -7.951562927656762270e+01
-4.800000000000000000e+01 -7.949235448762740930e+01
-4.751999999999999602e+01 -7.964634741993046418e+01
-4.703999999999999915e+01 -7.938218751227385894e+01
-4.655999999999999517e+01 -7.938388035042106594e+01
-4.607999999999999829e+01 -7.911211069172966859e+01
-4.560000000000000142e+01 -7.923124779827114139e+01
-4.511999999999999744e+01 -7.953439838358714553e+01
-4.464000000000000057e+01 -7.947383395296898811e+01
-4.415999999999999659e+01 -7.928892216707188823e+01
-4.367999999999999972e+01 -7.911916411769047386e+01
-4.319999999999999574e+01 -7.893357789006802250e+01
-4.271999999999999886e+01 -7.870436845358830169e+01
-4.223999999999999488e+01 -7.870241058120569733e+01
-4.175999999999999801e+01 -7.865224223152823413e+01
-4.128000000000000114e+01 -7.819710919469281407e+01
-4.079999999999999716e+01 -7.820240971510126826e+01
-4.032000000000000028e+01 -7.824077777229624076e+01
-3.983999999999999631e+01 -7.801287809218983682e+01
-3.935999999999999943e+01 -7.769332355716312577e+01
-3.887999999999999545e+01 -7.722799465122102447e+01
-3.839999999999999858e+01 -7.708442490597708741e+01
-3.792000000000000171e+01 -7.707253866095510375e+01
-3.743999999999999773e+01 -7.688436325776405056e+01
-3.696000000000000085e+01 -7.672038449772834667e+01
-3.647999999999999687e+01 -7.674955404034145090e+01
-3.600000000000000000e+01 -7.676736984572326605e+01
-3.551999999999999602e+01 -7.655777981291160472e+01
-3.503999999999999915e+01 -7.618061416180168521e+01
-3.456000000000000227e+01 -7.620904964783071023e+01
-3.407999999999999829e+01 -7.630909206372680842e+01
-3.360000000000000142e+01 -7.604575192606320400e+01
-3.311999999999999744e+01 -7.557565743410943071e+01
-3.264000000000000057e+01 -7.494056871009375698e+01
-3.215999999999999659e+01 -7.454396426560039401e+01
-3.167999999999999972e+01 -7.412706068854343755e+01
-3.119999999999999929e+01 -7.365997599990758715e+01
-3.071999999999999886e+01 -7.333045916505462003e+01
-3.023999999999999844e+01 -7.290864522389695423e+01
-2.975999999999999801e+01 -7.271313864247679248e+01
-2.927999999999999758e+01 -7.239949615028307051e+01
-2.879999999999999716e+01 -7.229741645692166685e+01
-2.832000000000000028e+01 -7.206685466342617019e+01
-2.783999999999999986e+01 -7.188545375649081848e+01
-2.735999999999999943e+01 -7.138543436249477736e+01
-2.687999999999999901e+01 -7.079279251660607031e+01
-2.639999999999999858e+01 -7.014182201441039410e+01
-2.591999999999999815e+01 -6.928308736038385973e+01
-2.543999999999999773e+01 -6.871469436272838038e+01
-2.496000000000000085e+01 -6.827452097403975984e+01
-2.448000000000000043e+01 -6.773405042722168901e+01
-2.400000000000000000e+01 -6.718106500452870478e+01
-2.351999999999999957e+01 -6.666148104698523014e+01
-2.303999999999999915e+01 -6.598088866567107402e+01
-2.255999999999999872e+01 -6.521601318364334077e+01
-2.207999999999999829e+01 -6.460917984232285960e+01
-2.159999999999999787e+01 -6.405169846668167111e+01
-2.111999999999999744e+01 -6.302588715387837226e+01
-2.064000000000000057e+01 -6.252094920548523760e+01
-2.016000000000000014e+01 -6.214203638744553615e+01
-1.967999999999999972e+01 -6.205390191524011101e+01
-1.919999999999999929e+01 -6.242498797529451338e+01
-1.871999999999999886e+01 -6.274725504630897888e+01
-1.823999999999999844e+01 -6.309113772285535759e+01
-1.775999999999999801e+01 -6.309391781357013684e+01
-1.728000000000000114e+01 -6.297046219634228237e+01
-1.680000000000000071e+01 -6.283366012213644325e+01
-1.632000000000000028e+01 -6.249773041263057394e+01
-1.583999999999999986e+01 -6.169034562213643369e+01
-1.535999999999999943e+01 -6.085431384828041956e+01
-1.487999999999999901e+01 -5.973511755655039934e+01
-1.439999999999999858e+01 -5.864938622611567354e+01
-1.391999999999999993e+01 -5.791915644194781976e+01
-1.343999999999999950e+01 -5.783573820987000857e+01
-1.295999999999999908e+01 -5.792777278164977162e+01
-1.248000000000000043e+01 -5.868523735686534337e+01
-1.200000000000000000e+01 -5.996434185116971349e+01
-1.151999999999999957e+01 -6.075538668757718597e+01
-1.103999999999999915e+01 -5.975713277761327902e+01
-1.055999999999999872e+01 -5.209192511540617687e+01
-1.008000000000000007e+01 -3.521878524016675982e+01
-9.599999999999999645e+00 -2.686857979695165710e+01
-9.119999999999999218e+00 -2.419255664090600888e+01
-8.640000000000000568e+00 -2.390531471338086789e+01
-8.160000000000000142e+00 -2.383098525920516764e+01
-7.679999999999999716e+00 -2.360566294628693385e+01
-7.199999999999999289e+00 -2.348165547192587610e+01
-6.719999999999999751e+00 -2.364197063402068011e+01
-6.240000000000000213e+00 -2.360192293700897892e+01
-5.759999999999999787e+00 -2.345142644799048526e+01
-5.279999999999999361e+00 -2.348880309006212386e+01
-4.799999999999999822e+00 -2.349743084470908627e+01
-4.320000000000000284e+00 -2.369700544173222312e+01
-3.839999999999999858e+00 -2.380612217983657075e+01
-3.359999999999999876e+00 -2.381324296252060435e+01
-2.879999999999999893e+00 -2.381411707376924980e+01
-2.399999999999999911e+00 -2.369624980123636249e+01
-1.919999999999999929e+00 -2.372760575786126225e+01
-1.439999999999999947e+00 -2.367912858253945529e+01
-9.599999999999999645e-01 -2.359636449406833592e+01
-4.799999999999999822e-01 -2.369494653367728887e+01
0.000000000000000000e+00 -2.373341049962584037e+01
4.799999999999999822e-01 -2.350833456384659570e+01
9.599999999999999645e-01 -2.313987864529178395e+01
1.439999999999999947e+00 -2.350854092312894750e+01
1.919999999999999929e+00 -2.388194579315064203e+01
2.399999999999999911e+00 -2.365725723066610442e+01
2.879999999999999893e+00 -2.348583069806801760e+01
3.359999999999999876e+00 -2.332462996974176406e+01
3.839999999999999858e+00 -2.355978245573504637e+01
4.320000000000000284e+00 -2.385153426192183090e+01
4.799999999999999822e+00 -2.377236208818466423e+01
5.279999999999999361e+00 -2.363579079242919434e+01
5.759999999999999787e+00 -2.362492726186278702e+01
6.240000000000000213e+00 -2.370772539586899086e+01
6.719999999999999751e+00 -2.364750830675679083e+01
7.199999999999999289e+00 -2.353415735931847408e+01
7.679999999999999716e+00 -2.375665241443051556e+01
8.160000000000000142e+00 -2.375852730881234365e+01
8.640000000000000568e+00 -2.374431387369551771e+01
9.119999999999999218e+00 -2.414234959240801359e+01
9.599999999999999645e+00 -2.689199177454632661e+01
1.008000000000000007e+01 -3.536926592598178587e+01
1.055999999999999872e+01 -5.237886112597334431e+01
1.103999999999999915e+01 -5.989190725434336571e+01
1.151999999999999957e+01 -6.034192884967795578e+01
1.200000000000000000e+01 -5.902755218946416704e+01
1.248000000000000043e+01 -5.779815218240748464e+01
1.295999999999999908e+01 -5.692944390455264170e+01
1.343999999999999950e+01 -5.670521969671472107e+01
1.391999999999999993e+01 -5.704038176281031980e+01
1.439999999999999858e+01 -5.793194019073163759e+01
1.487999999999999901e+01 -5.920370452937522288e+01
1.535999999999999943e+01 -6.018378993047991798e+01
1.583999999999999986e+01 -6.109859783090738006e+01
1.632000000000000028e+01 -6.185189561755944965e+01
1.680000000000000071e+01 -6.246451462105224550e+01
1.728000000000000114e+01 -6.269596881483708017e+01
1.775999999999999801e+01 -6.277763164243705774e+01
1.823999999999999844e+01 -6.247920120963813417e+01
1.871999999999999886e+01 -6.208605959483985970e+01
1.919999999999999929e+01 -6.166818515204597873e+01
1.967999999999999972e+01 -6.151916278120047110e+01
2.016000000000000014e+01 -6.160251702829032183e+01
2.064000000000000057e+01 -6.192633567576897491e+01
2.111999999999999744e+01 -6.246038107881978618e+01
2.159999999999999787e+01 -6.275384024627595636e+01
2.207999999999999829e+01 -6.323611424054075059e+01
2.255999999999999872e+01 -6.415937583160881275e+01
2.303999999999999915e+01 -6.480784401925349414e+01
2.351999999999999957e+01 -6.571207803795095970e+01
2.400000000000000000e+01 -6.635554228919301067e+01
2.448000000000000043e+01 -6.687039193267816017e+01
2.496000000000000085e+01 -6.741082524110952079e+01
2.543999999999999773e+01 -6.821538594056667648e+01
2.591999999999999815e+01 -6.897308934172369277e+01
2.639999999999999858e+01 -6.952734668862862577e+01
2.687999999999999901e+01 -6.992390360046114495e+01
2.735999999999999943e+01 -7.020965712504944634e+01
2.783999999999999986e+01 -7.065469553888613063e+01
2.832000000000000028e+01 -7.078768785040189471e+01
2.879999999999999716e+01 -7.072668648061154784e+01
2.927999999999999758e+01 -7.068346619026409883e+01
2.975999999999999801e+01 -7.094822345957678067e+01
3.023999999999999844e+01 -7.158406200812208908e+01
3.071999999999999886e+01 -7.224522933375980926e+01
3.119999999999999929e+01 -7.297836677254782956e+01
3.167999999999999972e+01 -7.327299931351785744e+01
3.215999999999999659e+01 -7.369457085700564392e+01
3.264000000000000057e+01 -7.428230427650271395e+01
3.311999999999999744e+01 -7.472731408388453644e+01
3.360000000000000142e+01 -7.498572762835846106e+01
3.407999999999999829e+01 -7.565582139172674658e+01
3.456000000000000227e+01 -7.599813928249295714e+01
3.503999999999999915e+01 -7.592465228388918774e+01
3.551999999999999602e+01 -7.592571079613128404e+01
3.600000000000000000e+01 -7.591138178283915749e+01
3.647999999999999687e+01 -7.609927028296711171e+01
3.696000000000000085e+01 -7.638305272927610190e+01
3.743999999999999773e+01 -7.620743382845391523e+01
3.792000000000000171e+01 -7.629364418537944914e+01
3.839999999999999858e+01 -7.670847905405847200e+01
3.887999999999999545e+01 -7.736883565100541205e+01
3.935999999999999943e+01 -7.770835283014258721e+01
3.983999999999999631e+01 -7.779730079287739386e+01
4.032000000000000028e+01 -7.802242784924817443e+01
4.079999999999999716e+01 -7.859652527394813148e+01
4.128000000000000114e+01 -7.909896315594752991e+01
4.175999999999999801e+01 -7.925303545618179157e+01
4.223999999999999488e+01 -7.944019233836421279e+01
4.271999999999999886e+01 -7.971573202788815138e+01
4.319999999999999574e+01 -7.947313433671054383e+01
4.367999999999999972e+01 -7.940592302596564878e+01
4.415999999999999659e+01 -7.959487577876808473e+01
4.464000000000000057e+01 -8.008701684910234064e+01
4.511999999999999744e+01 -8.026210736728522477e+01
4.560000000000000142e+01 -8.014567784626677849e+01
4.607999999999999829e+01 -8.024204620549774347e+01
4.655999999999999517e+01 -8.023048560041067390e+01
4.703999999999999915e+01 -8.028965398920817620e+01
4.751999999999999602e+01 -8.038686200240346125e+01
4.800000000000000000e+01 -8.044879902855257114e+01
4.847999999999999687e+01 -8.056223744962019850e+01
4.896000000000000085e+01 -8.071133250359814326e+01
4.943999999999999773e+01 -8.086076649472349231e+01
4.992000000000000171e+01 -8.099121695782827146e+01
5.039999999999999858e+01 -8.077964678545609445e+01
5.087999999999999545e+01 -8.069550638968945577e+01
5.135999999999999943e+01 -8.084301663681152661e+01
5.183999999999999631e+01 -8.117359678612304208e+01
5.232000000000000028e+01 -8.133082192480628692e+01
5.279999999999999716e+01 -8.127721900508545616e+01
5.328000000000000114e+01 -8.129200850873559148e+01
5.375999999999999801e+01 -8.147128440317116826e+01
5.423999999999999488e+01 -8.170987050666275309e+01
5.471999999999999886e+01 -8.187297120124725325e+01
5.519999999999999574e+01 -8.176882026854841001e+01
5.567999999999999972e+01 -8.189260785897842254e+01
5.615999999999999659e+01 -8.207313978030458657e+01
5.664000000000000057e+01 -8.227813572975355783e+01
5.711999999999999744e+01 -8.254870244283790726e+01
5.759999999999999432e+01 -8.259661509228449461e+01
5.807999999999999829e+01 -8.259971927479364240e+01
5.855999999999999517e+01 -8.261481014100678522e+01
5.903999999999999915e+01 -8.243136204457141503e+01
5.951999999999999602e+01 -8.238394016472116732e+01
6.000000000000000000e+01 -8.241328888103608108e+01
6.047999999999999687e+01 -8.235890205528889396e+01
6.096000000000000085e+01 -8.226862905249430469e+01
6.143999999999999773e+01 -8.254660458194281603e+01
6.191999999999999460e+01 -8.265299972802287698e+01
6.239999999999999858e+01 -8.262764418495174823e+01
6.287999999999999545e+01 -8.276272573958758016e+01
6.335999999999999943e+01 -8.284505064421989573e+01
6.383999999999999631e+01 -8.280734117920286508e+01
6.431999999999999318e+01 -8.279107191808222410e+01
6.479999999999999716e+01 -8.275882336741148038e+01
6.528000000000000114e+01 -8.305878817214066601e+01
6.575999999999999091e+01 -8.342915541203858254e+01
6.623999999999999488e+01 -8.359072827120250793e+01
6.671999999999999886e+01 -8.376230873593183901e+01
6.720000000000000284e+01 -8.373560681945193096e+01
6.767999999999999261e+01 -8.364567459589503073e+01
6.815999999999999659e+01 -8.360062305346210110e+01
6.864000000000000057e+01 -8.360192844784593547e+01
6.912000000000000455e+01 -8.361474971338596163e+01
6.959999999999999432e+01 -8.364226522031530919e+01
7.007999999999999829e+01 -8.392556234215598465e+01
7.056000000000000227e+01 -8.406210052587204018e+01
7.103999999999999204e+01 -8.404780442015436392e+01
7.151999999999999602e+01 -8.388307044442981919e+01
7.200000000000000000e+01 -8.421420976797689661e+01
7.248000000000000398e+01 -8.434784486226533318e+01
7.295999999999999375e+01 -8.422256905212192635e+01
7.343999999999999773e+01 -8.430069929183717647e+01
7.392000000000000171e+01 -8.447804656448242611e+01
7.439999999999999147e+01 -8.448980380216627850e+01
7.487999999999999545e+01 -8.426960687294496211e+01
7.535999999999999943e+01 -8.472512535720932192e+01
7.584000000000000341e+01 -8.501574243610087933e+01
7.631999999999999318e+01 -8.483457718624811150e+01
7.679999999999999716e+01 -8.481756721154432910e+01
7.728000000000000114e+01 -8.498398213561551984e+01
7.775999999999999091e+01 -8.471069906818172512e+01
7.823999999999999488e+01 -8.482124222933107660e+01
7.871999999999999886e+01 -8.513625243604769821e+01
7.920000000000000284e+01 -8.541410674881767306e+01
7.967999999999999261e+01 -8.538911589391292978e+01
8.015999999999999659e+01 -8.549150042192300702e+01
8.064000000000000057e+01 -8.561464565779709801e+01
8.111999999999999034e+01 -8.533265682252488205e+01
8.159999999999999432e+01 -8.526529867387958461e+01
8.207999999999999829e+01 -8.549955477147763361e+01
8.256000000000000227e+01 -8.548195248042267735e+01
8.303999999999999204e+01 -8.584777879274149370e+01
8.351999999999999602e+01 -8.602416251574531714e+01
8.400000000000000000e+01 -8.583506918033739908e+01
8.447999999999998977e+01 -8.581669412821939602e+01
8.495999999999999375e+01 -8.569974797101933461e+01
8.543999999999999773e+01 -8.577072516546323300e+01
8.592000000000000171e+01 -8.601462357670516212e+01
8.639999999999999147e+01 -8.595218764099962527e+01
8.687999999999999545e+01 -8.628800973844928990e+01
8.735999999999999943e+01 -8.624628522730324676e+01
8.784000000000000341e+01 -8.603351276947387305e+01
8.831999999999999318e+01 -8.609822586534278344e+01
8.879999999999999716e+01 -8.603423677917743362e+01
8.928000000000000114e+01 -8.575578856191553712e+01
8.975999999999999091e+01 -8.593081544333900013e+01
9.023999999999999488e+01 -8.623559657334233464e+01
9.071999999999999886e+01 -8.623752016339858528e+01
9.120000000000000284e+01 -8.631358296665304408e+01
9.167999999999999261e+01 -8.630476145556107781e+01
9.215999999999999659e+01 -8.626762781802916891e+01
9.264000000000000057e+01 -8.654980381379074572e+01
9.311999999999999034e+01 -8.664646960394082953e+01
9.359999999999999432e+01 -8.650407162446148845e+01
9.407999999999999829e+01 -8.647451256839295297e+01
9.456000000000000227e+01 -8.673284115196885580e+01
9.503999999999999204e+01 -8.676090042481555997e+01
9.551999999999999602e+01 -8.702561053545448999e+01
9.600000000000000000e+01 -8.693123724684767240e+01
9.647999999999998977e+01 -8.671969615436042034e+01
9.695999999999999375e+01 -8.670965147727984856e+01
9.743999999999999773e+01 -8.655772714215166275e+01
9.792000000000000171e+01 -8.688606540050629690e+01
9.839999999999999147e+01 -8.700154954530643181e+01
9.887999999999999545e+01 -8.691489006801612049e+01
9.935999999999999943e+01 -8.708444225369024139e+01
9.984000000000000341e+01 -8.712218932908429281e+01
1.003199999999999932e+02 -8.720768066675441332e+01
1.007999999999999972e+02 -8.739028964007991362e+01
1.012800000000000011e+02 -8.766186587550555487e+01
1.017599999999999909e+02 -8.770690572423916365e+01
1.022399999999999949e+02 -8.771813649618978559e+01
1.027199999999999989e+02 -8.823602809402078151e+01
1.032000000000000028e+02 -8.863685778192076725e+01
1.036799999999999926e+02 -8.882358301612836726e+01
1.041599999999999966e+02 -8.905151169586238780e+01
1.046400000000000006e+02 -8.946385340481913317e+01
1.051199999999999903e+02 -8.982598781480493244e+01
1.055999999999999943e+02 -9.007230541344893027e+01
1.060799999999999983e+02 -9.056943118841107321e+01
1.065600000000000023e+02 -9.195667554203174632e+01
1.070399999999999920e+02 -9.288808353676238028e+01
1.075199999999999960e+02 -9.351016021842737302e+01
1.080000000000000000e+02 -9.430905572772722678e+01
1.084799999999999898e+02 -9.545021528205602124e+01
1.089599999999999937e+02 -9.662331932593755823e+01
1.094399999999999977e+02 -9.758103737742527528e+01
1.099200000000000017e+02 -9.850772015205988907e+01
1.103999999999999915e+02 -9.929951671209914821e+01
1.108799999999999955e+02 -1.002621094549114531e+02
1.113599999999999994e+02 -1.011812479292652398e+02
1.118399999999999892e+02 -1.019236071748484704e+02
1.123199999999999932e+02 -1.024027142111845592e+02
1.127999999999999972e+02 -1.026609650947631991e+02
1.132800000000000011e+02 -1.028924139249378129e+02
1.137599999999999909e+02 -1.029948126828692523e+02
1.142399999999999949e+02 -1.033472058012161199e+02
1.147199999999999989e+02 -1.037290008990879642e+02
1.151999999999999886e+02 -1.037049117406406396e+02
1.156799999999999926e+02 -1.036226993241072023e+02
1.161599999999999966e+02 -1.036197971725644607e+02
1.166400000000000006e+02 -1.034088991284528589e+02
1.171199999999999903e+02 -1.029184344800627429e+02
1.175999999999999943e+02 -1.027401172767297766e+02
1.180799999999999983e+02 -1.022085687977604920e+02
1.185600000000000023e+02 -1.019406713973340430e+02
1.190399999999999920e+02 -1.021449991000538517e+02
1.195199999999999960e+02 -1.021220626076290614e+02
1.200000000000000000e+02 -1.023471829946822851e+02
1.204799999999999898e+02 -1.025879415975877151e+02
1.209599999999999937e+02 -1.027350015110856134e+02
1.214399999999999977e+02 -1.027917598560988210e+02
1.219200000000000017e+02 -1.026447218998859796e+02
1.223999999999999915e+02 -1.019646521466712130e+02
