-1.228799999999999892e-01 -7.282526686182580988e+01
-1.223999999999999949e-01 -7.297404647729173632e+01
-1.219199999999999867e-01 -7.314326925173722316e+01
-1.214399999999999924e-01 -7.326557419019682982e+01
-1.209599999999999842e-01 -7.398097158750134383e+01
-1.204799999999999899e-01 -7.452138334859282054e+01
-1.199999999999999956e-01 -7.473501207123190682e+01
-1.195199999999999874e-01 -7.496849572280331131e+01
-1.190399999999999930e-01 -7.502808782840564561e+01
-1.185599999999999848e-01 -7.455621221373610297e+01
-1.180799999999999905e-01 -7.398544809649183662e+01
-1.175999999999999962e-01 -7.360152715231515685e+01
-1.171199999999999880e-01 -7.332778891295181722e+01
-1.166399999999999937e-01 -7.273813056932583265e+01
-1.161599999999999855e-01 -7.265630184696487959e+01
-1.156799999999999912e-01 -7.298719587406235121e+01
-1.151999999999999968e-01 -7.313428347145892872e+01
-1.147199999999999886e-01 -7.326871005878794563e+01
-1.142399999999999943e-01 -7.350577670645807871e+01
-1.137599999999999861e-01 -7.404116572511530592e+01
-1.132799999999999918e-01 -7.464593982201404287e+01
-1.127999999999999836e-01 -7.471087412935840177e+01
-1.123199999999999893e-01 -7.462415627797997786e+01
-1.118399999999999950e-01 -7.451757914613381217e+01
-1.113599999999999868e-01 -7.356845513594825547e+01
-1.108799999999999925e-01 -7.246619322051498102e+01
-1.103999999999999843e-01 -7.190744631813159060e+01
-1.099199999999999899e-01 -7.134345422785048640e+01
-1.094399999999999956e-01 -7.071195072117309621e+01
-1.089599999999999874e-01 -7.014194012615067209e+01
-1.084799999999999931e-01 -6.941729320895102262e+01
-1.079999999999999849e-01 -6.880461430923774913e+01
-1.075199999999999906e-01 -6.823878161823691357e+01
-1.070399999999999963e-01 -6.788213191830878657e+01
-1.065599999999999881e-01 -6.734666752581830451e+01
-1.060799999999999937e-01 -6.669630018969324681e+01
-1.055999999999999855e-01 -6.620312300967486863e+01
-1.051199999999999912e-01 -6.546311053201760899e+01
-1.046399999999999969e-01 -6.476984551922156186e+01
-1.041599999999999887e-01 -6.429853244875579321e+01
-1.036799999999999944e-01 -6.397738983873964713e+01
-1.031999999999999862e-01 -6.388782619369976601e+01
-1.027199999999999919e-01 -6.350202730116836847e+01
-1.022399999999999975e-01 -6.307503674920422299e+01
-1.017599999999999894e-01 -6.288290450055662006e+01
-1.012799999999999950e-01 -6.273975486620331310e+01
-1.007999999999999868e-01 -6.266482965823101381e+01
-1.003199999999999925e-01 -6.278513762271025200e+01
-9.983999999999998431e-02 -6.277796628023553183e+01
-9.935999999999998999e-02 -6.266295263808748928e+01
-9.887999999999999567e-02 -6.254139557051121301e+01
-9.839999999999998748e-02 -6.268960327508814601e+01
-9.791999999999999316e-02 -6.267035998050411649e+01
-9.743999999999998496e-02 -6.265347171212874855e+01
-9.695999999999999064e-02 -6.249689894468788509e+01
-9.647999999999999632e-02 -6.228343406710992269e+01
-9.599999999999998812e-02 -6.219051841012984738e+01
-9.551999999999999380e-02 -6.199306728958805479e+01
-9.503999999999998560e-02 -6.204999940227067867e+01
-9.455999999999999128e-02 -6.205734916673749524e+01
-9.407999999999999696e-02 -6.203957231682320383e+01
-9.359999999999998876e-02 -6.243166804045888085e+01
-9.311999999999999444e-02 -6.253724469911760764e+01
-9.263999999999998625e-02 -6.274412447625147138e+01
-9.215999999999999193e-02 -6.270036854236468571e+01
-9.167999999999999761e-02 -6.233149223894909596e+01
-9.119999999999998941e-02 -6.214362416235940145e+01
-9.071999999999999509e-02 -6.215771687957843028e+01
-9.023999999999998689e-02 -6.206013978718797830e+01
-8.975999999999999257e-02 -6.208207410953707495e+01
-8.927999999999999825e-02 -6.185687956432200707e+01
-8.879999999999999005e-02 -6.169380131276885493e+01
-8.831999999999999573e-02 -6.187934758710373728e+01
-8.783999999999998753e-02 -6.222997038542312964e+01
-8.735999999999999321e-02 -6.213856351313211945e+01
-8.687999999999999889e-02 -6.215694008765044742e+01
-8.639999999999999070e-02 -6.231239174512283086e+01
-8.591999999999999638e-02 -6.213362424242063753e+01
-8.543999999999998818e-02 -6.192538770921228775e+01
-8.495999999999999386e-02 -6.191886775818490207e+01
-8.447999999999999954e-02 -6.177473850561844415e+01
-8.399999999999999134e-02 -6.154211515157739143e+01
-8.351999999999999702e-02 -6.116102112542274938e+01
-8.303999999999998882e-02 -6.130088546269138305e+01
-8.255999999999999450e-02 -6.137393204041816830e+01
-8.207999999999998630e-02 -6.097881685886555658e+01
-8.159999999999999198e-02 -6.066505678503376942e+01
-8.111999999999999766e-02 -6.073307233657480708e+01
-8.063999999999998947e-02 -6.096075901111692730e+01
-8.015999999999999515e-02 -6.108347010266577115e+01
-7.967999999999998695e-02 -6.109796344897156928e+01
-7.919999999999999263e-02 -6.129170732372080721e+01
-7.871999999999999831e-02 -6.118354988409294748e+01
-7.823999999999999011e-02 -6.086173495810786704e+01
-7.775999999999999579e-02 -6.073550443632232287e+01
-7.727999999999998759e-02 -6.057915386929644797e+01
-7.679999999999999327e-02 -6.092169280788184693e+01
-7.631999999999999895e-02 -6.091390430406726608e+01
-7.583999999999999075e-02 -6.064367499876919965e+01
-7.535999999999999643e-02 -6.080928482891042819e+01
-7.487999999999998824e-02 -6.076282488629792056e+01
-7.439999999999999392e-02 -6.078077867755524011e+01
-7.391999999999999960e-02 -6.086020921591344290e+01
-7.343999999999999140e-02 -6.073413156263605117e+01
-7.295999999999999708e-02 -6.070221076981884067e+01
-7.247999999999998888e-02 -6.049153505439814182e+01
-7.199999999999999456e-02 -6.050162708608582562e+01
-7.152000000000000024e-02 -6.060901404738719123e+01
-7.103999999999999204e-02 -6.018728012265049898e+01
-7.055999999999999772e-02 -5.994070763434955040e+01
-7.007999999999998952e-02 -5.988892895129491478e+01
-6.959999999999999520e-02 -5.995177343449686447e+01
-6.911999999999998701e-02 -5.997927265096214455e+01
-6.863999999999999269e-02 -5.967366211407754406e+01
-6.815999999999999837e-02 -5.931348117550086130e+01
-6.767999999999999017e-02 -5.913583579519885802e+01
-6.719999999999999585e-02 -5.912704665620249500e+01
-6.671999999999998765e-02 -5.925758256430030713e+01
-6.623999999999999333e-02 -5.948964813535912555e+01
-6.575999999999999901e-02 -5.946797128781739161e+01
-6.527999999999999081e-02 -5.945260627952897181e+01
-6.479999999999999649e-02 -5.930631996091283042e+01
-6.431999999999998829e-02 -5.925448793948664417e+01
-6.383999999999999397e-02 -5.908235956020641311e+01
-6.335999999999999965e-02 -5.906993348719972659e+01
-6.287999999999999146e-02 -5.910336576859255331e+01
-6.239999999999999714e-02 -5.883733147739792457e+01
-6.191999999999999588e-02 -5.894617192736866684e+01
-6.143999999999999462e-02 -5.888891764771062753e+01
-6.095999999999999336e-02 -5.894353921955773501e+01
-6.047999999999999210e-02 -5.902425196613911140e+01
-5.999999999999999778e-02 -5.905060885227308631e+01
-5.951999999999999652e-02 -5.900053500802967932e+01
-5.903999999999999526e-02 -5.869154851999362421e+01
-5.855999999999999400e-02 -5.852204642942774626e+01
-5.807999999999999274e-02 -5.817951486933345251e+01
-5.759999999999999842e-02 -5.808867881580675174e+01
-5.711999999999999716e-02 -5.773974744378718071e+01
-5.663999999999999591e-02 -5.751626975249769202e+01
-5.615999999999999465e-02 -5.760873549337682675e+01
-5.567999999999999339e-02 -5.734856434441977058e+01
-5.519999999999999213e-02 -5.704642589465129987e+01
-5.471999999999999781e-02 -5.676324862361849455e+01
-5.423999999999999655e-02 -5.680323030736744272e+01
-5.375999999999999529e-02 -5.675737446236857409e+01
-5.327999999999999403e-02 -5.669539177194235435e+01
-5.279999999999999277e-02 -5.651805207437302414e+01
-5.231999999999999845e-02 -5.654549780206235710e+01
-5.183999999999999719e-02 -5.653803302069487557e+01
-5.135999999999999593e-02 -5.621909411968977821e+01
-5.087999999999999468e-02 -5.606561905833805781e+01
-5.039999999999999342e-02 -5.602848022161586528e+01
-4.991999999999999216e-02 -5.614898122448699525e+01
-4.943999999999999784e-02 -5.600760084426735830e+01
-4.895999999999999658e-02 -5.568721398778032494e+01
-4.847999999999999532e-02 -5.584403000432017450e+01
-4.799999999999999406e-02 -5.553935813167203150e+01
-4.751999999999999280e-02 -5.517520939838120597e+01
-4.703999999999999848e-02 -5.504841256119250659e+01
-4.655999999999999722e-02 -5.499334569286803287e+01
-4.607999999999999596e-02 -5.488132818318042894e+01
-4.559999999999999470e-02 -5.467887546182339520e+01
-4.511999999999999345e-02 -5.449896634906238546e+01
-4.463999999999999913e-02 -5.445877665917282684e+01
-4.415999999999999787e-02 -5.389734650659701742e+01
-4.367999999999999661e-02 -5.321381424678289562e+01
-4.319999999999999535e-02 -5.294422666080593842e+01
-4.271999999999999409e-02 -5.278421295211864361e+01
-4.223999999999999977e-02 -5.241451392093963335e+01
-4.175999999999999851e-02 -5.179337205885414619e+01
-4.127999999999999725e-02 -5.138139576392170227e+01
-4.079999999999999599e-02 -5.145832172123370896e+01
-4.031999999999999473e-02 -5.158655601384380418e+01
-3.983999999999999347e-02 -5.174014374355050450e+01
-3.935999999999999915e-02 -5.141413915284157099e+01
-3.887999999999999790e-02 -5.108240047412439822e+01
-3.839999999999999664e-02 -5.098899493794366578e+01
-3.791999999999999538e-02 -5.112310287995019564e+01
-3.743999999999999412e-02 -5.099927658731179747e+01
-3.695999999999999980e-02 -5.086458277611697554e+01
-3.647999999999999854e-02 -5.076802018197340516e+01
-3.599999999999999728e-02 -5.087665946120517901e+01
-3.551999999999999602e-02 -5.041888016045413679e+01
-3.503999999999999476e-02 -4.997058354895397514e+01
-3.455999999999999350e-02 -4.991941690173532464e+01
-3.407999999999999918e-02 -4.957354036503411265e+01
-3.359999999999999792e-02 -4.942533005306976435e+01
-3.311999999999999666e-02 -4.947701591905160967e+01
-3.263999999999999541e-02 -4.913690461065287707e+01
-3.215999999999999415e-02 -4.847116587542390675e+01
-3.167999999999999983e-02 -4.802920275263601724e+01
-3.119999999999999857e-02 -4.760968870030362154e+01
-3.071999999999999731e-02 -4.732841985496797577e+01
-3.023999999999999605e-02 -4.688956919775911558e+01
-2.975999999999999826e-02 -4.614739309645268861e+01
-2.927999999999999700e-02 -4.560622650930888966e+01
-2.879999999999999921e-02 -4.532432312510313466e+01
-2.831999999999999795e-02 -4.488987927081547014e+01
-2.783999999999999669e-02 -4.442193882422111528e+01
-2.735999999999999890e-02 -4.367758832097251798e+01
-2.687999999999999765e-02 -4.290903701484374722e+01
-2.639999999999999639e-02 -4.237793483490921886e+01
-2.591999999999999860e-02 -4.156191801745279690e+01
-2.543999999999999734e-02 -4.097871653762300070e+01
-2.495999999999999608e-02 -4.058705947747576204e+01
-2.447999999999999829e-02 -4.032512592347778480e+01
-2.399999999999999703e-02 -4.001561826210426176e+01
-2.351999999999999924e-02 -3.960838942430063980e+01
-2.303999999999999798e-02 -3.956893785864864554e+01
-2.255999999999999672e-02 -3.939719529502467310e+01
-2.207999999999999893e-02 -3.901441444452358809e+01
-2.159999999999999767e-02 -3.871876482237104256e+01
-2.111999999999999988e-02 -3.804795966809037822e+01
-2.063999999999999863e-02 -3.767752940960708941e+01
-2.015999999999999737e-02 -3.725902213800865326e+01
-1.967999999999999958e-02 -3.659427533905878249e+01
-1.919999999999999832e-02 -3.613416311524066060e+01
-1.871999999999999706e-02 -3.554683611235643781e+01
-1.823999999999999927e-02 -3.465407884723616405e+01
-1.775999999999999801e-02 -3.356130408118575303e+01
-1.727999999999999675e-02 -3.292252660733740299e+01
-1.679999999999999896e-02 -3.236666330482240284e+01
-1.631999999999999770e-02 -3.171659412020388658e+01
-1.583999999999999991e-02 -3.115560912130704452e+01
-1.535999999999999865e-02 -3.088461650450937412e+01
-1.487999999999999913e-02 -3.077950749449202661e+01
-1.439999999999999961e-02 -3.084572163473323769e+01
-1.391999999999999835e-02 -3.118003150976047877e+01
-1.343999999999999882e-02 -3.183611214380815824e+01
-1.295999999999999930e-02 -3.261300364224424442e+01
-1.247999999999999804e-02 -3.363440184252580423e+01
-1.199999999999999852e-02 -3.455264153071325239e+01
-1.151999999999999899e-02 -3.401105736436060312e+01
-1.103999999999999947e-02 -3.194450446365401319e+01
-1.055999999999999994e-02 -2.317268813987482190e+01
-1.007999999999999868e-02 -5.647640317586610337e+00
-9.599999999999999159e-03 2.734129925710413467e+00
-9.119999999999999635e-03 5.419348272075526829e+00
-8.639999999999998376e-03 5.730425807066228394e+00
-8.159999999999998851e-03 5.840272793699852194e+00
-7.679999999999999327e-03 6.101935343883180707e+00
-7.199999999999999803e-03 6.263359842577074232e+00
-6.719999999999999411e-03 6.154719961080203916e+00
-6.239999999999999020e-03 6.233425942532032415e+00
-5.759999999999999495e-03 6.408750327423432758e+00
-5.279999999999999971e-03 6.397222830326272813e+00
-4.799999999999999580e-03 6.415387159201707767e+00
-4.319999999999999188e-03 6.204532355485844697e+00
-3.839999999999999664e-03 6.077901146668144960e+00
-3.359999999999999706e-03 6.047400918119376634e+00
-2.879999999999999748e-03 6.000771011609157490e+00
-2.399999999999999790e-03 6.082397040159430723e+00
-1.919999999999999832e-03 6.019576573251624652e+00
-1.439999999999999874e-03 6.009690700552521747e+00
-9.599999999999999159e-04 6.053038767618238225e+00
-4.799999999999999580e-04 5.930153483768246581e+00
0.000000000000000000e+00 5.864390241224601397e+00
4.799999999999999580e-04 6.085849698077990588e+00
9.599999999999999159e-04 6.477672938071663111e+00
1.439999999999999874e-03 6.141061643831299044e+00
1.919999999999999832e-03 5.805402576240137336e+00
2.399999999999999790e-03 6.057382585230413063e+00
2.879999999999999748e-03 6.259161690358688190e+00
3.359999999999999706e-03 6.451580386693207103e+00
3.839999999999999664e-03 6.239986728645584790e+00
4.319999999999999188e-03 5.957749379281697344e+00
4.799999999999999580e-03 6.031181866685976445e+00
5.279999999999999971e-03 6.146173226990420346e+00
5.759999999999999495e-03 6.132256429560626110e+00
6.239999999999999020e-03 6.018663948497266603e+00
6.719999999999999411e-03 6.038292272406875938e+00
7.199999999999999803e-03 6.108173623279768982e+00
7.679999999999999327e-03 5.837380832529207808e+00
8.159999999999998851e-03 5.803645294634151242e+00
8.639999999999998376e-03 5.792222615827964383e+00
9.119999999999999635e-03 5.370454358029919995e+00
9.599999999999999159e-03 2.592250391632144879e+00
1.007999999999999868e-02 -5.921633092244187324e+00
1.055999999999999994e-02 -2.352014300452068696e+01
1.103999999999999947e-02 -3.215616401991937323e+01
1.151999999999999899e-02 -3.379253957986962575e+01
1.199999999999999852e-02 -3.342610041269860943e+01
1.247999999999999804e-02 -3.249687155981568054e+01
1.295999999999999930e-02 -3.127446823660891440e+01
1.343999999999999882e-02 -3.045568782392477303e+01
1.391999999999999835e-02 -2.998449268071194496e+01
1.439999999999999961e-02 -2.998669079619146416e+01
1.487999999999999913e-02 -3.020024740338820379e+01
1.535999999999999865e-02 -3.026233872741175190e+01
1.583999999999999991e-02 -3.047017755827965502e+01
1.631999999999999770e-02 -3.096512995820286562e+01
1.679999999999999896e-02 -3.158735240588583437e+01
1.727999999999999675e-02 -3.232370233407031179e+01
1.775999999999999801e-02 -3.339168468897789666e+01
1.823999999999999927e-02 -3.412900141398792897e+01
1.871999999999999706e-02 -3.475676606903370924e+01
1.919999999999999832e-02 -3.531368377267075687e+01
1.967999999999999958e-02 -3.580856921220255629e+01
2.015999999999999737e-02 -3.630670478316013572e+01
2.063999999999999863e-02 -3.681638713543127750e+01
2.111999999999999988e-02 -3.728174639989925510e+01
2.159999999999999767e-02 -3.729118785604574526e+01
2.207999999999999893e-02 -3.736976996245471838e+01
2.255999999999999672e-02 -3.782609661580493565e+01
2.303999999999999798e-02 -3.790110179776488053e+01
2.351999999999999924e-02 -3.836063823810918905e+01
2.399999999999999703e-02 -3.868647070857043246e+01
2.447999999999999829e-02 -3.905585624391815003e+01
2.495999999999999608e-02 -3.945353029986015514e+01
2.543999999999999734e-02 -4.012432111318936734e+01
2.591999999999999860e-02 -4.081339992192098975e+01
2.639999999999999639e-02 -4.162831441464668814e+01
2.687999999999999765e-02 -4.251218346031636486e+01
2.735999999999999890e-02 -4.344498728346350447e+01
2.783999999999999669e-02 -4.443380941289048991e+01
2.831999999999999795e-02 -4.529292024414512952e+01
2.879999999999999921e-02 -4.600496259155491430e+01
2.927999999999999700e-02 -4.626732912068866455e+01
2.975999999999999826e-02 -4.679512276772116763e+01
3.023999999999999605e-02 -4.727392769119915528e+01
3.071999999999999731e-02 -4.791197754988129276e+01
3.119999999999999857e-02 -4.834230891595723278e+01
3.167999999999999983e-02 -4.884388931155268665e+01
3.215999999999999415e-02 -4.944318124562163064e+01
3.263999999999999541e-02 -4.994326920180822071e+01
3.311999999999999666e-02 -5.043714538012010706e+01
3.359999999999999792e-02 -5.108915197356148497e+01
3.407999999999999918e-02 -5.148991863535683677e+01
3.455999999999999350e-02 -5.177224743851814992e+01
3.503999999999999476e-02 -5.161180713203485482e+01
3.551999999999999602e-02 -5.186023992950244121e+01
3.599999999999999728e-02 -5.238790917322852181e+01
3.647999999999999854e-02 -5.273358423243647053e+01
3.695999999999999980e-02 -5.291184471055809979e+01
3.743999999999999412e-02 -5.255569174187934323e+01
3.791999999999999538e-02 -5.271590218051186838e+01
3.839999999999999664e-02 -5.309909283173611527e+01
3.887999999999999790e-02 -5.326765838833362920e+01
3.935999999999999915e-02 -5.341774463526353145e+01
3.983999999999999347e-02 -5.349258970047523576e+01
4.031999999999999473e-02 -5.357783766664831404e+01
4.079999999999999599e-02 -5.377437967849629530e+01
4.127999999999999725e-02 -5.401030097908845562e+01
4.175999999999999851e-02 -5.406286347007505100e+01
4.223999999999999977e-02 -5.430170167325508146e+01
4.271999999999999409e-02 -5.466912177375900228e+01
4.319999999999999535e-02 -5.480697153883965456e+01
4.367999999999999661e-02 -5.517064344214702487e+01
4.415999999999999787e-02 -5.544283326005265167e+01
4.463999999999999913e-02 -5.568307811900189108e+01
4.511999999999999345e-02 -5.578930531597897158e+01
4.559999999999999470e-02 -5.630899978647900639e+01
4.607999999999999596e-02 -5.645467820827698091e+01
4.655999999999999722e-02 -5.670717941059336908e+01
4.703999999999999848e-02 -5.684993532188285315e+01
4.751999999999999280e-02 -5.714387473626575797e+01
4.799999999999999406e-02 -5.740440156160187257e+01
4.847999999999999532e-02 -5.769729977579604707e+01
4.895999999999999658e-02 -5.795166561329600086e+01
4.943999999999999784e-02 -5.794747923037247972e+01
4.991999999999999216e-02 -5.789391095484162975e+01
5.039999999999999342e-02 -5.779662114711238985e+01
5.087999999999999468e-02 -5.809953940062526101e+01
5.135999999999999593e-02 -5.846711706754929594e+01
5.183999999999999719e-02 -5.851150737286876335e+01
5.231999999999999845e-02 -5.849852079610889888e+01
5.279999999999999277e-02 -5.851152050462486898e+01
5.327999999999999403e-02 -5.856035550450610572e+01
5.375999999999999529e-02 -5.851385713433828784e+01
5.423999999999999655e-02 -5.851969244893869870e+01
5.471999999999999781e-02 -5.854394331463602441e+01
5.519999999999999213e-02 -5.848298303097871553e+01
5.567999999999999339e-02 -5.868339868319822727e+01
5.615999999999999465e-02 -5.874823415381401048e+01
5.663999999999999591e-02 -5.852021361089341411e+01
5.711999999999999716e-02 -5.889672995264220390e+01
5.759999999999999842e-02 -5.904299382190912837e+01
5.807999999999999274e-02 -5.894301545493839001e+01
5.855999999999999400e-02 -5.926275064590551267e+01
5.903999999999999526e-02 -5.945448998997300549e+01
5.951999999999999652e-02 -5.958629889953117242e+01
5.999999999999999778e-02 -5.968274930669734601e+01
6.047999999999999210e-02 -5.990063242575536151e+01
6.095999999999999336e-02 -6.002041663174227892e+01
6.143999999999999462e-02 -6.021528166053955289e+01
6.191999999999999588e-02 -6.011697106623488196e+01
6.239999999999999714e-02 -6.035540164316898171e+01
6.287999999999999146e-02 -6.045769921229076971e+01
6.335999999999999965e-02 -6.038128536590485140e+01
6.383999999999999397e-02 -6.051615883357156633e+01
6.431999999999998829e-02 -6.049412057912177687e+01
6.479999999999999649e-02 -6.025640610812213538e+01
6.527999999999999081e-02 -6.031454383928466001e+01
6.575999999999999901e-02 -6.061456901943640219e+01
6.623999999999999333e-02 -6.076200356520750034e+01
6.671999999999998765e-02 -6.070894101260199704e+01
6.719999999999999585e-02 -6.071377642686791631e+01
6.767999999999999017e-02 -6.072500179425320255e+01
6.815999999999999837e-02 -6.062638026342951747e+01
6.863999999999999269e-02 -6.054015203800520339e+01
6.911999999999998701e-02 -6.050079317728116735e+01
6.959999999999999520e-02 -6.030423550396128718e+01
7.007999999999998952e-02 -6.047199676400522605e+01
7.055999999999999772e-02 -6.072271272180626056e+01
7.103999999999999204e-02 -6.056410438295738174e+01
7.152000000000000024e-02 -6.063329463281757370e+01
7.199999999999999456e-02 -6.059005595340828876e+01
7.247999999999998888e-02 -6.079425128136368528e+01
7.295999999999999708e-02 -6.129025019865540003e+01
7.343999999999999140e-02 -6.173563152678481458e+01
7.391999999999999960e-02 -6.158872238840083213e+01
7.439999999999999392e-02 -6.120262767865842335e+01
7.487999999999998824e-02 -6.104913309265333510e+01
7.535999999999999643e-02 -6.120966428716931773e+01
7.583999999999999075e-02 -6.139137945755064152e+01
7.631999999999999895e-02 -6.145495972197117851e+01
7.679999999999999327e-02 -6.146263343052505945e+01
7.727999999999998759e-02 -6.159243803999407874e+01
7.775999999999999579e-02 -6.178274894784963323e+01
7.823999999999999011e-02 -6.195486482771106296e+01
7.871999999999999831e-02 -6.206267251803001983e+01
7.919999999999999263e-02 -6.199252889006578471e+01
7.967999999999998695e-02 -6.185267758853236586e+01
8.015999999999999515e-02 -6.187195460746016806e+01
8.063999999999998947e-02 -6.202859299280649452e+01
8.111999999999999766e-02 -6.188813140223886933e+01
8.159999999999999198e-02 -6.173561298908877859e+01
8.207999999999998630e-02 -6.168903966613314083e+01
8.255999999999999450e-02 -6.171181420456383648e+01
8.303999999999998882e-02 -6.205626917862707614e+01
8.351999999999999702e-02 -6.195564229131996115e+01
8.399999999999999134e-02 -6.177083189900842797e+01
8.447999999999999954e-02 -6.206367827962185402e+01
8.495999999999999386e-02 -6.219011231297020004e+01
8.543999999999998818e-02 -6.227015607446904966e+01
8.591999999999999638e-02 -6.224845695102886367e+01
8.639999999999999070e-02 -6.213333364392021707e+01
8.687999999999999889e-02 -6.235549892759117085e+01
8.735999999999999321e-02 -6.247506694112855996e+01
8.783999999999998753e-02 -6.246571203533052596e+01
8.831999999999999573e-02 -6.244196256999386208e+01
8.879999999999999005e-02 -6.186704182543973474e+01
8.927999999999999825e-02 -6.187629509915482373e+01
8.975999999999999257e-02 -6.238255438841180478e+01
9.023999999999998689e-02 -6.244259746401026234e+01
9.071999999999999509e-02 -6.222988896979303064e+01
9.119999999999998941e-02 -6.233784889992766409e+01
9.167999999999999761e-02 -6.273455827388819017e+01
9.215999999999999193e-02 -6.272661328787913249e+01
9.263999999999998625e-02 -6.252231459209400555e+01
9.311999999999999444e-02 -6.251540647455391309e+01
9.359999999999998876e-02 -6.264503086403949084e+01
9.407999999999999696e-02 -6.255156936520144484e+01
9.455999999999999128e-02 -6.263345822861424494e+01
9.503999999999998560e-02 -6.273770183360969810e+01
9.551999999999999380e-02 -6.281615655364834083e+01
9.599999999999998812e-02 -6.297086962423119871e+01
9.647999999999999632e-02 -6.262447844774519012e+01
9.695999999999999064e-02 -6.250193886238467655e+01
9.743999999999998496e-02 -6.275423779008736602e+01
9.791999999999999316e-02 -6.290603270314831263e+01
9.839999999999998748e-02 -6.280646252773428984e+01
9.887999999999999567e-02 -6.277231538264746291e+01
9.935999999999998999e-02 -6.308853472880359448e+01
9.983999999999998431e-02 -6.340420060466382779e+01
1.003199999999999925e-01 -6.358425714582922694e+01
1.007999999999999868e-01 -6.352788610159934279e+01
1.012799999999999950e-01 -6.345396534857077597e+01
1.017599999999999894e-01 -6.377115848684655930e+01
1.022399999999999975e-01 -6.364924997833537645e+01
1.027199999999999919e-01 -6.366995456878244397e+01
1.031999999999999862e-01 -6.408664904020062636e+01
1.036799999999999944e-01 -6.439775703674155238e+01
1.041599999999999887e-01 -6.475105948411240320e+01
1.046399999999999969e-01 -6.519733412007809648e+01
1.051199999999999912e-01 -6.550687932614388842e+01
1.055999999999999855e-01 -6.501692381228021134e+01
1.060799999999999937e-01 -6.445386889255486551e+01
1.065599999999999881e-01 -6.626946138567919320e+01
1.070399999999999963e-01 -6.771151375235285741e+01
1.075199999999999906e-01 -6.862217338387809207e+01
1.079999999999999849e-01 -6.926830430950739981e+01
1.084799999999999931e-01 -6.945357270912838032e+01
1.089599999999999874e-01 -6.983974269193632267e+01
1.094399999999999956e-01 -7.038832989411719154e+01
1.099199999999999899e-01 -7.087771206696550053e+01
1.103999999999999843e-01 -7.164187597940643570e+01
1.108799999999999925e-01 -7.239540550340089453e+01
1.113599999999999868e-01 -7.313064933089619046e+01
1.118399999999999950e-01 -7.367955130791966667e+01
1.123199999999999893e-01 -7.413927596932559538e+01
1.127999999999999836e-01 -7.436852841354465227e+01
1.132799999999999918e-01 -7.469834010534455615e+01
1.137599999999999861e-01 -7.487663799273656196e+01
1.142399999999999943e-01 -7.449982558952716261e+01
1.147199999999999886e-01 -7.412283516765921831e+01
1.151999999999999968e-01 -7.367925822780745193e+01
1.156799999999999912e-01 -7.290141001164877821e+01
1.161599999999999855e-01 -7.251801067444147009e+01
1.166399999999999937e-01 -7.259458087668014059e+01
1.171199999999999880e-01 -7.281043007926187727e+01
1.175999999999999962e-01 -7.327223297165869553e+01
1.180799999999999905e-01 -7.399923924102611750e+01
1.185599999999999848e-01 -7.442762104476551599e+01
1.190399999999999930e-01 -7.507266913920742013e+01
1.195199999999999874e-01 -7.543560790182201004e+01
1.199999999999999956e-01 -7.529894977132813949e+01
1.204799999999999899e-01 -7.486802005681238370e+01
1.209599999999999842e-01 -7.429459595364507152e+01
1.214399999999999924e-01 -7.414300183144735001e+01
1.219199999999999867e-01 -7.361633258811950498e+01
1.223999999999999949e-01 -7.313590097277371171e+01
