-1.228799999999999955e+02 -9.725714737519220421e+01
-1.223999999999999915e+02 -9.959901294373267433e+01
-1.219200000000000017e+02 -1.014052583547572226e+02
-1.214399999999999977e+02 -1.013089236539595106e+02
-1.209599999999999937e+02 -1.013905178683709778e+02
-1.204799999999999898e+02 -1.016668309343674679e+02
-1.200000000000000000e+02 -1.021066010662959513e+02
-1.195199999999999960e+02 -1.024986226857052571e+02
-1.190399999999999920e+02 -1.028276116798266173e+02
-1.185600000000000023e+02 -1.032974692152345142e+02
-1.180799999999999983e+02 -1.034063596778113236e+02
-1.175999999999999943e+02 -1.031187757468677688e+02
-1.171199999999999903e+02 -1.030244022065145941e+02
-1.166400000000000006e+02 -1.028871572060358943e+02
-1.161599999999999966e+02 -1.027891384014660190e+02
-1.156799999999999926e+02 -1.031611603803437447e+02
-1.151999999999999886e+02 -1.034983807905789206e+02
-1.147199999999999989e+02 -1.033731171164838827e+02
-1.142399999999999949e+02 -1.036042899952173002e+02
-1.137599999999999909e+02 -1.036768420827563375e+02
-1.132800000000000011e+02 -1.035888526471566422e+02
-1.127999999999999972e+02 -1.031582926254871921e+02
-1.123199999999999932e+02 -1.023539798921430446e+02
-1.118399999999999892e+02 -1.017155151775376254e+02
-1.113599999999999994e+02 -1.010959411921350437e+02
-1.108799999999999955e+02 -1.001675958001148956e+02
-1.103999999999999915e+02 -9.939992986857791379e+01
-1.099200000000000017e+02 -9.859529900014817372e+01
-1.094399999999999977e+02 -9.741334678802068936e+01
-1.089599999999999937e+02 -9.647650542031325926e+01
-1.084799999999999898e+02 -9.562208573199575312e+01
-1.080000000000000000e+02 -9.471426445871128408e+01
-1.075199999999999960e+02 -9.376884097198481527e+01
-1.070399999999999920e+02 -9.265866177563117390e+01
-1.065600000000000023e+02 -9.175774535060011772e+01
-1.060799999999999983e+02 -9.117360516882101251e+01
-1.055999999999999943e+02 -9.050317632367283238e+01
-1.051199999999999903e+02 -8.972251657776133982e+01
-1.046400000000000006e+02 -8.881776975200790503e+01
-1.041599999999999966e+02 -8.834716032931490304e+01
-1.036799999999999926e+02 -8.807445490721703152e+01
-1.032000000000000028e+02 -8.770325999615542401e+01
-1.027199999999999989e+02 -8.764798144414866954e+01
-1.022399999999999949e+02 -8.751857939216850468e+01
-1.017599999999999909e+02 -8.725187778093967950e+01
-1.012800000000000011e+02 -8.717678146274542428e+01
-1.007999999999999972e+02 -8.712678549911645121e+01
-1.003199999999999932e+02 -8.678164392005960792e+01
-9.984000000000000341e+01 -8.673622528386984243e+01
-9.935999999999999943e+01 -8.678935960580244569e+01
-9.887999999999999545e+01 -8.660399580426431498e+01
-9.839999999999999147e+01 -8.653465153727253778e+01
-9.792000000000000171e+01 -8.651016969910014609e+01
-9.743999999999999773e+01 -8.653880084592179855e+01
-9.695999999999999375e+01 -8.655656304233077947e+01
-9.647999999999998977e+01 -8.640396783041239814e+01
-9.600000000000000000e+01 -8.649698215323613226e+01
-9.551999999999999602e+01 -8.645580005661972223e+01
-9.503999999999999204e+01 -8.631816685224775654e+01
-9.456000000000000227e+01 -8.631425359205339021e+01
-9.407999999999999829e+01 -8.607564547689754875e+01
-9.359999999999999432e+01 -8.595768474351986299e+01
-9.311999999999999034e+01 -8.593570744021673136e+01
-9.264000000000000057e+01 -8.568985379464317020e+01
-9.215999999999999659e+01 -8.570917297292824344e+01
-9.167999999999999261e+01 -8.596148270712058093e+01
-9.120000000000000284e+01 -8.593618716190533746e+01
-9.071999999999999886e+01 -8.601252097283874321e+01
-9.023999999999999488e+01 -8.593663468091833124e+01
-8.975999999999999091e+01 -8.612211584649256224e+01
-8.928000000000000114e+01 -8.612713938345549991e+01
-8.879999999999999716e+01 -8.600774092671241533e+01
-8.831999999999999318e+01 -8.559611419798629584e+01
-8.784000000000000341e+01 -8.542595082803771334e+01
-8.735999999999999943e+01 -8.535990382981691482e+01
-8.687999999999999545e+01 -8.548015046754507296e+01
-8.639999999999999147e+01 -8.542270421915341672e+01
-8.592000000000000171e+01 -8.516179031166441860e+01
-8.543999999999999773e+01 -8.485681028356835043e+01
-8.495999999999999375e+01 -8.497549532199735722e+01
-8.447999999999998977e+01 -8.501018434878392327e+01
-8.400000000000000000e+01 -8.530815122574156817e+01
-8.351999999999999602e+01 -8.512480965323209148e+01
-8.303999999999999204e+01 -8.515184700417945862e+01
-8.256000000000000227e+01 -8.515181657329750919e+01
-8.207999999999999829e+01 -8.472222532291593211e+01
-8.159999999999999432e+01 -8.454923341969708872e+01
-8.111999999999999034e+01 -8.482754420637400017e+01
-8.064000000000000057e+01 -8.476128376981552037e+01
-8.015999999999999659e+01 -8.447864768740868158e+01
-7.967999999999999261e+01 -8.425312483883801917e+01
-7.920000000000000284e+01 -8.415331413681188621e+01
-7.871999999999999886e+01 -8.414491565538872919e+01
-7.823999999999999488e+01 -8.406897169258374447e+01
-7.775999999999999091e+01 -8.436201851961024545e+01
-7.728000000000000114e+01 -8.417229780080747048e+01
-7.679999999999999716e+01 -8.402280027403296003e+01
-7.631999999999999318e+01 -8.404736178981207217e+01
-7.584000000000000341e+01 -8.414557704731410581e+01
-7.535999999999999943e+01 -8.421246659924418054e+01
-7.487999999999999545e+01 -8.404375125708966721e+01
-7.439999999999999147e+01 -8.370539852316298379e+01
-7.392000000000000171e+01 -8.388032810026385278e+01
-7.343999999999999773e+01 -8.428091796152389747e+01
-7.295999999999999375e+01 -8.402244797629404616e+01
-7.248000000000000398e+01 -8.387772960848687376e+01
-7.200000000000000000e+01 -8.354169552943317001e+01
-7.151999999999999602e+01 -8.338976955782355560e+01
-7.103999999999999204e+01 -8.355338711084104375e+01
-7.056000000000000227e+01 -8.358791628620302561e+01
-7.007999999999999829e+01 -8.357126086259404474e+01
-6.959999999999999432e+01 -8.368402749245247207e+01
-6.912000000000000455e+01 -8.366396078904557498e+01
-6.864000000000000057e+01 -8.337032214853864787e+01
-6.815999999999999659e+01 -8.319398020172053521e+01
-6.767999999999999261e+01 -8.328606657624851550e+01
-6.720000000000000284e+01 -8.324229208072458164e+01
-6.671999999999999886e+01 -8.313316270438119204e+01
-6.623999999999999488e+01 -8.314032028506653660e+01
-6.575999999999999091e+01 -8.278959592757473729e+01
-6.528000000000000114e+01 -8.277220628494652033e+01
-6.479999999999999716e+01 -8.311071495132952691e+01
-6.431999999999999318e+01 -8.309603501664120984e+01
-6.383999999999999631e+01 -8.263050900132590471e+01
-6.335999999999999943e+01 -8.253797697079860995e+01
-6.287999999999999545e+01 -8.250693829611579133e+01
-6.239999999999999858e+01 -8.235719868700952873e+01
-6.191999999999999460e+01 -8.226665203752747857e+01
-6.143999999999999773e+01 -8.239830061608139999e+01
-6.096000000000000085e+01 -8.251322487769195391e+01
-6.047999999999999687e+01 -8.235244499170811139e+01
-6.000000000000000000e+01 -8.225605038495942267e+01
-5.951999999999999602e+01 -8.248246239170320848e+01
-5.903999999999999915e+01 -8.247591736971578769e+01
-5.855999999999999517e+01 -8.230623911259756653e+01
-5.807999999999999829e+01 -8.193786920411183416e+01
-5.759999999999999432e+01 -8.204690497662767257e+01
-5.711999999999999744e+01 -8.194530784379134047e+01
-5.664000000000000057e+01 -8.180887448065965373e+01
-5.615999999999999659e+01 -8.188719548486103861e+01
-5.567999999999999972e+01 -8.201357006365367397e+01
-5.519999999999999574e+01 -8.183252538037555723e+01
-5.471999999999999886e+01 -8.152235073695761969e+01
-5.423999999999999488e+01 -8.142080289476965049e+01
-5.375999999999999801e+01 -8.129678710418741616e+01
-5.328000000000000114e+01 -8.123660321286634201e+01
-5.279999999999999716e+01 -8.121328331787503885e+01
-5.232000000000000028e+01 -8.130401663359364761e+01
-5.183999999999999631e+01 -8.140941382040824692e+01
-5.135999999999999943e+01 -8.172620614591303934e+01
-5.087999999999999545e+01 -8.150202630226964118e+01
-5.039999999999999858e+01 -8.089944901461163340e+01
-4.992000000000000171e+01 -8.067450970483980655e+01
-4.943999999999999773e+01 -8.060274771537766014e+01
-4.896000000000000085e+01 -8.067646576466502495e+01
-4.847999999999999687e+01 -8.059654841039765927e+01
-4.800000000000000000e+01 -8.055451148747634704e+01
-4.751999999999999602e+01 -8.036157359157138558e+01
-4.703999999999999915e+01 -8.011320166338434490e+01
-4.655999999999999517e+01 -8.030196520008271932e+01
-4.607999999999999829e+01 -8.031411128796969479e+01
-4.560000000000000142e+01 -8.048289845215286675e+01
-4.511999999999999744e+01 -8.034433046106713050e+01
-4.464000000000000057e+01 -8.023449947977536567e+01
-4.415999999999999659e+01 -8.010711666179017243e+01
-4.367999999999999972e+01 -8.001536561170306072e+01
-4.319999999999999574e+01 -8.003894837070754420e+01
-4.271999999999999886e+01 -7.990569768137979167e+01
-4.223999999999999488e+01 -7.996337649757026611e+01
-4.175999999999999801e+01 -7.986788944189214590e+01
-4.128000000000000114e+01 -7.929878277185372326e+01
-4.079999999999999716e+01 -7.897653549835611386e+01
-4.032000000000000028e+01 -7.911210805896254783e+01
-3.983999999999999631e+01 -7.903148942240299846e+01
-3.935999999999999943e+01 -7.860640682610713270e+01
-3.887999999999999545e+01 -7.809670479013736610e+01
-3.839999999999999858e+01 -7.792742999933562942e+01
-3.792000000000000171e+01 -7.786140185646354439e+01
-3.743999999999999773e+01 -7.756469051101973378e+01
-3.696000000000000085e+01 -7.739601852166211415e+01
-3.647999999999999687e+01 -7.718381235691711595e+01
-3.600000000000000000e+01 -7.723242721479918771e+01
-3.551999999999999602e+01 -7.712741521700900194e+01
-3.503999999999999915e+01 -7.682285147831612448e+01
-3.456000000000000227e+01 -7.690170123879612163e+01
-3.407999999999999829e+01 -7.687256450505852001e+01
-3.360000000000000142e+01 -7.671706330730933132e+01
-3.311999999999999744e+01 -7.646557642431892532e+01
-3.264000000000000057e+01 -7.579244601898525957e+01
-3.215999999999999659e+01 -7.551526225263120295e+01
-3.167999999999999972e+01 -7.513358674929597214e+01
-3.119999999999999929e+01 -7.460423842822495999e+01
-3.071999999999999886e+01 -7.422063770829429075e+01
-3.023999999999999844e+01 -7.370233338084419472e+01
-2.975999999999999801e+01 -7.338989518720696026e+01
-2.927999999999999758e+01 -7.302676900025409168e+01
-2.879999999999999716e+01 -7.279596707927557020e+01
-2.832000000000000028e+01 -7.252884279363853182e+01
-2.783999999999999986e+01 -7.244647150310757411e+01
-2.735999999999999943e+01 -7.207547780527407610e+01
-2.687999999999999901e+01 -7.151093287622229866e+01
-2.639999999999999858e+01 -7.098382559985488172e+01
-2.591999999999999815e+01 -7.025758501898447150e+01
-2.543999999999999773e+01 -6.987240428384436086e+01
-2.496000000000000085e+01 -6.956095848378114965e+01
-2.448000000000000043e+01 -6.916359990445593553e+01
-2.400000000000000000e+01 -6.873629065164033136e+01
-2.351999999999999957e+01 -6.836012948657437960e+01
-2.303999999999999915e+01 -6.777513707957618294e+01
-2.255999999999999872e+01 -6.696502823260817649e+01
-2.207999999999999829e+01 -6.623583340003486342e+01
-2.159999999999999787e+01 -6.562555026065076902e+01
-2.111999999999999744e+01 -6.455281619512103930e+01
-2.064000000000000057e+01 -6.388470648153956688e+01
-2.016000000000000014e+01 -6.337598854743686161e+01
-1.967999999999999972e+01 -6.321760659507725677e+01
-1.919999999999999929e+01 -6.343462415233747720e+01
-1.871999999999999886e+01 -6.367865238129540018e+01
-1.823999999999999844e+01 -6.406213186564863804e+01
-1.775999999999999801e+01 -6.419704072778235115e+01
-1.728000000000000114e+01 -6.415961845126165031e+01
-1.680000000000000071e+01 -6.412316778373791237e+01
-1.632000000000000028e+01 -6.393995922839287260e+01
-1.583999999999999986e+01 -6.321762286388226926e+01
-1.535999999999999943e+01 -6.243519131299524361e+01
-1.487999999999999901e+01 -6.128252319966826178e+01
-1.439999999999999858e+01 -6.012707624043274279e+01
-1.391999999999999993e+01 -5.932607700203146806e+01
-1.343999999999999950e+01 -5.917459495960636673e+01
-1.295999999999999908e+01 -5.921092424409155797e+01
-1.248000000000000043e+01 -5.996336830865332246e+01
-1.200000000000000000e+01 -6.103168324016165514e+01
-1.151999999999999957e+01 -6.119284150873471617e+01
-1.103999999999999915e+01 -5.941235136179457044e+01
-1.055999999999999872e+01 -5.172647063985790794e+01
-1.008000000000000007e+01 -3.490638506524851437e+01
-9.599999999999999645e+00 -2.656290147523037959e+01
-9.119999999999999218e+00 -2.390141130727155172e+01
-8.640000000000000568e+00 -2.363554822649184572e+01
-8.160000000000000142e+00 -2.358122018262155706e+01
-7.679999999999999716e+00 -2.336972618638183974e+01
-7.199999999999999289e+00 -2.325339054691315610e+01
-6.719999999999999751e+00 -2.341586478119145553e+01
-6.240000000000000213e+00 -2.337497814832064336e+01
-5.759999999999999787e+00 -2.322006731776403399e+01
-5.279999999999999361e+00 -2.325181688685605153e+01
-4.799999999999999822e+00 -2.325306062079621938e+01
-4.320000000000000284e+00 -2.344727084829161257e+01
-3.839999999999999858e+00 -2.355203740230023968e+01
-3.359999999999999876e+00 -2.355544266411884280e+01
-2.879999999999999893e+00 -2.355534448686874072e+01
-2.399999999999999911e+00 -2.343800694623608294e+01
-1.919999999999999929e+00 -2.347003899981705999e+01
-1.439999999999999947e+00 -2.342362198958963404e+01
-9.599999999999999645e-01 -2.334324391410936528e+01
-4.799999999999999822e-01 -2.344244064188321985e+01
0.000000000000000000e+00 -2.347994841562177726e+01
4.799999999999999822e-01 -2.325369776626049401e+01
9.599999999999999645e-01 -2.288303081075163448e+01
1.439999999999999947e+00 -2.324769725736760861e+01
1.919999999999999929e+00 -2.361567210736484412e+01
2.399999999999999911e+00 -2.338892138390427533e+01
2.879999999999999893e+00 -2.321818030974787916e+01
3.359999999999999876e+00 -2.305790723878143922e+01
3.839999999999999858e+00 -2.329625602768877002e+01
4.320000000000000284e+00 -2.359420620026663329e+01
4.799999999999999822e+00 -2.352209224086067962e+01
5.279999999999999361e+00 -2.339453527515264852e+01
5.759999999999999787e+00 -2.339182279484580818e+01
6.240000000000000213e+00 -2.348090177507757659e+01
6.719999999999999751e+00 -2.342377555034607184e+01
7.199999999999999289e+00 -2.330953411247493889e+01
7.679999999999999716e+00 -2.352615275928989647e+01
8.160000000000000142e+00 -2.351571217316312712e+01
8.640000000000000568e+00 -2.348376282106490720e+01
9.119999999999999218e+00 -2.386253944306456987e+01
9.599999999999999645e+00 -2.659659958781901423e+01
1.008000000000000007e+01 -3.506448018674620926e+01
1.055999999999999872e+01 -5.195922645248917604e+01
1.103999999999999915e+01 -5.958056448246519210e+01
1.151999999999999957e+01 -6.115529673186081538e+01
1.200000000000000000e+01 -6.030265870211339063e+01
1.248000000000000043e+01 -5.906524801611813302e+01
1.295999999999999908e+01 -5.820121655551041329e+01
1.343999999999999950e+01 -5.800405430474894786e+01
1.391999999999999993e+01 -5.838454525773826731e+01
1.439999999999999858e+01 -5.935590210763180608e+01
1.487999999999999901e+01 -6.073925227791850290e+01
1.535999999999999943e+01 -6.184276571944585044e+01
1.583999999999999986e+01 -6.282660237722241447e+01
1.632000000000000028e+01 -6.354712380572098596e+01
1.680000000000000071e+01 -6.397189860765643488e+01
1.728000000000000114e+01 -6.404470994920959015e+01
1.775999999999999801e+01 -6.405031231264290170e+01
1.823999999999999844e+01 -6.371962356551819795e+01
1.871999999999999886e+01 -6.330502810402780511e+01
1.919999999999999929e+01 -6.292389964087418974e+01
1.967999999999999972e+01 -6.281949645103559021e+01
2.016000000000000014e+01 -6.290638325899828232e+01
2.064000000000000057e+01 -6.331721327129489651e+01
2.111999999999999744e+01 -6.393377045483806853e+01
2.159999999999999787e+01 -6.431599683940633838e+01
2.207999999999999829e+01 -6.487707399881927017e+01
2.255999999999999872e+01 -6.585164791987752153e+01
2.303999999999999915e+01 -6.657460332356214394e+01
2.351999999999999957e+01 -6.741045358905674334e+01
2.400000000000000000e+01 -6.803037569560528652e+01
2.448000000000000043e+01 -6.847873298978046819e+01
2.496000000000000085e+01 -6.888735649555508189e+01
2.543999999999999773e+01 -6.949427599597784422e+01
2.591999999999999815e+01 -7.007251092289818928e+01
2.639999999999999858e+01 -7.057571497997300014e+01
2.687999999999999901e+01 -7.092732568259143022e+01
2.735999999999999943e+01 -7.103512840061830502e+01
2.783999999999999986e+01 -7.143803885321980829e+01
2.832000000000000028e+01 -7.153342014699349249e+01
2.879999999999999716e+01 -7.142537677456039091e+01
2.927999999999999758e+01 -7.141331280252261138e+01
2.975999999999999801e+01 -7.160786551888082840e+01
3.023999999999999844e+01 -7.231638211752445500e+01
3.071999999999999886e+01 -7.304199178124920877e+01
3.119999999999999929e+01 -7.379158563448284269e+01
3.167999999999999972e+01 -7.431327975289174503e+01
3.215999999999999659e+01 -7.490556195616032653e+01
3.264000000000000057e+01 -7.559015739912905474e+01
3.311999999999999744e+01 -7.582974436501248761e+01
3.360000000000000142e+01 -7.578442437451820979e+01
3.407999999999999829e+01 -7.619306583276994616e+01
3.456000000000000227e+01 -7.651308924844948933e+01
3.503999999999999915e+01 -7.646256954750373325e+01
3.551999999999999602e+01 -7.660117284970310436e+01
3.600000000000000000e+01 -7.678822390250145702e+01
3.647999999999999687e+01 -7.671433306572910737e+01
3.696000000000000085e+01 -7.693838085460660636e+01
3.743999999999999773e+01 -7.705413258374143481e+01
3.792000000000000171e+01 -7.735888318642264494e+01
3.839999999999999858e+01 -7.762032123502017100e+01
3.887999999999999545e+01 -7.788924616769111253e+01
3.935999999999999943e+01 -7.828960483470230258e+01
3.983999999999999631e+01 -7.848003873741438952e+01
4.032000000000000028e+01 -7.887705469666285296e+01
4.079999999999999716e+01 -7.955037024604894214e+01
4.128000000000000114e+01 -8.016870930171995724e+01
4.175999999999999801e+01 -8.036266795472727154e+01
4.223999999999999488e+01 -8.047042196440990836e+01
4.271999999999999886e+01 -8.071352374516749251e+01
4.319999999999999574e+01 -8.047975151508984482e+01
4.367999999999999972e+01 -8.018090135701564236e+01
4.415999999999999659e+01 -8.037186541376976834e+01
4.464000000000000057e+01 -8.058395753207011580e+01
4.511999999999999744e+01 -8.049329655645681214e+01
4.560000000000000142e+01 -8.061870278195848982e+01
4.607999999999999829e+01 -8.071946594868883551e+01
4.655999999999999517e+01 -8.123118335864057826e+01
4.703999999999999915e+01 -8.116427905528681208e+01
4.751999999999999602e+01 -8.113256254300441128e+01
4.800000000000000000e+01 -8.135696991802694811e+01
4.847999999999999687e+01 -8.156650717905884562e+01
4.896000000000000085e+01 -8.175863471216939615e+01
4.943999999999999773e+01 -8.178647736798694723e+01
4.992000000000000171e+01 -8.200091980176293305e+01
5.039999999999999858e+01 -8.218513372752390467e+01
5.087999999999999545e+01 -8.236135186550296794e+01
5.135999999999999943e+01 -8.240765364026900386e+01
5.183999999999999631e+01 -8.247419593788167447e+01
5.232000000000000028e+01 -8.248396339138940903e+01
5.279999999999999716e+01 -8.229015381060401069e+01
5.328000000000000114e+01 -8.220824195962991610e+01
5.375999999999999801e+01 -8.224340659225143213e+01
5.423999999999999488e+01 -8.207934048447469877e+01
5.471999999999999886e+01 -8.232354954267802327e+01
5.519999999999999574e+01 -8.253338435038089926e+01
5.567999999999999972e+01 -8.280402793870548805e+01
5.615999999999999659e+01 -8.271135220351551709e+01
5.664000000000000057e+01 -8.285709074511673577e+01
5.711999999999999744e+01 -8.290347181745316618e+01
5.759999999999999432e+01 -8.299167171220344130e+01
5.807999999999999829e+01 -8.329804720077602553e+01
5.855999999999999517e+01 -8.341393314781690549e+01
5.903999999999999915e+01 -8.317272898245408896e+01
5.951999999999999602e+01 -8.306525930561791426e+01
6.000000000000000000e+01 -8.321795164388336730e+01
6.047999999999999687e+01 -8.332716977339043751e+01
6.096000000000000085e+01 -8.313217415158925405e+01
6.143999999999999773e+01 -8.319343180555584638e+01
6.191999999999999460e+01 -8.337294847552627175e+01
6.239999999999999858e+01 -8.322522812265899006e+01
6.287999999999999545e+01 -8.326696854673488701e+01
6.335999999999999943e+01 -8.362770086007442671e+01
6.383999999999999631e+01 -8.371004246664546145e+01
6.431999999999999318e+01 -8.344853476334131415e+01
6.479999999999999716e+01 -8.339636640651482935e+01
6.528000000000000114e+01 -8.380290545623375920e+01
6.575999999999999091e+01 -8.396495938202878051e+01
6.623999999999999488e+01 -8.382307047490186847e+01
6.671999999999999886e+01 -8.402443697694923230e+01
6.720000000000000284e+01 -8.439687724605688857e+01
6.767999999999999261e+01 -8.428332361608971723e+01
6.815999999999999659e+01 -8.406719836988307293e+01
6.864000000000000057e+01 -8.419924598302793584e+01
6.912000000000000455e+01 -8.427820718396677080e+01
6.959999999999999432e+01 -8.431386526836975293e+01
7.007999999999999829e+01 -8.418928550874618111e+01
7.056000000000000227e+01 -8.434279073995519127e+01
7.103999999999999204e+01 -8.450240256881174616e+01
7.151999999999999602e+01 -8.441166293961973111e+01
7.200000000000000000e+01 -8.437386342616872525e+01
7.248000000000000398e+01 -8.445219972006803744e+01
7.295999999999999375e+01 -8.444917170778839477e+01
7.343999999999999773e+01 -8.461572525976100678e+01
7.392000000000000171e+01 -8.484453959530382861e+01
7.439999999999999147e+01 -8.496831030502428916e+01
7.487999999999999545e+01 -8.491837364078840267e+01
7.535999999999999943e+01 -8.495462511424693730e+01
7.584000000000000341e+01 -8.494010359239999275e+01
7.631999999999999318e+01 -8.477645816367743237e+01
7.679999999999999716e+01 -8.494323215494183898e+01
7.728000000000000114e+01 -8.524808949643059464e+01
7.775999999999999091e+01 -8.535208794392156051e+01
7.823999999999999488e+01 -8.541230078947936022e+01
7.871999999999999886e+01 -8.525387411753652600e+01
7.920000000000000284e+01 -8.557365811962269220e+01
7.967999999999999261e+01 -8.551904653799459766e+01
8.015999999999999659e+01 -8.535802036185168618e+01
8.064000000000000057e+01 -8.577893940297659015e+01
8.111999999999999034e+01 -8.576706945875574206e+01
8.159999999999999432e+01 -8.548064583353445300e+01
8.207999999999999829e+01 -8.569080059796357318e+01
8.256000000000000227e+01 -8.564747180301145590e+01
8.303999999999999204e+01 -8.559618728358697126e+01
8.351999999999999602e+01 -8.573245070352612629e+01
8.400000000000000000e+01 -8.601986627666435936e+01
8.447999999999998977e+01 -8.618794285893670803e+01
8.495999999999999375e+01 -8.615450118742015206e+01
8.543999999999999773e+01 -8.621816263335227859e+01
8.592000000000000171e+01 -8.623342567732782982e+01
8.639999999999999147e+01 -8.614296789404198762e+01
8.687999999999999545e+01 -8.634889812024678690e+01
8.735999999999999943e+01 -8.626247609943114014e+01
8.784000000000000341e+01 -8.590599865019625270e+01
8.831999999999999318e+01 -8.577328174671987426e+01
8.879999999999999716e+01 -8.594068736963171773e+01
8.928000000000000114e+01 -8.607861354474903237e+01
8.975999999999999091e+01 -8.634245947074390415e+01
9.023999999999999488e+01 -8.643924675181666828e+01
9.071999999999999886e+01 -8.629806445290344641e+01
9.120000000000000284e+01 -8.629423615651241164e+01
9.167999999999999261e+01 -8.656851495888926706e+01
9.215999999999999659e+01 -8.669506397589958624e+01
9.264000000000000057e+01 -8.669766902477464043e+01
9.311999999999999034e+01 -8.690200568896474920e+01
9.359999999999999432e+01 -8.689298346842215892e+01
9.407999999999999829e+01 -8.676061349518462862e+01
9.456000000000000227e+01 -8.664666410892627368e+01
9.503999999999999204e+01 -8.649907384454756709e+01
9.551999999999999602e+01 -8.692394604247621714e+01
9.600000000000000000e+01 -8.702331859838665196e+01
9.647999999999998977e+01 -8.696907792938033310e+01
9.695999999999999375e+01 -8.701588811478151797e+01
9.743999999999999773e+01 -8.661505140923659951e+01
9.792000000000000171e+01 -8.662317475675098422e+01
9.839999999999999147e+01 -8.700105582148991346e+01
9.887999999999999545e+01 -8.725352415425825825e+01
9.935999999999999943e+01 -8.733039015840689956e+01
9.984000000000000341e+01 -8.746414791194133898e+01
1.003199999999999932e+02 -8.743953655721892915e+01
1.007999999999999972e+02 -8.735618692161976639e+01
1.012800000000000011e+02 -8.743865746412289752e+01
1.017599999999999909e+02 -8.778648688701416347e+01
1.022399999999999949e+02 -8.794311360268355315e+01
1.027199999999999989e+02 -8.820514647110147166e+01
1.032000000000000028e+02 -8.879648605976855436e+01
1.036799999999999926e+02 -8.949514695178780244e+01
1.041599999999999966e+02 -8.970393109341495119e+01
1.046400000000000006e+02 -8.996915026967175777e+01
1.051199999999999903e+02 -9.028463013693337302e+01
1.055999999999999943e+02 -9.032374714026946094e+01
1.060799999999999983e+02 -9.097989956788828181e+01
1.065600000000000023e+02 -9.201001679159884361e+01
1.070399999999999920e+02 -9.254308620808814112e+01
1.075199999999999960e+02 -9.339502777828413116e+01
1.080000000000000000e+02 -9.448445661471792789e+01
1.084799999999999898e+02 -9.551861828652663178e+01
1.089599999999999937e+02 -9.665242283535889101e+01
1.094399999999999977e+02 -9.795674570362652389e+01
1.099200000000000017e+02 -9.923392952839773784e+01
1.103999999999999915e+02 -1.000642321852801615e+02
1.108799999999999955e+02 -1.008352695933233178e+02
1.113599999999999994e+02 -1.016723653883825449e+02
1.118399999999999892e+02 -1.021642651915768454e+02
1.123199999999999932e+02 -1.027271337085609559e+02
1.127999999999999972e+02 -1.034460352540960884e+02
1.132800000000000011e+02 -1.036687716733719640e+02
1.137599999999999909e+02 -1.039150032846569900e+02
1.142399999999999949e+02 -1.040896331144732443e+02
1.147199999999999989e+02 -1.043932219798773531e+02
1.151999999999999886e+02 -1.042418274671212828e+02
1.156799999999999926e+02 -1.042068567523325555e+02
1.161599999999999966e+02 -1.038424062862623032e+02
1.166400000000000006e+02 -1.035786154634649705e+02
1.171199999999999903e+02 -1.034802083885924020e+02
1.175999999999999943e+02 -1.030623222701852484e+02
1.180799999999999983e+02 -1.025484646458660904e+02
1.185600000000000023e+02 -1.025238880366757144e+02
1.190399999999999920e+02 -1.025388205565871402e+02
1.195199999999999960e+02 -1.026815639380939018e+02
1.200000000000000000e+02 -1.031990786200270804e+02
1.204799999999999898e+02 -1.031014787850036214e+02
1.209599999999999937e+02 -1.030348334748509700e+02
1.214399999999999977e+02 -1.032331670752619175e+02
1.219200000000000017e+02 -1.030855333061176538e+02
1.223999999999999915e+02 -1.000396819313527317e+02
