-1.228799999999999955e+02 -9.997409269911757690e+01
-1.223999999999999915e+02 -1.009527150501689761e+02
-1.219200000000000017e+02 -1.019184818957595553e+02
-1.214399999999999977e+02 -1.017014392317228442e+02
-1.209599999999999937e+02 -1.016161150428462037e+02
-1.204799999999999898e+02 -1.018141206582697862e+02
-1.200000000000000000e+02 -1.019988955624239537e+02
-1.195199999999999960e+02 -1.022459320494449884e+02
-1.190399999999999920e+02 -1.028479284936390883e+02
-1.185600000000000023e+02 -1.035627923902648888e+02
-1.180799999999999983e+02 -1.036789645456927076e+02
-1.175999999999999943e+02 -1.034421212606194587e+02
-1.171199999999999903e+02 -1.032815774061901237e+02
-1.166400000000000006e+02 -1.031945170629462751e+02
-1.161599999999999966e+02 -1.031420465651065967e+02
-1.156799999999999926e+02 -1.033778378859173444e+02
-1.151999999999999886e+02 -1.036020457877695691e+02
-1.147199999999999989e+02 -1.039666435318177520e+02
-1.142399999999999949e+02 -1.039631269611339661e+02
-1.137599999999999909e+02 -1.038019053131239531e+02
-1.132800000000000011e+02 -1.037029205044102866e+02
-1.127999999999999972e+02 -1.031966568509235174e+02
-1.123199999999999932e+02 -1.025961265223546377e+02
-1.118399999999999892e+02 -1.019797941260166283e+02
-1.113599999999999994e+02 -1.010464384098496993e+02
-1.108799999999999955e+02 -1.002383503745021756e+02
-1.103999999999999915e+02 -9.955893349748453147e+01
-1.099200000000000017e+02 -9.879488449636248504e+01
-1.094399999999999977e+02 -9.769213533273261874e+01
-1.089599999999999937e+02 -9.644351361531974476e+01
-1.084799999999999898e+02 -9.542015321603625466e+01
-1.080000000000000000e+02 -9.472030308090539563e+01
-1.075199999999999960e+02 -9.366521144714980096e+01
-1.070399999999999920e+02 -9.282195372648732246e+01
-1.065600000000000023e+02 -9.203192584346516014e+01
-1.060799999999999983e+02 -9.113383672769293753e+01
-1.055999999999999943e+02 -9.033079631408467947e+01
-1.051199999999999903e+02 -8.963389333009132542e+01
-1.046400000000000006e+02 -8.905119278272098882e+01
-1.041599999999999966e+02 -8.883110990091697090e+01
-1.036799999999999926e+02 -8.839352430393887516e+01
-1.032000000000000028e+02 -8.796179956354818330e+01
-1.027199999999999989e+02 -8.779904947592285680e+01
-1.022399999999999949e+02 -8.749745400245537041e+01
-1.017599999999999909e+02 -8.701870319455747449e+01
-1.012800000000000011e+02 -8.671121323826983485e+01
-1.007999999999999972e+02 -8.685719951504290748e+01
-1.003199999999999932e+02 -8.673738140381475148e+01
-9.984000000000000341e+01 -8.669509151565736715e+01
-9.935999999999999943e+01 -8.674935479070282440e+01
-9.887999999999999545e+01 -8.668031699010327884e+01
-9.839999999999999147e+01 -8.670249781250660703e+01
-9.792000000000000171e+01 -8.666491621102218801e+01
-9.743999999999999773e+01 -8.652837233859096955e+01
-9.695999999999999375e+01 -8.637255293076471219e+01
-9.647999999999998977e+01 -8.642054964343991230e+01
-9.600000000000000000e+01 -8.664795757422231759e+01
-9.551999999999999602e+01 -8.659989363549311747e+01
-9.503999999999999204e+01 -8.646104754870712839e+01
-9.456000000000000227e+01 -8.620255610222712050e+01
-9.407999999999999829e+01 -8.612312932393747644e+01
-9.359999999999999432e+01 -8.639035205728276878e+01
-9.311999999999999034e+01 -8.635213218224330944e+01
-9.264000000000000057e+01 -8.585581375289025630e+01
-9.215999999999999659e+01 -8.579894661782596188e+01
-9.167999999999999261e+01 -8.606789099712295865e+01
-9.120000000000000284e+01 -8.625711548206456314e+01
-9.071999999999999886e+01 -8.600605713270209662e+01
-9.023999999999999488e+01 -8.580759729136231329e+01
-8.975999999999999091e+01 -8.577380756519514193e+01
-8.928000000000000114e+01 -8.568725035541280022e+01
-8.879999999999999716e+01 -8.579979603528768450e+01
-8.831999999999999318e+01 -8.575413846004251184e+01
-8.784000000000000341e+01 -8.567735935083497623e+01
-8.735999999999999943e+01 -8.578656748768780460e+01
-8.687999999999999545e+01 -8.557436015322343792e+01
-8.639999999999999147e+01 -8.531129142414684452e+01
-8.592000000000000171e+01 -8.523525580607689278e+01
-8.543999999999999773e+01 -8.525642121636570891e+01
-8.495999999999999375e+01 -8.544737954161612947e+01
-8.447999999999998977e+01 -8.526037944817358039e+01
-8.400000000000000000e+01 -8.515073244840348821e+01
-8.351999999999999602e+01 -8.485924507612530476e+01
-8.303999999999999204e+01 -8.472415014212515416e+01
-8.256000000000000227e+01 -8.463598914011410557e+01
-8.207999999999999829e+01 -8.478795856377163886e+01
-8.159999999999999432e+01 -8.481225522347928347e+01
-8.111999999999999034e+01 -8.477783159565213111e+01
-8.064000000000000057e+01 -8.469385890958309915e+01
-8.015999999999999659e+01 -8.445432916796008271e+01
-7.967999999999999261e+01 -8.437033060768818871e+01
-7.920000000000000284e+01 -8.471276935332490154e+01
-7.871999999999999886e+01 -8.448454395675591400e+01
-7.823999999999999488e+01 -8.400487855722798258e+01
-7.775999999999999091e+01 -8.422469957746905322e+01
-7.728000000000000114e+01 -8.415450852276825344e+01
-7.679999999999999716e+01 -8.406941324186506392e+01
-7.631999999999999318e+01 -8.425257719433589898e+01
-7.584000000000000341e+01 -8.419046512820966655e+01
-7.535999999999999943e+01 -8.408822530197721790e+01
-7.487999999999999545e+01 -8.417744093712693143e+01
-7.439999999999999147e+01 -8.384167697790400098e+01
-7.392000000000000171e+01 -8.391339089182716293e+01
-7.343999999999999773e+01 -8.431767714871833164e+01
-7.295999999999999375e+01 -8.434603965336803810e+01
-7.248000000000000398e+01 -8.425237958132767346e+01
-7.200000000000000000e+01 -8.398361034716043605e+01
-7.151999999999999602e+01 -8.373290752499207201e+01
-7.103999999999999204e+01 -8.366592367903726313e+01
-7.056000000000000227e+01 -8.360334113424170255e+01
-7.007999999999999829e+01 -8.358738929893968361e+01
-6.959999999999999432e+01 -8.373927875615004268e+01
-6.912000000000000455e+01 -8.386205687493352912e+01
-6.864000000000000057e+01 -8.358894662790974905e+01
-6.815999999999999659e+01 -8.327917208723576437e+01
-6.767999999999999261e+01 -8.340828735093003843e+01
-6.720000000000000284e+01 -8.368857647860141924e+01
-6.671999999999999886e+01 -8.371101279021834785e+01
-6.623999999999999488e+01 -8.364938245500398750e+01
-6.575999999999999091e+01 -8.336482476886860127e+01
-6.528000000000000114e+01 -8.311497294379763900e+01
-6.479999999999999716e+01 -8.310836870942885923e+01
-6.431999999999999318e+01 -8.300980600762228789e+01
-6.383999999999999631e+01 -8.273412926676610368e+01
-6.335999999999999943e+01 -8.277829579328275145e+01
-6.287999999999999545e+01 -8.287556837263431930e+01
-6.239999999999999858e+01 -8.270699764234933582e+01
-6.191999999999999460e+01 -8.251629103042391478e+01
-6.143999999999999773e+01 -8.252770974926377789e+01
-6.096000000000000085e+01 -8.263963666275614628e+01
-6.047999999999999687e+01 -8.253136988106265903e+01
-6.000000000000000000e+01 -8.258842781253333953e+01
-5.951999999999999602e+01 -8.254006505129038374e+01
-5.903999999999999915e+01 -8.256777960546156692e+01
-5.855999999999999517e+01 -8.259995631412155603e+01
-5.807999999999999829e+01 -8.243854199272203687e+01
-5.759999999999999432e+01 -8.244922491120668440e+01
-5.711999999999999744e+01 -8.235300753668930440e+01
-5.664000000000000057e+01 -8.229470684043866413e+01
-5.615999999999999659e+01 -8.206850934676296561e+01
-5.567999999999999972e+01 -8.191613457842760226e+01
-5.519999999999999574e+01 -8.197699525204086513e+01
-5.471999999999999886e+01 -8.184111892817392686e+01
-5.423999999999999488e+01 -8.181785897982055644e+01
-5.375999999999999801e+01 -8.187270995493277326e+01
-5.328000000000000114e+01 -8.190822435163988757e+01
-5.279999999999999716e+01 -8.185833043016779698e+01
-5.232000000000000028e+01 -8.180584486629885532e+01
-5.183999999999999631e+01 -8.190641615380818052e+01
-5.135999999999999943e+01 -8.211909723983762888e+01
-5.087999999999999545e+01 -8.180030947921810025e+01
-5.039999999999999858e+01 -8.131173811541317775e+01
-4.992000000000000171e+01 -8.108281551184525426e+01
-4.943999999999999773e+01 -8.093487866887593896e+01
-4.896000000000000085e+01 -8.097730542710962709e+01
-4.847999999999999687e+01 -8.094588945017301285e+01
-4.800000000000000000e+01 -8.093464416818987672e+01
-4.751999999999999602e+01 -8.086926875765969669e+01
-4.703999999999999915e+01 -8.059544859098775760e+01
-4.655999999999999517e+01 -8.057947303178451648e+01
-4.607999999999999829e+01 -8.083943587621718052e+01
-4.560000000000000142e+01 -8.071967320968326476e+01
-4.511999999999999744e+01 -8.050809516559965573e+01
-4.464000000000000057e+01 -8.047423255624791238e+01
-4.415999999999999659e+01 -8.040938274170790123e+01
-4.367999999999999972e+01 -8.032866541552868966e+01
-4.319999999999999574e+01 -8.037798793356751048e+01
-4.271999999999999886e+01 -8.034539448228602510e+01
-4.223999999999999488e+01 -8.044979752251779814e+01
-4.175999999999999801e+01 -8.037667308702820890e+01
-4.128000000000000114e+01 -7.981653238548950924e+01
-4.079999999999999716e+01 -7.953102579662079563e+01
-4.032000000000000028e+01 -7.961491861626534217e+01
-3.983999999999999631e+01 -7.946081468435002648e+01
-3.935999999999999943e+01 -7.899329896614618463e+01
-3.887999999999999545e+01 -7.835010467078741669e+01
-3.839999999999999858e+01 -7.811469874141799608e+01
-3.792000000000000171e+01 -7.807435355143765321e+01
-3.743999999999999773e+01 -7.799281157516226415e+01
-3.696000000000000085e+01 -7.791641475142904483e+01
-3.647999999999999687e+01 -7.769986841389096810e+01
-3.600000000000000000e+01 -7.763985869388986316e+01
-3.551999999999999602e+01 -7.754651456431798806e+01
-3.503999999999999915e+01 -7.733255939448969229e+01
-3.456000000000000227e+01 -7.727518444760522698e+01
-3.407999999999999829e+01 -7.702609505036105020e+01
-3.360000000000000142e+01 -7.686543680805681333e+01
-3.311999999999999744e+01 -7.685264476189156824e+01
-3.264000000000000057e+01 -7.639395443178725031e+01
-3.215999999999999659e+01 -7.613862131640370023e+01
-3.167999999999999972e+01 -7.564079128216684467e+01
-3.119999999999999929e+01 -7.503790991559779400e+01
-3.071999999999999886e+01 -7.458354213776840425e+01
-3.023999999999999844e+01 -7.398068132697851240e+01
-2.975999999999999801e+01 -7.369862951889464853e+01
-2.927999999999999758e+01 -7.337697170999308582e+01
-2.879999999999999716e+01 -7.304676631613409654e+01
-2.832000000000000028e+01 -7.283701769103390689e+01
-2.783999999999999986e+01 -7.275123994167621788e+01
-2.735999999999999943e+01 -7.243496716313821082e+01
-2.687999999999999901e+01 -7.193308567478686655e+01
-2.639999999999999858e+01 -7.155210797011493185e+01
-2.591999999999999815e+01 -7.096025831126334538e+01
-2.543999999999999773e+01 -7.054514490646087665e+01
-2.496000000000000085e+01 -7.031665324056484678e+01
-2.448000000000000043e+01 -7.005681059026973401e+01
-2.400000000000000000e+01 -6.967686873368396050e+01
-2.351999999999999957e+01 -6.935583195637636322e+01
-2.303999999999999915e+01 -6.878073113606498623e+01
-2.255999999999999872e+01 -6.797192477909482022e+01
-2.207999999999999829e+01 -6.718115686275450571e+01
-2.159999999999999787e+01 -6.649360382112588752e+01
-2.111999999999999744e+01 -6.533576423758879059e+01
-2.064000000000000057e+01 -6.461470717843442912e+01
-2.016000000000000014e+01 -6.407148815848707102e+01
-1.967999999999999972e+01 -6.387018619094777705e+01
-1.919999999999999929e+01 -6.400142504531709164e+01
-1.871999999999999886e+01 -6.419340437683543144e+01
-1.823999999999999844e+01 -6.456044041106261488e+01
-1.775999999999999801e+01 -6.472552128110380920e+01
-1.728000000000000114e+01 -6.469632132526926682e+01
-1.680000000000000071e+01 -6.472981839648282687e+01
-1.632000000000000028e+01 -6.462401516918050959e+01
-1.583999999999999986e+01 -6.395117634067084822e+01
-1.535999999999999943e+01 -6.322326442014433212e+01
-1.487999999999999901e+01 -6.205795564243535978e+01
-1.439999999999999858e+01 -6.092347898884015223e+01
-1.391999999999999993e+01 -6.008817254451961531e+01
-1.343999999999999950e+01 -5.985251325009485157e+01
-1.295999999999999908e+01 -5.986053379801501251e+01
-1.248000000000000043e+01 -6.060168946861384143e+01
-1.200000000000000000e+01 -6.149292048605836669e+01
-1.151999999999999957e+01 -6.127359413481981676e+01
-1.103999999999999915e+01 -5.915797707053072685e+01
-1.055999999999999872e+01 -5.154544588734340493e+01
-1.008000000000000007e+01 -3.477020886265221122e+01
-9.599999999999999645e+00 -2.643058564876674765e+01
-9.119999999999999218e+00 -2.377521542215634298e+01
-8.640000000000000568e+00 -2.351781376755718611e+01
-8.160000000000000142e+00 -2.347158891749541709e+01
-7.679999999999999716e+00 -2.326573736309818941e+01
-7.199999999999999289e+00 -2.315273979296034312e+01
-6.719999999999999751e+00 -2.331604536165789909e+01
-6.240000000000000213e+00 -2.327458072429613622e+01
-5.759999999999999787e+00 -2.311837367614495520e+01
-5.279999999999999361e+00 -2.314797160505676743e+01
-4.799999999999999822e+00 -2.314569264608179466e+01
-4.320000000000000284e+00 -2.333636936035225062e+01
-3.839999999999999858e+00 -2.343929472078237453e+01
-3.359999999999999876e+00 -2.344201655255228900e+01
-2.879999999999999893e+00 -2.344198105336310078e+01
-2.399999999999999911e+00 -2.332469762723824758e+01
-1.919999999999999929e+00 -2.335691547394405987e+01
-1.439999999999999947e+00 -2.331164627540214696e+01
-9.599999999999999645e-01 -2.323228959663702398e+01
-4.799999999999999822e-01 -2.333191997271686446e+01
0.000000000000000000e+00 -2.336948640712243730e+01
4.799999999999999822e-01 -2.314266502705816464e+01
9.599999999999999645e-01 -2.277103178487031698e+01
1.439999999999999947e+00 -2.313461289359520379e+01
1.919999999999999929e+00 -2.350071507596492637e+01
2.399999999999999911e+00 -2.327316422535452745e+01
2.879999999999999893e+00 -2.310273503454622812e+01
3.359999999999999876e+00 -2.294259797309273097e+01
3.839999999999999858e+00 -2.318198887501088024e+01
4.320000000000000284e+00 -2.348252455081338397e+01
4.799999999999999822e+00 -2.341375332251216079e+01
5.279999999999999361e+00 -2.329019883769587551e+01
5.759999999999999787e+00 -2.329093477911720811e+01
6.240000000000000213e+00 -2.338224021738255587e+01
6.719999999999999751e+00 -2.332603883991281180e+01
7.199999999999999289e+00 -2.321191994189632624e+01
7.679999999999999716e+00 -2.342670653382054269e+01
8.160000000000000142e+00 -2.341152605548200683e+01
8.640000000000000568e+00 -2.337253248636026370e+01
9.119999999999999218e+00 -2.374352321272987609e+01
9.599999999999999645e+00 -2.647119935833273630e+01
1.008000000000000007e+01 -3.493420966568103836e+01
1.055999999999999872e+01 -5.174626572346119247e+01
1.103999999999999915e+01 -5.931878778837713639e+01
1.151999999999999957e+01 -6.140293307825743341e+01
1.200000000000000000e+01 -6.091894577829652491e+01
1.248000000000000043e+01 -5.970681736019788843e+01
1.295999999999999908e+01 -5.887555348117835763e+01
1.343999999999999950e+01 -5.871293657894209872e+01
1.391999999999999993e+01 -5.912187548783990110e+01
1.439999999999999858e+01 -6.013941969312720914e+01
1.487999999999999901e+01 -6.156238266294673167e+01
1.535999999999999943e+01 -6.271288452390884771e+01
1.583999999999999986e+01 -6.369075185468034306e+01
1.632000000000000028e+01 -6.435205554006357431e+01
1.680000000000000071e+01 -6.472470371063489836e+01
1.728000000000000114e+01 -6.472242619800464070e+01
1.775999999999999801e+01 -6.470616432009921937e+01
1.823999999999999844e+01 -6.441180681093386795e+01
1.871999999999999886e+01 -6.396502555885381014e+01
1.919999999999999929e+01 -6.361031303327160913e+01
1.967999999999999972e+01 -6.355178494091749997e+01
2.016000000000000014e+01 -6.364026220676967682e+01
2.064000000000000057e+01 -6.411247615504876762e+01
2.111999999999999744e+01 -6.478293817220360040e+01
2.159999999999999787e+01 -6.519997226405779145e+01
2.207999999999999829e+01 -6.580810114524535948e+01
2.255999999999999872e+01 -6.684499891991755760e+01
2.303999999999999915e+01 -6.760239724754748636e+01
2.351999999999999957e+01 -6.841266525735582604e+01
2.400000000000000000e+01 -6.893929925923892199e+01
2.448000000000000043e+01 -6.932950720953127188e+01
2.496000000000000085e+01 -6.969750810492358539e+01
2.543999999999999773e+01 -7.021864089249304186e+01
2.591999999999999815e+01 -7.068325797729183080e+01
2.639999999999999858e+01 -7.116650584661365997e+01
2.687999999999999901e+01 -7.150895171993140309e+01
2.735999999999999943e+01 -7.157543839941742192e+01
2.783999999999999986e+01 -7.194426997176549321e+01
2.832000000000000028e+01 -7.200048904473058542e+01
2.879999999999999716e+01 -7.187108898817514557e+01
2.927999999999999758e+01 -7.180625230964635364e+01
2.975999999999999801e+01 -7.197909639451036412e+01
3.023999999999999844e+01 -7.269539807364986927e+01
3.071999999999999886e+01 -7.358280248991681560e+01
3.119999999999999929e+01 -7.436015818879619133e+01
3.167999999999999972e+01 -7.486983960191562915e+01
3.215999999999999659e+01 -7.548197613797168515e+01
3.264000000000000057e+01 -7.606573644784026555e+01
3.311999999999999744e+01 -7.624109828492181862e+01
3.360000000000000142e+01 -7.620625858857417256e+01
3.407999999999999829e+01 -7.652673802063438302e+01
3.456000000000000227e+01 -7.676644276548844914e+01
3.503999999999999915e+01 -7.665020262275045582e+01
3.551999999999999602e+01 -7.669528668298974594e+01
3.600000000000000000e+01 -7.703972570039485390e+01
3.647999999999999687e+01 -7.706672675580225018e+01
3.696000000000000085e+01 -7.730844924935836104e+01
3.743999999999999773e+01 -7.748301914654878431e+01
3.792000000000000171e+01 -7.759398439757706001e+01
3.839999999999999858e+01 -7.777352332835059201e+01
3.887999999999999545e+01 -7.823359619820662658e+01
3.935999999999999943e+01 -7.872136455549136258e+01
3.983999999999999631e+01 -7.885145808026054226e+01
4.032000000000000028e+01 -7.934020435846628061e+01
4.079999999999999716e+01 -7.978499127887873499e+01
4.128000000000000114e+01 -8.018209984473223528e+01
4.175999999999999801e+01 -8.059984061635029207e+01
4.223999999999999488e+01 -8.083375520142121218e+01
4.271999999999999886e+01 -8.082766977841409073e+01
4.319999999999999574e+01 -8.084516758604519282e+01
4.367999999999999972e+01 -8.070924626889794240e+01
4.415999999999999659e+01 -8.078375563268929227e+01
4.464000000000000057e+01 -8.091815077736882245e+01
4.511999999999999744e+01 -8.081569627003887035e+01
4.560000000000000142e+01 -8.095222570814571839e+01
4.607999999999999829e+01 -8.109678803325527952e+01
4.655999999999999517e+01 -8.160145733624057129e+01
4.703999999999999915e+01 -8.157893842542171114e+01
4.751999999999999602e+01 -8.142132313652254538e+01
4.800000000000000000e+01 -8.152990660133666267e+01
4.847999999999999687e+01 -8.178726150297984532e+01
4.896000000000000085e+01 -8.221452999176791820e+01
4.943999999999999773e+01 -8.222409604820752804e+01
4.992000000000000171e+01 -8.212465476692031530e+01
5.039999999999999858e+01 -8.245450768232045391e+01
5.087999999999999545e+01 -8.262197225729704542e+01
5.135999999999999943e+01 -8.275756628725653741e+01
5.183999999999999631e+01 -8.297754505545077564e+01
5.232000000000000028e+01 -8.280992912293881147e+01
5.279999999999999716e+01 -8.260681720677089857e+01
5.328000000000000114e+01 -8.258945558706079737e+01
5.375999999999999801e+01 -8.257313159368813160e+01
5.423999999999999488e+01 -8.237984216172092999e+01
5.471999999999999886e+01 -8.263000549597359168e+01
5.519999999999999574e+01 -8.277406595815435253e+01
5.567999999999999972e+01 -8.291850686554587924e+01
5.615999999999999659e+01 -8.316482830221131906e+01
5.664000000000000057e+01 -8.348805348367903889e+01
5.711999999999999744e+01 -8.351851277882872182e+01
5.759999999999999432e+01 -8.336492233872365887e+01
5.807999999999999829e+01 -8.335761884097340157e+01
5.855999999999999517e+01 -8.362184008434118709e+01
5.903999999999999915e+01 -8.361009060921986702e+01
5.951999999999999602e+01 -8.337402111036186625e+01
6.000000000000000000e+01 -8.350168836503200964e+01
6.047999999999999687e+01 -8.371337243931029093e+01
6.096000000000000085e+01 -8.354051605364406896e+01
6.143999999999999773e+01 -8.375120374246955635e+01
6.191999999999999460e+01 -8.360961296204054349e+01
6.239999999999999858e+01 -8.342902944708356472e+01
6.287999999999999545e+01 -8.370124824621738924e+01
6.335999999999999943e+01 -8.401231262437880787e+01
6.383999999999999631e+01 -8.427378491799537130e+01
6.431999999999999318e+01 -8.425314076492449544e+01
6.479999999999999716e+01 -8.416216085368942856e+01
6.528000000000000114e+01 -8.421506563159570646e+01
6.575999999999999091e+01 -8.434430203166488127e+01
6.623999999999999488e+01 -8.416599624116909695e+01
6.671999999999999886e+01 -8.424755706796918275e+01
6.720000000000000284e+01 -8.441546864748443113e+01
6.767999999999999261e+01 -8.429100169392185649e+01
6.815999999999999659e+01 -8.422518395968126015e+01
6.864000000000000057e+01 -8.440391403567360840e+01
6.912000000000000455e+01 -8.472533122354442980e+01
6.959999999999999432e+01 -8.451456821848302070e+01
7.007999999999999829e+01 -8.448811688084396110e+01
7.056000000000000227e+01 -8.492353245989480115e+01
7.103999999999999204e+01 -8.476688236604422855e+01
7.151999999999999602e+01 -8.448726207327143811e+01
7.200000000000000000e+01 -8.461127961159520794e+01
7.248000000000000398e+01 -8.466783804484366271e+01
7.295999999999999375e+01 -8.482929809267552912e+01
7.343999999999999773e+01 -8.483995123094717883e+01
7.392000000000000171e+01 -8.492178452918241760e+01
7.439999999999999147e+01 -8.528543707471675361e+01
7.487999999999999545e+01 -8.533859241063197487e+01
7.535999999999999943e+01 -8.545872723404838212e+01
7.584000000000000341e+01 -8.537951639974822626e+01
7.631999999999999318e+01 -8.551720701715228756e+01
7.679999999999999716e+01 -8.536178052560498486e+01
7.728000000000000114e+01 -8.522388552673469064e+01
7.775999999999999091e+01 -8.521411541744343765e+01
7.823999999999999488e+01 -8.529681230626110278e+01
7.871999999999999886e+01 -8.546151619789596054e+01
7.920000000000000284e+01 -8.559405775126448646e+01
7.967999999999999261e+01 -8.575299321774267014e+01
8.015999999999999659e+01 -8.582711813161679970e+01
8.064000000000000057e+01 -8.596880445147219518e+01
8.111999999999999034e+01 -8.591744695131374954e+01
8.159999999999999432e+01 -8.580823546707073035e+01
8.207999999999999829e+01 -8.587899531913663509e+01
8.256000000000000227e+01 -8.580121903721583010e+01
8.303999999999999204e+01 -8.595390204039311755e+01
8.351999999999999602e+01 -8.621892420597077944e+01
8.400000000000000000e+01 -8.617114039278833104e+01
8.447999999999998977e+01 -8.613539843658020345e+01
8.495999999999999375e+01 -8.600559520987394535e+01
8.543999999999999773e+01 -8.586361445391901270e+01
8.592000000000000171e+01 -8.571799676501009912e+01
8.639999999999999147e+01 -8.602905501702591096e+01
8.687999999999999545e+01 -8.617183444970689266e+01
8.735999999999999943e+01 -8.600257175661803899e+01
8.784000000000000341e+01 -8.615585745960459008e+01
8.831999999999999318e+01 -8.626525062507566588e+01
8.879999999999999716e+01 -8.611972134771561116e+01
8.928000000000000114e+01 -8.621231198084446135e+01
8.975999999999999091e+01 -8.643111056515925839e+01
9.023999999999999488e+01 -8.649350326484301377e+01
9.071999999999999886e+01 -8.642408671133479459e+01
9.120000000000000284e+01 -8.642763227070487630e+01
9.167999999999999261e+01 -8.648150354393395389e+01
9.215999999999999659e+01 -8.657093703293199383e+01
9.264000000000000057e+01 -8.675742837521327999e+01
9.311999999999999034e+01 -8.697249254200868052e+01
9.359999999999999432e+01 -8.702716647423449103e+01
9.407999999999999829e+01 -8.687171168065091820e+01
9.456000000000000227e+01 -8.686217914403614770e+01
9.503999999999999204e+01 -8.717044223052650409e+01
9.551999999999999602e+01 -8.722519060230054322e+01
9.600000000000000000e+01 -8.710482142624981350e+01
9.647999999999998977e+01 -8.694517494883088204e+01
9.695999999999999375e+01 -8.680484047227336930e+01
9.743999999999999773e+01 -8.679179291538926577e+01
9.792000000000000171e+01 -8.710032787459996939e+01
9.839999999999999147e+01 -8.739003152857173973e+01
9.887999999999999545e+01 -8.718943660868725942e+01
9.935999999999999943e+01 -8.703079032242962398e+01
9.984000000000000341e+01 -8.694968758346357163e+01
1.003199999999999932e+02 -8.708794141500133890e+01
1.007999999999999972e+02 -8.724662117514120041e+01
1.012800000000000011e+02 -8.762555195049779400e+01
1.017599999999999909e+02 -8.797100914390533433e+01
1.022399999999999949e+02 -8.799011947686126689e+01
1.027199999999999989e+02 -8.812151997112083279e+01
1.032000000000000028e+02 -8.834915197563562117e+01
1.036799999999999926e+02 -8.880117648048384638e+01
1.041599999999999966e+02 -8.952811371832711984e+01
1.046400000000000006e+02 -9.004042361113215520e+01
1.051199999999999903e+02 -9.023716811060512555e+01
1.055999999999999943e+02 -9.041781905094536853e+01
1.060799999999999983e+02 -9.086913045473748696e+01
1.065600000000000023e+02 -9.199132501838835196e+01
1.070399999999999920e+02 -9.276219634612306209e+01
1.075199999999999960e+02 -9.332924132115807936e+01
1.080000000000000000e+02 -9.443168072240479205e+01
1.084799999999999898e+02 -9.548202751290931189e+01
1.089599999999999937e+02 -9.658607847611631314e+01
1.094399999999999977e+02 -9.773789022349200195e+01
1.099200000000000017e+02 -9.884446820899452746e+01
1.103999999999999915e+02 -9.965076266413703365e+01
1.108799999999999955e+02 -1.005600250227782340e+02
1.113599999999999994e+02 -1.015682648763967677e+02
1.118399999999999892e+02 -1.024443722365482046e+02
1.123199999999999932e+02 -1.029824678289766666e+02
1.127999999999999972e+02 -1.033998271319962328e+02
1.132800000000000011e+02 -1.034435321288415963e+02
1.137599999999999909e+02 -1.033694442605055315e+02
1.142399999999999949e+02 -1.036862376120670461e+02
1.147199999999999989e+02 -1.038325696815660280e+02
1.151999999999999886e+02 -1.040433083620952175e+02
1.156799999999999926e+02 -1.038765883755332027e+02
1.161599999999999966e+02 -1.036404886508931753e+02
1.166400000000000006e+02 -1.032736992966008671e+02
1.171199999999999903e+02 -1.031220717832958371e+02
1.175999999999999943e+02 -1.030886636998275918e+02
1.180799999999999983e+02 -1.027380170695713559e+02
1.185600000000000023e+02 -1.025066160073599377e+02
1.190399999999999920e+02 -1.027600026998617579e+02
1.195199999999999960e+02 -1.028318773081061863e+02
1.200000000000000000e+02 -1.030324069335061949e+02
1.204799999999999898e+02 -1.031752310829290451e+02
1.209599999999999937e+02 -1.031313185694176724e+02
1.214399999999999977e+02 -1.032091574540373244e+02
1.219200000000000017e+02 -1.029239058845227106e+02
1.223999999999999915e+02 -1.016898965781989546e+02
