-1.228799999999999955e+02 -1.011701426314749739e+02
-1.223999999999999915e+02 -1.014825740060496173e+02
-1.219200000000000017e+02 -1.020312761426904444e+02
-1.214399999999999977e+02 -1.020037663170105446e+02
-1.209599999999999937e+02 -1.017999066339893233e+02
-1.204799999999999898e+02 -1.020800198315404685e+02
-1.200000000000000000e+02 -1.021994002561851005e+02
-1.195199999999999960e+02 -1.026246793257020329e+02
-1.190399999999999920e+02 -1.035911065012144974e+02
-1.185600000000000023e+02 -1.040046706855672767e+02
-1.180799999999999983e+02 -1.035483275935733332e+02
-1.175999999999999943e+02 -1.032653759875558706e+02
-1.171199999999999903e+02 -1.032752590765671528e+02
-1.166400000000000006e+02 -1.030541682933920526e+02
-1.161599999999999966e+02 -1.032080177515061052e+02
-1.156799999999999926e+02 -1.035303481576471683e+02
-1.151999999999999886e+02 -1.038915928702503066e+02
-1.147199999999999989e+02 -1.040352044755533001e+02
-1.142399999999999949e+02 -1.041228629962848800e+02
-1.137599999999999909e+02 -1.040087165188439400e+02
-1.132800000000000011e+02 -1.037022436680596513e+02
-1.127999999999999972e+02 -1.031669697234645611e+02
-1.123199999999999932e+02 -1.026459586425192896e+02
-1.118399999999999892e+02 -1.019352936740094151e+02
-1.113599999999999994e+02 -1.010470285232212149e+02
-1.108799999999999955e+02 -1.003229485284558677e+02
-1.103999999999999915e+02 -9.949168857104289998e+01
-1.099200000000000017e+02 -9.877968567034562852e+01
-1.094399999999999977e+02 -9.791665678243860782e+01
-1.089599999999999937e+02 -9.663472644928488364e+01
-1.084799999999999898e+02 -9.561109878841470788e+01
-1.080000000000000000e+02 -9.467026696442030698e+01
-1.075199999999999960e+02 -9.356627827651232110e+01
-1.070399999999999920e+02 -9.245938102080224041e+01
-1.065600000000000023e+02 -9.150691365026771962e+01
-1.060799999999999983e+02 -9.125106206581219226e+01
-1.055999999999999943e+02 -9.093682578310939846e+01
-1.051199999999999903e+02 -9.011516810381435505e+01
-1.046400000000000006e+02 -8.913985562873618562e+01
-1.041599999999999966e+02 -8.881249496150525147e+01
-1.036799999999999926e+02 -8.838710000027032265e+01
-1.032000000000000028e+02 -8.772967660801435841e+01
-1.027199999999999989e+02 -8.758388132937761839e+01
-1.022399999999999949e+02 -8.754473162475954950e+01
-1.017599999999999909e+02 -8.745089182820677820e+01
-1.012800000000000011e+02 -8.741637845980559973e+01
-1.007999999999999972e+02 -8.734528744832006453e+01
-1.003199999999999932e+02 -8.680474834046566457e+01
-9.984000000000000341e+01 -8.657603164614876334e+01
-9.935999999999999943e+01 -8.660659745101918361e+01
-9.887999999999999545e+01 -8.672883049310327408e+01
-9.839999999999999147e+01 -8.672352399825595626e+01
-9.792000000000000171e+01 -8.672173539787750940e+01
-9.743999999999999773e+01 -8.686118495642759285e+01
-9.695999999999999375e+01 -8.660682708100218008e+01
-9.647999999999998977e+01 -8.631177005546710745e+01
-9.600000000000000000e+01 -8.639187276563235685e+01
-9.551999999999999602e+01 -8.659461300760689539e+01
-9.503999999999999204e+01 -8.648107259380621770e+01
-9.456000000000000227e+01 -8.638582137136393158e+01
-9.407999999999999829e+01 -8.600612976811601129e+01
-9.359999999999999432e+01 -8.611433824796688441e+01
-9.311999999999999034e+01 -8.641027774079917378e+01
-9.264000000000000057e+01 -8.620358517373760776e+01
-9.215999999999999659e+01 -8.612457097171491682e+01
-9.167999999999999261e+01 -8.608889247938751055e+01
-9.120000000000000284e+01 -8.592558174603573207e+01
-9.071999999999999886e+01 -8.586935877361733560e+01
-9.023999999999999488e+01 -8.590866716981928164e+01
-8.975999999999999091e+01 -8.589298006092678861e+01
-8.928000000000000114e+01 -8.609355426126163024e+01
-8.879999999999999716e+01 -8.590355866364711801e+01
-8.831999999999999318e+01 -8.569850574087980988e+01
-8.784000000000000341e+01 -8.575656251399841778e+01
-8.735999999999999943e+01 -8.558816574573020830e+01
-8.687999999999999545e+01 -8.539708562499065181e+01
-8.639999999999999147e+01 -8.551240089776280229e+01
-8.592000000000000171e+01 -8.560510569921268598e+01
-8.543999999999999773e+01 -8.542347585508453278e+01
-8.495999999999999375e+01 -8.520839361922901389e+01
-8.447999999999998977e+01 -8.509055532949389544e+01
-8.400000000000000000e+01 -8.521770264106963566e+01
-8.351999999999999602e+01 -8.510251419030397813e+01
-8.303999999999999204e+01 -8.506222512899350363e+01
-8.256000000000000227e+01 -8.518090397225968502e+01
-8.207999999999999829e+01 -8.498922919774406637e+01
-8.159999999999999432e+01 -8.498032435405590945e+01
-8.111999999999999034e+01 -8.498063364252612928e+01
-8.064000000000000057e+01 -8.480797568160376443e+01
-8.015999999999999659e+01 -8.477302450060429351e+01
-7.967999999999999261e+01 -8.452856585475556983e+01
-7.920000000000000284e+01 -8.470718468614981589e+01
-7.871999999999999886e+01 -8.485886429465804781e+01
-7.823999999999999488e+01 -8.463667384224015677e+01
-7.775999999999999091e+01 -8.431914542338716956e+01
-7.728000000000000114e+01 -8.426598695462831756e+01
-7.679999999999999716e+01 -8.446086507851848069e+01
-7.631999999999999318e+01 -8.447153811341428309e+01
-7.584000000000000341e+01 -8.429744483095782925e+01
-7.535999999999999943e+01 -8.420256143399917903e+01
-7.487999999999999545e+01 -8.411883161902282779e+01
-7.439999999999999147e+01 -8.387410636346233161e+01
-7.392000000000000171e+01 -8.373728305063883681e+01
-7.343999999999999773e+01 -8.382943771398677768e+01
-7.295999999999999375e+01 -8.422802868083988415e+01
-7.248000000000000398e+01 -8.423173938235713365e+01
-7.200000000000000000e+01 -8.414845287521926309e+01
-7.151999999999999602e+01 -8.409456236064119139e+01
-7.103999999999999204e+01 -8.393871234013694504e+01
-7.056000000000000227e+01 -8.395946959839271528e+01
-7.007999999999999829e+01 -8.393808421212035853e+01
-6.959999999999999432e+01 -8.399108541460940103e+01
-6.912000000000000455e+01 -8.407206960339109969e+01
-6.864000000000000057e+01 -8.403891579837826953e+01
-6.815999999999999659e+01 -8.384233308291953790e+01
-6.767999999999999261e+01 -8.366477327491077176e+01
-6.720000000000000284e+01 -8.369882483770682313e+01
-6.671999999999999886e+01 -8.368984345729694496e+01
-6.623999999999999488e+01 -8.374731893569790486e+01
-6.575999999999999091e+01 -8.374128909845808266e+01
-6.528000000000000114e+01 -8.353342527339562196e+01
-6.479999999999999716e+01 -8.327573590103202150e+01
-6.431999999999999318e+01 -8.311108040781020634e+01
-6.383999999999999631e+01 -8.299571871585264660e+01
-6.335999999999999943e+01 -8.289209191449820935e+01
-6.287999999999999545e+01 -8.302474275607212917e+01
-6.239999999999999858e+01 -8.311501411123850858e+01
-6.191999999999999460e+01 -8.281820459386374012e+01
-6.143999999999999773e+01 -8.254801578933162887e+01
-6.096000000000000085e+01 -8.251224549793499818e+01
-6.047999999999999687e+01 -8.274574616580022735e+01
-6.000000000000000000e+01 -8.279288747350838662e+01
-5.951999999999999602e+01 -8.269570892094797898e+01
-5.903999999999999915e+01 -8.286669927058456153e+01
-5.855999999999999517e+01 -8.294375625659874629e+01
-5.807999999999999829e+01 -8.282750077657232168e+01
-5.759999999999999432e+01 -8.269191740884879493e+01
-5.711999999999999744e+01 -8.251718990880092974e+01
-5.664000000000000057e+01 -8.243206396054775098e+01
-5.615999999999999659e+01 -8.227216829690550526e+01
-5.567999999999999972e+01 -8.216217463799630139e+01
-5.519999999999999574e+01 -8.215781553885352650e+01
-5.471999999999999886e+01 -8.233031834495301382e+01
-5.423999999999999488e+01 -8.226897176154750468e+01
-5.375999999999999801e+01 -8.231347715697248191e+01
-5.328000000000000114e+01 -8.230775864043984313e+01
-5.279999999999999716e+01 -8.207987603155675060e+01
-5.232000000000000028e+01 -8.213724873994537745e+01
-5.183999999999999631e+01 -8.214735315298204910e+01
-5.135999999999999943e+01 -8.222254912791422043e+01
-5.087999999999999545e+01 -8.191243331521469884e+01
-5.039999999999999858e+01 -8.159963188934042932e+01
-4.992000000000000171e+01 -8.140578668228914694e+01
-4.943999999999999773e+01 -8.123103635802108613e+01
-4.896000000000000085e+01 -8.139131571399857989e+01
-4.847999999999999687e+01 -8.112672325007753216e+01
-4.800000000000000000e+01 -8.093653076129014323e+01
-4.751999999999999602e+01 -8.102198033601247573e+01
-4.703999999999999915e+01 -8.101012427660350568e+01
-4.655999999999999517e+01 -8.112992523571108450e+01
-4.607999999999999829e+01 -8.106451423197745498e+01
-4.560000000000000142e+01 -8.097043097872828810e+01
-4.511999999999999744e+01 -8.091485039691924896e+01
-4.464000000000000057e+01 -8.087066494366413849e+01
-4.415999999999999659e+01 -8.056722794360489104e+01
-4.367999999999999972e+01 -8.046771238080216904e+01
-4.319999999999999574e+01 -8.046869140937090492e+01
-4.271999999999999886e+01 -8.046804555822164673e+01
-4.223999999999999488e+01 -8.052153384372749656e+01
-4.175999999999999801e+01 -8.036923887180670079e+01
-4.128000000000000114e+01 -8.007731571176988439e+01
-4.079999999999999716e+01 -7.992615929510131423e+01
-4.032000000000000028e+01 -8.017718776963091898e+01
-3.983999999999999631e+01 -7.999691454810681535e+01
-3.935999999999999943e+01 -7.943192999854778691e+01
-3.887999999999999545e+01 -7.881564431080968802e+01
-3.839999999999999858e+01 -7.861696252914677530e+01
-3.792000000000000171e+01 -7.850737369953417044e+01
-3.743999999999999773e+01 -7.828566352174097176e+01
-3.696000000000000085e+01 -7.801543298478533472e+01
-3.647999999999999687e+01 -7.778973940914301011e+01
-3.600000000000000000e+01 -7.774330408176930973e+01
-3.551999999999999602e+01 -7.758173032233537469e+01
-3.503999999999999915e+01 -7.744084614711132986e+01
-3.456000000000000227e+01 -7.743780884104560869e+01
-3.407999999999999829e+01 -7.714158313103790476e+01
-3.360000000000000142e+01 -7.710587584031948438e+01
-3.311999999999999744e+01 -7.722472168116281921e+01
-3.264000000000000057e+01 -7.675631023204778103e+01
-3.215999999999999659e+01 -7.641885243733314326e+01
-3.167999999999999972e+01 -7.598349629079559975e+01
-3.119999999999999929e+01 -7.558598625631437073e+01
-3.071999999999999886e+01 -7.517432434116099671e+01
-3.023999999999999844e+01 -7.466672754794497280e+01
-2.975999999999999801e+01 -7.419106011901779141e+01
-2.927999999999999758e+01 -7.374083681798916245e+01
-2.879999999999999716e+01 -7.338972380998815481e+01
-2.832000000000000028e+01 -7.305471249661439970e+01
-2.783999999999999986e+01 -7.305416847757769006e+01
-2.735999999999999943e+01 -7.279128743340179142e+01
-2.687999999999999901e+01 -7.236135231817844726e+01
-2.639999999999999858e+01 -7.202333721980822645e+01
-2.591999999999999815e+01 -7.151965149127150312e+01
-2.543999999999999773e+01 -7.118629564858994740e+01
-2.496000000000000085e+01 -7.098584810237704801e+01
-2.448000000000000043e+01 -7.072137540515514331e+01
-2.400000000000000000e+01 -7.048381884341920056e+01
-2.351999999999999957e+01 -7.028931766394086367e+01
-2.303999999999999915e+01 -6.980904712345983398e+01
-2.255999999999999872e+01 -6.904392698825498087e+01
-2.207999999999999829e+01 -6.818186554447719061e+01
-2.159999999999999787e+01 -6.736224610775644805e+01
-2.111999999999999744e+01 -6.619134610804611896e+01
-2.064000000000000057e+01 -6.541395823098862650e+01
-2.016000000000000014e+01 -6.481315617024270637e+01
-1.967999999999999972e+01 -6.452641584220428683e+01
-1.919999999999999929e+01 -6.454888462468285582e+01
-1.871999999999999886e+01 -6.473265412131040364e+01
-1.823999999999999844e+01 -6.510540383259620967e+01
-1.775999999999999801e+01 -6.526424622487562033e+01
-1.728000000000000114e+01 -6.523460801091169969e+01
-1.680000000000000071e+01 -6.525405858846016827e+01
-1.632000000000000028e+01 -6.523547961789385852e+01
-1.583999999999999986e+01 -6.466671244123833162e+01
-1.535999999999999943e+01 -6.401431985669675839e+01
-1.487999999999999901e+01 -6.281492161502160343e+01
-1.439999999999999858e+01 -6.166675708460827821e+01
-1.391999999999999993e+01 -6.083403659441358258e+01
-1.343999999999999950e+01 -6.058274835894337684e+01
-1.295999999999999908e+01 -6.055497012694531378e+01
-1.248000000000000043e+01 -6.128060224441941273e+01
-1.200000000000000000e+01 -6.195126887651515091e+01
-1.151999999999999957e+01 -6.128561522501549774e+01
-1.103999999999999915e+01 -5.891952276043276271e+01
-1.055999999999999872e+01 -5.138007502270512106e+01
-1.008000000000000007e+01 -3.464207849278334095e+01
-9.599999999999999645e+00 -2.630569727365743660e+01
-9.119999999999999218e+00 -2.365650276553891374e+01
-8.640000000000000568e+00 -2.340699098523812083e+01
-8.160000000000000142e+00 -2.336753931120485106e+01
-7.679999999999999716e+00 -2.316700823967252632e+01
-7.199999999999999289e+00 -2.305682943986742828e+01
-6.719999999999999751e+00 -2.322108273918047061e+01
-6.240000000000000213e+00 -2.317936635429227721e+01
-5.759999999999999787e+00 -2.302122237053307430e+01
-5.279999999999999361e+00 -2.304869809544416626e+01
-4.799999999999999822e+00 -2.304361190543744442e+01
-4.320000000000000284e+00 -2.323149374845215576e+01
-3.839999999999999858e+00 -2.333204044235168695e+01
-3.359999999999999876e+00 -2.333407265741802661e+01
-2.879999999999999893e+00 -2.333387320936694920e+01
-2.399999999999999911e+00 -2.321634229919513714e+01
-1.919999999999999929e+00 -2.324915010454846964e+01
-1.439999999999999947e+00 -2.320550395034409519e+01
-9.599999999999999645e-01 -2.312723899537229144e+01
-4.799999999999999822e-01 -2.322655758911709256e+01
0.000000000000000000e+00 -2.326359833493523155e+01
4.799999999999999822e-01 -2.303628680855688771e+01
9.599999999999999645e-01 -2.266440968119448485e+01
1.439999999999999947e+00 -2.302714854632483465e+01
1.919999999999999929e+00 -2.339147909889675958e+01
2.399999999999999911e+00 -2.316346809530482176e+01
2.879999999999999893e+00 -2.299346136667993790e+01
3.359999999999999876e+00 -2.283407185437578590e+01
3.839999999999999858e+00 -2.307430744537247946e+01
4.320000000000000284e+00 -2.337695532684806565e+01
4.799999999999999822e+00 -2.331129499833090080e+01
5.279999999999999361e+00 -2.319095273710133398e+01
5.759999999999999787e+00 -2.319494555685335513e+01
6.240000000000000213e+00 -2.328885309475882082e+01
6.719999999999999751e+00 -2.323354628599940241e+01
7.199999999999999289e+00 -2.311906696552992457e+01
7.679999999999999716e+00 -2.333198690253975727e+01
8.160000000000000142e+00 -2.331262394280878425e+01
8.640000000000000568e+00 -2.326738963627378354e+01
9.119999999999999218e+00 -2.363101211359946419e+01
9.599999999999999645e+00 -2.635283452253797876e+01
1.008000000000000007e+01 -3.481138872236401482e+01
1.055999999999999872e+01 -5.154701141475878501e+01
1.103999999999999915e+01 -5.900705394225707323e+01
1.151999999999999957e+01 -6.152706980817584537e+01
1.200000000000000000e+01 -6.150944010207808077e+01
1.248000000000000043e+01 -6.037642907871908449e+01
1.295999999999999908e+01 -5.956069941940798174e+01
1.343999999999999950e+01 -5.942354363842169107e+01
1.391999999999999993e+01 -5.989194382175418241e+01
1.439999999999999858e+01 -6.097887535701193684e+01
1.487999999999999901e+01 -6.241975047888147543e+01
1.535999999999999943e+01 -6.358855925937081821e+01
1.583999999999999986e+01 -6.454767356126880884e+01
1.632000000000000028e+01 -6.513538570052487842e+01
1.680000000000000071e+01 -6.545713979070174560e+01
1.728000000000000114e+01 -6.539069760473412884e+01
1.775999999999999801e+01 -6.535639365716264138e+01
1.823999999999999844e+01 -6.508974456659798591e+01
1.871999999999999886e+01 -6.457929097046437050e+01
1.919999999999999929e+01 -6.424336821134978948e+01
1.967999999999999972e+01 -6.424034384123744701e+01
2.016000000000000014e+01 -6.439740753912452931e+01
2.064000000000000057e+01 -6.493931932413073582e+01
2.111999999999999744e+01 -6.567117546903878633e+01
2.159999999999999787e+01 -6.623074633042521953e+01
2.207999999999999829e+01 -6.691818486300290658e+01
2.255999999999999872e+01 -6.792472006087221814e+01
2.303999999999999915e+01 -6.870597215503455857e+01
2.351999999999999957e+01 -6.949022959832271340e+01
2.400000000000000000e+01 -6.995471017936186797e+01
2.448000000000000043e+01 -7.029298661840155660e+01
2.496000000000000085e+01 -7.047635060013641350e+01
2.543999999999999773e+01 -7.079560073220223160e+01
2.591999999999999815e+01 -7.117113968603150909e+01
2.639999999999999858e+01 -7.172363578411503227e+01
2.687999999999999901e+01 -7.192039555248187810e+01
2.735999999999999943e+01 -7.203873941316935259e+01
2.783999999999999986e+01 -7.249601467527482157e+01
2.832000000000000028e+01 -7.246439217923133924e+01
2.879999999999999716e+01 -7.230249080421548058e+01
2.927999999999999758e+01 -7.232831715228141434e+01
2.975999999999999801e+01 -7.256200987780259481e+01
3.023999999999999844e+01 -7.328185345293570663e+01
3.071999999999999886e+01 -7.413063501236462116e+01
3.119999999999999929e+01 -7.481205785918666606e+01
3.167999999999999972e+01 -7.546012649448582010e+01
3.215999999999999659e+01 -7.612348918090144423e+01
3.264000000000000057e+01 -7.674458477804209622e+01
3.311999999999999744e+01 -7.695647928598356202e+01
3.360000000000000142e+01 -7.671554196407137738e+01
3.407999999999999829e+01 -7.675931356484417734e+01
3.456000000000000227e+01 -7.702489586607904926e+01
3.503999999999999915e+01 -7.711129989795658446e+01
3.551999999999999602e+01 -7.708743072982265687e+01
3.600000000000000000e+01 -7.741373329903335332e+01
3.647999999999999687e+01 -7.737002262232400085e+01
3.696000000000000085e+01 -7.755360924187539240e+01
3.743999999999999773e+01 -7.783076147318786298e+01
3.792000000000000171e+01 -7.814442369290527779e+01
3.839999999999999858e+01 -7.830090154188076212e+01
3.887999999999999545e+01 -7.861614073179677575e+01
3.935999999999999943e+01 -7.905592243717300960e+01
3.983999999999999631e+01 -7.921857098121964214e+01
4.032000000000000028e+01 -7.964283732103663738e+01
4.079999999999999716e+01 -8.028453383269945220e+01
4.128000000000000114e+01 -8.067052253837984210e+01
4.175999999999999801e+01 -8.080047218773549389e+01
4.223999999999999488e+01 -8.099735023870381667e+01
4.271999999999999886e+01 -8.102831575837585376e+01
4.319999999999999574e+01 -8.086392280832428980e+01
4.367999999999999972e+01 -8.075019286205282754e+01
4.415999999999999659e+01 -8.093248811432970058e+01
4.464000000000000057e+01 -8.124615765191713024e+01
4.511999999999999744e+01 -8.118693679742619906e+01
4.560000000000000142e+01 -8.116837204399422490e+01
4.607999999999999829e+01 -8.113963943810112767e+01
4.655999999999999517e+01 -8.167678839723291162e+01
4.703999999999999915e+01 -8.194170736710078984e+01
4.751999999999999602e+01 -8.205385107459123617e+01
4.800000000000000000e+01 -8.206647986687576690e+01
4.847999999999999687e+01 -8.210609189922027440e+01
4.896000000000000085e+01 -8.259435602777477925e+01
4.943999999999999773e+01 -8.284037108426932150e+01
4.992000000000000171e+01 -8.282460383438076690e+01
5.039999999999999858e+01 -8.297350712540868756e+01
5.087999999999999545e+01 -8.303939694896564561e+01
5.135999999999999943e+01 -8.310729340096257545e+01
5.183999999999999631e+01 -8.314584998896796719e+01
5.232000000000000028e+01 -8.293212581254803695e+01
5.279999999999999716e+01 -8.300188426529956587e+01
5.328000000000000114e+01 -8.316128773535470486e+01
5.375999999999999801e+01 -8.317452171047001741e+01
5.423999999999999488e+01 -8.306341688737555273e+01
5.471999999999999886e+01 -8.297465471081909527e+01
5.519999999999999574e+01 -8.321018405476378632e+01
5.567999999999999972e+01 -8.337704098663544983e+01
5.615999999999999659e+01 -8.363607530567222170e+01
5.664000000000000057e+01 -8.395596011041075712e+01
5.711999999999999744e+01 -8.415698902119521563e+01
5.759999999999999432e+01 -8.396396896646471930e+01
5.807999999999999829e+01 -8.359170767261858259e+01
5.855999999999999517e+01 -8.375750826833618135e+01
5.903999999999999915e+01 -8.404269342361885720e+01
5.951999999999999602e+01 -8.377474778994456983e+01
6.000000000000000000e+01 -8.388686050001496142e+01
6.047999999999999687e+01 -8.416864003419493656e+01
6.096000000000000085e+01 -8.391562169096714285e+01
6.143999999999999773e+01 -8.382742193695320054e+01
6.191999999999999460e+01 -8.384888536776497858e+01
6.239999999999999858e+01 -8.379979945381465711e+01
6.287999999999999545e+01 -8.391538626104980381e+01
6.335999999999999943e+01 -8.419282689291689792e+01
6.383999999999999631e+01 -8.431922973155695900e+01
6.431999999999999318e+01 -8.422986851918594198e+01
6.479999999999999716e+01 -8.410642790654338796e+01
6.528000000000000114e+01 -8.413832897448786241e+01
6.575999999999999091e+01 -8.443139657556923794e+01
6.623999999999999488e+01 -8.442191959721101568e+01
6.671999999999999886e+01 -8.449613149599458950e+01
6.720000000000000284e+01 -8.480004550278675879e+01
6.767999999999999261e+01 -8.470342739637524687e+01
6.815999999999999659e+01 -8.463823363937100908e+01
6.864000000000000057e+01 -8.478032954835425983e+01
6.912000000000000455e+01 -8.469039068404200066e+01
6.959999999999999432e+01 -8.455000922114363959e+01
7.007999999999999829e+01 -8.461785090777033247e+01
7.056000000000000227e+01 -8.496955840012782346e+01
7.103999999999999204e+01 -8.507923937624674693e+01
7.151999999999999602e+01 -8.485610013183230649e+01
7.200000000000000000e+01 -8.467391389129046786e+01
7.248000000000000398e+01 -8.486635751086907931e+01
7.295999999999999375e+01 -8.507906892392708187e+01
7.343999999999999773e+01 -8.505818591202731227e+01
7.392000000000000171e+01 -8.511065563074802753e+01
7.439999999999999147e+01 -8.551823629556554351e+01
7.487999999999999545e+01 -8.556948830371226222e+01
7.535999999999999943e+01 -8.559562000800247006e+01
7.584000000000000341e+01 -8.552378436893860680e+01
7.631999999999999318e+01 -8.555114497944617824e+01
7.679999999999999716e+01 -8.571017139852956745e+01
7.728000000000000114e+01 -8.591019886610257572e+01
7.775999999999999091e+01 -8.583907262607483801e+01
7.823999999999999488e+01 -8.574726954706002857e+01
7.871999999999999886e+01 -8.566995285681579730e+01
7.920000000000000284e+01 -8.569154101646986987e+01
7.967999999999999261e+01 -8.585579042977245479e+01
8.015999999999999659e+01 -8.587100698564768209e+01
8.064000000000000057e+01 -8.588075237871321121e+01
8.111999999999999034e+01 -8.578493804385200860e+01
8.159999999999999432e+01 -8.577551112226915109e+01
8.207999999999999829e+01 -8.597678609946511585e+01
8.256000000000000227e+01 -8.616104437395675575e+01
8.303999999999999204e+01 -8.606099253020411766e+01
8.351999999999999602e+01 -8.606636134567359875e+01
8.400000000000000000e+01 -8.616857825060569098e+01
8.447999999999998977e+01 -8.617643800499575946e+01
8.495999999999999375e+01 -8.626557844107644257e+01
8.543999999999999773e+01 -8.614742069603921948e+01
8.592000000000000171e+01 -8.613726932679705328e+01
8.639999999999999147e+01 -8.650371970495017138e+01
8.687999999999999545e+01 -8.676298715487595814e+01
8.735999999999999943e+01 -8.669644849343548287e+01
8.784000000000000341e+01 -8.656015749795380998e+01
8.831999999999999318e+01 -8.638955146206217250e+01
8.879999999999999716e+01 -8.646550008635686879e+01
8.928000000000000114e+01 -8.672029599336931938e+01
8.975999999999999091e+01 -8.672225940276658207e+01
9.023999999999999488e+01 -8.653193112210252025e+01
9.071999999999999886e+01 -8.638878222661162454e+01
9.120000000000000284e+01 -8.627254530989105774e+01
9.167999999999999261e+01 -8.641060379480455822e+01
9.215999999999999659e+01 -8.694921610986418159e+01
9.264000000000000057e+01 -8.692527823485272620e+01
9.311999999999999034e+01 -8.651329343946378003e+01
9.359999999999999432e+01 -8.658213429971175401e+01
9.407999999999999829e+01 -8.668469229092387707e+01
9.456000000000000227e+01 -8.660029945438630250e+01
9.503999999999999204e+01 -8.705778469870573133e+01
9.551999999999999602e+01 -8.721878975983148052e+01
9.600000000000000000e+01 -8.705422117715551167e+01
9.647999999999998977e+01 -8.723332406896346924e+01
9.695999999999999375e+01 -8.713085865333395930e+01
9.743999999999999773e+01 -8.691615963963485569e+01
9.792000000000000171e+01 -8.712974681846998237e+01
9.839999999999999147e+01 -8.749965433963936334e+01
9.887999999999999545e+01 -8.737750668570789969e+01
9.935999999999999943e+01 -8.713835045114045386e+01
9.984000000000000341e+01 -8.705885890278614170e+01
1.003199999999999932e+02 -8.716364660106202678e+01
1.007999999999999972e+02 -8.729934178526323763e+01
1.012800000000000011e+02 -8.733080957992467575e+01
1.017599999999999909e+02 -8.780524339945337431e+01
1.022399999999999949e+02 -8.802384541815742125e+01
1.027199999999999989e+02 -8.815357365893588337e+01
1.032000000000000028e+02 -8.829791558744487645e+01
1.036799999999999926e+02 -8.879894460257136757e+01
1.041599999999999966e+02 -8.960130705894619041e+01
1.046400000000000006e+02 -8.988056115562778814e+01
1.051199999999999903e+02 -9.007304518960876294e+01
1.055999999999999943e+02 -9.025565395862599871e+01
1.060799999999999983e+02 -9.072221112358525374e+01
1.065600000000000023e+02 -9.165504133114085050e+01
1.070399999999999920e+02 -9.268102326614028641e+01
1.075199999999999960e+02 -9.358946476457738584e+01
1.080000000000000000e+02 -9.479494671646149584e+01
1.084799999999999898e+02 -9.588617198615617099e+01
1.089599999999999937e+02 -9.658124477512707529e+01
1.094399999999999977e+02 -9.761701337337596840e+01
1.099200000000000017e+02 -9.866005518611025593e+01
1.103999999999999915e+02 -9.964042553121849721e+01
1.108799999999999955e+02 -1.008696655175940151e+02
1.113599999999999994e+02 -1.016652727341531204e+02
1.118399999999999892e+02 -1.021821382252880710e+02
1.123199999999999932e+02 -1.030333560576901419e+02
1.127999999999999972e+02 -1.033693140793804730e+02
1.132800000000000011e+02 -1.034007422394952727e+02
1.137599999999999909e+02 -1.036610489691719863e+02
1.142399999999999949e+02 -1.037453949246030618e+02
1.147199999999999989e+02 -1.039226378452489286e+02
1.151999999999999886e+02 -1.042272686141143367e+02
1.156799999999999926e+02 -1.042746799211565474e+02
1.161599999999999966e+02 -1.041872893228362642e+02
1.166400000000000006e+02 -1.038169138786094550e+02
1.171199999999999903e+02 -1.035029648957561506e+02
1.175999999999999943e+02 -1.030080391973453544e+02
1.180799999999999983e+02 -1.029153185803400703e+02
1.185600000000000023e+02 -1.029889846176209005e+02
1.190399999999999920e+02 -1.027831270302556135e+02
1.195199999999999960e+02 -1.029699825348859576e+02
1.200000000000000000e+02 -1.031994650303276018e+02
1.204799999999999898e+02 -1.033721002959894690e+02
1.209599999999999937e+02 -1.034433934648414635e+02
1.214399999999999977e+02 -1.031373703974499847e+02
1.219200000000000017e+02 -1.031103569161541742e+02
1.223999999999999915e+02 -1.025435744940993601e+02
