-1.228799999999999892e-01 -7.756015239489771318e+01
-1.223999999999999949e-01 -7.819786948517322855e+01
-1.219199999999999867e-01 -7.868334226761709260e+01
-1.214399999999999924e-01 -7.877253633527033116e+01
-1.209599999999999842e-01 -7.893953122525890365e+01
-1.204799999999999899e-01 -7.924079502289967536e+01
-1.199999999999999956e-01 -7.953736897251995686e+01
-1.195199999999999874e-01 -7.953758337123838373e+01
-1.190399999999999930e-01 -7.967058906239071803e+01
-1.185599999999999848e-01 -7.971534450583688169e+01
-1.180799999999999905e-01 -7.949572965435542926e+01
-1.175999999999999962e-01 -7.915529003426075860e+01
-1.171199999999999880e-01 -7.891254188892679622e+01
-1.166399999999999937e-01 -7.869388352057958969e+01
-1.161599999999999855e-01 -7.853520299207545463e+01
-1.156799999999999912e-01 -7.849693988777092102e+01
-1.151999999999999968e-01 -7.836801824346218837e+01
-1.147199999999999886e-01 -7.831495418615917004e+01
-1.142399999999999943e-01 -7.851505619774668787e+01
-1.137599999999999861e-01 -7.880727063399567101e+01
-1.132799999999999918e-01 -7.890031946875271274e+01
-1.127999999999999836e-01 -7.862537306919361413e+01
-1.123199999999999893e-01 -7.835530811051532396e+01
-1.118399999999999950e-01 -7.795325251040841863e+01
-1.113599999999999868e-01 -7.722325237639086026e+01
-1.108799999999999925e-01 -7.611006700731833519e+01
-1.103999999999999843e-01 -7.514004405374355144e+01
-1.099199999999999899e-01 -7.405834874224511566e+01
-1.094399999999999956e-01 -7.312817042855635918e+01
-1.089599999999999874e-01 -7.215309948000668783e+01
-1.084799999999999931e-01 -7.132717886325680468e+01
-1.079999999999999849e-01 -7.047315704475427367e+01
-1.075199999999999906e-01 -6.954477580552345728e+01
-1.070399999999999963e-01 -6.852385294266161964e+01
-1.065599999999999881e-01 -6.785744084065412096e+01
-1.060799999999999937e-01 -6.728041419401284884e+01
-1.055999999999999855e-01 -6.682449114244059274e+01
-1.051199999999999912e-01 -6.601336650437025355e+01
-1.046399999999999969e-01 -6.533005879222953638e+01
-1.041599999999999887e-01 -6.491481193335224020e+01
-1.036799999999999944e-01 -6.433664419247119781e+01
-1.031999999999999862e-01 -6.415791327392346943e+01
-1.027199999999999919e-01 -6.416462340228281391e+01
-1.022399999999999975e-01 -6.396415131485240835e+01
-1.017599999999999894e-01 -6.358352925313195669e+01
-1.012799999999999950e-01 -6.347845149476755466e+01
-1.007999999999999868e-01 -6.358327410628678678e+01
-1.003199999999999925e-01 -6.343161103964246195e+01
-9.983999999999998431e-02 -6.318604971063489728e+01
-9.935999999999998999e-02 -6.309043644548965801e+01
-9.887999999999999567e-02 -6.331993651274021317e+01
-9.839999999999998748e-02 -6.303236375981488493e+01
-9.791999999999999316e-02 -6.292858560978865512e+01
-9.743999999999998496e-02 -6.298694484285448425e+01
-9.695999999999999064e-02 -6.296812466188185908e+01
-9.647999999999999632e-02 -6.270665965658088936e+01
-9.599999999999998812e-02 -6.281897733067125955e+01
-9.551999999999999380e-02 -6.291158751779568092e+01
-9.503999999999998560e-02 -6.284405055302745779e+01
-9.455999999999999128e-02 -6.275301662188964968e+01
-9.407999999999999696e-02 -6.256781149621676974e+01
-9.359999999999998876e-02 -6.257466782817900963e+01
-9.311999999999999444e-02 -6.271836996142394582e+01
-9.263999999999998625e-02 -6.267028976886117420e+01
-9.215999999999999193e-02 -6.273930264010342484e+01
-9.167999999999999761e-02 -6.278211273326569852e+01
-9.119999999999998941e-02 -6.277503267372296847e+01
-9.071999999999999509e-02 -6.275826584924573837e+01
-9.023999999999998689e-02 -6.251533541185360576e+01
-8.975999999999999257e-02 -6.252213853515541331e+01
-8.927999999999999825e-02 -6.252194079064075538e+01
-8.879999999999999005e-02 -6.230635901440351887e+01
-8.831999999999999573e-02 -6.213629174622646900e+01
-8.783999999999998753e-02 -6.230866714102985782e+01
-8.735999999999999321e-02 -6.228693563277430911e+01
-8.687999999999999889e-02 -6.207428509764697111e+01
-8.639999999999999070e-02 -6.185919225585043080e+01
-8.591999999999999638e-02 -6.195379760611069742e+01
-8.543999999999998818e-02 -6.193425020369258505e+01
-8.495999999999999386e-02 -6.198561640886210711e+01
-8.447999999999999954e-02 -6.216078089483866620e+01
-8.399999999999999134e-02 -6.200767257485998130e+01
-8.351999999999999702e-02 -6.194677096150356022e+01
-8.303999999999998882e-02 -6.224698192698362931e+01
-8.255999999999999450e-02 -6.204155686772708833e+01
-8.207999999999998630e-02 -6.160357780336706668e+01
-8.159999999999999198e-02 -6.153892448293391482e+01
-8.111999999999999766e-02 -6.178380909927263076e+01
-8.063999999999998947e-02 -6.157057418136257354e+01
-8.015999999999999515e-02 -6.164455558438717730e+01
-7.967999999999998695e-02 -6.165332901551724376e+01
-7.919999999999999263e-02 -6.123732964819026137e+01
-7.871999999999999831e-02 -6.131760087880494581e+01
-7.823999999999999011e-02 -6.146961371797806351e+01
-7.775999999999999579e-02 -6.156179320340495309e+01
-7.727999999999998759e-02 -6.140699442737431468e+01
-7.679999999999999327e-02 -6.124910315383867498e+01
-7.631999999999999895e-02 -6.107322137817317298e+01
-7.583999999999999075e-02 -6.136037200217167964e+01
-7.535999999999999643e-02 -6.124335671277042081e+01
-7.487999999999998824e-02 -6.096824145354430868e+01
-7.439999999999999392e-02 -6.086546430833632826e+01
-7.391999999999999960e-02 -6.070160922945765947e+01
-7.343999999999999140e-02 -6.099651242739000878e+01
-7.295999999999999708e-02 -6.122651804176159374e+01
-7.247999999999998888e-02 -6.127571619140138637e+01
-7.199999999999999456e-02 -6.143740437927880294e+01
-7.152000000000000024e-02 -6.112899728004279609e+01
-7.103999999999999204e-02 -6.095681966051697032e+01
-7.055999999999999772e-02 -6.089279575552336610e+01
-7.007999999999998952e-02 -6.093500696208777612e+01
-6.959999999999999520e-02 -6.100764450049604193e+01
-6.911999999999998701e-02 -6.093458219260148212e+01
-6.863999999999999269e-02 -6.096517488424838405e+01
-6.815999999999999837e-02 -6.092514795558201968e+01
-6.767999999999999017e-02 -6.065571970130086754e+01
-6.719999999999999585e-02 -6.042290783361639939e+01
-6.671999999999998765e-02 -6.054282554033038366e+01
-6.623999999999999333e-02 -6.073106316927830761e+01
-6.575999999999999901e-02 -6.044227259264349073e+01
-6.527999999999999081e-02 -6.023772594380670142e+01
-6.479999999999999649e-02 -6.040501563922692441e+01
-6.431999999999998829e-02 -6.026742177930679389e+01
-6.383999999999999397e-02 -6.028691836656638259e+01
-6.335999999999999965e-02 -6.007592599118836318e+01
-6.287999999999999146e-02 -5.981417564905087403e+01
-6.239999999999999714e-02 -6.013816903318957685e+01
-6.191999999999999588e-02 -6.009839391876558068e+01
-6.143999999999999462e-02 -5.966770423003531931e+01
-6.095999999999999336e-02 -5.948787193321705047e+01
-6.047999999999999210e-02 -5.960462206795660478e+01
-5.999999999999999778e-02 -5.945353436007862769e+01
-5.951999999999999652e-02 -5.940771258578568847e+01
-5.903999999999999526e-02 -5.987443801516018738e+01
-5.855999999999999400e-02 -5.992650490961933940e+01
-5.807999999999999274e-02 -5.978192528945810835e+01
-5.759999999999999842e-02 -5.988120160559967076e+01
-5.711999999999999716e-02 -5.982324233496264299e+01
-5.663999999999999591e-02 -5.983009507482780975e+01
-5.615999999999999465e-02 -6.004265567672534587e+01
-5.567999999999999339e-02 -6.001672084553976561e+01
-5.519999999999999213e-02 -5.958310136579413552e+01
-5.471999999999999781e-02 -5.931656621732255275e+01
-5.423999999999999655e-02 -5.918828094973796539e+01
-5.375999999999999529e-02 -5.904353654515028182e+01
-5.327999999999999403e-02 -5.890994428530278526e+01
-5.279999999999999277e-02 -5.883518816187486067e+01
-5.231999999999999845e-02 -5.892333185876148605e+01
-5.183999999999999719e-02 -5.897581319978449699e+01
-5.135999999999999593e-02 -5.906565539458958369e+01
-5.087999999999999468e-02 -5.886085968445446071e+01
-5.039999999999999342e-02 -5.844379834960228237e+01
-4.991999999999999216e-02 -5.814326167581482707e+01
-4.943999999999999784e-02 -5.786277487426833943e+01
-4.895999999999999658e-02 -5.799429751644132836e+01
-4.847999999999999532e-02 -5.798187955354449485e+01
-4.799999999999999406e-02 -5.759939859437888288e+01
-4.751999999999999280e-02 -5.729403435220118013e+01
-4.703999999999999848e-02 -5.732786743155777032e+01
-4.655999999999999722e-02 -5.761834654484162144e+01
-4.607999999999999596e-02 -5.777430328351264421e+01
-4.559999999999999470e-02 -5.762567129130629695e+01
-4.511999999999999345e-02 -5.740892608637636840e+01
-4.463999999999999913e-02 -5.758045142567368657e+01
-4.415999999999999787e-02 -5.762018735485160903e+01
-4.367999999999999661e-02 -5.735787804041815718e+01
-4.319999999999999535e-02 -5.710318347535972805e+01
-4.271999999999999409e-02 -5.677150497253315109e+01
-4.223999999999999977e-02 -5.632464210713050079e+01
-4.175999999999999851e-02 -5.610467726819415901e+01
-4.127999999999999725e-02 -5.585824974162107992e+01
-4.079999999999999599e-02 -5.553411584971850345e+01
-4.031999999999999473e-02 -5.561669767106550211e+01
-3.983999999999999347e-02 -5.586405198897803359e+01
-3.935999999999999915e-02 -5.536385446319535220e+01
-3.887999999999999790e-02 -5.480715780624748845e+01
-3.839999999999999664e-02 -5.474500205623517246e+01
-3.791999999999999538e-02 -5.440055392083290542e+01
-3.743999999999999412e-02 -5.376304973408583976e+01
-3.695999999999999980e-02 -5.338565648037999978e+01
-3.647999999999999854e-02 -5.306471192665679837e+01
-3.599999999999999728e-02 -5.311237258433522612e+01
-3.551999999999999602e-02 -5.268523155961642601e+01
-3.503999999999999476e-02 -5.217449789762463297e+01
-3.455999999999999350e-02 -5.229723772766120504e+01
-3.407999999999999918e-02 -5.225199367754850499e+01
-3.359999999999999792e-02 -5.219990045728515327e+01
-3.311999999999999666e-02 -5.230847383489568614e+01
-3.263999999999999541e-02 -5.222615638755706158e+01
-3.215999999999999415e-02 -5.223682798780311032e+01
-3.167999999999999983e-02 -5.218259105412043652e+01
-3.119999999999999857e-02 -5.211697855108668875e+01
-3.071999999999999731e-02 -5.208048194428582178e+01
-3.023999999999999605e-02 -5.156066380970010954e+01
-2.975999999999999826e-02 -5.115971508436724946e+01
-2.927999999999999700e-02 -5.050443991116375031e+01
-2.879999999999999921e-02 -4.978024070597726336e+01
-2.831999999999999795e-02 -4.879873960064281135e+01
-2.783999999999999669e-02 -4.825542023681335024e+01
-2.735999999999999890e-02 -4.801962248700293401e+01
-2.687999999999999765e-02 -4.771617833715404799e+01
-2.639999999999999639e-02 -4.751907548133453929e+01
-2.591999999999999860e-02 -4.708527608280130039e+01
-2.543999999999999734e-02 -4.658539938379819034e+01
-2.495999999999999608e-02 -4.586567055881201327e+01
-2.447999999999999829e-02 -4.490512757235965324e+01
-2.399999999999999703e-02 -4.407571671616199893e+01
-2.351999999999999924e-02 -4.353582521385558834e+01
-2.303999999999999798e-02 -4.288766590834056558e+01
-2.255999999999999672e-02 -4.244636821758851397e+01
-2.207999999999999893e-02 -4.234736909724419718e+01
-2.159999999999999767e-02 -4.235037175723342528e+01
-2.111999999999999988e-02 -4.224643298909399647e+01
-2.063999999999999863e-02 -4.245085883233269186e+01
-2.015999999999999737e-02 -4.272051063257691794e+01
-1.967999999999999958e-02 -4.282945189963043475e+01
-1.919999999999999832e-02 -4.289292726641905062e+01
-1.871999999999999706e-02 -4.272460349676820357e+01
-1.823999999999999927e-02 -4.205545589628336955e+01
-1.775999999999999801e-02 -4.102052027439823689e+01
-1.727999999999999675e-02 -3.995147765292260544e+01
-1.679999999999999896e-02 -3.891029326685097089e+01
-1.631999999999999770e-02 -3.782847850545532253e+01
-1.583999999999999991e-02 -3.667836393080098389e+01
-1.535999999999999865e-02 -3.601153990652359482e+01
-1.487999999999999913e-02 -3.540777833603509350e+01
-1.439999999999999961e-02 -3.506965110400895469e+01
-1.391999999999999835e-02 -3.512608949933316893e+01
-1.343999999999999882e-02 -3.570994641874401765e+01
-1.295999999999999930e-02 -3.636078231575479691e+01
-1.247999999999999804e-02 -3.732520524899057790e+01
-1.199999999999999852e-02 -3.694253662715360775e+01
-1.151999999999999899e-02 -3.460823957200176437e+01
-1.103999999999999947e-02 -3.133557843349396421e+01
-1.055999999999999994e-02 -2.186203073348059434e+01
-1.007999999999999868e-02 -4.307688141399105497e+00
-9.599999999999999159e-03 4.046230837935070213e+00
-9.119999999999999635e-03 6.673925233992552108e+00
-8.639999999999998376e-03 6.898699831050811859e+00
-8.159999999999998851e-03 6.919669749244129697e+00
-7.679999999999999327e-03 7.108739559395196750e+00
-7.199999999999999803e-03 7.214202695318152614e+00
-6.719999999999999411e-03 7.059227491073855276e+00
-6.239999999999999020e-03 7.109108806695656924e+00
-5.759999999999999495e-03 7.272862768551644486e+00
-5.279999999999999971e-03 7.256045356184767314e+00
-4.799999999999999580e-03 7.277448318173806996e+00
-4.319999999999999188e-03 7.082953469147796000e+00
-3.839999999999999664e-03 6.982314619300122871e+00
-3.359999999999999706e-03 6.981475167376283153e+00
-2.879999999999999748e-03 6.970585781432565575e+00
-2.399999999999999790e-03 7.084849082779807183e+00
-1.919999999999999832e-03 7.057011114523524142e+00
-1.439999999999999874e-03 7.072812790919903669e+00
-9.599999999999999159e-04 7.132591689731258455e+00
-4.799999999999999580e-04 7.025030165667086379e+00
0.000000000000000000e+00 6.969859529099887929e+00
4.799999999999999580e-04 7.185915145708370311e+00
9.599999999999999159e-04 7.566878299941692809e+00
1.439999999999999874e-03 7.219924509034443716e+00
1.919999999999999832e-03 6.868268201888369617e+00
2.399999999999999790e-03 7.094632057162925776e+00
2.879999999999999748e-03 7.263575180937036357e+00
3.359999999999999706e-03 7.424839714022207104e+00
3.839999999999999664e-03 7.187046933472686305e+00
4.319999999999999188e-03 6.886496531494544548e+00
4.799999999999999580e-03 6.947232975674381805e+00
5.279999999999999971e-03 7.052227306532072859e+00
5.759999999999999495e-03 7.049900396546582293e+00
6.239999999999999020e-03 6.957536092192926347e+00
6.719999999999999411e-03 7.010494350587556767e+00
7.199999999999999803e-03 7.124437363374534371e+00
7.679999999999999327e-03 6.910680909008934059e+00
8.159999999999998851e-03 6.949465425902491944e+00
8.639999999999998376e-03 7.023201774931079555e+00
9.119999999999999635e-03 6.686612685745028095e+00
9.599999999999999159e-03 3.966000100943514628e+00
1.007999999999999868e-02 -4.522685782955860212e+00
1.055999999999999994e-02 -2.200375313021801205e+01
1.103999999999999947e-02 -3.070816318567412395e+01
1.151999999999999899e-02 -3.441523390471307664e+01
1.199999999999999852e-02 -3.693921893333129702e+01
1.247999999999999804e-02 -3.722731682940784026e+01
1.295999999999999930e-02 -3.645372392220701840e+01
1.343999999999999882e-02 -3.566835797158449850e+01
1.391999999999999835e-02 -3.529181561207929718e+01
1.439999999999999961e-02 -3.536758164433655338e+01
1.487999999999999913e-02 -3.574811485419247248e+01
1.535999999999999865e-02 -3.619455671492830362e+01
1.583999999999999991e-02 -3.681633564769589384e+01
1.631999999999999770e-02 -3.772046587022801134e+01
1.679999999999999896e-02 -3.889407806319199068e+01
1.727999999999999675e-02 -4.018140259361709354e+01
1.775999999999999801e-02 -4.165616740985163347e+01
1.823999999999999927e-02 -4.268600379852525606e+01
1.871999999999999706e-02 -4.325791108244568761e+01
1.919999999999999832e-02 -4.351751311862912530e+01
1.967999999999999958e-02 -4.378712928577031960e+01
2.015999999999999737e-02 -4.384544116135786140e+01
2.063999999999999863e-02 -4.370056625540607342e+01
2.111999999999999988e-02 -4.329911976518390304e+01
2.159999999999999767e-02 -4.274800542749510157e+01
2.207999999999999893e-02 -4.253071084680037472e+01
2.255999999999999672e-02 -4.282528959159618864e+01
2.303999999999999798e-02 -4.286949733344270896e+01
2.351999999999999924e-02 -4.336542441723869956e+01
2.399999999999999703e-02 -4.394393254587252784e+01
2.447999999999999829e-02 -4.475888702911728956e+01
2.495999999999999608e-02 -4.541168656274676607e+01
2.543999999999999734e-02 -4.608185715971011120e+01
2.591999999999999860e-02 -4.672460458392887261e+01
2.639999999999999639e-02 -4.736181608154889489e+01
2.687999999999999765e-02 -4.745134069589930448e+01
2.735999999999999890e-02 -4.768870971205500808e+01
2.783999999999999669e-02 -4.835876912149365836e+01
2.831999999999999795e-02 -4.910384238097367415e+01
2.879999999999999921e-02 -4.970692471278692182e+01
2.927999999999999700e-02 -5.024714930241512434e+01
2.975999999999999826e-02 -5.082853632029180346e+01
3.023999999999999605e-02 -5.157213726669564124e+01
3.071999999999999731e-02 -5.193692178641000368e+01
3.119999999999999857e-02 -5.230756589104836962e+01
3.167999999999999983e-02 -5.242905211310195313e+01
3.215999999999999415e-02 -5.229324390818857182e+01
3.263999999999999541e-02 -5.251650404894007806e+01
3.311999999999999666e-02 -5.228207096346147864e+01
3.359999999999999792e-02 -5.220611946627330013e+01
3.407999999999999918e-02 -5.251645460057991954e+01
3.455999999999999350e-02 -5.259089937504003842e+01
3.503999999999999476e-02 -5.245926290446233509e+01
3.551999999999999602e-02 -5.230993841970533254e+01
3.599999999999999728e-02 -5.262993301094891763e+01
3.647999999999999854e-02 -5.308675575141406000e+01
3.695999999999999980e-02 -5.350381044129843389e+01
3.743999999999999412e-02 -5.361252726140545377e+01
3.791999999999999538e-02 -5.390698054192887412e+01
3.839999999999999664e-02 -5.411172106978337126e+01
3.887999999999999790e-02 -5.436790057377136520e+01
3.935999999999999915e-02 -5.475123533393256992e+01
3.983999999999999347e-02 -5.508489043987987088e+01
4.031999999999999473e-02 -5.545909734501744026e+01
4.079999999999999599e-02 -5.613836177841456987e+01
4.127999999999999725e-02 -5.666598519754488450e+01
4.175999999999999851e-02 -5.674421597096127101e+01
4.223999999999999977e-02 -5.711466702127502515e+01
4.271999999999999409e-02 -5.785173726259824889e+01
4.319999999999999535e-02 -5.819382640160267783e+01
4.367999999999999661e-02 -5.833569680376153599e+01
4.415999999999999787e-02 -5.851280649221607888e+01
4.463999999999999913e-02 -5.860283793477584169e+01
4.511999999999999345e-02 -5.857727539396900340e+01
4.559999999999999470e-02 -5.843620093962309170e+01
4.607999999999999596e-02 -5.836814358345058906e+01
4.655999999999999722e-02 -5.877541157731070598e+01
4.703999999999999848e-02 -5.885976748404693382e+01
4.751999999999999280e-02 -5.893647700131340628e+01
4.799999999999999406e-02 -5.908230725776108727e+01
4.847999999999999532e-02 -5.868258782504874915e+01
4.895999999999999658e-02 -5.893806562650831182e+01
4.943999999999999784e-02 -5.920476298197070264e+01
4.991999999999999216e-02 -5.937146749015418834e+01
5.039999999999999342e-02 -5.949314993236164639e+01
5.087999999999999468e-02 -5.956697857573040977e+01
5.135999999999999593e-02 -5.989662177497424977e+01
5.183999999999999719e-02 -5.996275197332177243e+01
5.231999999999999845e-02 -6.011131264444551192e+01
5.279999999999999277e-02 -6.034768942581217033e+01
5.327999999999999403e-02 -6.076789810780944379e+01
5.375999999999999529e-02 -6.089285397552457368e+01
5.423999999999999655e-02 -6.103057080627638697e+01
5.471999999999999781e-02 -6.138660637127871667e+01
5.519999999999999213e-02 -6.135922654533106879e+01
5.567999999999999339e-02 -6.106010436989010515e+01
5.615999999999999465e-02 -6.124743780470835475e+01
5.663999999999999591e-02 -6.149684679739075932e+01
5.711999999999999716e-02 -6.141969568734918994e+01
5.759999999999999842e-02 -6.115136841822376113e+01
5.807999999999999274e-02 -6.110426677007689023e+01
5.855999999999999400e-02 -6.093213642960438392e+01
5.903999999999999526e-02 -6.093095476750562511e+01
5.951999999999999652e-02 -6.081376158619937655e+01
5.999999999999999778e-02 -6.086298004700062592e+01
6.047999999999999210e-02 -6.150377691161178717e+01
6.095999999999999336e-02 -6.170873588800687770e+01
6.143999999999999462e-02 -6.164299668237325136e+01
6.191999999999999588e-02 -6.191392371747890877e+01
6.239999999999999714e-02 -6.193913086243490795e+01
6.287999999999999146e-02 -6.184983794448242378e+01
6.335999999999999965e-02 -6.196884729927201363e+01
6.383999999999999397e-02 -6.189697516058344462e+01
6.431999999999998829e-02 -6.202077376918336427e+01
6.479999999999999649e-02 -6.251561781189845135e+01
6.527999999999999081e-02 -6.267116061050771947e+01
6.575999999999999901e-02 -6.262701912536820714e+01
6.623999999999999333e-02 -6.278119405539082720e+01
6.671999999999998765e-02 -6.253940090837276955e+01
6.719999999999999585e-02 -6.242896217642347523e+01
6.767999999999999017e-02 -6.232225056202108249e+01
6.815999999999999837e-02 -6.214658420091545565e+01
6.863999999999999269e-02 -6.216613383860500619e+01
6.911999999999998701e-02 -6.243376970065966702e+01
6.959999999999999520e-02 -6.259511525399862819e+01
7.007999999999998952e-02 -6.258904263886109476e+01
7.055999999999999772e-02 -6.262137230511957853e+01
7.103999999999999204e-02 -6.267066164168764431e+01
7.152000000000000024e-02 -6.238364688809468817e+01
7.199999999999999456e-02 -6.205735365758503264e+01
7.247999999999998888e-02 -6.225587359927444453e+01
7.295999999999999708e-02 -6.252800411159245186e+01
7.343999999999999140e-02 -6.244277864366225117e+01
7.391999999999999960e-02 -6.253175080367176975e+01
7.439999999999999392e-02 -6.264171277604458510e+01
7.487999999999998824e-02 -6.270881576673204449e+01
7.535999999999999643e-02 -6.305526129536237079e+01
7.583999999999999075e-02 -6.326344491262162961e+01
7.631999999999999895e-02 -6.335741847381697056e+01
7.679999999999999327e-02 -6.329847736521380597e+01
7.727999999999998759e-02 -6.324747928975619260e+01
7.775999999999999579e-02 -6.350233808787939438e+01
7.823999999999999011e-02 -6.324900025185186792e+01
7.871999999999999831e-02 -6.332165626727838514e+01
7.919999999999999263e-02 -6.349087518314890133e+01
7.967999999999998695e-02 -6.332437398749156188e+01
8.015999999999999515e-02 -6.330344621949066664e+01
8.063999999999998947e-02 -6.349116504528863913e+01
8.111999999999999766e-02 -6.346115286309168368e+01
8.159999999999999198e-02 -6.330549742282512682e+01
8.207999999999998630e-02 -6.314765894430376392e+01
8.255999999999999450e-02 -6.325480673447387403e+01
8.303999999999998882e-02 -6.318973030749297948e+01
8.351999999999999702e-02 -6.307026850030209175e+01
8.399999999999999134e-02 -6.325374718798653362e+01
8.447999999999999954e-02 -6.339163240801443777e+01
8.495999999999999386e-02 -6.333775991139567196e+01
8.543999999999998818e-02 -6.330099942665144397e+01
8.591999999999999638e-02 -6.342459070139670985e+01
8.639999999999999070e-02 -6.355868226284940192e+01
8.687999999999999889e-02 -6.363456523030499312e+01
8.735999999999999321e-02 -6.371095211081794218e+01
8.783999999999998753e-02 -6.347895885477053923e+01
8.831999999999999573e-02 -6.374206165093124810e+01
8.879999999999999005e-02 -6.397312152753908521e+01
8.927999999999999825e-02 -6.414940707527931352e+01
8.975999999999999257e-02 -6.440126161216488754e+01
9.023999999999998689e-02 -6.425184923004734117e+01
9.071999999999999509e-02 -6.415918846786671281e+01
9.119999999999998941e-02 -6.389166172149234768e+01
9.167999999999999761e-02 -6.376386081868672306e+01
9.215999999999999193e-02 -6.390955197702262325e+01
9.263999999999998625e-02 -6.374573817108033325e+01
9.311999999999999444e-02 -6.376622540707637654e+01
9.359999999999998876e-02 -6.399916282323644623e+01
9.407999999999999696e-02 -6.405724109309502978e+01
9.455999999999999128e-02 -6.400237660550691032e+01
9.503999999999998560e-02 -6.400537731109159267e+01
9.551999999999999380e-02 -6.388931050500244169e+01
9.599999999999998812e-02 -6.363324723748369394e+01
9.647999999999999632e-02 -6.366635519131157395e+01
9.695999999999999064e-02 -6.388032399341567213e+01
9.743999999999998496e-02 -6.387819293000782039e+01
9.791999999999999316e-02 -6.379037955802776594e+01
9.839999999999998748e-02 -6.386006859141840408e+01
9.887999999999999567e-02 -6.412746162444992137e+01
9.935999999999998999e-02 -6.403978299122678663e+01
9.983999999999998431e-02 -6.393912664233857868e+01
1.003199999999999925e-01 -6.409761793626475423e+01
1.007999999999999868e-01 -6.441802365256978646e+01
1.012799999999999950e-01 -6.480775096898693732e+01
1.017599999999999894e-01 -6.470563819003423589e+01
1.022399999999999975e-01 -6.468263978043363238e+01
1.027199999999999919e-01 -6.481949550146492811e+01
1.031999999999999862e-01 -6.486236353717481506e+01
1.036799999999999944e-01 -6.529480548528816541e+01
1.041599999999999887e-01 -6.573838748139024801e+01
1.046399999999999969e-01 -6.606055012751953370e+01
1.051199999999999912e-01 -6.644534782999919287e+01
1.055999999999999855e-01 -6.680250967418386665e+01
1.060799999999999937e-01 -6.718777996560235977e+01
1.065599999999999881e-01 -6.814213785968655657e+01
1.070399999999999963e-01 -6.881887777240848436e+01
1.075199999999999906e-01 -6.958301468378880372e+01
1.079999999999999849e-01 -7.051746796716189181e+01
1.084799999999999931e-01 -7.159115592584065269e+01
1.089599999999999874e-01 -7.269173527038748261e+01
1.094399999999999956e-01 -7.355924829914255270e+01
1.099199999999999899e-01 -7.428162972158010291e+01
1.103999999999999843e-01 -7.523101859319656626e+01
1.108799999999999925e-01 -7.620878118941512014e+01
1.113599999999999868e-01 -7.690238667696534947e+01
1.118399999999999950e-01 -7.780140348877421275e+01
1.123199999999999893e-01 -7.836874885527581114e+01
1.127999999999999836e-01 -7.880842872919684794e+01
1.132799999999999918e-01 -7.894665762584300239e+01
1.137599999999999861e-01 -7.886315105124604941e+01
1.142399999999999943e-01 -7.882672943904897522e+01
1.147199999999999886e-01 -7.866172038861559201e+01
1.151999999999999968e-01 -7.854344018460706423e+01
1.156799999999999912e-01 -7.864811292151772193e+01
1.161599999999999855e-01 -7.879546115821011654e+01
1.166399999999999937e-01 -7.854432409971667539e+01
1.171199999999999880e-01 -7.848612005162975436e+01
1.175999999999999962e-01 -7.882191671757824736e+01
1.180799999999999905e-01 -7.904650516378339375e+01
1.185599999999999848e-01 -7.894121124050100491e+01
1.190399999999999930e-01 -7.901847398317254090e+01
1.195199999999999874e-01 -7.899018126290008013e+01
1.199999999999999956e-01 -7.926329200782426199e+01
1.204799999999999899e-01 -7.931561867540276012e+01
1.209599999999999842e-01 -7.915654713242800256e+01
1.214399999999999924e-01 -7.912469944767009622e+01
1.219199999999999867e-01 -7.902020816085014587e+01
1.223999999999999949e-01 -7.831756933819099231e+01
