-1.228799999999999892e-01 -7.814675872553038971e+01
-1.223999999999999949e-01 -7.812090180519167859e+01
-1.219199999999999867e-01 -7.847043494303585476e+01
-1.214399999999999924e-01 -7.882561980264686952e+01
-1.209599999999999842e-01 -7.908867346191834713e+01
-1.204799999999999899e-01 -7.951313779683177074e+01
-1.199999999999999956e-01 -7.969141227794193583e+01
-1.195199999999999874e-01 -7.953603353645461027e+01
-1.190399999999999930e-01 -7.952246038123502103e+01
-1.185599999999999848e-01 -7.953162284407126492e+01
-1.180799999999999905e-01 -7.951775033040844676e+01
-1.175999999999999962e-01 -7.913911877286908236e+01
-1.171199999999999880e-01 -7.893843687019858635e+01
-1.166399999999999937e-01 -7.860461435386267226e+01
-1.161599999999999855e-01 -7.821032936666725277e+01
-1.156799999999999912e-01 -7.799309335935141974e+01
-1.151999999999999968e-01 -7.794555208315983919e+01
-1.147199999999999886e-01 -7.823145976570810944e+01
-1.142399999999999943e-01 -7.835774296035557995e+01
-1.137599999999999861e-01 -7.883520277338922710e+01
-1.132799999999999918e-01 -7.894198327047195107e+01
-1.127999999999999836e-01 -7.886529028747321490e+01
-1.123199999999999893e-01 -7.860427397958163453e+01
-1.118399999999999950e-01 -7.807332452590392791e+01
-1.113599999999999868e-01 -7.719663518187300610e+01
-1.108799999999999925e-01 -7.593030646940542283e+01
-1.103999999999999843e-01 -7.513331732825770359e+01
-1.099199999999999899e-01 -7.406594669801727093e+01
-1.094399999999999956e-01 -7.306240106901560694e+01
-1.089599999999999874e-01 -7.221944172276610630e+01
-1.084799999999999931e-01 -7.129361197476801237e+01
-1.079999999999999849e-01 -7.028551284204600336e+01
-1.075199999999999906e-01 -6.932246510290977426e+01
-1.070399999999999963e-01 -6.851144321693199402e+01
-1.065599999999999881e-01 -6.798528267347650456e+01
-1.060799999999999937e-01 -6.763559577310572024e+01
-1.055999999999999855e-01 -6.706922534314804807e+01
-1.051199999999999912e-01 -6.622873044757285754e+01
-1.046399999999999969e-01 -6.533446122114835930e+01
-1.041599999999999887e-01 -6.503130244018039718e+01
-1.036799999999999944e-01 -6.496341741248055257e+01
-1.031999999999999862e-01 -6.444584764351395734e+01
-1.027199999999999919e-01 -6.388318293734777598e+01
-1.022399999999999975e-01 -6.381251308473038364e+01
-1.017599999999999894e-01 -6.370480626087957887e+01
-1.012799999999999950e-01 -6.358614833295077062e+01
-1.007999999999999868e-01 -6.354956183436426898e+01
-1.003199999999999925e-01 -6.354852067667256676e+01
-9.983999999999998431e-02 -6.352578682941072685e+01
-9.935999999999998999e-02 -6.318613307391362355e+01
-9.887999999999999567e-02 -6.313722248788074154e+01
-9.839999999999998748e-02 -6.310867853888208145e+01
-9.791999999999999316e-02 -6.307026706356375456e+01
-9.743999999999998496e-02 -6.319032843812511402e+01
-9.695999999999999064e-02 -6.324986765654053045e+01
-9.647999999999999632e-02 -6.306559645940944137e+01
-9.599999999999998812e-02 -6.320067224068374401e+01
-9.551999999999999380e-02 -6.308125548990932430e+01
-9.503999999999998560e-02 -6.269919125017177919e+01
-9.455999999999999128e-02 -6.293452105743278935e+01
-9.407999999999999696e-02 -6.296249018448445156e+01
-9.359999999999998876e-02 -6.271855664704791877e+01
-9.311999999999999444e-02 -6.246206252570964779e+01
-9.263999999999998625e-02 -6.214016498190787274e+01
-9.215999999999999193e-02 -6.230173584653339702e+01
-9.167999999999999761e-02 -6.249572014434548350e+01
-9.119999999999998941e-02 -6.266194733201033529e+01
-9.071999999999999509e-02 -6.247194465898462568e+01
-9.023999999999998689e-02 -6.229548527375997935e+01
-8.975999999999999257e-02 -6.232152468719181826e+01
-8.927999999999999825e-02 -6.247065459776770524e+01
-8.879999999999999005e-02 -6.233722266492676312e+01
-8.831999999999999573e-02 -6.203855807261599864e+01
-8.783999999999998753e-02 -6.199203967431677853e+01
-8.735999999999999321e-02 -6.213731550657558955e+01
-8.687999999999999889e-02 -6.196451742878328162e+01
-8.639999999999999070e-02 -6.190574927068653466e+01
-8.591999999999999638e-02 -6.213153034559905308e+01
-8.543999999999998818e-02 -6.227285949675010812e+01
-8.495999999999999386e-02 -6.191839802432767925e+01
-8.447999999999999954e-02 -6.195267246973629938e+01
-8.399999999999999134e-02 -6.189991814353818000e+01
-8.351999999999999702e-02 -6.170361177285833776e+01
-8.303999999999998882e-02 -6.176683574477510774e+01
-8.255999999999999450e-02 -6.165965694460262370e+01
-8.207999999999998630e-02 -6.152998602103188830e+01
-8.159999999999999198e-02 -6.163183380356193908e+01
-8.111999999999999766e-02 -6.168101052914573756e+01
-8.063999999999998947e-02 -6.156092074116051549e+01
-8.015999999999999515e-02 -6.136423940610726646e+01
-7.967999999999998695e-02 -6.143978636477916666e+01
-7.919999999999999263e-02 -6.139312489989833210e+01
-7.871999999999999831e-02 -6.135107387661744127e+01
-7.823999999999999011e-02 -6.134853621803032553e+01
-7.775999999999999579e-02 -6.147848501357900375e+01
-7.727999999999998759e-02 -6.147606074536057719e+01
-7.679999999999999327e-02 -6.133612665841364731e+01
-7.631999999999999895e-02 -6.119490103689386018e+01
-7.583999999999999075e-02 -6.124662352872368842e+01
-7.535999999999999643e-02 -6.101219333170507753e+01
-7.487999999999998824e-02 -6.102719155063697087e+01
-7.439999999999999392e-02 -6.114744784504109987e+01
-7.391999999999999960e-02 -6.109541716598233307e+01
-7.343999999999999140e-02 -6.109625994464228427e+01
-7.295999999999999708e-02 -6.112899362132849035e+01
-7.247999999999998888e-02 -6.120437946740062074e+01
-7.199999999999999456e-02 -6.104793295741966119e+01
-7.152000000000000024e-02 -6.092005885513313501e+01
-7.103999999999999204e-02 -6.078269295109286219e+01
-7.055999999999999772e-02 -6.086528948696000185e+01
-7.007999999999998952e-02 -6.094298956935946876e+01
-6.959999999999999520e-02 -6.097034362592211210e+01
-6.911999999999998701e-02 -6.107197999984527570e+01
-6.863999999999999269e-02 -6.095018464701719552e+01
-6.815999999999999837e-02 -6.105463493420327836e+01
-6.767999999999999017e-02 -6.080642506434875827e+01
-6.719999999999999585e-02 -6.035427520866721807e+01
-6.671999999999998765e-02 -6.045522728680042235e+01
-6.623999999999999333e-02 -6.063258641152820871e+01
-6.575999999999999901e-02 -6.065077964161890378e+01
-6.527999999999999081e-02 -6.034601871966237496e+01
-6.479999999999999649e-02 -6.029461118189257718e+01
-6.431999999999998829e-02 -6.035871212980880074e+01
-6.383999999999999397e-02 -6.033122295294831616e+01
-6.335999999999999965e-02 -6.022585301397612056e+01
-6.287999999999999146e-02 -5.983628053157568161e+01
-6.239999999999999714e-02 -5.999138224977308909e+01
-6.191999999999999588e-02 -6.030240238094209104e+01
-6.143999999999999462e-02 -6.000681675914705693e+01
-6.095999999999999336e-02 -5.967358830818135118e+01
-6.047999999999999210e-02 -5.968270556472451460e+01
-5.999999999999999778e-02 -5.960996181621165135e+01
-5.951999999999999652e-02 -5.948829907626937796e+01
-5.903999999999999526e-02 -5.971843874264137497e+01
-5.855999999999999400e-02 -5.994702972371223382e+01
-5.807999999999999274e-02 -5.969189964976499851e+01
-5.759999999999999842e-02 -5.962320368539601390e+01
-5.711999999999999716e-02 -5.967266198372676200e+01
-5.663999999999999591e-02 -5.978220323530345581e+01
-5.615999999999999465e-02 -5.990890431647478209e+01
-5.567999999999999339e-02 -5.986941859857078896e+01
-5.519999999999999213e-02 -5.980730505692169174e+01
-5.471999999999999781e-02 -5.944090879783071557e+01
-5.423999999999999655e-02 -5.909064007681732278e+01
-5.375999999999999529e-02 -5.917152653835380960e+01
-5.327999999999999403e-02 -5.944784122741474164e+01
-5.279999999999999277e-02 -5.935271366681621430e+01
-5.231999999999999845e-02 -5.903382905696491889e+01
-5.183999999999999719e-02 -5.883442273980409709e+01
-5.135999999999999593e-02 -5.886617565175843936e+01
-5.087999999999999468e-02 -5.880162294557757008e+01
-5.039999999999999342e-02 -5.846690014393368529e+01
-4.991999999999999216e-02 -5.824665666700377642e+01
-4.943999999999999784e-02 -5.805867325883146179e+01
-4.895999999999999658e-02 -5.803454689929479571e+01
-4.847999999999999532e-02 -5.784568237327030715e+01
-4.799999999999999406e-02 -5.744264612908325773e+01
-4.751999999999999280e-02 -5.745662053232870647e+01
-4.703999999999999848e-02 -5.758806607267550248e+01
-4.655999999999999722e-02 -5.760394111482226265e+01
-4.607999999999999596e-02 -5.747572808179828030e+01
-4.559999999999999470e-02 -5.757779828894751262e+01
-4.511999999999999345e-02 -5.781865137070673200e+01
-4.463999999999999913e-02 -5.783614048999349677e+01
-4.415999999999999787e-02 -5.753345974806735086e+01
-4.367999999999999661e-02 -5.737074681062931347e+01
-4.319999999999999535e-02 -5.695709352792160729e+01
-4.271999999999999409e-02 -5.679804568265940645e+01
-4.223999999999999977e-02 -5.659508243998751453e+01
-4.175999999999999851e-02 -5.616467356729943106e+01
-4.127999999999999725e-02 -5.587243245844771167e+01
-4.079999999999999599e-02 -5.575591803478828723e+01
-4.031999999999999473e-02 -5.591579644272573546e+01
-3.983999999999999347e-02 -5.583835820016374640e+01
-3.935999999999999915e-02 -5.540508276955083744e+01
-3.887999999999999790e-02 -5.507739377751141774e+01
-3.839999999999999664e-02 -5.492105177011980288e+01
-3.791999999999999538e-02 -5.455711905702677456e+01
-3.743999999999999412e-02 -5.391512137726238763e+01
-3.695999999999999980e-02 -5.349668874285864462e+01
-3.647999999999999854e-02 -5.328470143855847141e+01
-3.599999999999999728e-02 -5.327058123845325355e+01
-3.551999999999999602e-02 -5.276148810910488862e+01
-3.503999999999999476e-02 -5.219787899992123670e+01
-3.455999999999999350e-02 -5.231231839726588362e+01
-3.407999999999999918e-02 -5.233434638391280913e+01
-3.359999999999999792e-02 -5.225757035430365960e+01
-3.311999999999999666e-02 -5.241072729751046921e+01
-3.263999999999999541e-02 -5.226592022253024084e+01
-3.215999999999999415e-02 -5.239540308944369684e+01
-3.167999999999999983e-02 -5.258135259283683638e+01
-3.119999999999999857e-02 -5.249993108545083231e+01
-3.071999999999999731e-02 -5.215060108427036312e+01
-3.023999999999999605e-02 -5.172883011955647703e+01
-2.975999999999999826e-02 -5.136043359631227645e+01
-2.927999999999999700e-02 -5.086681117508771877e+01
-2.879999999999999921e-02 -5.016289117395253072e+01
-2.831999999999999795e-02 -4.906724185045621311e+01
-2.783999999999999669e-02 -4.861077823248219687e+01
-2.735999999999999890e-02 -4.843846500962014545e+01
-2.687999999999999765e-02 -4.819572708238582237e+01
-2.639999999999999639e-02 -4.806775052124577030e+01
-2.591999999999999860e-02 -4.772614497921870225e+01
-2.543999999999999734e-02 -4.727549011116182953e+01
-2.495999999999999608e-02 -4.648817080774912824e+01
-2.447999999999999829e-02 -4.552587143415145476e+01
-2.399999999999999703e-02 -4.468855428971857435e+01
-2.351999999999999924e-02 -4.405836748127353530e+01
-2.303999999999999798e-02 -4.335893023643588862e+01
-2.255999999999999672e-02 -4.290106183569076848e+01
-2.207999999999999893e-02 -4.277077620984962891e+01
-2.159999999999999767e-02 -4.280890991521303590e+01
-2.111999999999999988e-02 -4.268842168628794553e+01
-2.063999999999999863e-02 -4.289441049773935788e+01
-2.015999999999999737e-02 -4.323204375168756286e+01
-1.967999999999999958e-02 -4.334930551879416782e+01
-1.919999999999999832e-02 -4.344119612314941037e+01
-1.871999999999999706e-02 -4.328495305537170168e+01
-1.823999999999999927e-02 -4.273533527528321940e+01
-1.775999999999999801e-02 -4.180852398130877390e+01
-1.727999999999999675e-02 -4.068389267149329669e+01
-1.679999999999999896e-02 -3.960275102500251876e+01
-1.631999999999999770e-02 -3.848348576478424121e+01
-1.583999999999999991e-02 -3.728906457708625766e+01
-1.535999999999999865e-02 -3.659694017152035883e+01
-1.487999999999999913e-02 -3.593656330823968403e+01
-1.439999999999999961e-02 -3.558096172942563129e+01
-1.391999999999999835e-02 -3.561507308364149793e+01
-1.343999999999999882e-02 -3.618884093802694224e+01
-1.295999999999999930e-02 -3.680703129885294089e+01
-1.247999999999999804e-02 -3.764641182379125439e+01
-1.199999999999999852e-02 -3.696859822804154305e+01
-1.151999999999999899e-02 -3.449106823847145620e+01
-1.103999999999999947e-02 -3.117506133222688547e+01
-1.055999999999999994e-02 -2.178687222910076215e+01
-1.007999999999999868e-02 -4.249507749854797289e+00
-9.599999999999999159e-03 4.103429586809273388e+00
-9.119999999999999635e-03 6.729351068648056433e+00
-8.639999999999998376e-03 6.951661657521706950e+00
-8.159999999999998851e-03 6.970348734397270540e+00
-7.679999999999999327e-03 7.157519997290084923e+00
-7.199999999999999803e-03 7.261702245826863411e+00
-6.719999999999999411e-03 7.105876299445402111e+00
-6.239999999999999020e-03 7.154928476306132268e+00
-5.759999999999999495e-03 7.318377804447458779e+00
-5.279999999999999971e-03 7.301704462362876846e+00
-4.799999999999999580e-03 7.323417660830651599e+00
-4.319999999999999188e-03 7.129308248422404404e+00
-3.839999999999999664e-03 7.029701401199450750e+00
-3.359999999999999706e-03 7.029886011973727200e+00
-2.879999999999999748e-03 7.019545070711229684e+00
-2.399999999999999790e-03 7.134690399136860428e+00
-1.919999999999999832e-03 7.107779019054000003e+00
-1.439999999999999874e-03 7.123954693396980176e+00
-9.599999999999999159e-04 7.184139391712016653e+00
-4.799999999999999580e-04 7.076912325204284038e+00
0.000000000000000000e+00 7.021857685816488726e+00
4.799999999999999580e-04 7.237987829874869661e+00
9.599999999999999159e-04 7.618576768420965983e+00
1.439999999999999874e-03 7.271163864862966619e+00
1.919999999999999832e-03 6.918907155476748727e+00
2.399999999999999790e-03 7.144447695385910180e+00
2.879999999999999748e-03 7.312829038134643689e+00
3.359999999999999706e-03 7.473316865287740640e+00
3.839999999999999664e-03 7.234617438616116836e+00
4.319999999999999188e-03 6.933449719311823856e+00
4.799999999999999580e-03 6.993576125731458148e+00
5.279999999999999971e-03 7.097828573776688188e+00
5.759999999999999495e-03 7.095454689536802917e+00
6.239999999999999020e-03 7.003618827219566967e+00
6.719999999999999411e-03 7.057166132502343814e+00
7.199999999999999803e-03 7.171889315328165537e+00
7.679999999999999327e-03 6.959415646510507258e+00
8.159999999999998851e-03 6.999952606433108571e+00
8.639999999999998376e-03 7.075795324271786590e+00
9.119999999999999635e-03 6.741282119863457822e+00
9.599999999999999159e-03 4.022035311027075899e+00
1.007999999999999868e-02 -4.465815583889734874e+00
1.055999999999999994e-02 -2.191965367455459912e+01
1.103999999999999947e-02 -3.054430032626151004e+01
1.151999999999999899e-02 -3.425631230928620852e+01
1.199999999999999852e-02 -3.695789292225659040e+01
1.247999999999999804e-02 -3.752208756306065141e+01
1.295999999999999930e-02 -3.690505801650144235e+01
1.343999999999999882e-02 -3.619030913252009896e+01
1.391999999999999835e-02 -3.588260672185819544e+01
1.439999999999999961e-02 -3.599206526115521854e+01
1.487999999999999913e-02 -3.638584033541135199e+01
1.535999999999999865e-02 -3.690469338386746045e+01
1.583999999999999991e-02 -3.758479707692941929e+01
1.631999999999999770e-02 -3.855004282598705601e+01
1.679999999999999896e-02 -3.981100806558483640e+01
1.727999999999999675e-02 -4.111817385643182376e+01
1.775999999999999801e-02 -4.263792860184650380e+01
1.823999999999999927e-02 -4.372617755718057708e+01
1.871999999999999706e-02 -4.423392356769295475e+01
1.919999999999999832e-02 -4.445843666461257015e+01
1.967999999999999958e-02 -4.468613075094219766e+01
2.015999999999999737e-02 -4.465551451530552640e+01
2.063999999999999863e-02 -4.438655319436463742e+01
2.111999999999999988e-02 -4.394830535958084994e+01
2.159999999999999767e-02 -4.344624865629830879e+01
2.207999999999999893e-02 -4.321134493404839816e+01
2.255999999999999672e-02 -4.351133040279383124e+01
2.303999999999999798e-02 -4.355123741577191510e+01
2.351999999999999924e-02 -4.405337667526645617e+01
2.399999999999999703e-02 -4.472564029822792975e+01
2.447999999999999829e-02 -4.559693788488979749e+01
2.495999999999999608e-02 -4.630993761945538267e+01
2.543999999999999734e-02 -4.710904615853336708e+01
2.591999999999999860e-02 -4.770997915556176849e+01
2.639999999999999639e-02 -4.828342118033569363e+01
2.687999999999999765e-02 -4.834651191033774609e+01
2.735999999999999890e-02 -4.852041601877581201e+01
2.783999999999999669e-02 -4.908794551791211092e+01
2.831999999999999795e-02 -4.967320698664213552e+01
2.879999999999999921e-02 -5.027538944567770329e+01
2.927999999999999700e-02 -5.093090593923896847e+01
2.975999999999999826e-02 -5.155735921658758514e+01
3.023999999999999605e-02 -5.206475174439945874e+01
3.071999999999999731e-02 -5.244585799597728482e+01
3.119999999999999857e-02 -5.276780365220731284e+01
3.167999999999999983e-02 -5.268717347933094430e+01
3.215999999999999415e-02 -5.256179737047148137e+01
3.263999999999999541e-02 -5.275201939785189609e+01
3.311999999999999666e-02 -5.254186208195534391e+01
3.359999999999999792e-02 -5.246752274502675562e+01
3.407999999999999918e-02 -5.291820165255860786e+01
3.455999999999999350e-02 -5.307837783929431907e+01
3.503999999999999476e-02 -5.293151514906151078e+01
3.551999999999999602e-02 -5.272922539953345478e+01
3.599999999999999728e-02 -5.304145976694983489e+01
3.647999999999999854e-02 -5.354596553119592528e+01
3.695999999999999980e-02 -5.380441730586625226e+01
3.743999999999999412e-02 -5.395657891299119768e+01
3.791999999999999538e-02 -5.421625452721645644e+01
3.839999999999999664e-02 -5.439682826259768689e+01
3.887999999999999790e-02 -5.462700831860111350e+01
3.935999999999999915e-02 -5.505231904886667138e+01
3.983999999999999347e-02 -5.535541486518805954e+01
4.031999999999999473e-02 -5.560476599744522019e+01
4.079999999999999599e-02 -5.605187506024663691e+01
4.127999999999999725e-02 -5.672046729905297013e+01
4.175999999999999851e-02 -5.705059945747749595e+01
4.223999999999999977e-02 -5.740749555341224664e+01
4.271999999999999409e-02 -5.777078980268957054e+01
4.319999999999999535e-02 -5.815875223978959241e+01
4.367999999999999661e-02 -5.850304439922777533e+01
4.415999999999999787e-02 -5.852208280874282309e+01
4.463999999999999913e-02 -5.866301611417925699e+01
4.511999999999999345e-02 -5.869950483119005469e+01
4.559999999999999470e-02 -5.861467745753302694e+01
4.607999999999999596e-02 -5.861573247835793410e+01
4.655999999999999722e-02 -5.919213170788773226e+01
4.703999999999999848e-02 -5.890599971492926556e+01
4.751999999999999280e-02 -5.866567496499685319e+01
4.799999999999999406e-02 -5.887938893080995939e+01
4.847999999999999532e-02 -5.883679518825140065e+01
4.895999999999999658e-02 -5.918344483824923685e+01
4.943999999999999784e-02 -5.947342061653648670e+01
4.991999999999999216e-02 -5.957900833178911881e+01
5.039999999999999342e-02 -5.968660114871263289e+01
5.087999999999999468e-02 -5.974691402940409546e+01
5.135999999999999593e-02 -5.983634027599472205e+01
5.183999999999999719e-02 -6.002560824128200068e+01
5.231999999999999845e-02 -6.021106995610443846e+01
5.279999999999999277e-02 -6.036844406862010004e+01
5.327999999999999403e-02 -6.053821991950024994e+01
5.375999999999999529e-02 -6.052646590881811051e+01
5.423999999999999655e-02 -6.091043954910301750e+01
5.471999999999999781e-02 -6.143495322614257503e+01
5.519999999999999213e-02 -6.149365428814323309e+01
5.567999999999999339e-02 -6.141053475672669038e+01
5.615999999999999465e-02 -6.146255172835202529e+01
5.663999999999999591e-02 -6.163134563259310994e+01
5.711999999999999716e-02 -6.151473484169594030e+01
5.759999999999999842e-02 -6.123501896610220996e+01
5.807999999999999274e-02 -6.121872190379944811e+01
5.855999999999999400e-02 -6.118098007390534576e+01
5.903999999999999526e-02 -6.120832373050114938e+01
5.951999999999999652e-02 -6.147146210444258685e+01
5.999999999999999778e-02 -6.168560676302447376e+01
6.047999999999999210e-02 -6.174049304403305882e+01
6.095999999999999336e-02 -6.145768774837935666e+01
6.143999999999999462e-02 -6.167962174073032600e+01
6.191999999999999588e-02 -6.211518230061899715e+01
6.239999999999999714e-02 -6.215206169319931462e+01
6.287999999999999146e-02 -6.184619277522408254e+01
6.335999999999999965e-02 -6.192529371290339668e+01
6.383999999999999397e-02 -6.216174006670318164e+01
6.431999999999998829e-02 -6.237496783814108881e+01
6.479999999999999649e-02 -6.245547630745229384e+01
6.527999999999999081e-02 -6.253494133172723934e+01
6.575999999999999901e-02 -6.274033406732576168e+01
6.623999999999999333e-02 -6.292363344979634832e+01
6.671999999999998765e-02 -6.260080094868908418e+01
6.719999999999999585e-02 -6.281522382361168155e+01
6.767999999999999017e-02 -6.288524782797304624e+01
6.815999999999999837e-02 -6.270239749743499402e+01
6.863999999999999269e-02 -6.254077827622404584e+01
6.911999999999998701e-02 -6.282224368921135493e+01
6.959999999999999520e-02 -6.290322209641154672e+01
7.007999999999998952e-02 -6.293820172784054989e+01
7.055999999999999772e-02 -6.294699036077162191e+01
7.103999999999999204e-02 -6.275155616429672278e+01
7.152000000000000024e-02 -6.250359584521908118e+01
7.199999999999999456e-02 -6.220485557426302137e+01
7.247999999999998888e-02 -6.212094475995836973e+01
7.295999999999999708e-02 -6.248675226519117132e+01
7.343999999999999140e-02 -6.264031580760750018e+01
7.391999999999999960e-02 -6.270222683858441570e+01
7.439999999999999392e-02 -6.287159794600489704e+01
7.487999999999998824e-02 -6.302832753962395174e+01
7.535999999999999643e-02 -6.325845917862200452e+01
7.583999999999999075e-02 -6.305367761954165218e+01
7.631999999999999895e-02 -6.303810930641945731e+01
7.679999999999999327e-02 -6.312953608719938359e+01
7.727999999999998759e-02 -6.318018818895549060e+01
7.775999999999999579e-02 -6.303080288934057762e+01
7.823999999999999011e-02 -6.332351501403873328e+01
7.871999999999999831e-02 -6.350563935874306765e+01
7.919999999999999263e-02 -6.348181686776658950e+01
7.967999999999998695e-02 -6.369956798463191205e+01
8.015999999999999515e-02 -6.345899553362929879e+01
8.063999999999998947e-02 -6.349261445192568942e+01
8.111999999999999766e-02 -6.343867891433750117e+01
8.159999999999999198e-02 -6.340137263448767868e+01
8.207999999999998630e-02 -6.353919479523387537e+01
8.255999999999999450e-02 -6.345821368284298813e+01
8.303999999999998882e-02 -6.309248336611070584e+01
8.351999999999999702e-02 -6.330089423255498104e+01
8.399999999999999134e-02 -6.362482428955364355e+01
8.447999999999999954e-02 -6.327765519572446351e+01
8.495999999999999386e-02 -6.310409599678358461e+01
8.543999999999998818e-02 -6.345019719785359769e+01
8.591999999999999638e-02 -6.355749309250316514e+01
8.639999999999999070e-02 -6.355073978040427107e+01
8.687999999999999889e-02 -6.351785152324226402e+01
8.735999999999999321e-02 -6.320693963616619726e+01
8.783999999999998753e-02 -6.333481931460275405e+01
8.831999999999999573e-02 -6.351137438233588739e+01
8.879999999999999005e-02 -6.360773443962463602e+01
8.927999999999999825e-02 -6.378548197327762637e+01
8.975999999999999257e-02 -6.389008694761717067e+01
9.023999999999998689e-02 -6.400689071622913673e+01
9.071999999999999509e-02 -6.406843417005805463e+01
9.119999999999998941e-02 -6.428016831851456914e+01
9.167999999999999761e-02 -6.426213871835459202e+01
9.215999999999999193e-02 -6.416773010369189478e+01
9.263999999999998625e-02 -6.412125313416980532e+01
9.311999999999999444e-02 -6.410765978472909410e+01
9.359999999999998876e-02 -6.425214831039622254e+01
9.407999999999999696e-02 -6.402809390767701814e+01
9.455999999999999128e-02 -6.384019635280533578e+01
9.503999999999998560e-02 -6.371902478880813447e+01
9.551999999999999380e-02 -6.377813968771066300e+01
9.599999999999998812e-02 -6.410203540391509591e+01
9.647999999999999632e-02 -6.429380251909020672e+01
9.695999999999999064e-02 -6.427027994513882447e+01
9.743999999999998496e-02 -6.409218402236939482e+01
9.791999999999999316e-02 -6.407763949572873230e+01
9.839999999999998748e-02 -6.395545912643633102e+01
9.887999999999999567e-02 -6.408344496660474476e+01
9.935999999999998999e-02 -6.431277638653432405e+01
9.983999999999998431e-02 -6.415423565484368851e+01
1.003199999999999925e-01 -6.419691471035261543e+01
1.007999999999999868e-01 -6.409225878757261796e+01
1.012799999999999950e-01 -6.424867901728673303e+01
1.017599999999999894e-01 -6.459169675319839143e+01
1.022399999999999975e-01 -6.484012832898260115e+01
1.027199999999999919e-01 -6.509233406775528863e+01
1.031999999999999862e-01 -6.512181459068256117e+01
1.036799999999999944e-01 -6.527025495409839095e+01
1.041599999999999887e-01 -6.578987871912903529e+01
1.046399999999999969e-01 -6.607288380415431561e+01
1.051199999999999912e-01 -6.656524263474928205e+01
1.055999999999999855e-01 -6.695023073141756242e+01
1.060799999999999937e-01 -6.730227262667548871e+01
1.065599999999999881e-01 -6.805411243203808169e+01
1.070399999999999963e-01 -6.882647978490531671e+01
1.075199999999999906e-01 -6.979946175948313680e+01
1.079999999999999849e-01 -7.067853055596131640e+01
1.084799999999999931e-01 -7.148333880110122607e+01
1.089599999999999874e-01 -7.232602764975665366e+01
1.094399999999999956e-01 -7.309264147339300166e+01
1.099199999999999899e-01 -7.411086014203019090e+01
1.103999999999999843e-01 -7.509264975258032848e+01
1.108799999999999925e-01 -7.592371664147576382e+01
1.113599999999999868e-01 -7.692828075930252396e+01
1.118399999999999950e-01 -7.781507822197870894e+01
1.123199999999999893e-01 -7.832160627916444184e+01
1.127999999999999836e-01 -7.877105932178537273e+01
1.132799999999999918e-01 -7.890450403690476833e+01
1.137599999999999861e-01 -7.892684636611024018e+01
1.142399999999999943e-01 -7.885496721403146125e+01
1.147199999999999886e-01 -7.840368267694471172e+01
1.151999999999999968e-01 -7.833856327635757566e+01
1.156799999999999912e-01 -7.821214877018746847e+01
1.161599999999999855e-01 -7.814128714570342993e+01
1.166399999999999937e-01 -7.837123166653013584e+01
1.171199999999999880e-01 -7.870396653947436505e+01
1.175999999999999962e-01 -7.896699035122577470e+01
1.180799999999999905e-01 -7.906464665564394068e+01
1.185599999999999848e-01 -7.913663162652976268e+01
1.190399999999999930e-01 -7.921871468376242831e+01
1.195199999999999874e-01 -7.930441876303233073e+01
1.199999999999999956e-01 -7.928025690847589146e+01
1.204799999999999899e-01 -7.902389951349695707e+01
1.209599999999999842e-01 -7.903846821799930922e+01
1.214399999999999924e-01 -7.891499546420386935e+01
1.219199999999999867e-01 -7.849036490669402610e+01
1.223999999999999949e-01 -7.831985463565817440e+01
