-1.228799999999999955e+02 -9.886736246511725312e+01
-1.223999999999999915e+02 -9.859103894947649849e+01
-1.219200000000000017e+02 -9.858403275695127377e+01
-1.214399999999999977e+02 -9.831058413365093429e+01
-1.209599999999999937e+02 -9.846468993602384501e+01
-1.204799999999999898e+02 -9.856091136006554621e+01
-1.200000000000000000e+02 -9.865029043058410707e+01
-1.195199999999999960e+02 -9.918306496819114670e+01
-1.190399999999999920e+02 -9.942486091970130246e+01
-1.185600000000000023e+02 -9.968108852734894754e+01
-1.180799999999999983e+02 -9.976563152823813141e+01
-1.175999999999999943e+02 -9.986262648306089318e+01
-1.171199999999999903e+02 -9.981080403755022701e+01
-1.166400000000000006e+02 -9.952344043170373311e+01
-1.161599999999999966e+02 -9.961611331102319866e+01
-1.156799999999999926e+02 -9.999460688239901174e+01
-1.151999999999999886e+02 -1.001205818077388585e+02
-1.147199999999999989e+02 -1.003724931712744706e+02
-1.142399999999999949e+02 -1.005141163426871174e+02
-1.137599999999999909e+02 -1.004696966857066656e+02
-1.132800000000000011e+02 -1.002853111931542998e+02
-1.127999999999999972e+02 -9.978828091275883594e+01
-1.123199999999999932e+02 -9.901864279616432896e+01
-1.118399999999999892e+02 -9.843408984273807505e+01
-1.113599999999999994e+02 -9.776474050837714458e+01
-1.108799999999999955e+02 -9.713112056050454157e+01
-1.103999999999999915e+02 -9.679044113534318683e+01
-1.099200000000000017e+02 -9.635427672324152581e+01
-1.094399999999999977e+02 -9.581644266330208382e+01
-1.089599999999999937e+02 -9.528695091280623330e+01
-1.084799999999999898e+02 -9.466645363114515987e+01
-1.080000000000000000e+02 -9.363594310535275156e+01
-1.075199999999999960e+02 -9.261118867846499825e+01
-1.070399999999999920e+02 -9.191008763289893579e+01
-1.065600000000000023e+02 -9.134261889355235553e+01
-1.060799999999999983e+02 -9.056687401792152059e+01
-1.055999999999999943e+02 -8.981737838773028670e+01
-1.051199999999999903e+02 -8.909582970729793772e+01
-1.046400000000000006e+02 -8.833400588343558013e+01
-1.041599999999999966e+02 -8.782929182489584718e+01
-1.036799999999999926e+02 -8.747597554131844788e+01
-1.032000000000000028e+02 -8.728438680172610020e+01
-1.027199999999999989e+02 -8.701761788028625233e+01
-1.022399999999999949e+02 -8.660537436043875914e+01
-1.017599999999999909e+02 -8.633938766619756677e+01
-1.012800000000000011e+02 -8.621690889883835496e+01
-1.007999999999999972e+02 -8.623039425670694413e+01
-1.003199999999999932e+02 -8.641548111099949381e+01
-9.984000000000000341e+01 -8.624244976947217367e+01
-9.935999999999999943e+01 -8.624770391945041581e+01
-9.887999999999999545e+01 -8.611979500876201143e+01
-9.839999999999999147e+01 -8.610451569408299122e+01
-9.792000000000000171e+01 -8.604545050160515984e+01
-9.743999999999999773e+01 -8.590415138156602382e+01
-9.695999999999999375e+01 -8.597698843637598998e+01
-9.647999999999998977e+01 -8.576470178020541368e+01
-9.600000000000000000e+01 -8.550365332965667164e+01
-9.551999999999999602e+01 -8.497729842090643615e+01
-9.503999999999999204e+01 -8.467442463847335432e+01
-9.456000000000000227e+01 -8.462314987742438177e+01
-9.407999999999999829e+01 -8.459209384898683481e+01
-9.359999999999999432e+01 -8.446406522875130918e+01
-9.311999999999999034e+01 -8.442941222655019828e+01
-9.264000000000000057e+01 -8.457675406469772383e+01
-9.215999999999999659e+01 -8.458688020822536657e+01
-9.167999999999999261e+01 -8.431297965231591718e+01
-9.120000000000000284e+01 -8.418436321054241489e+01
-9.071999999999999886e+01 -8.437113605889088319e+01
-9.023999999999999488e+01 -8.426045422748165947e+01
-8.975999999999999091e+01 -8.453632007754791289e+01
-8.928000000000000114e+01 -8.466414926949489939e+01
-8.879999999999999716e+01 -8.460886358141334540e+01
-8.831999999999999318e+01 -8.459359032582659665e+01
-8.784000000000000341e+01 -8.467528192623275629e+01
-8.735999999999999943e+01 -8.434281659612940985e+01
-8.687999999999999545e+01 -8.416421853694339461e+01
-8.639999999999999147e+01 -8.396900016075076678e+01
-8.592000000000000171e+01 -8.391866060433044083e+01
-8.543999999999999773e+01 -8.382544514101979871e+01
-8.495999999999999375e+01 -8.362062688841751878e+01
-8.447999999999998977e+01 -8.341824420141148266e+01
-8.400000000000000000e+01 -8.331553854468195652e+01
-8.351999999999999602e+01 -8.333098284231233777e+01
-8.303999999999999204e+01 -8.325500458670069293e+01
-8.256000000000000227e+01 -8.290351467799797547e+01
-8.207999999999999829e+01 -8.267694808625584812e+01
-8.159999999999999432e+01 -8.278026291100501055e+01
-8.111999999999999034e+01 -8.288921061091892284e+01
-8.064000000000000057e+01 -8.292692779940344394e+01
-8.015999999999999659e+01 -8.296904583231737718e+01
-7.967999999999999261e+01 -8.271920535102506733e+01
-7.920000000000000284e+01 -8.246454929106874943e+01
-7.871999999999999886e+01 -8.218027130287381965e+01
-7.823999999999999488e+01 -8.209403960431698977e+01
-7.775999999999999091e+01 -8.228021505030011440e+01
-7.728000000000000114e+01 -8.230894873014749180e+01
-7.679999999999999716e+01 -8.216815643337753272e+01
-7.631999999999999318e+01 -8.179704408159773266e+01
-7.584000000000000341e+01 -8.169102531458551653e+01
-7.535999999999999943e+01 -8.164714003944817478e+01
-7.487999999999999545e+01 -8.173331592713924465e+01
-7.439999999999999147e+01 -8.168270041377004986e+01
-7.392000000000000171e+01 -8.166467850340421819e+01
-7.343999999999999773e+01 -8.153842013902200847e+01
-7.295999999999999375e+01 -8.158515696492757741e+01
-7.248000000000000398e+01 -8.145371826934679405e+01
-7.200000000000000000e+01 -8.168325983910983723e+01
-7.151999999999999602e+01 -8.186630091435694112e+01
-7.103999999999999204e+01 -8.177776668480653655e+01
-7.056000000000000227e+01 -8.145976260163180882e+01
-7.007999999999999829e+01 -8.137690373021685275e+01
-6.959999999999999432e+01 -8.170133950807777978e+01
-6.912000000000000455e+01 -8.150751422708509608e+01
-6.864000000000000057e+01 -8.103182246027868985e+01
-6.815999999999999659e+01 -8.085063017696063525e+01
-6.767999999999999261e+01 -8.075351963939840516e+01
-6.720000000000000284e+01 -8.064983114663753838e+01
-6.671999999999999886e+01 -8.068096260272042741e+01
-6.623999999999999488e+01 -8.072027920482545937e+01
-6.575999999999999091e+01 -8.048506041397985200e+01
-6.528000000000000114e+01 -8.043140239520889168e+01
-6.479999999999999716e+01 -8.040655176143701510e+01
-6.431999999999999318e+01 -8.058755246525396387e+01
-6.383999999999999631e+01 -8.026147443977021112e+01
-6.335999999999999943e+01 -8.013401322324924081e+01
-6.287999999999999545e+01 -8.020631323660667533e+01
-6.239999999999999858e+01 -8.024607700521934817e+01
-6.191999999999999460e+01 -8.011605946876312601e+01
-6.143999999999999773e+01 -7.975527551424798389e+01
-6.096000000000000085e+01 -7.997303942241465791e+01
-6.047999999999999687e+01 -8.011425832031618199e+01
-6.000000000000000000e+01 -8.009165054352925495e+01
-5.951999999999999602e+01 -8.014230445656663449e+01
-5.903999999999999915e+01 -8.006096231272846353e+01
-5.855999999999999517e+01 -7.970611911577915976e+01
-5.807999999999999829e+01 -7.948088584746115259e+01
-5.759999999999999432e+01 -7.925458745515592796e+01
-5.711999999999999744e+01 -7.908214288900546762e+01
-5.664000000000000057e+01 -7.892553533551129874e+01
-5.615999999999999659e+01 -7.886853520899225600e+01
-5.567999999999999972e+01 -7.894502596033041186e+01
-5.519999999999999574e+01 -7.887408006439932251e+01
-5.471999999999999886e+01 -7.846942946593733836e+01
-5.423999999999999488e+01 -7.830747134060347037e+01
-5.375999999999999801e+01 -7.845544748699093418e+01
-5.328000000000000114e+01 -7.874145355436719740e+01
-5.279999999999999716e+01 -7.862368234270773826e+01
-5.232000000000000028e+01 -7.857367243429705184e+01
-5.183999999999999631e+01 -7.859469650391369555e+01
-5.135999999999999943e+01 -7.816911233981366536e+01
-5.087999999999999545e+01 -7.769501791305657434e+01
-5.039999999999999858e+01 -7.769201437434966806e+01
-4.992000000000000171e+01 -7.776523308820989655e+01
-4.943999999999999773e+01 -7.755202208277003706e+01
-4.896000000000000085e+01 -7.741891640909435068e+01
-4.847999999999999687e+01 -7.735272233105406769e+01
-4.800000000000000000e+01 -7.676914874697109781e+01
-4.751999999999999602e+01 -7.641017429282885587e+01
-4.703999999999999915e+01 -7.636025420591197133e+01
-4.655999999999999517e+01 -7.631484942943171745e+01
-4.607999999999999829e+01 -7.639910198449193501e+01
-4.560000000000000142e+01 -7.643996466063177309e+01
-4.511999999999999744e+01 -7.632491425988413880e+01
-4.464000000000000057e+01 -7.627124724247748588e+01
-4.415999999999999659e+01 -7.608528467697084352e+01
-4.367999999999999972e+01 -7.591273734825915653e+01
-4.319999999999999574e+01 -7.586580619136036319e+01
-4.271999999999999886e+01 -7.553548252448452160e+01
-4.223999999999999488e+01 -7.546907484127012822e+01
-4.175999999999999801e+01 -7.551650564690687872e+01
-4.128000000000000114e+01 -7.496447240760898012e+01
-4.079999999999999716e+01 -7.465532586306744633e+01
-4.032000000000000028e+01 -7.431965954215905867e+01
-3.983999999999999631e+01 -7.424201011857729782e+01
-3.935999999999999943e+01 -7.403791182190886389e+01
-3.887999999999999545e+01 -7.367111435253610807e+01
-3.839999999999999858e+01 -7.360145335349228901e+01
-3.792000000000000171e+01 -7.369485259744556060e+01
-3.743999999999999773e+01 -7.360226157507155165e+01
-3.696000000000000085e+01 -7.342556284170092340e+01
-3.647999999999999687e+01 -7.323850435709749718e+01
-3.600000000000000000e+01 -7.326364117856149960e+01
-3.551999999999999602e+01 -7.291687514595635378e+01
-3.503999999999999915e+01 -7.255021498645488975e+01
-3.456000000000000227e+01 -7.247394658381443833e+01
-3.407999999999999829e+01 -7.221008041414303591e+01
-3.360000000000000142e+01 -7.203762121209896918e+01
-3.311999999999999744e+01 -7.196900822493535088e+01
-3.264000000000000057e+01 -7.157033878727807519e+01
-3.215999999999999659e+01 -7.095455445635303704e+01
-3.167999999999999972e+01 -7.069654160919577635e+01
-3.119999999999999929e+01 -7.039259800035621595e+01
-3.071999999999999886e+01 -7.035820532393408655e+01
-3.023999999999999844e+01 -7.028493127069697266e+01
-2.975999999999999801e+01 -6.970458117600175285e+01
-2.927999999999999758e+01 -6.944022037634918831e+01
-2.879999999999999716e+01 -6.952379659187629102e+01
-2.832000000000000028e+01 -6.964434729247405187e+01
-2.783999999999999986e+01 -6.948517395917103556e+01
-2.735999999999999943e+01 -6.906166881767175880e+01
-2.687999999999999901e+01 -6.844666976029360228e+01
-2.639999999999999858e+01 -6.774938359177812686e+01
-2.591999999999999815e+01 -6.693818780842771332e+01
-2.543999999999999773e+01 -6.631303925720455084e+01
-2.496000000000000085e+01 -6.571469344665224810e+01
-2.448000000000000043e+01 -6.502705757147414545e+01
-2.400000000000000000e+01 -6.425000202842051067e+01
-2.351999999999999957e+01 -6.347537754646648267e+01
-2.303999999999999915e+01 -6.302305039416529553e+01
-2.255999999999999872e+01 -6.244828833002974022e+01
-2.207999999999999829e+01 -6.172130538184521953e+01
-2.159999999999999787e+01 -6.126194136327264061e+01
-2.111999999999999744e+01 -6.063194301699050470e+01
-2.064000000000000057e+01 -6.057022236405984472e+01
-2.016000000000000014e+01 -6.071552035155689708e+01
-1.967999999999999972e+01 -6.079174682927920514e+01
-1.919999999999999929e+01 -6.108945257584498023e+01
-1.871999999999999886e+01 -6.136506333822222814e+01
-1.823999999999999844e+01 -6.144652549527651786e+01
-1.775999999999999801e+01 -6.109425046343410060e+01
-1.728000000000000114e+01 -6.080448319886386344e+01
-1.680000000000000071e+01 -6.035000989135851768e+01
-1.632000000000000028e+01 -5.946888878219101571e+01
-1.583999999999999986e+01 -5.835363407630094912e+01
-1.535999999999999943e+01 -5.743547763053457800e+01
-1.487999999999999901e+01 -5.653584118530393710e+01
-1.439999999999999858e+01 -5.580115140580105049e+01
-1.391999999999999993e+01 -5.530793894703108293e+01
-1.343999999999999950e+01 -5.524956445526392201e+01
-1.295999999999999908e+01 -5.543234922598922765e+01
-1.248000000000000043e+01 -5.602379844132946118e+01
-1.200000000000000000e+01 -5.727305787675484083e+01
-1.151999999999999957e+01 -5.862294424372120005e+01
-1.103999999999999915e+01 -5.916112106017614281e+01
-1.055999999999999872e+01 -5.371066605742130662e+01
-1.008000000000000007e+01 -3.718279133676101367e+01
-9.599999999999999645e+00 -2.876653698469262466e+01
-9.119999999999999218e+00 -2.594896000519775470e+01
-8.640000000000000568e+00 -2.546454960353060670e+01
-8.160000000000000142e+00 -2.521034973499074283e+01
-7.679999999999999716e+00 -2.486272197854079380e+01
-7.199999999999999289e+00 -2.466526549453056560e+01
-6.719999999999999751e+00 -2.478586190369105324e+01
-6.240000000000000213e+00 -2.475440153950799527e+01
-5.759999999999999787e+00 -2.464340499846409216e+01
-5.279999999999999361e+00 -2.472743534131960885e+01
-4.799999999999999822e+00 -2.478919583475200028e+01
-4.320000000000000284e+00 -2.504236751629056812e+01
-3.839999999999999858e+00 -2.520451395867026179e+01
-3.359999999999999876e+00 -2.525124013794769340e+01
-2.879999999999999893e+00 -2.528244618154990064e+01
-2.399999999999999911e+00 -2.517490693305030192e+01
-1.919999999999999929e+00 -2.521145656714966066e+01
-1.439999999999999947e+00 -2.515574621467898098e+01
-9.599999999999999645e-01 -2.505869607511666075e+01
-4.799999999999999822e-01 -2.515472406728342847e+01
0.000000000000000000e+00 -2.520487296467481286e+01
4.799999999999999822e-01 -2.498380467743248801e+01
9.599999999999999645e-01 -2.462330818704264601e+01
1.439999999999999947e+00 -2.501922291778598506e+01
1.919999999999999929e+00 -2.542982136860304365e+01
2.399999999999999911e+00 -2.521793433973682497e+01
2.879999999999999893e+00 -2.503508785782373280e+01
3.359999999999999876e+00 -2.485828160754153515e+01
3.839999999999999858e+00 -2.506975307684992771e+01
4.320000000000000284e+00 -2.532271170110770697e+01
4.799999999999999822e+00 -2.519487882454764716e+01
5.279999999999999361e+00 -2.499741815595962535e+01
5.759999999999999787e+00 -2.495936980093146929e+01
6.240000000000000213e+00 -2.502537233285982410e+01
6.719999999999999751e+00 -2.496901490714279248e+01
7.199999999999999289e+00 -2.489460567593031115e+01
7.679999999999999716e+00 -2.519862737248848106e+01
8.160000000000000142e+00 -2.532669645407242243e+01
8.640000000000000568e+00 -2.548731758060843333e+01
9.119999999999999218e+00 -2.608147842224049739e+01
9.599999999999999645e+00 -2.897337255055312966e+01
1.008000000000000007e+01 -3.750727637705216466e+01
1.055999999999999872e+01 -5.415695272946247485e+01
1.103999999999999915e+01 -5.867000978140672629e+01
1.151999999999999957e+01 -5.725473439258261976e+01
1.200000000000000000e+01 -5.608644394926119503e+01
1.248000000000000043e+01 -5.540083928899002075e+01
1.295999999999999908e+01 -5.470193016263906571e+01
1.343999999999999950e+01 -5.452483943129777799e+01
1.391999999999999993e+01 -5.471602855234741725e+01
1.439999999999999858e+01 -5.534715942231579788e+01
1.487999999999999901e+01 -5.620211718195831452e+01
1.535999999999999943e+01 -5.681286093671281634e+01
1.583999999999999986e+01 -5.743600161587342257e+01
1.632000000000000028e+01 -5.821452462569148167e+01
1.680000000000000071e+01 -5.881169955423536067e+01
1.728000000000000114e+01 -5.926338437862323616e+01
1.775999999999999801e+01 -5.980492850069665423e+01
1.823999999999999844e+01 -5.991746551675031185e+01
1.871999999999999886e+01 -5.982147881717619953e+01
1.919999999999999929e+01 -5.962837389832906609e+01
1.967999999999999972e+01 -5.950737587072922707e+01
2.016000000000000014e+01 -5.954164517987602778e+01
2.064000000000000057e+01 -5.977123455239046734e+01
2.111999999999999744e+01 -6.018759410419390576e+01
2.159999999999999787e+01 -6.026297889639324268e+01
2.207999999999999829e+01 -6.057242739536224008e+01
2.255999999999999872e+01 -6.140089833006002351e+01
2.303999999999999915e+01 -6.185063644218766399e+01
2.351999999999999957e+01 -6.277595009211353272e+01
2.400000000000000000e+01 -6.343666094938227218e+01
2.448000000000000043e+01 -6.408980588330270223e+01
2.496000000000000085e+01 -6.477977473544930831e+01
2.543999999999999773e+01 -6.557683762721815413e+01
2.591999999999999815e+01 -6.641505308015877063e+01
2.639999999999999858e+01 -6.732292731985103273e+01
2.687999999999999901e+01 -6.808655713630696482e+01
2.735999999999999943e+01 -6.889900239743128907e+01
2.783999999999999986e+01 -6.979282012371791666e+01
2.832000000000000028e+01 -7.038106070192284847e+01
2.879999999999999716e+01 -7.075527820942858170e+01
2.927999999999999758e+01 -7.082359731307660411e+01
2.975999999999999801e+01 -7.111806454764150942e+01
3.023999999999999844e+01 -7.137083281340176200e+01
3.071999999999999886e+01 -7.186099875955360972e+01
3.119999999999999929e+01 -7.203801975218199516e+01
3.167999999999999972e+01 -7.219973084422562692e+01
3.215999999999999659e+01 -7.257161556142196446e+01
3.264000000000000057e+01 -7.292706856657457593e+01
3.311999999999999744e+01 -7.318344663837875430e+01
3.360000000000000142e+01 -7.357995148242534356e+01
3.407999999999999829e+01 -7.378015163333238036e+01
3.456000000000000227e+01 -7.381310659244431349e+01
3.503999999999999915e+01 -7.397979568807441808e+01
3.551999999999999602e+01 -7.409006782425718995e+01
3.600000000000000000e+01 -7.423711950072600985e+01
3.647999999999999687e+01 -7.459204633424400299e+01
3.696000000000000085e+01 -7.496382971908695936e+01
3.743999999999999773e+01 -7.485425089038184865e+01
3.792000000000000171e+01 -7.507284063162612142e+01
3.839999999999999858e+01 -7.536262035105177404e+01
3.887999999999999545e+01 -7.554716923719864496e+01
3.935999999999999943e+01 -7.594602422707674805e+01
3.983999999999999631e+01 -7.617446222706314529e+01
4.032000000000000028e+01 -7.634129270155749225e+01
4.079999999999999716e+01 -7.651118768946432169e+01
4.128000000000000114e+01 -7.673195120066478125e+01
4.175999999999999801e+01 -7.681446344597874543e+01
4.223999999999999488e+01 -7.710087149938532036e+01
4.271999999999999886e+01 -7.740564427287350213e+01
4.319999999999999574e+01 -7.752353832499451869e+01
4.367999999999999972e+01 -7.765220591226020019e+01
4.415999999999999659e+01 -7.781379114391575058e+01
4.464000000000000057e+01 -7.790127850035248969e+01
4.511999999999999744e+01 -7.804001011494665363e+01
4.560000000000000142e+01 -7.834809858771021140e+01
4.607999999999999829e+01 -7.824223317642005782e+01
4.655999999999999517e+01 -7.846064179339917644e+01
4.703999999999999915e+01 -7.859560023514245586e+01
4.751999999999999602e+01 -7.870574663425250606e+01
4.800000000000000000e+01 -7.866790605705438111e+01
4.847999999999999687e+01 -7.864245024771786063e+01
4.896000000000000085e+01 -7.892432699857117484e+01
4.943999999999999773e+01 -7.909268412244981050e+01
4.992000000000000171e+01 -7.918511375235939909e+01
5.039999999999999858e+01 -7.912872875531203931e+01
5.087999999999999545e+01 -7.918233513792560530e+01
5.135999999999999943e+01 -7.928755388422248984e+01
5.183999999999999631e+01 -7.941651151447082668e+01
5.232000000000000028e+01 -7.965196314036268177e+01
5.279999999999999716e+01 -7.964332318729822191e+01
5.328000000000000114e+01 -7.983959824002306505e+01
5.375999999999999801e+01 -7.984543620988183932e+01
5.423999999999999488e+01 -7.993504478333760233e+01
5.471999999999999886e+01 -8.000892968519721649e+01
5.519999999999999574e+01 -8.011819372764975355e+01
5.567999999999999972e+01 -8.035422404841051502e+01
5.615999999999999659e+01 -8.056649946763636194e+01
5.664000000000000057e+01 -8.086109479204900197e+01
5.711999999999999744e+01 -8.099061461295346476e+01
5.759999999999999432e+01 -8.105413126437940718e+01
5.807999999999999829e+01 -8.116819763878848448e+01
5.855999999999999517e+01 -8.099509004184230321e+01
5.903999999999999915e+01 -8.111616545281249557e+01
5.951999999999999602e+01 -8.129959072923389840e+01
6.000000000000000000e+01 -8.121402892381367167e+01
6.047999999999999687e+01 -8.127183780990358741e+01
6.096000000000000085e+01 -8.122500978090181434e+01
6.143999999999999773e+01 -8.129176776463270926e+01
6.191999999999999460e+01 -8.127696244215493948e+01
6.239999999999999858e+01 -8.166395069600457646e+01
6.287999999999999545e+01 -8.190455052758261445e+01
6.335999999999999943e+01 -8.198607067110229707e+01
6.383999999999999631e+01 -8.199781539662814112e+01
6.431999999999999318e+01 -8.198959640410505756e+01
6.479999999999999716e+01 -8.201744898494858660e+01
6.528000000000000114e+01 -8.210945551128585862e+01
6.575999999999999091e+01 -8.236950186087281622e+01
6.623999999999999488e+01 -8.241184360293090094e+01
6.671999999999999886e+01 -8.229439695567705826e+01
6.720000000000000284e+01 -8.258975403424855699e+01
6.767999999999999261e+01 -8.295571930977462216e+01
6.815999999999999659e+01 -8.290579073248373732e+01
6.864000000000000057e+01 -8.270700942416019075e+01
6.912000000000000455e+01 -8.266744223396584346e+01
6.959999999999999432e+01 -8.264782554286344407e+01
7.007999999999999829e+01 -8.281246838915534170e+01
7.056000000000000227e+01 -8.295374130181961903e+01
7.103999999999999204e+01 -8.317376248930764859e+01
7.151999999999999602e+01 -8.318120675653894125e+01
7.200000000000000000e+01 -8.314450466835259590e+01
7.248000000000000398e+01 -8.323475231149437548e+01
7.295999999999999375e+01 -8.319877398294904935e+01
7.343999999999999773e+01 -8.322985690653942470e+01
7.392000000000000171e+01 -8.334836915812429936e+01
7.439999999999999147e+01 -8.319246217090054074e+01
7.487999999999999545e+01 -8.311953319964699460e+01
7.535999999999999943e+01 -8.327043333170288975e+01
7.584000000000000341e+01 -8.357960418806017344e+01
7.631999999999999318e+01 -8.372439881487002822e+01
7.679999999999999716e+01 -8.377439451554113248e+01
7.728000000000000114e+01 -8.384783157793164321e+01
7.775999999999999091e+01 -8.388620064704190327e+01
7.823999999999999488e+01 -8.394073242506635779e+01
7.871999999999999886e+01 -8.388174803340430685e+01
7.920000000000000284e+01 -8.351466339448585074e+01
7.967999999999999261e+01 -8.351027358688527613e+01
8.015999999999999659e+01 -8.368901586710563834e+01
8.064000000000000057e+01 -8.387556270269975300e+01
8.111999999999999034e+01 -8.396760210927736523e+01
8.159999999999999432e+01 -8.397609074288172337e+01
8.207999999999999829e+01 -8.423205169326462283e+01
8.256000000000000227e+01 -8.448670695595947677e+01
8.303999999999999204e+01 -8.482003006432827874e+01
8.351999999999999602e+01 -8.484946683951585555e+01
8.400000000000000000e+01 -8.468604006178198063e+01
8.447999999999998977e+01 -8.472693797108142633e+01
8.495999999999999375e+01 -8.474539206800912439e+01
8.543999999999999773e+01 -8.480294190478232963e+01
8.592000000000000171e+01 -8.465948445938444422e+01
8.639999999999999147e+01 -8.461578077563825673e+01
8.687999999999999545e+01 -8.481748989501936364e+01
8.735999999999999943e+01 -8.476245955269646970e+01
8.784000000000000341e+01 -8.486375697269664897e+01
8.831999999999999318e+01 -8.489572100450621406e+01
8.879999999999999716e+01 -8.454306112180734090e+01
8.928000000000000114e+01 -8.464737683656142053e+01
8.975999999999999091e+01 -8.510379792675789190e+01
9.023999999999999488e+01 -8.517795999758759251e+01
9.071999999999999886e+01 -8.509246560642353074e+01
9.120000000000000284e+01 -8.526326402340386323e+01
9.167999999999999261e+01 -8.575186431396508624e+01
9.215999999999999659e+01 -8.591602238908102152e+01
9.264000000000000057e+01 -8.586255141298379101e+01
9.311999999999999034e+01 -8.585419756148533565e+01
9.359999999999999432e+01 -8.589178908758761111e+01
9.407999999999999829e+01 -8.586447453965915599e+01
9.456000000000000227e+01 -8.607878274481906544e+01
9.503999999999999204e+01 -8.630145371846089120e+01
9.551999999999999602e+01 -8.615015546854010609e+01
9.600000000000000000e+01 -8.647982680429868196e+01
9.647999999999998977e+01 -8.651770952000119053e+01
9.695999999999999375e+01 -8.631179548043698446e+01
9.743999999999999773e+01 -8.619464000968888229e+01
9.792000000000000171e+01 -8.587376409660252818e+01
9.839999999999999147e+01 -8.578126758796997819e+01
9.887999999999999545e+01 -8.587310431898067975e+01
9.935999999999999943e+01 -8.645322466814465656e+01
9.984000000000000341e+01 -8.689517258961120660e+01
1.003199999999999932e+02 -8.672398916390494605e+01
1.007999999999999972e+02 -8.659868293126717731e+01
1.012800000000000011e+02 -8.677380893124873751e+01
1.017599999999999909e+02 -8.725670796577620081e+01
1.022399999999999949e+02 -8.713348642342015182e+01
1.027199999999999989e+02 -8.724437033240567985e+01
1.032000000000000028e+02 -8.771889825365769866e+01
1.036799999999999926e+02 -8.805016404479145820e+01
1.041599999999999966e+02 -8.845383767471122383e+01
1.046400000000000006e+02 -8.879014265300254749e+01
1.051199999999999903e+02 -8.898166432664517345e+01
1.055999999999999943e+02 -8.871829702027807230e+01
1.060799999999999983e+02 -8.840600699353527148e+01
1.065600000000000023e+02 -9.000129836270650685e+01
1.070399999999999920e+02 -9.142565877864542756e+01
1.075199999999999960e+02 -9.252506089958671964e+01
1.080000000000000000e+02 -9.329360394723335048e+01
1.084799999999999898e+02 -9.413570235593826396e+01
1.089599999999999937e+02 -9.503407615495829930e+01
1.094399999999999977e+02 -9.586798876430650296e+01
1.099200000000000017e+02 -9.669699132737531500e+01
1.103999999999999915e+02 -9.767342128349915242e+01
1.108799999999999955e+02 -9.849730070067883503e+01
1.113599999999999994e+02 -9.911906039735509921e+01
1.118399999999999892e+02 -9.947505457014057129e+01
1.123199999999999932e+02 -9.972324802816672218e+01
1.127999999999999972e+02 -9.990822540346572112e+01
1.132800000000000011e+02 -1.002815464909184442e+02
1.137599999999999909e+02 -1.007090702235865507e+02
1.142399999999999949e+02 -1.007519827830002015e+02
1.147199999999999989e+02 -1.007096649743675130e+02
1.151999999999999886e+02 -1.009500940607446040e+02
1.156799999999999926e+02 -1.007106621513304532e+02
1.161599999999999966e+02 -1.003744405378042757e+02
1.166400000000000006e+02 -1.002818955211128014e+02
1.171199999999999903e+02 -9.991276520106163161e+01
1.175999999999999943e+02 -9.943340549500761938e+01
1.180799999999999983e+02 -9.943169264331899626e+01
1.185600000000000023e+02 -9.950241803955955788e+01
1.190399999999999920e+02 -9.960300007925158638e+01
1.195199999999999960e+02 -9.985663007998721241e+01
1.200000000000000000e+02 -9.996811901433466119e+01
1.204799999999999898e+02 -1.000752819134640674e+02
1.209599999999999937e+02 -1.000935121083647061e+02
1.214399999999999977e+02 -9.997597352503493084e+01
1.219200000000000017e+02 -9.978890205702256821e+01
1.223999999999999915e+02 -9.961687522091935421e+01
