-1.228799999999999892e-01 -7.735099427075380163e+01
-1.223999999999999949e-01 -7.794071785282847031e+01
-1.219199999999999867e-01 -7.871846674782509012e+01
-1.214399999999999924e-01 -7.881948216522974349e+01
-1.209599999999999842e-01 -7.932589742109732356e+01
-1.204799999999999899e-01 -7.939569528450454072e+01
-1.199999999999999956e-01 -7.942833847227615252e+01
-1.195199999999999874e-01 -7.964054519737808846e+01
-1.190399999999999930e-01 -7.972140218891723862e+01
-1.185599999999999848e-01 -7.945405624423774782e+01
-1.180799999999999905e-01 -7.936342240977806739e+01
-1.175999999999999962e-01 -7.885417220903055124e+01
-1.171199999999999880e-01 -7.859163068329675639e+01
-1.166399999999999937e-01 -7.846203774365199024e+01
-1.161599999999999855e-01 -7.789758086902672574e+01
-1.156799999999999912e-01 -7.766995375372567878e+01
-1.151999999999999968e-01 -7.766498715332195957e+01
-1.147199999999999886e-01 -7.779803571266162976e+01
-1.142399999999999943e-01 -7.813447071561157031e+01
-1.137599999999999861e-01 -7.855080651894846255e+01
-1.132799999999999918e-01 -7.885880678430000046e+01
-1.127999999999999836e-01 -7.891289521541551721e+01
-1.123199999999999893e-01 -7.834753718833317748e+01
-1.118399999999999950e-01 -7.768990056674212497e+01
-1.113599999999999868e-01 -7.718380710318083970e+01
-1.108799999999999925e-01 -7.607282434783618896e+01
-1.103999999999999843e-01 -7.501901706708957818e+01
-1.099199999999999899e-01 -7.416441852133665691e+01
-1.094399999999999956e-01 -7.300809896338023464e+01
-1.089599999999999874e-01 -7.167198157440620321e+01
-1.084799999999999931e-01 -7.086727608363850095e+01
-1.079999999999999849e-01 -7.014897870128902468e+01
-1.075199999999999906e-01 -6.951086111904430709e+01
-1.070399999999999963e-01 -6.888625968417295553e+01
-1.065599999999999881e-01 -6.815743269417943395e+01
-1.060799999999999937e-01 -6.739638671614731891e+01
-1.055999999999999855e-01 -6.667158746946418546e+01
-1.051199999999999912e-01 -6.601276795491953919e+01
-1.046399999999999969e-01 -6.558472160538340745e+01
-1.041599999999999887e-01 -6.498317297562371664e+01
-1.036799999999999944e-01 -6.465800474166850620e+01
-1.031999999999999862e-01 -6.475694389218445224e+01
-1.027199999999999919e-01 -6.455089159739345916e+01
-1.022399999999999975e-01 -6.369749251508842036e+01
-1.017599999999999894e-01 -6.335153342511979702e+01
-1.012799999999999950e-01 -6.326996920955599535e+01
-1.007999999999999868e-01 -6.323925683369839845e+01
-1.003199999999999925e-01 -6.338457494226246070e+01
-9.983999999999998431e-02 -6.350294829101425620e+01
-9.935999999999998999e-02 -6.319362430573464451e+01
-9.887999999999999567e-02 -6.301970790825959057e+01
-9.839999999999998748e-02 -6.312272780738914690e+01
-9.791999999999999316e-02 -6.287215441726192466e+01
-9.743999999999998496e-02 -6.272095303267857247e+01
-9.695999999999999064e-02 -6.276441512465052597e+01
-9.647999999999999632e-02 -6.290009875034467512e+01
-9.599999999999998812e-02 -6.289063517459857167e+01
-9.551999999999999380e-02 -6.310859713602943799e+01
-9.503999999999998560e-02 -6.316688101754160556e+01
-9.455999999999999128e-02 -6.309474447021013788e+01
-9.407999999999999696e-02 -6.293817087662976917e+01
-9.359999999999998876e-02 -6.293124918326488171e+01
-9.311999999999999444e-02 -6.249723371741792732e+01
-9.263999999999998625e-02 -6.263715990090545915e+01
-9.215999999999999193e-02 -6.277734249438903191e+01
-9.167999999999999761e-02 -6.264004263878317147e+01
-9.119999999999998941e-02 -6.256174938094946469e+01
-9.071999999999999509e-02 -6.260156013546065878e+01
-9.023999999999998689e-02 -6.275912016649024849e+01
-8.975999999999999257e-02 -6.273779191887955164e+01
-8.927999999999999825e-02 -6.243441130953019780e+01
-8.879999999999999005e-02 -6.217536626400046629e+01
-8.831999999999999573e-02 -6.223446144657611256e+01
-8.783999999999998753e-02 -6.207711335260470520e+01
-8.735999999999999321e-02 -6.210810655795175705e+01
-8.687999999999999889e-02 -6.227200591451618550e+01
-8.639999999999999070e-02 -6.199993362112149242e+01
-8.591999999999999638e-02 -6.180798342857811889e+01
-8.543999999999998818e-02 -6.181969535070464161e+01
-8.495999999999999386e-02 -6.189217250258441538e+01
-8.447999999999999954e-02 -6.212504954439366855e+01
-8.399999999999999134e-02 -6.204836279295778922e+01
-8.351999999999999702e-02 -6.185099543066898775e+01
-8.303999999999998882e-02 -6.181441782263395623e+01
-8.255999999999999450e-02 -6.164347772745023235e+01
-8.207999999999998630e-02 -6.173089103583258463e+01
-8.159999999999999198e-02 -6.173335539041418940e+01
-8.111999999999999766e-02 -6.154494967653577930e+01
-8.063999999999998947e-02 -6.169561120137802845e+01
-8.015999999999999515e-02 -6.188998425168466611e+01
-7.967999999999998695e-02 -6.198090081889925784e+01
-7.919999999999999263e-02 -6.188172942305011759e+01
-7.871999999999999831e-02 -6.162539809910525435e+01
-7.823999999999999011e-02 -6.148096914345995856e+01
-7.775999999999999579e-02 -6.170532987001358549e+01
-7.727999999999998759e-02 -6.148536941234524988e+01
-7.679999999999999327e-02 -6.124156501651717122e+01
-7.631999999999999895e-02 -6.126175019641006969e+01
-7.583999999999999075e-02 -6.157642060056737421e+01
-7.535999999999999643e-02 -6.159250218230304341e+01
-7.487999999999998824e-02 -6.151134414034637388e+01
-7.439999999999999392e-02 -6.139852645358330108e+01
-7.391999999999999960e-02 -6.129198270497883527e+01
-7.343999999999999140e-02 -6.143928866922659893e+01
-7.295999999999999708e-02 -6.135892885177252509e+01
-7.247999999999998888e-02 -6.112205869024666782e+01
-7.199999999999999456e-02 -6.104528904348831020e+01
-7.152000000000000024e-02 -6.082035222325742296e+01
-7.103999999999999204e-02 -6.075140924178381141e+01
-7.055999999999999772e-02 -6.104311495314270530e+01
-7.007999999999998952e-02 -6.145439671931288927e+01
-6.959999999999999520e-02 -6.126460529556617018e+01
-6.911999999999998701e-02 -6.116701243020447976e+01
-6.863999999999999269e-02 -6.088218889702162073e+01
-6.815999999999999837e-02 -6.073398726039510365e+01
-6.767999999999999017e-02 -6.074087239247583625e+01
-6.719999999999999585e-02 -6.057271694760522251e+01
-6.671999999999998765e-02 -6.056009927995035724e+01
-6.623999999999999333e-02 -6.094641462925822140e+01
-6.575999999999999901e-02 -6.084098563690698569e+01
-6.527999999999999081e-02 -6.032515491589517609e+01
-6.479999999999999649e-02 -6.040625639289142867e+01
-6.431999999999998829e-02 -6.049566730922266800e+01
-6.383999999999999397e-02 -6.021776953623167827e+01
-6.335999999999999965e-02 -6.020933218028801548e+01
-6.287999999999999146e-02 -6.035182165221299755e+01
-6.239999999999999714e-02 -6.009976901977868380e+01
-6.191999999999999588e-02 -5.981947411614790155e+01
-6.143999999999999462e-02 -5.968693081271378986e+01
-6.095999999999999336e-02 -5.950892068661670464e+01
-6.047999999999999210e-02 -5.976577312974563227e+01
-5.999999999999999778e-02 -5.986229075980442360e+01
-5.951999999999999652e-02 -5.979385198932570233e+01
-5.903999999999999526e-02 -5.992412226796872687e+01
-5.855999999999999400e-02 -5.983681103354818021e+01
-5.807999999999999274e-02 -5.972261214311248523e+01
-5.759999999999999842e-02 -5.968489272959037351e+01
-5.711999999999999716e-02 -5.937979790117768175e+01
-5.663999999999999591e-02 -5.952365766983429296e+01
-5.615999999999999465e-02 -5.982590384441103026e+01
-5.567999999999999339e-02 -5.995386910128235058e+01
-5.519999999999999213e-02 -5.969504892631790938e+01
-5.471999999999999781e-02 -5.928592110916590485e+01
-5.423999999999999655e-02 -5.907118733334446148e+01
-5.375999999999999529e-02 -5.916581941875548978e+01
-5.327999999999999403e-02 -5.919342077201167740e+01
-5.279999999999999277e-02 -5.889702144760663316e+01
-5.231999999999999845e-02 -5.881044665618804856e+01
-5.183999999999999719e-02 -5.874527527538919003e+01
-5.135999999999999593e-02 -5.863047696620863292e+01
-5.087999999999999468e-02 -5.862662401833669890e+01
-5.039999999999999342e-02 -5.840143740473591549e+01
-4.991999999999999216e-02 -5.831980286243098277e+01
-4.943999999999999784e-02 -5.795636443247073544e+01
-4.895999999999999658e-02 -5.772028560913651063e+01
-4.847999999999999532e-02 -5.775810344058630363e+01
-4.799999999999999406e-02 -5.771628767739491650e+01
-4.751999999999999280e-02 -5.767630622119970241e+01
-4.703999999999999848e-02 -5.757197330584440209e+01
-4.655999999999999722e-02 -5.761566032907957435e+01
-4.607999999999999596e-02 -5.755364140334094003e+01
-4.559999999999999470e-02 -5.732325731388997525e+01
-4.511999999999999345e-02 -5.738069641894853135e+01
-4.463999999999999913e-02 -5.774101572699818519e+01
-4.415999999999999787e-02 -5.764815711409404031e+01
-4.367999999999999661e-02 -5.726310028951030517e+01
-4.319999999999999535e-02 -5.674651002875825156e+01
-4.271999999999999409e-02 -5.665247665429346569e+01
-4.223999999999999977e-02 -5.635848031010268500e+01
-4.175999999999999851e-02 -5.607881189328610105e+01
-4.127999999999999725e-02 -5.583242014369287176e+01
-4.079999999999999599e-02 -5.563554415615510607e+01
-4.031999999999999473e-02 -5.581620263259217296e+01
-3.983999999999999347e-02 -5.596967093088929346e+01
-3.935999999999999915e-02 -5.568342424035673588e+01
-3.887999999999999790e-02 -5.526179676664037288e+01
-3.839999999999999664e-02 -5.499938384863482810e+01
-3.791999999999999538e-02 -5.470110467874924609e+01
-3.743999999999999412e-02 -5.418170180649029533e+01
-3.695999999999999980e-02 -5.363828850199358556e+01
-3.647999999999999854e-02 -5.344505428594473528e+01
-3.599999999999999728e-02 -5.366197098925062647e+01
-3.551999999999999602e-02 -5.312474415535184136e+01
-3.503999999999999476e-02 -5.250125857872621538e+01
-3.455999999999999350e-02 -5.253206044084301141e+01
-3.407999999999999918e-02 -5.236802570945293667e+01
-3.359999999999999792e-02 -5.220953320929207564e+01
-3.311999999999999666e-02 -5.238624193828293585e+01
-3.263999999999999541e-02 -5.236111063543913247e+01
-3.215999999999999415e-02 -5.245246121034922737e+01
-3.167999999999999983e-02 -5.259076484367681559e+01
-3.119999999999999857e-02 -5.245702141717119105e+01
-3.071999999999999731e-02 -5.229338090481402190e+01
-3.023999999999999605e-02 -5.185819001790303417e+01
-2.975999999999999826e-02 -5.155727890411003500e+01
-2.927999999999999700e-02 -5.101254491550356107e+01
-2.879999999999999921e-02 -5.040566660328885717e+01
-2.831999999999999795e-02 -4.938380511469978273e+01
-2.783999999999999669e-02 -4.887450829355962156e+01
-2.735999999999999890e-02 -4.883362746801246601e+01
-2.687999999999999765e-02 -4.878642603212825435e+01
-2.639999999999999639e-02 -4.876080231838543000e+01
-2.591999999999999860e-02 -4.840891330189731434e+01
-2.543999999999999734e-02 -4.798468025183794339e+01
-2.495999999999999608e-02 -4.723908521628071355e+01
-2.447999999999999829e-02 -4.621075103272166018e+01
-2.399999999999999703e-02 -4.527126991527018873e+01
-2.351999999999999924e-02 -4.456286045459523848e+01
-2.303999999999999798e-02 -4.379750089831500048e+01
-2.255999999999999672e-02 -4.336157122897401450e+01
-2.207999999999999893e-02 -4.324295373201752568e+01
-2.159999999999999767e-02 -4.323673689943761644e+01
-2.111999999999999988e-02 -4.317353592557704900e+01
-2.063999999999999863e-02 -4.341445117809328735e+01
-2.015999999999999737e-02 -4.380227648319753087e+01
-1.967999999999999958e-02 -4.394696731440191684e+01
-1.919999999999999832e-02 -4.405231921207012391e+01
-1.871999999999999706e-02 -4.394779046362159391e+01
-1.823999999999999927e-02 -4.344801031073462383e+01
-1.775999999999999801e-02 -4.263449532958085797e+01
-1.727999999999999675e-02 -4.145585232221456096e+01
-1.679999999999999896e-02 -4.031091699610521317e+01
-1.631999999999999770e-02 -3.913808943825226550e+01
-1.583999999999999991e-02 -3.786739170333574123e+01
-1.535999999999999865e-02 -3.715313189918154535e+01
-1.487999999999999913e-02 -3.644993118275142052e+01
-1.439999999999999961e-02 -3.605536080155660272e+01
-1.391999999999999835e-02 -3.610018346754684870e+01
-1.343999999999999882e-02 -3.670732861219261167e+01
-1.295999999999999930e-02 -3.728379977338562412e+01
-1.247999999999999804e-02 -3.797733559735760167e+01
-1.199999999999999852e-02 -3.699162507649842979e+01
-1.151999999999999899e-02 -3.436903298168616772e+01
-1.103999999999999947e-02 -3.104012734349538505e+01
-1.055999999999999994e-02 -2.171338895549691728e+01
-1.007999999999999868e-02 -4.194708594069719965e+00
-9.599999999999999159e-03 4.156870128680121290e+00
-9.119999999999999635e-03 6.781245029353868858e+00
-8.639999999999998376e-03 7.001418571791826473e+00
-8.159999999999998851e-03 7.017998139600464924e+00
-7.679999999999999327e-03 7.203474221054238846e+00
-7.199999999999999803e-03 7.306549025818446452e+00
-6.719999999999999411e-03 7.150026866129122638e+00
-6.239999999999999020e-03 7.198502082371033950e+00
-5.759999999999999495e-03 7.361705478616276999e+00
-5.279999999999999971e-03 7.345012876734874574e+00
-4.799999999999999580e-03 7.366958330239505415e+00
-4.319999999999999188e-03 7.173236490063093385e+00
-3.839999999999999664e-03 7.074170870501294672e+00
-3.359999999999999706e-03 7.075250883105640654e+00
-2.879999999999999748e-03 7.065789016226499797e+00
-2.399999999999999790e-03 7.181722901434635098e+00
-1.919999999999999832e-03 7.155558390086000031e+00
-1.439999999999999874e-03 7.172043033356203523e+00
-9.599999999999999159e-04 7.232530348817475030e+00
-4.799999999999999580e-04 7.125549035023102995e+00
0.000000000000000000e+00 7.070476106437229014e+00
4.799999999999999580e-04 7.286570133317058051e+00
9.599999999999999159e-04 7.667120976310835445e+00
1.439999999999999874e-03 7.319247719447588452e+00
1.919999999999999832e-03 6.966300749838181261e+00
2.399999999999999790e-03 7.191424929044433867e+00
2.879999999999999748e-03 7.359109103570254717e+00
3.359999999999999706e-03 7.518576059827840830e+00
3.839999999999999664e-03 7.279138610118066843e+00
4.319999999999999188e-03 6.977644189116044338e+00
4.799999999999999580e-03 7.037186831686552679e+00
5.279999999999999971e-03 7.140905193568180209e+00
5.759999999999999495e-03 7.138763016932896832e+00
6.239999999999999020e-03 7.046954598413089244e+00
6.719999999999999411e-03 7.100915833008749622e+00
7.199999999999999803e-03 7.216694889645236088e+00
7.679999999999999327e-03 7.005397706641478095e+00
8.159999999999998851e-03 7.047236447416254990e+00
8.639999999999998376e-03 7.124717346071630431e+00
9.119999999999999635e-03 6.792067664008792249e+00
9.599999999999999159e-03 4.074363731947220124e+00
1.007999999999999868e-02 -4.412286996754479773e+00
1.055999999999999994e-02 -2.184560590206093522e+01
1.103999999999999947e-02 -3.037474641818434051e+01
1.151999999999999899e-02 -3.406798648723117395e+01
1.199999999999999852e-02 -3.689316740153499552e+01
1.247999999999999804e-02 -3.772820495127099605e+01
1.295999999999999930e-02 -3.729626677685585889e+01
1.343999999999999882e-02 -3.666335089052137164e+01
1.391999999999999835e-02 -3.639491564028806181e+01
1.439999999999999961e-02 -3.652918107714404528e+01
1.487999999999999913e-02 -3.697812867987148877e+01
1.535999999999999865e-02 -3.756540815217842066e+01
1.583999999999999991e-02 -3.830177111767745401e+01
1.631999999999999770e-02 -3.933093376972547617e+01
1.679999999999999896e-02 -4.065418784822546883e+01
1.727999999999999675e-02 -4.201832156780821492e+01
1.775999999999999801e-02 -4.346595084826603994e+01
1.823999999999999927e-02 -4.443554776766721659e+01
1.871999999999999706e-02 -4.490493200513511596e+01
1.919999999999999832e-02 -4.515090362010302272e+01
1.967999999999999958e-02 -4.529833271335512279e+01
2.015999999999999737e-02 -4.527718875579610369e+01
2.063999999999999863e-02 -4.493161350320803393e+01
2.111999999999999988e-02 -4.443647283281773497e+01
2.159999999999999767e-02 -4.397360978232300255e+01
2.207999999999999893e-02 -4.376208871480983476e+01
2.255999999999999672e-02 -4.412473881298823386e+01
2.303999999999999798e-02 -4.429094171175155736e+01
2.351999999999999924e-02 -4.480051754890806137e+01
2.399999999999999703e-02 -4.548204761540685581e+01
2.447999999999999829e-02 -4.639387594100345069e+01
2.495999999999999608e-02 -4.722977131199844081e+01
2.543999999999999734e-02 -4.795055120085212508e+01
2.591999999999999860e-02 -4.841358831012623654e+01
2.639999999999999639e-02 -4.904761335642615450e+01
2.687999999999999765e-02 -4.907151668251579224e+01
2.735999999999999890e-02 -4.923182900994839173e+01
2.783999999999999669e-02 -4.976368485151401444e+01
2.831999999999999795e-02 -5.027990686528210063e+01
2.879999999999999921e-02 -5.104317020138197591e+01
2.927999999999999700e-02 -5.170211924185726104e+01
2.975999999999999826e-02 -5.208171590798422557e+01
3.023999999999999605e-02 -5.254930981755504149e+01
3.071999999999999731e-02 -5.287218664263518519e+01
3.119999999999999857e-02 -5.318403555346905165e+01
3.167999999999999983e-02 -5.317641181612228252e+01
3.215999999999999415e-02 -5.306504018207184004e+01
3.263999999999999541e-02 -5.339831085378327202e+01
3.311999999999999666e-02 -5.303033436799393030e+01
3.359999999999999792e-02 -5.275942709658846042e+01
3.407999999999999918e-02 -5.314470158117948273e+01
3.455999999999999350e-02 -5.324552909745313656e+01
3.503999999999999476e-02 -5.308934450655299742e+01
3.551999999999999602e-02 -5.299719764041616088e+01
3.599999999999999728e-02 -5.339351909656461714e+01
3.647999999999999854e-02 -5.361630983009885654e+01
3.695999999999999980e-02 -5.405833198551616192e+01
3.743999999999999412e-02 -5.430119897981856525e+01
3.791999999999999538e-02 -5.441648041685257908e+01
3.839999999999999664e-02 -5.458499453787787559e+01
3.887999999999999790e-02 -5.481955547903046977e+01
3.935999999999999915e-02 -5.509365820897795629e+01
3.983999999999999347e-02 -5.547203026942710835e+01
4.031999999999999473e-02 -5.600164687639379224e+01
4.079999999999999599e-02 -5.668121966773317411e+01
4.127999999999999725e-02 -5.707380046862030554e+01
4.175999999999999851e-02 -5.723783224119259216e+01
4.223999999999999977e-02 -5.759260662572543765e+01
4.271999999999999409e-02 -5.809392171306527075e+01
4.319999999999999535e-02 -5.837667706915161148e+01
4.367999999999999661e-02 -5.845285673489602374e+01
4.415999999999999787e-02 -5.870380268126210410e+01
4.463999999999999913e-02 -5.889974195198406193e+01
4.511999999999999345e-02 -5.887012286752866430e+01
4.559999999999999470e-02 -5.873677128418712101e+01
4.607999999999999596e-02 -5.875752336318734592e+01
4.655999999999999722e-02 -5.893665002736383229e+01
4.703999999999999848e-02 -5.871005888951138729e+01
4.751999999999999280e-02 -5.880560551732386898e+01
4.799999999999999406e-02 -5.905929647739788635e+01
4.847999999999999532e-02 -5.871777553387887849e+01
4.895999999999999658e-02 -5.866476770613366654e+01
4.943999999999999784e-02 -5.894128142383834756e+01
4.991999999999999216e-02 -5.914902475438778140e+01
5.039999999999999342e-02 -5.920250150093343677e+01
5.087999999999999468e-02 -5.952615958708545207e+01
5.135999999999999593e-02 -5.980138756838400127e+01
5.183999999999999719e-02 -6.003237562871271393e+01
5.231999999999999845e-02 -6.008537630984310596e+01
5.279999999999999277e-02 -6.029358981886211666e+01
5.327999999999999403e-02 -6.049740429994183444e+01
5.375999999999999529e-02 -6.055830523495597362e+01
5.423999999999999655e-02 -6.094039135838622201e+01
5.471999999999999781e-02 -6.136814525500729189e+01
5.519999999999999213e-02 -6.144680577606990823e+01
5.567999999999999339e-02 -6.152222799155556743e+01
5.615999999999999465e-02 -6.171836766809093433e+01
5.663999999999999591e-02 -6.180998778313668396e+01
5.711999999999999716e-02 -6.191233087515242772e+01
5.759999999999999842e-02 -6.202751488311030670e+01
5.807999999999999274e-02 -6.170971969118913592e+01
5.855999999999999400e-02 -6.126738767702030231e+01
5.903999999999999526e-02 -6.118646868722298393e+01
5.951999999999999652e-02 -6.142059681629617529e+01
5.999999999999999778e-02 -6.173903471588267422e+01
6.047999999999999210e-02 -6.174989875471048606e+01
6.095999999999999336e-02 -6.147036023394615256e+01
6.143999999999999462e-02 -6.140171445525243854e+01
6.191999999999999588e-02 -6.174394278263973490e+01
6.239999999999999714e-02 -6.176157819087406864e+01
6.287999999999999146e-02 -6.181391991273245878e+01
6.335999999999999965e-02 -6.210153276714792980e+01
6.383999999999999397e-02 -6.211370957903529444e+01
6.431999999999998829e-02 -6.205051019489528130e+01
6.479999999999999649e-02 -6.204681747936020031e+01
6.527999999999999081e-02 -6.221534827849949068e+01
6.575999999999999901e-02 -6.248850093837564401e+01
6.623999999999999333e-02 -6.275039807153771676e+01
6.671999999999998765e-02 -6.261635568966294585e+01
6.719999999999999585e-02 -6.262392626808954077e+01
6.767999999999999017e-02 -6.262194176954228197e+01
6.815999999999999837e-02 -6.242002174632204259e+01
6.863999999999999269e-02 -6.244113068811707734e+01
6.911999999999998701e-02 -6.245538859996555914e+01
6.959999999999999520e-02 -6.238003702575472431e+01
7.007999999999998952e-02 -6.249162780032867204e+01
7.055999999999999772e-02 -6.270563220040954633e+01
7.103999999999999204e-02 -6.272419834734867550e+01
7.152000000000000024e-02 -6.258782072087828396e+01
7.199999999999999456e-02 -6.257876512357756837e+01
7.247999999999998888e-02 -6.256919297217208253e+01
7.295999999999999708e-02 -6.261717560227217660e+01
7.343999999999999140e-02 -6.245341026519595573e+01
7.391999999999999960e-02 -6.282851055958712294e+01
7.439999999999999392e-02 -6.329709836622997443e+01
7.487999999999998824e-02 -6.319553827598345208e+01
7.535999999999999643e-02 -6.325187551077245729e+01
7.583999999999999075e-02 -6.343089934059989332e+01
7.631999999999999895e-02 -6.353840663841769043e+01
7.679999999999999327e-02 -6.349173467263718607e+01
7.727999999999998759e-02 -6.340351957496882562e+01
7.775999999999999579e-02 -6.371602777850334576e+01
7.823999999999999011e-02 -6.378579315857277265e+01
7.871999999999999831e-02 -6.329718475981798065e+01
7.919999999999999263e-02 -6.315509987718620977e+01
7.967999999999998695e-02 -6.338967931684732093e+01
8.015999999999999515e-02 -6.366902108729870235e+01
8.063999999999998947e-02 -6.344171419897382691e+01
8.111999999999999766e-02 -6.330561492492955722e+01
8.159999999999999198e-02 -6.343188279562301801e+01
8.207999999999998630e-02 -6.344685252332241987e+01
8.255999999999999450e-02 -6.339679416104792153e+01
8.303999999999998882e-02 -6.334762291571240667e+01
8.351999999999999702e-02 -6.344550182757183165e+01
8.399999999999999134e-02 -6.334593939318115474e+01
8.447999999999999954e-02 -6.324151327555888003e+01
8.495999999999999386e-02 -6.338464946226845598e+01
8.543999999999998818e-02 -6.320844237128532228e+01
8.591999999999999638e-02 -6.320989196023434431e+01
8.639999999999999070e-02 -6.341011820442680147e+01
8.687999999999999889e-02 -6.374723708192249916e+01
8.735999999999999321e-02 -6.372105427986831216e+01
8.783999999999998753e-02 -6.370603360589008446e+01
8.831999999999999573e-02 -6.378618622674651562e+01
8.879999999999999005e-02 -6.358605487795852440e+01
8.927999999999999825e-02 -6.365400690036531017e+01
8.975999999999999257e-02 -6.373449350299394922e+01
9.023999999999998689e-02 -6.383452154899478614e+01
9.071999999999999509e-02 -6.382202803467115615e+01
9.119999999999998941e-02 -6.405205480204271851e+01
9.167999999999999761e-02 -6.423423562957364652e+01
9.215999999999999193e-02 -6.396350156162370126e+01
9.263999999999998625e-02 -6.385615133560348511e+01
9.311999999999999444e-02 -6.389172225563206098e+01
9.359999999999998876e-02 -6.404597783011296031e+01
9.407999999999999696e-02 -6.378017549613896620e+01
9.455999999999999128e-02 -6.377708209932811201e+01
9.503999999999998560e-02 -6.401306068166341845e+01
9.551999999999999380e-02 -6.370824302495815772e+01
9.599999999999998812e-02 -6.363572151579283087e+01
9.647999999999999632e-02 -6.371610104096422589e+01
9.695999999999999064e-02 -6.374915425244735445e+01
9.743999999999998496e-02 -6.378192227999661412e+01
9.791999999999999316e-02 -6.381791633024156596e+01
9.839999999999998748e-02 -6.380692032863744600e+01
9.887999999999999567e-02 -6.390883325492235656e+01
9.935999999999998999e-02 -6.382611280670640497e+01
9.983999999999998431e-02 -6.362920783328913643e+01
1.003199999999999925e-01 -6.393463221904077187e+01
1.007999999999999868e-01 -6.428774181958557676e+01
1.012799999999999950e-01 -6.438293714828381553e+01
1.017599999999999894e-01 -6.419189637229730749e+01
1.022399999999999975e-01 -6.418551408723517682e+01
1.027199999999999919e-01 -6.470182115379905952e+01
1.031999999999999862e-01 -6.508355436281091499e+01
1.036799999999999944e-01 -6.524422626872633657e+01
1.041599999999999887e-01 -6.566159601096630638e+01
1.046399999999999969e-01 -6.629618084008039602e+01
1.051199999999999912e-01 -6.674311901355747523e+01
1.055999999999999855e-01 -6.727019650765140568e+01
1.060799999999999937e-01 -6.768640697228212844e+01
1.065599999999999881e-01 -6.848829721151831507e+01
1.070399999999999963e-01 -6.911852516423057580e+01
1.075199999999999906e-01 -6.958819131709422834e+01
1.079999999999999849e-01 -7.036346865775067272e+01
1.084799999999999931e-01 -7.148105490808114837e+01
1.089599999999999874e-01 -7.238213434155700554e+01
1.094399999999999956e-01 -7.315970361202117545e+01
1.099199999999999899e-01 -7.415615607100579609e+01
1.103999999999999843e-01 -7.518881794124237672e+01
1.108799999999999925e-01 -7.620819433074024118e+01
1.113599999999999868e-01 -7.718811384977044554e+01
1.118399999999999950e-01 -7.801194746487084331e+01
1.123199999999999893e-01 -7.816995624252464836e+01
1.127999999999999836e-01 -7.837491078278776513e+01
1.132799999999999918e-01 -7.853623047563976911e+01
1.137599999999999861e-01 -7.825401733194244969e+01
1.142399999999999943e-01 -7.801264104696956281e+01
1.147199999999999886e-01 -7.815477847699119707e+01
1.151999999999999968e-01 -7.829739637709596423e+01
1.156799999999999912e-01 -7.824465464701046358e+01
1.161599999999999855e-01 -7.820799174103937901e+01
1.166399999999999937e-01 -7.842061616337880992e+01
1.171199999999999880e-01 -7.863373527626092141e+01
1.175999999999999962e-01 -7.877220964197898923e+01
1.180799999999999905e-01 -7.891125994717077674e+01
1.185599999999999848e-01 -7.908182607415297127e+01
1.190399999999999930e-01 -7.931401970858901507e+01
1.195199999999999874e-01 -7.930540939312157889e+01
1.199999999999999956e-01 -7.913119219705903618e+01
1.204799999999999899e-01 -7.891479482401221901e+01
1.209599999999999842e-01 -7.876601044704810306e+01
1.214399999999999924e-01 -7.868693053254668257e+01
1.219199999999999867e-01 -7.861947125931679636e+01
1.223999999999999949e-01 -7.812267732756002658e+01
