-1.228799999999999955e+02 -1.017744005051967093e+02
-1.223999999999999915e+02 -1.018879724799142821e+02
-1.219200000000000017e+02 -1.021505617930474727e+02
-1.214399999999999977e+02 -1.022377213428865161e+02
-1.209599999999999937e+02 -1.023110188424150522e+02
-1.204799999999999898e+02 -1.023437355377789402e+02
-1.200000000000000000e+02 -1.026599971597433836e+02
-1.195199999999999960e+02 -1.032394067834104447e+02
-1.190399999999999920e+02 -1.037349062218123521e+02
-1.185600000000000023e+02 -1.037653539516669809e+02
-1.180799999999999983e+02 -1.038781629496480576e+02
-1.175999999999999943e+02 -1.039195212364267888e+02
-1.171199999999999903e+02 -1.037266967331499075e+02
-1.166400000000000006e+02 -1.038813882771879378e+02
-1.161599999999999966e+02 -1.039226984470256241e+02
-1.156799999999999926e+02 -1.040218445617260414e+02
-1.151999999999999886e+02 -1.042010068329735475e+02
-1.147199999999999989e+02 -1.042850646988312349e+02
-1.142399999999999949e+02 -1.044559966494159085e+02
-1.137599999999999909e+02 -1.044992198002750854e+02
-1.132800000000000011e+02 -1.043186102113732971e+02
-1.127999999999999972e+02 -1.035985307435769869e+02
-1.123199999999999932e+02 -1.027933828536135508e+02
-1.118399999999999892e+02 -1.021333269084074118e+02
-1.113599999999999994e+02 -1.014844539553030955e+02
-1.108799999999999955e+02 -1.005888777327681112e+02
-1.103999999999999915e+02 -9.976489213684367030e+01
-1.099200000000000017e+02 -9.895205362370381863e+01
-1.094399999999999977e+02 -9.772998136387226964e+01
-1.089599999999999937e+02 -9.644716981939266987e+01
-1.084799999999999898e+02 -9.551622426755858442e+01
-1.080000000000000000e+02 -9.465684586877461015e+01
-1.075199999999999960e+02 -9.386827605159864163e+01
-1.070399999999999920e+02 -9.292444224675152498e+01
-1.065600000000000023e+02 -9.203941672562120857e+01
-1.060799999999999983e+02 -9.134063470576164434e+01
-1.055999999999999943e+02 -9.058725480398427976e+01
-1.051199999999999903e+02 -8.993854869115546080e+01
-1.046400000000000006e+02 -8.942631917166762889e+01
-1.041599999999999966e+02 -8.884788177284417543e+01
-1.036799999999999926e+02 -8.860199635479575875e+01
-1.032000000000000028e+02 -8.858267421511312989e+01
-1.027199999999999989e+02 -8.830201124872075980e+01
-1.022399999999999949e+02 -8.738876569046820464e+01
-1.017599999999999909e+02 -8.706447145565995527e+01
-1.012800000000000011e+02 -8.707577267980211388e+01
-1.007999999999999972e+02 -8.712289106179306941e+01
-1.003199999999999932e+02 -8.712828327600533385e+01
-9.984000000000000341e+01 -8.726247495152804845e+01
-9.935999999999999943e+01 -8.698933095504122548e+01
-9.887999999999999545e+01 -8.674013072825955817e+01
-9.839999999999999147e+01 -8.686071823311698381e+01
-9.792000000000000171e+01 -8.676004386393142909e+01
-9.743999999999999773e+01 -8.666311958752075384e+01
-9.695999999999999375e+01 -8.655014847497653818e+01
-9.647999999999998977e+01 -8.657623077344803164e+01
-9.600000000000000000e+01 -8.663826312844031463e+01
-9.551999999999999602e+01 -8.711656580913896164e+01
-9.503999999999999204e+01 -8.710044768948719707e+01
-9.456000000000000227e+01 -8.698535242880413421e+01
-9.407999999999999829e+01 -8.669416723773677802e+01
-9.359999999999999432e+01 -8.656724064367459448e+01
-9.311999999999999034e+01 -8.624403508135222296e+01
-9.264000000000000057e+01 -8.637809727176775709e+01
-9.215999999999999659e+01 -8.648888281910379305e+01
-9.167999999999999261e+01 -8.639690496272879727e+01
-9.120000000000000284e+01 -8.636790947650933958e+01
-9.071999999999999886e+01 -8.618835702444614810e+01
-9.023999999999999488e+01 -8.610837046973949782e+01
-8.975999999999999091e+01 -8.621449740115998850e+01
-8.928000000000000114e+01 -8.610262134450984206e+01
-8.879999999999999716e+01 -8.607648794270795634e+01
-8.831999999999999318e+01 -8.612109448086528118e+01
-8.784000000000000341e+01 -8.586860868366818522e+01
-8.735999999999999943e+01 -8.593656006490090249e+01
-8.687999999999999545e+01 -8.605329552043706087e+01
-8.639999999999999147e+01 -8.561371920013860404e+01
-8.592000000000000171e+01 -8.542724649488332034e+01
-8.543999999999999773e+01 -8.559936678288062240e+01
-8.495999999999999375e+01 -8.563966045823133300e+01
-8.447999999999998977e+01 -8.572470818574105067e+01
-8.400000000000000000e+01 -8.549522691820544651e+01
-8.351999999999999602e+01 -8.530609985601252276e+01
-8.303999999999999204e+01 -8.531494175311026140e+01
-8.256000000000000227e+01 -8.513392915047681697e+01
-8.207999999999999829e+01 -8.524093915462634641e+01
-8.159999999999999432e+01 -8.520498023370051044e+01
-8.111999999999999034e+01 -8.497745793495268174e+01
-8.064000000000000057e+01 -8.511944187715027965e+01
-8.015999999999999659e+01 -8.534396561361928946e+01
-7.967999999999999261e+01 -8.547442055728521382e+01
-7.920000000000000284e+01 -8.535060730891794378e+01
-7.871999999999999886e+01 -8.511524034570498998e+01
-7.823999999999999488e+01 -8.490244506217914022e+01
-7.775999999999999091e+01 -8.518103417347904838e+01
-7.728000000000000114e+01 -8.491299229918064384e+01
-7.679999999999999716e+01 -8.464546762515502110e+01
-7.631999999999999318e+01 -8.470976299472305016e+01
-7.584000000000000341e+01 -8.509229316491811801e+01
-7.535999999999999943e+01 -8.521499622212529346e+01
-7.487999999999999545e+01 -8.501848021698960167e+01
-7.439999999999999147e+01 -8.470160678676671751e+01
-7.392000000000000171e+01 -8.458905587473884680e+01
-7.343999999999999773e+01 -8.483456378654508967e+01
-7.295999999999999375e+01 -8.475876253648321779e+01
-7.248000000000000398e+01 -8.445940048948415324e+01
-7.200000000000000000e+01 -8.439113021552870464e+01
-7.151999999999999602e+01 -8.410387217456415954e+01
-7.103999999999999204e+01 -8.411391913596226289e+01
-7.056000000000000227e+01 -8.436295114757241720e+01
-7.007999999999999829e+01 -8.449092005549211137e+01
-6.959999999999999432e+01 -8.438145471360516581e+01
-6.912000000000000455e+01 -8.439448124218759517e+01
-6.864000000000000057e+01 -8.411190758990980498e+01
-6.815999999999999659e+01 -8.416009885613242147e+01
-6.767999999999999261e+01 -8.417360894953482386e+01
-6.720000000000000284e+01 -8.401769270871126594e+01
-6.671999999999999886e+01 -8.417010575201669553e+01
-6.623999999999999488e+01 -8.442666251668305222e+01
-6.575999999999999091e+01 -8.433355275337909518e+01
-6.528000000000000114e+01 -8.394953883831141184e+01
-6.479999999999999716e+01 -8.399632350436618822e+01
-6.431999999999999318e+01 -8.403208755749034253e+01
-6.383999999999999631e+01 -8.371108367140145390e+01
-6.335999999999999943e+01 -8.376785885518452801e+01
-6.287999999999999545e+01 -8.389009747008714157e+01
-6.239999999999999858e+01 -8.348320873065298997e+01
-6.191999999999999460e+01 -8.340110468622897599e+01
-6.143999999999999773e+01 -8.341266355003770627e+01
-6.096000000000000085e+01 -8.324103356855319191e+01
-6.047999999999999687e+01 -8.370730908317827357e+01
-6.000000000000000000e+01 -8.374031906801516811e+01
-5.951999999999999602e+01 -8.342400890578193184e+01
-5.903999999999999915e+01 -8.345287653575232412e+01
-5.855999999999999517e+01 -8.333702992453019931e+01
-5.807999999999999829e+01 -8.315258026443757444e+01
-5.759999999999999432e+01 -8.303417759051987446e+01
-5.711999999999999744e+01 -8.267606661055728523e+01
-5.664000000000000057e+01 -8.268034415280489213e+01
-5.615999999999999659e+01 -8.291399908571017363e+01
-5.567999999999999972e+01 -8.303343133457978809e+01
-5.519999999999999574e+01 -8.289835446888457682e+01
-5.471999999999999886e+01 -8.255904553034858395e+01
-5.423999999999999488e+01 -8.253140487370492906e+01
-5.375999999999999801e+01 -8.274129397699618949e+01
-5.328000000000000114e+01 -8.275471694034524717e+01
-5.279999999999999716e+01 -8.279691392263211469e+01
-5.232000000000000028e+01 -8.280625886294876636e+01
-5.183999999999999631e+01 -8.278860017666534077e+01
-5.135999999999999943e+01 -8.278185816330520197e+01
-5.087999999999999545e+01 -8.277936705244749760e+01
-5.039999999999999858e+01 -8.254883748772265051e+01
-4.992000000000000171e+01 -8.245975052142595985e+01
-4.943999999999999773e+01 -8.199788922930997614e+01
-4.896000000000000085e+01 -8.172515057268154237e+01
-4.847999999999999687e+01 -8.172724231260686167e+01
-4.800000000000000000e+01 -8.176663903711444448e+01
-4.751999999999999602e+01 -8.178861574417199165e+01
-4.703999999999999915e+01 -8.159358222950265827e+01
-4.655999999999999517e+01 -8.170471160835789703e+01
-4.607999999999999829e+01 -8.140009015446656804e+01
-4.560000000000000142e+01 -8.113563808832024904e+01
-4.511999999999999744e+01 -8.124147074285590975e+01
-4.464000000000000057e+01 -8.131647379008781229e+01
-4.415999999999999659e+01 -8.106943099784417939e+01
-4.367999999999999972e+01 -8.080182103323720355e+01
-4.319999999999999574e+01 -8.060144081861950838e+01
-4.271999999999999886e+01 -8.092545668460508068e+01
-4.223999999999999488e+01 -8.095247829460184619e+01
-4.175999999999999801e+01 -8.082306307986701199e+01
-4.128000000000000114e+01 -8.064549192252280818e+01
-4.079999999999999716e+01 -8.044622419195788154e+01
-4.032000000000000028e+01 -8.042836302874867727e+01
-3.983999999999999631e+01 -8.055120084859026974e+01
-3.935999999999999943e+01 -8.022184010072493265e+01
-3.887999999999999545e+01 -7.961611083017083956e+01
-3.839999999999999858e+01 -7.931128723073476294e+01
-3.792000000000000171e+01 -7.918579453078766051e+01
-3.743999999999999773e+01 -7.884307861960692776e+01
-3.696000000000000085e+01 -7.843722095560761431e+01
-3.647999999999999687e+01 -7.811021022516834478e+01
-3.600000000000000000e+01 -7.837270261104205815e+01
-3.551999999999999602e+01 -7.806523882035369866e+01
-3.503999999999999915e+01 -7.769456144139442699e+01
-3.456000000000000227e+01 -7.775532882163214765e+01
-3.407999999999999829e+01 -7.763921345312199662e+01
-3.360000000000000142e+01 -7.755914367565407019e+01
-3.311999999999999744e+01 -7.773811267082689369e+01
-3.264000000000000057e+01 -7.757991413374432454e+01
-3.215999999999999659e+01 -7.738370077101606626e+01
-3.167999999999999972e+01 -7.718233705142392864e+01
-3.119999999999999929e+01 -7.682404629268552299e+01
-3.071999999999999886e+01 -7.648265119965286374e+01
-3.023999999999999844e+01 -7.589142716755354456e+01
-2.975999999999999801e+01 -7.537763743437126607e+01
-2.927999999999999758e+01 -7.478414735241744893e+01
-2.879999999999999716e+01 -7.428150706208766962e+01
-2.832000000000000028e+01 -7.388104446264077296e+01
-2.783999999999999986e+01 -7.385058389006778157e+01
-2.735999999999999943e+01 -7.363218516719113893e+01
-2.687999999999999901e+01 -7.344639706577351035e+01
-2.639999999999999858e+01 -7.330873414980344194e+01
-2.591999999999999815e+01 -7.303042926968110748e+01
-2.543999999999999773e+01 -7.295221428624967075e+01
-2.496000000000000085e+01 -7.278773556594885008e+01
-2.448000000000000043e+01 -7.253347011094811592e+01
-2.400000000000000000e+01 -7.257334323760140649e+01
-2.351999999999999957e+01 -7.267173007395120976e+01
-2.303999999999999915e+01 -7.235748544179092789e+01
-2.255999999999999872e+01 -7.185039216342008217e+01
-2.207999999999999829e+01 -7.101483503273881581e+01
-2.159999999999999787e+01 -6.998971064130472541e+01
-2.111999999999999744e+01 -6.875655896285181257e+01
-2.064000000000000057e+01 -6.772835134530787116e+01
-2.016000000000000014e+01 -6.690869465635043412e+01
-1.967999999999999972e+01 -6.639364462952582358e+01
-1.919999999999999929e+01 -6.618472704959890507e+01
-1.871999999999999886e+01 -6.615349286562081943e+01
-1.823999999999999844e+01 -6.637274048100964308e+01
-1.775999999999999801e+01 -6.652932020420409742e+01
-1.728000000000000114e+01 -6.633926832673255092e+01
-1.680000000000000071e+01 -6.631158647945464679e+01
-1.632000000000000028e+01 -6.642782814522615809e+01
-1.583999999999999986e+01 -6.628604090323094056e+01
-1.535999999999999943e+01 -6.598035097763153090e+01
-1.487999999999999901e+01 -6.484770120127073767e+01
-1.439999999999999858e+01 -6.381439146083498315e+01
-1.391999999999999993e+01 -6.297709566180111551e+01
-1.343999999999999950e+01 -6.264164123298801456e+01
-1.295999999999999908e+01 -6.250961048238472273e+01
-1.248000000000000043e+01 -6.296625866354765577e+01
-1.200000000000000000e+01 -6.273929287463091242e+01
-1.151999999999999957e+01 -6.105552780896577758e+01
-1.103999999999999915e+01 -5.817903330502910819e+01
-1.055999999999999872e+01 -5.091376160322010946e+01
-1.008000000000000007e+01 -3.431467668303504581e+01
-9.599999999999999645e+00 -2.598850586719940026e+01
-9.119999999999999218e+00 -2.335268833630113861e+01
-8.640000000000000568e+00 -2.312119125689806509e+01
-8.160000000000000142e+00 -2.309782037661292264e+01
-7.679999999999999716e+00 -2.290910220439339540e+01
-7.199999999999999289e+00 -2.280588074249970276e+01
-6.719999999999999751e+00 -2.297196049092629622e+01
-6.240000000000000213e+00 -2.293037260448291903e+01
-5.759999999999999787e+00 -2.276796372199606111e+01
-5.279999999999999361e+00 -2.278898612153902548e+01
-4.799999999999999822e+00 -2.277671647885444628e+01
-4.320000000000000284e+00 -2.295824593450015527e+01
-3.839999999999999858e+00 -2.305377101557818165e+01
-3.359999999999999876e+00 -2.305268856739868966e+01
-2.879999999999999893e+00 -2.305216520031292049e+01
-2.399999999999999911e+00 -2.293553371171095279e+01
-1.919999999999999929e+00 -2.296915841849156337e+01
-1.439999999999999947e+00 -2.292945604213468513e+01
-9.599999999999999645e-01 -2.285402625475541782e+01
-4.799999999999999822e-01 -2.295425260616259422e+01
0.000000000000000000e+00 -2.299223527649878918e+01
4.799999999999999822e-01 -2.276364090779082616e+01
9.599999999999999645e-01 -2.239019278824665449e+01
1.439999999999999947e+00 -2.275150786434748795e+01
1.919999999999999929e+00 -2.311170523303420055e+01
2.399999999999999911e+00 -2.288176638860075229e+01
2.879999999999999893e+00 -2.271167409673119053e+01
3.359999999999999876e+00 -2.255461190290808915e+01
3.839999999999999858e+00 -2.279808068952375777e+01
4.320000000000000284e+00 -2.310554790216304966e+01
4.799999999999999822e+00 -2.304643662396401638e+01
5.279999999999999361e+00 -2.293485088829519469e+01
5.759999999999999787e+00 -2.294590974695355357e+01
6.240000000000000213e+00 -2.304572483207843447e+01
6.719999999999999751e+00 -2.299335989399567381e+01
7.199999999999999289e+00 -2.287835294679995002e+01
7.679999999999999716e+00 -2.308719658290290511e+01
8.160000000000000142e+00 -2.305793787898069880e+01
8.640000000000000568e+00 -2.299753719778581029e+01
9.119999999999999218e+00 -2.334425355457188189e+01
9.599999999999999645e+00 -2.605246179937047657e+01
1.008000000000000007e+01 -3.449835248006329635e+01
1.055999999999999872e+01 -5.101890589633323714e+01
1.103999999999999915e+01 -5.808205500243765584e+01
1.151999999999999957e+01 -6.131682726971022390e+01
1.200000000000000000e+01 -6.270993317731807792e+01
1.248000000000000043e+01 -6.214059583540247189e+01
1.295999999999999908e+01 -6.155156454967312385e+01
1.343999999999999950e+01 -6.157079047297087726e+01
1.391999999999999993e+01 -6.222467963172476146e+01
1.439999999999999858e+01 -6.344333075053818050e+01
1.487999999999999901e+01 -6.488827978363764259e+01
1.535999999999999943e+01 -6.601693709951099720e+01
1.583999999999999986e+01 -6.666147171434356267e+01
1.632000000000000028e+01 -6.676730320677339137e+01
1.680000000000000071e+01 -6.662912309516683251e+01
1.728000000000000114e+01 -6.653282525944408121e+01
1.775999999999999801e+01 -6.662284545735046493e+01
1.823999999999999844e+01 -6.655990404940280314e+01
1.871999999999999886e+01 -6.633815081240774703e+01
1.919999999999999929e+01 -6.626175132057895212e+01
1.967999999999999972e+01 -6.645439927784762801e+01
2.016000000000000014e+01 -6.687751405028132012e+01
2.064000000000000057e+01 -6.772374962859444736e+01
2.111999999999999744e+01 -6.861721869037421584e+01
2.159999999999999787e+01 -6.950244119868486337e+01
2.207999999999999829e+01 -7.041877544492609786e+01
2.255999999999999872e+01 -7.139266104393846035e+01
2.303999999999999915e+01 -7.207889900934884508e+01
2.351999999999999957e+01 -7.250728556747192499e+01
2.400000000000000000e+01 -7.261936888406251001e+01
2.448000000000000043e+01 -7.261033935734927525e+01
2.496000000000000085e+01 -7.266136319696317969e+01
2.543999999999999773e+01 -7.274347887649351208e+01
2.591999999999999815e+01 -7.281536848162966180e+01
2.639999999999999858e+01 -7.325222172603533011e+01
2.687999999999999901e+01 -7.340593381187683519e+01
2.735999999999999943e+01 -7.345032649885727949e+01
2.783999999999999986e+01 -7.391170971004831358e+01
2.832000000000000028e+01 -7.401511394999576510e+01
2.879999999999999716e+01 -7.404584582713287944e+01
2.927999999999999758e+01 -7.420620122069068714e+01
2.975999999999999801e+01 -7.446573742127628748e+01
3.023999999999999844e+01 -7.515837683290850180e+01
3.071999999999999886e+01 -7.590309626609879956e+01
3.119999999999999929e+01 -7.668221941168077649e+01
3.167999999999999972e+01 -7.722347684510698684e+01
3.215999999999999659e+01 -7.770155453316118610e+01
3.264000000000000057e+01 -7.829801805559722538e+01
3.311999999999999744e+01 -7.810213044042083652e+01
3.360000000000000142e+01 -7.769604900054943641e+01
3.407999999999999829e+01 -7.763144159742762440e+01
3.456000000000000227e+01 -7.764799707741940438e+01
3.503999999999999915e+01 -7.751321368315859672e+01
3.551999999999999602e+01 -7.750966876061892208e+01
3.600000000000000000e+01 -7.798436666983106136e+01
3.647999999999999687e+01 -7.813482744162760696e+01
3.696000000000000085e+01 -7.832483381557798907e+01
3.743999999999999773e+01 -7.876245736030620037e+01
3.792000000000000171e+01 -7.909142287617225975e+01
3.839999999999999858e+01 -7.912270683656167591e+01
3.887999999999999545e+01 -7.948144666592304475e+01
3.935999999999999943e+01 -7.988175694623309653e+01
3.983999999999999631e+01 -8.033059519549702543e+01
4.032000000000000028e+01 -8.091268789183860122e+01
4.079999999999999716e+01 -8.152673051673215809e+01
4.128000000000000114e+01 -8.171421682912070139e+01
4.175999999999999801e+01 -8.161691321221576345e+01
4.223999999999999488e+01 -8.156412939327756817e+01
4.271999999999999886e+01 -8.138237500002659885e+01
4.319999999999999574e+01 -8.128288294433458816e+01
4.367999999999999972e+01 -8.135758835632161379e+01
4.415999999999999659e+01 -8.148675721337694711e+01
4.464000000000000057e+01 -8.162943133984633448e+01
4.511999999999999744e+01 -8.179529182456994363e+01
4.560000000000000142e+01 -8.165010296634113729e+01
4.607999999999999829e+01 -8.173152174254482816e+01
4.655999999999999517e+01 -8.206730980891406091e+01
4.703999999999999915e+01 -8.206362706561799314e+01
4.751999999999999602e+01 -8.238227886011608803e+01
4.800000000000000000e+01 -8.277687482753100312e+01
4.847999999999999687e+01 -8.269621476365031754e+01
4.896000000000000085e+01 -8.284701308405885811e+01
4.943999999999999773e+01 -8.326397685556996464e+01
4.992000000000000171e+01 -8.346934721603098239e+01
5.039999999999999858e+01 -8.369754771590120868e+01
5.087999999999999545e+01 -8.389752413685812371e+01
5.135999999999999943e+01 -8.385579599144925567e+01
5.183999999999999631e+01 -8.388518359552136872e+01
5.232000000000000028e+01 -8.363440267530167205e+01
5.279999999999999716e+01 -8.356957412309412803e+01
5.328000000000000114e+01 -8.358649212098495695e+01
5.375999999999999801e+01 -8.375187803967017430e+01
5.423999999999999488e+01 -8.393631256093664206e+01
5.471999999999999886e+01 -8.405985101785216784e+01
5.519999999999999574e+01 -8.411244455755939953e+01
5.567999999999999972e+01 -8.421400039120624115e+01
5.615999999999999659e+01 -8.424748904455911713e+01
5.664000000000000057e+01 -8.416652419167641597e+01
5.711999999999999744e+01 -8.472700119228461801e+01
5.759999999999999432e+01 -8.503998449133251825e+01
5.807999999999999829e+01 -8.455650999611273733e+01
5.855999999999999517e+01 -8.437842629947745365e+01
5.903999999999999915e+01 -8.450146523596735904e+01
5.951999999999999602e+01 -8.455675752739047368e+01
6.000000000000000000e+01 -8.462357128167555231e+01
6.047999999999999687e+01 -8.454494229240157210e+01
6.096000000000000085e+01 -8.456494785065115138e+01
6.143999999999999773e+01 -8.454197965362055811e+01
6.191999999999999460e+01 -8.447340119241461309e+01
6.239999999999999858e+01 -8.439285303596463450e+01
6.287999999999999545e+01 -8.451256540237079662e+01
6.335999999999999943e+01 -8.470219208395531041e+01
6.383999999999999631e+01 -8.473784534819039038e+01
6.431999999999999318e+01 -8.491840402306139879e+01
6.479999999999999716e+01 -8.488939690360005841e+01
6.528000000000000114e+01 -8.481796640726236092e+01
6.575999999999999091e+01 -8.523302451842045002e+01
6.623999999999999488e+01 -8.547814397895562877e+01
6.671999999999999886e+01 -8.537254841468403299e+01
6.720000000000000284e+01 -8.544472823391699023e+01
6.767999999999999261e+01 -8.532494940980802767e+01
6.815999999999999659e+01 -8.525719698532427060e+01
6.864000000000000057e+01 -8.538733844479432378e+01
6.912000000000000455e+01 -8.519791213084221226e+01
6.959999999999999432e+01 -8.502678211086531235e+01
7.007999999999999829e+01 -8.538190952216085350e+01
7.056000000000000227e+01 -8.570109590426139334e+01
7.103999999999999204e+01 -8.567125546346690612e+01
7.151999999999999602e+01 -8.553496466112385122e+01
7.200000000000000000e+01 -8.537943244368750584e+01
7.248000000000000398e+01 -8.543229298212567357e+01
7.295999999999999375e+01 -8.567504099379627291e+01
7.343999999999999773e+01 -8.553771006680086941e+01
7.392000000000000171e+01 -8.578183001580471512e+01
7.439999999999999147e+01 -8.614270294422013308e+01
7.487999999999999545e+01 -8.603920137130452872e+01
7.535999999999999943e+01 -8.604798896809745656e+01
7.584000000000000341e+01 -8.614790549799131725e+01
7.631999999999999318e+01 -8.622800860787305055e+01
7.679999999999999716e+01 -8.635496397081948317e+01
7.728000000000000114e+01 -8.616134000447603114e+01
7.775999999999999091e+01 -8.643262017541650266e+01
7.823999999999999488e+01 -8.648025890825380202e+01
7.871999999999999886e+01 -8.611395098545943938e+01
7.920000000000000284e+01 -8.592646859801723735e+01
7.967999999999999261e+01 -8.589177760510236226e+01
8.015999999999999659e+01 -8.637012045293298002e+01
8.064000000000000057e+01 -8.640732799439093981e+01
8.111999999999999034e+01 -8.635302540006911443e+01
8.159999999999999432e+01 -8.649985760418545055e+01
8.207999999999999829e+01 -8.669614615932457014e+01
8.256000000000000227e+01 -8.645004027030360305e+01
8.303999999999999204e+01 -8.629672179448307645e+01
8.351999999999999602e+01 -8.657164630147900652e+01
8.400000000000000000e+01 -8.660870990895844557e+01
8.447999999999998977e+01 -8.647868059705410815e+01
8.495999999999999375e+01 -8.656387213934763736e+01
8.543999999999999773e+01 -8.659746661975590598e+01
8.592000000000000171e+01 -8.661775518633967863e+01
8.639999999999999147e+01 -8.672180301998508867e+01
8.687999999999999545e+01 -8.704318422356897145e+01
8.735999999999999943e+01 -8.688989966903210416e+01
8.784000000000000341e+01 -8.676962251774361334e+01
8.831999999999999318e+01 -8.668159189131628750e+01
8.879999999999999716e+01 -8.656335845797585193e+01
8.928000000000000114e+01 -8.659390142828335968e+01
8.975999999999999091e+01 -8.659035701175709221e+01
9.023999999999999488e+01 -8.690202697972037527e+01
9.071999999999999886e+01 -8.698069598391221291e+01
9.120000000000000284e+01 -8.690835221702464253e+01
9.167999999999999261e+01 -8.708751964481677987e+01
9.215999999999999659e+01 -8.710225197842709122e+01
9.264000000000000057e+01 -8.706013184695846974e+01
9.311999999999999034e+01 -8.708273080582924308e+01
9.359999999999999432e+01 -8.720058414775587607e+01
9.407999999999999829e+01 -8.696555797799597087e+01
9.456000000000000227e+01 -8.700487616161160531e+01
9.503999999999999204e+01 -8.734707158007370253e+01
9.551999999999999602e+01 -8.712581257406756663e+01
9.600000000000000000e+01 -8.724394014728248692e+01
9.647999999999998977e+01 -8.725588962997898079e+01
9.695999999999999375e+01 -8.708452953481457826e+01
9.743999999999999773e+01 -8.707317256965910701e+01
9.792000000000000171e+01 -8.706814577102589681e+01
9.839999999999999147e+01 -8.715256486616227960e+01
9.887999999999999545e+01 -8.727272223720829913e+01
9.935999999999999943e+01 -8.717521819305565600e+01
9.984000000000000341e+01 -8.710914185605359705e+01
1.003199999999999932e+02 -8.743249466533485759e+01
1.007999999999999972e+02 -8.764413185463020284e+01
1.012800000000000011e+02 -8.784447010096094743e+01
1.017599999999999909e+02 -8.783093562016453859e+01
1.022399999999999949e+02 -8.790455449501253327e+01
1.027199999999999989e+02 -8.839164294379968112e+01
1.032000000000000028e+02 -8.876198577811246082e+01
1.036799999999999926e+02 -8.889350960039996608e+01
1.041599999999999966e+02 -8.940590396015650754e+01
1.046400000000000006e+02 -9.008053521373858530e+01
1.051199999999999903e+02 -9.048676457224277669e+01
1.055999999999999943e+02 -9.099709600229731166e+01
1.060799999999999983e+02 -9.145812429355851236e+01
1.065600000000000023e+02 -9.234805312503760888e+01
1.070399999999999920e+02 -9.302611380183489587e+01
1.075199999999999960e+02 -9.361717960346310008e+01
1.080000000000000000e+02 -9.469743635908315582e+01
1.084799999999999898e+02 -9.594554572954103833e+01
1.089599999999999937e+02 -9.694688039184369188e+01
1.094399999999999977e+02 -9.766985210239064941e+01
1.099200000000000017e+02 -9.866235067377479595e+01
1.103999999999999915e+02 -9.981175366497977564e+01
1.108799999999999955e+02 -1.008117155216794458e+02
1.113599999999999994e+02 -1.017723759045514669e+02
1.118399999999999892e+02 -1.025104115400426252e+02
1.123199999999999932e+02 -1.029184719422082424e+02
1.127999999999999972e+02 -1.035293861934981265e+02
1.132800000000000011e+02 -1.043300291029792390e+02
1.137599999999999909e+02 -1.044190751816214657e+02
1.142399999999999949e+02 -1.043192573828117133e+02
1.147199999999999989e+02 -1.043095585290193696e+02
1.151999999999999886e+02 -1.040786135471050642e+02
1.156799999999999926e+02 -1.040823796123879816e+02
1.161599999999999966e+02 -1.039958156700018179e+02
1.166400000000000006e+02 -1.038078567935523040e+02
1.171199999999999903e+02 -1.034930877008350478e+02
1.175999999999999943e+02 -1.033229211946117232e+02
1.180799999999999983e+02 -1.033007629866535382e+02
1.185600000000000023e+02 -1.033694391364516605e+02
1.190399999999999920e+02 -1.034902190960817592e+02
1.195199999999999960e+02 -1.035248748643650316e+02
1.200000000000000000e+02 -1.035188292198200770e+02
1.204799999999999898e+02 -1.036122160536665859e+02
1.209599999999999937e+02 -1.034525552845109928e+02
1.214399999999999977e+02 -1.031842518348330202e+02
1.219200000000000017e+02 -1.029851094603157122e+02
1.223999999999999915e+02 -1.025934120969622398e+02
