-1.228799999999999892e-01 -7.275407507125977702e+01
-1.223999999999999949e-01 -7.564888228820912275e+01
-1.219199999999999867e-01 -7.849399915204274691e+01
-1.214399999999999924e-01 -7.902628716933607222e+01
-1.209599999999999842e-01 -7.956312452321458295e+01
-1.204799999999999899e-01 -7.954851178304558346e+01
-1.199999999999999956e-01 -7.959200088603935797e+01
-1.195199999999999874e-01 -7.975255862582491773e+01
-1.190399999999999930e-01 -8.004685731878267063e+01
-1.185599999999999848e-01 -7.963565865030878399e+01
-1.180799999999999905e-01 -7.881475844757838445e+01
-1.175999999999999962e-01 -7.862675313629975449e+01
-1.171199999999999880e-01 -7.857404405274111525e+01
-1.166399999999999937e-01 -7.782522506119354944e+01
-1.161599999999999855e-01 -7.742707555429905142e+01
-1.156799999999999912e-01 -7.734722925976655006e+01
-1.151999999999999968e-01 -7.751366000116891541e+01
-1.147199999999999886e-01 -7.753152881684485465e+01
-1.142399999999999943e-01 -7.795838981507854726e+01
-1.137599999999999861e-01 -7.858213180641298834e+01
-1.132799999999999918e-01 -7.910381560879527285e+01
-1.127999999999999836e-01 -7.924739800828828606e+01
-1.123199999999999893e-01 -7.879495016323951972e+01
-1.118399999999999950e-01 -7.826637173966388161e+01
-1.113599999999999868e-01 -7.721729367655073872e+01
-1.108799999999999925e-01 -7.587292247677888213e+01
-1.103999999999999843e-01 -7.520373696307484579e+01
-1.099199999999999899e-01 -7.401603708701985340e+01
-1.094399999999999956e-01 -7.251270112939346291e+01
-1.089599999999999874e-01 -7.144929734848847147e+01
-1.084799999999999931e-01 -7.102202498026676381e+01
-1.079999999999999849e-01 -7.020448827594250929e+01
-1.075199999999999906e-01 -6.931477246364769940e+01
-1.070399999999999963e-01 -6.862135965231848900e+01
-1.065599999999999881e-01 -6.799426192862773632e+01
-1.060799999999999937e-01 -6.731461512776367329e+01
-1.055999999999999855e-01 -6.663529618934441601e+01
-1.051199999999999912e-01 -6.622413874856781035e+01
-1.046399999999999969e-01 -6.550414036673485896e+01
-1.041599999999999887e-01 -6.498483296977623525e+01
-1.036799999999999944e-01 -6.469857304929844588e+01
-1.031999999999999862e-01 -6.450157504525154195e+01
-1.027199999999999919e-01 -6.416904507475581454e+01
-1.022399999999999975e-01 -6.382950856532417561e+01
-1.017599999999999894e-01 -6.352494945257702597e+01
-1.012799999999999950e-01 -6.322164623393599925e+01
-1.007999999999999868e-01 -6.329514538875968555e+01
-1.003199999999999925e-01 -6.334007147732522469e+01
-9.983999999999998431e-02 -6.337546627731602200e+01
-9.935999999999998999e-02 -6.339641563036133221e+01
-9.887999999999999567e-02 -6.323156125176635101e+01
-9.839999999999998748e-02 -6.332780295738253784e+01
-9.791999999999999316e-02 -6.337639031370607512e+01
-9.743999999999998496e-02 -6.332472184182534392e+01
-9.695999999999999064e-02 -6.328307188773787573e+01
-9.647999999999999632e-02 -6.295896113037429842e+01
-9.599999999999998812e-02 -6.267740762913113173e+01
-9.551999999999999380e-02 -6.281684345224979893e+01
-9.503999999999998560e-02 -6.277823374094559483e+01
-9.455999999999999128e-02 -6.274069756039093448e+01
-9.407999999999999696e-02 -6.259618602076105986e+01
-9.359999999999998876e-02 -6.282535447311383336e+01
-9.311999999999999444e-02 -6.256772868097534257e+01
-9.263999999999998625e-02 -6.251140980561167027e+01
-9.215999999999999193e-02 -6.264174860830104308e+01
-9.167999999999999761e-02 -6.257880386829014441e+01
-9.119999999999998941e-02 -6.249133519613157262e+01
-9.071999999999999509e-02 -6.249801545661944857e+01
-9.023999999999998689e-02 -6.266274963974957046e+01
-8.975999999999999257e-02 -6.252219442433084851e+01
-8.927999999999999825e-02 -6.225392380736488462e+01
-8.879999999999999005e-02 -6.213448975886944936e+01
-8.831999999999999573e-02 -6.233092468724528601e+01
-8.783999999999998753e-02 -6.249364505155736538e+01
-8.735999999999999321e-02 -6.241815546636784973e+01
-8.687999999999999889e-02 -6.213720768027820895e+01
-8.639999999999999070e-02 -6.174189179161015772e+01
-8.591999999999999638e-02 -6.174185841884602155e+01
-8.543999999999998818e-02 -6.192911134840230858e+01
-8.495999999999999386e-02 -6.166438757656607095e+01
-8.447999999999999954e-02 -6.184320008269054370e+01
-8.399999999999999134e-02 -6.212429685598468865e+01
-8.351999999999999702e-02 -6.196968363937354951e+01
-8.303999999999998882e-02 -6.180285037845674623e+01
-8.255999999999999450e-02 -6.181129634289501951e+01
-8.207999999999998630e-02 -6.193197132298665508e+01
-8.159999999999999198e-02 -6.184873573335376307e+01
-8.111999999999999766e-02 -6.174954533894519670e+01
-8.063999999999998947e-02 -6.147967891734700174e+01
-8.015999999999999515e-02 -6.142237795736782857e+01
-7.967999999999998695e-02 -6.136984029380818839e+01
-7.919999999999999263e-02 -6.150879739585533912e+01
-7.871999999999999831e-02 -6.129789561897421635e+01
-7.823999999999999011e-02 -6.136470589379618445e+01
-7.775999999999999579e-02 -6.167874043324512456e+01
-7.727999999999998759e-02 -6.164154675439523601e+01
-7.679999999999999327e-02 -6.134378522160363900e+01
-7.631999999999999895e-02 -6.110617599401037836e+01
-7.583999999999999075e-02 -6.112991257757819596e+01
-7.535999999999999643e-02 -6.121177016793212289e+01
-7.487999999999998824e-02 -6.128792764449585917e+01
-7.439999999999999392e-02 -6.146708696554847506e+01
-7.391999999999999960e-02 -6.136277307548198223e+01
-7.343999999999999140e-02 -6.124073486653045961e+01
-7.295999999999999708e-02 -6.097550065508659145e+01
-7.247999999999998888e-02 -6.106101171702989916e+01
-7.199999999999999456e-02 -6.119497569032138529e+01
-7.152000000000000024e-02 -6.126982624598163341e+01
-7.103999999999999204e-02 -6.122845501088843179e+01
-7.055999999999999772e-02 -6.120665091189604823e+01
-7.007999999999998952e-02 -6.130855079481509762e+01
-6.959999999999999520e-02 -6.106322263934175254e+01
-6.911999999999998701e-02 -6.109616766779730312e+01
-6.863999999999999269e-02 -6.108705327063547230e+01
-6.815999999999999837e-02 -6.116061607704318703e+01
-6.767999999999999017e-02 -6.118335508497273878e+01
-6.719999999999999585e-02 -6.093930631056305458e+01
-6.671999999999998765e-02 -6.067595939718073339e+01
-6.623999999999999333e-02 -6.047354267109216863e+01
-6.575999999999999901e-02 -6.033182082492653819e+01
-6.527999999999999081e-02 -6.025391286467088037e+01
-6.479999999999999649e-02 -6.029720822314678941e+01
-6.431999999999998829e-02 -6.024160341951090913e+01
-6.383999999999999397e-02 -6.017285415830136941e+01
-6.335999999999999965e-02 -6.014196012772863753e+01
-6.287999999999999146e-02 -6.010711500354435799e+01
-6.239999999999999714e-02 -6.019989604273654038e+01
-6.191999999999999588e-02 -6.001194592625217439e+01
-6.143999999999999462e-02 -5.988986449027681402e+01
-6.095999999999999336e-02 -5.989795149081687242e+01
-6.047999999999999210e-02 -5.983749642393358670e+01
-5.999999999999999778e-02 -5.960921007342052746e+01
-5.951999999999999652e-02 -5.944888747500811377e+01
-5.903999999999999526e-02 -5.986737753838541209e+01
-5.855999999999999400e-02 -5.990102235711982814e+01
-5.807999999999999274e-02 -5.994302214329843537e+01
-5.759999999999999842e-02 -5.989495855978096017e+01
-5.711999999999999716e-02 -5.984920695218071529e+01
-5.663999999999999591e-02 -5.985210119991166522e+01
-5.615999999999999465e-02 -5.979852242340818691e+01
-5.567999999999999339e-02 -5.976780806581502503e+01
-5.519999999999999213e-02 -5.937084698678985717e+01
-5.471999999999999781e-02 -5.905730800135883385e+01
-5.423999999999999655e-02 -5.913056317685848740e+01
-5.375999999999999529e-02 -5.888989816604158989e+01
-5.327999999999999403e-02 -5.886084517624580315e+01
-5.279999999999999277e-02 -5.900421842079022383e+01
-5.231999999999999845e-02 -5.885638367773478308e+01
-5.183999999999999719e-02 -5.882782623109661557e+01
-5.135999999999999593e-02 -5.882255037072302173e+01
-5.087999999999999468e-02 -5.851970800655210070e+01
-5.039999999999999342e-02 -5.811956517244558995e+01
-4.991999999999999216e-02 -5.807720346808331868e+01
-4.943999999999999784e-02 -5.803428105438263884e+01
-4.895999999999999658e-02 -5.788978170683240876e+01
-4.847999999999999532e-02 -5.758720459710771422e+01
-4.799999999999999406e-02 -5.746570669791826447e+01
-4.751999999999999280e-02 -5.740346863582529835e+01
-4.703999999999999848e-02 -5.747298474035552118e+01
-4.655999999999999722e-02 -5.740654309487350559e+01
-4.607999999999999596e-02 -5.723147604238665309e+01
-4.559999999999999470e-02 -5.726248188402110628e+01
-4.511999999999999345e-02 -5.739230971181147112e+01
-4.463999999999999913e-02 -5.761204934672855416e+01
-4.415999999999999787e-02 -5.729132604860974709e+01
-4.367999999999999661e-02 -5.695370837928328456e+01
-4.319999999999999535e-02 -5.656707276461339262e+01
-4.271999999999999409e-02 -5.638870065347988003e+01
-4.223999999999999977e-02 -5.598495651536075712e+01
-4.175999999999999851e-02 -5.593418729768818309e+01
-4.127999999999999725e-02 -5.582870061407624718e+01
-4.079999999999999599e-02 -5.564104835263826487e+01
-4.031999999999999473e-02 -5.560707101835613742e+01
-3.983999999999999347e-02 -5.569726346610263334e+01
-3.935999999999999915e-02 -5.535944634120205166e+01
-3.887999999999999790e-02 -5.511957212150218055e+01
-3.839999999999999664e-02 -5.499631338805856728e+01
-3.791999999999999538e-02 -5.490330777477119284e+01
-3.743999999999999412e-02 -5.452019304283592760e+01
-3.695999999999999980e-02 -5.395317163684217832e+01
-3.647999999999999854e-02 -5.354763280335859577e+01
-3.599999999999999728e-02 -5.371123780127572900e+01
-3.551999999999999602e-02 -5.322667292612423040e+01
-3.503999999999999476e-02 -5.269901355728484305e+01
-3.455999999999999350e-02 -5.270717376143941379e+01
-3.407999999999999918e-02 -5.247233250181392350e+01
-3.359999999999999792e-02 -5.229068337076687101e+01
-3.311999999999999666e-02 -5.238199581630740909e+01
-3.263999999999999541e-02 -5.237195549569570119e+01
-3.215999999999999415e-02 -5.248318497214387435e+01
-3.167999999999999983e-02 -5.252173530654587807e+01
-3.119999999999999857e-02 -5.241330072011804475e+01
-3.071999999999999731e-02 -5.229538209577565055e+01
-3.023999999999999605e-02 -5.180202941750909673e+01
-2.975999999999999826e-02 -5.149339881739896896e+01
-2.927999999999999700e-02 -5.114541770835613477e+01
-2.879999999999999921e-02 -5.053049075013493763e+01
-2.831999999999999795e-02 -4.951081476992868602e+01
-2.783999999999999669e-02 -4.913935149352649034e+01
-2.735999999999999890e-02 -4.915438389844435108e+01
-2.687999999999999765e-02 -4.916899833037341949e+01
-2.639999999999999639e-02 -4.919834797156462258e+01
-2.591999999999999860e-02 -4.888901611399571578e+01
-2.543999999999999734e-02 -4.853580336815102925e+01
-2.495999999999999608e-02 -4.790630514678493768e+01
-2.447999999999999829e-02 -4.688062527658736656e+01
-2.399999999999999703e-02 -4.588192666857138136e+01
-2.351999999999999924e-02 -4.515311798012591282e+01
-2.303999999999999798e-02 -4.429046815765461531e+01
-2.255999999999999672e-02 -4.379655392914827416e+01
-2.207999999999999893e-02 -4.364778069854109788e+01
-2.159999999999999767e-02 -4.361754155551313517e+01
-2.111999999999999988e-02 -4.360016158213254300e+01
-2.063999999999999863e-02 -4.383200135829429200e+01
-2.015999999999999737e-02 -4.418421051577060155e+01
-1.967999999999999958e-02 -4.427840294278470878e+01
-1.919999999999999832e-02 -4.438679431344934301e+01
-1.871999999999999706e-02 -4.437383452232548109e+01
-1.823999999999999927e-02 -4.394753287022560073e+01
-1.775999999999999801e-02 -4.326780560972765244e+01
-1.727999999999999675e-02 -4.214202426584479610e+01
-1.679999999999999896e-02 -4.101711301887588945e+01
-1.631999999999999770e-02 -3.982307393452720845e+01
-1.583999999999999991e-02 -3.850688671196355983e+01
-1.535999999999999865e-02 -3.770477027896000521e+01
-1.487999999999999913e-02 -3.693733571721659814e+01
-1.439999999999999961e-02 -3.654694049538677092e+01
-1.391999999999999835e-02 -3.656097953985546667e+01
-1.343999999999999882e-02 -3.714203952450473878e+01
-1.295999999999999930e-02 -3.767354259805766503e+01
-1.247999999999999804e-02 -3.816820333221202333e+01
-1.199999999999999852e-02 -3.693673087563107771e+01
-1.151999999999999899e-02 -3.423010819206831457e+01
-1.103999999999999947e-02 -3.090153172505101509e+01
-1.055999999999999994e-02 -2.165412433535746572e+01
-1.007999999999999868e-02 -4.144823693054856761e+00
-9.599999999999999159e-03 4.206403088790749756e+00
-9.119999999999999635e-03 6.829391160456682819e+00
-8.639999999999998376e-03 7.047439053183800262e+00
-8.159999999999998851e-03 7.062256828025041955e+00
-7.679999999999999327e-03 7.246393354433085854e+00
-7.199999999999999803e-03 7.348468487550069206e+00
-6.719999999999999411e-03 7.191212482292912433e+00
-6.239999999999999020e-03 7.239217289346612461e+00
-5.759999999999999495e-03 7.402340056711114613e+00
-5.279999999999999971e-03 7.385792877058491968e+00
-4.799999999999999580e-03 7.408097060915598497e+00
-4.319999999999999188e-03 7.214604179591956878e+00
-3.839999999999999664e-03 7.116270733080902744e+00
-3.359999999999999706e-03 7.117868858182601954e+00
-2.879999999999999748e-03 7.109085162335144759e+00
-2.399999999999999790e-03 7.225866201591387927e+00
-1.919999999999999832e-03 7.200305060384783573e+00
-1.439999999999999874e-03 7.217050402270876575e+00
-9.599999999999999159e-04 7.277733102066602733e+00
-4.799999999999999580e-04 7.170930641814587503e+00
0.000000000000000000e+00 7.116107662719840299e+00
4.799999999999999580e-04 7.332238968475199847e+00
9.599999999999999159e-04 7.712481092037624109e+00
1.439999999999999874e-03 7.364109462359768266e+00
1.919999999999999832e-03 7.010585955121385382e+00
2.399999999999999790e-03 7.235100651292184715e+00
2.879999999999999748e-03 7.402219665726289755e+00
3.359999999999999706e-03 7.561078164901269716e+00
3.839999999999999664e-03 7.321117359581879924e+00
4.319999999999999188e-03 7.019116304807590190e+00
4.799999999999999580e-03 7.078118511069430241e+00
5.279999999999999971e-03 7.181044992677333205e+00
5.759999999999999495e-03 7.178560415590765409e+00
6.239999999999999020e-03 7.087161819351611491e+00
6.719999999999999411e-03 7.141781156380217155e+00
7.199999999999999803e-03 7.258006847011580831e+00
7.679999999999999327e-03 7.047839932570808763e+00
8.159999999999998851e-03 7.091293508582300120e+00
8.639999999999998376e-03 7.170469046866505991e+00
9.119999999999999635e-03 6.839317301508435420e+00
9.599999999999999159e-03 4.122483828611187562e+00
1.007999999999999868e-02 -4.363737734104585542e+00
1.055999999999999994e-02 -2.177939726711580448e+01
1.103999999999999947e-02 -3.022061303921630326e+01
1.151999999999999899e-02 -3.387179455365895109e+01
1.199999999999999852e-02 -3.680100106055438403e+01
1.247999999999999804e-02 -3.787696825962308367e+01
1.295999999999999930e-02 -3.767462652363136044e+01
1.343999999999999882e-02 -3.712586645634732463e+01
1.391999999999999835e-02 -3.692518264393869742e+01
1.439999999999999961e-02 -3.708071650350998993e+01
1.487999999999999913e-02 -3.752072799059398989e+01
1.535999999999999865e-02 -3.816430654415449908e+01
1.583999999999999991e-02 -3.897529272224355879e+01
1.631999999999999770e-02 -4.004642805882190970e+01
1.679999999999999896e-02 -4.145877645022569169e+01
1.727999999999999675e-02 -4.283029570210102577e+01
1.775999999999999801e-02 -4.415892689755317946e+01
1.823999999999999927e-02 -4.505377651311381726e+01
1.871999999999999706e-02 -4.540383382633608278e+01
1.919999999999999832e-02 -4.558510922672746091e+01
1.967999999999999958e-02 -4.566615954327019722e+01
2.015999999999999737e-02 -4.565136067844360213e+01
2.063999999999999863e-02 -4.525940718547005304e+01
2.111999999999999988e-02 -4.480927609772395215e+01
2.159999999999999767e-02 -4.439096069495221286e+01
2.207999999999999893e-02 -4.417681719307741162e+01
2.255999999999999672e-02 -4.456700230852571565e+01
2.303999999999999798e-02 -4.484348950654578658e+01
2.351999999999999924e-02 -4.543324659690478029e+01
2.399999999999999703e-02 -4.624491351995602173e+01
2.447999999999999829e-02 -4.718437665820541582e+01
2.495999999999999608e-02 -4.789312344879788697e+01
2.543999999999999734e-02 -4.863412965258675769e+01
2.591999999999999860e-02 -4.911155771347970500e+01
2.639999999999999639e-02 -4.970400153615045014e+01
2.687999999999999765e-02 -4.985050819781760367e+01
2.735999999999999890e-02 -5.004063260800934643e+01
2.783999999999999669e-02 -5.047611331299370363e+01
2.831999999999999795e-02 -5.092994954470136548e+01
2.879999999999999921e-02 -5.160952706056402661e+01
2.927999999999999700e-02 -5.223233682879253337e+01
2.975999999999999826e-02 -5.255929463593523110e+01
3.023999999999999605e-02 -5.307543709785101527e+01
3.071999999999999731e-02 -5.337001789823084863e+01
3.119999999999999857e-02 -5.357461608844987211e+01
3.167999999999999983e-02 -5.343718222857589950e+01
3.215999999999999415e-02 -5.324915216640991389e+01
3.263999999999999541e-02 -5.351176372660249569e+01
3.311999999999999666e-02 -5.332430763824143582e+01
3.359999999999999792e-02 -5.326780086203363140e+01
3.407999999999999918e-02 -5.350414476895348770e+01
3.455999999999999350e-02 -5.348195494213009482e+01
3.503999999999999476e-02 -5.330131642992260055e+01
3.551999999999999602e-02 -5.330377029420544943e+01
3.599999999999999728e-02 -5.377662870420185470e+01
3.647999999999999854e-02 -5.404340364718365208e+01
3.695999999999999980e-02 -5.446667476139631958e+01
3.743999999999999412e-02 -5.475682661759179837e+01
3.791999999999999538e-02 -5.480943193366520205e+01
3.839999999999999664e-02 -5.487416266936833154e+01
3.887999999999999790e-02 -5.499743228977030896e+01
3.935999999999999915e-02 -5.535418907435121838e+01
3.983999999999999347e-02 -5.571576793058997623e+01
4.031999999999999473e-02 -5.610963275184332844e+01
4.079999999999999599e-02 -5.660875389203955166e+01
4.127999999999999725e-02 -5.700550726650942579e+01
4.175999999999999851e-02 -5.734079933767325343e+01
4.223999999999999977e-02 -5.775536342096106779e+01
4.271999999999999409e-02 -5.801943955332803426e+01
4.319999999999999535e-02 -5.811925295599201746e+01
4.367999999999999661e-02 -5.831753289088073444e+01
4.415999999999999787e-02 -5.861852912303218943e+01
4.463999999999999913e-02 -5.863049909039524010e+01
4.511999999999999345e-02 -5.579916963169757338e+01
4.559999999999999470e-02 -5.416366996275172596e+01
4.607999999999999596e-02 -5.693914844986322521e+01
4.655999999999999722e-02 -5.890086670470576991e+01
4.703999999999999848e-02 -5.870146750145099190e+01
4.751999999999999280e-02 -5.858538434540278672e+01
4.799999999999999406e-02 -5.875053585437698445e+01
4.847999999999999532e-02 -5.873191005577916002e+01
4.895999999999999658e-02 -5.885217428476685342e+01
4.943999999999999784e-02 -5.886398691959634988e+01
4.991999999999999216e-02 -5.897611764907492216e+01
5.039999999999999342e-02 -5.909671164497717655e+01
5.087999999999999468e-02 -5.933384238069785255e+01
5.135999999999999593e-02 -5.938110817148911735e+01
5.183999999999999719e-02 -5.977531735564276261e+01
5.231999999999999845e-02 -6.021609409607080465e+01
5.279999999999999277e-02 -6.034341754630897015e+01
5.327999999999999403e-02 -6.045098895105198977e+01
5.375999999999999529e-02 -6.069789337894935954e+01
5.423999999999999655e-02 -6.100581930160453226e+01
5.471999999999999781e-02 -6.149627924555993985e+01
5.519999999999999213e-02 -6.154785215783540764e+01
5.567999999999999339e-02 -6.124302235296955388e+01
5.615999999999999465e-02 -6.135045653097779450e+01
5.663999999999999591e-02 -6.139892378756375280e+01
5.711999999999999716e-02 -6.142289062524880450e+01
5.759999999999999842e-02 -6.145838344844112555e+01
5.807999999999999274e-02 -6.140265761137624168e+01
5.855999999999999400e-02 -6.147518710791536733e+01
5.903999999999999526e-02 -6.144985344482877565e+01
5.951999999999999652e-02 -6.156708591690356513e+01
5.999999999999999778e-02 -6.195867205791165588e+01
6.047999999999999210e-02 -6.195105803431962954e+01
6.095999999999999336e-02 -6.180327831606346933e+01
6.143999999999999462e-02 -6.194348633551582850e+01
6.191999999999999588e-02 -6.202043927265858514e+01
6.239999999999999714e-02 -6.174667959749208279e+01
6.287999999999999146e-02 -6.164721856203649253e+01
6.335999999999999965e-02 -6.169503975448901656e+01
6.383999999999999397e-02 -6.211437675782602241e+01
6.431999999999998829e-02 -6.258379967461377191e+01
6.479999999999999649e-02 -6.251515607928656237e+01
6.527999999999999081e-02 -6.221019368475524658e+01
6.575999999999999901e-02 -6.220132514702000748e+01
6.623999999999999333e-02 -6.258741985253590201e+01
6.671999999999998765e-02 -6.271729467237430811e+01
6.719999999999999585e-02 -6.247809309227282881e+01
6.767999999999999017e-02 -6.260153283480135400e+01
6.815999999999999837e-02 -6.265201732651619437e+01
6.863999999999999269e-02 -6.266309583537524475e+01
6.911999999999998701e-02 -6.253070738337520851e+01
6.959999999999999520e-02 -6.248207069392813651e+01
7.007999999999998952e-02 -6.263183730008780969e+01
7.055999999999999772e-02 -6.285157284531155852e+01
7.103999999999999204e-02 -6.272740360111036040e+01
7.152000000000000024e-02 -6.254119303325615675e+01
7.199999999999999456e-02 -6.235313714120970729e+01
7.247999999999998888e-02 -6.246913181758459643e+01
7.295999999999999708e-02 -6.257637184841976818e+01
7.343999999999999140e-02 -6.248284434660732245e+01
7.391999999999999960e-02 -6.272100733168719700e+01
7.439999999999999392e-02 -6.324058594842288272e+01
7.487999999999998824e-02 -6.322121778561336214e+01
7.535999999999999643e-02 -6.310712511561986560e+01
7.583999999999999075e-02 -6.323762891681095510e+01
7.631999999999999895e-02 -6.334948964985633779e+01
7.679999999999999327e-02 -6.312415429377986698e+01
7.727999999999998759e-02 -6.296613183273166214e+01
7.775999999999999579e-02 -6.338082605517936940e+01
7.823999999999999011e-02 -6.358402385137427615e+01
7.871999999999999831e-02 -6.328996758132278444e+01
7.919999999999999263e-02 -6.299410581204889326e+01
7.967999999999998695e-02 -6.312795540967147190e+01
8.015999999999999515e-02 -6.318734591768028963e+01
8.063999999999998947e-02 -6.309899525156781408e+01
8.111999999999999766e-02 -6.333835744871947071e+01
8.159999999999999198e-02 -6.349674607453461306e+01
8.207999999999998630e-02 -6.336691587645952239e+01
8.255999999999999450e-02 -6.319073475676916019e+01
8.303999999999998882e-02 -6.316964420644214329e+01
8.351999999999999702e-02 -6.350254098396860059e+01
8.399999999999999134e-02 -6.351081960186615305e+01
8.447999999999999954e-02 -6.324721509351373783e+01
8.495999999999999386e-02 -6.346229664699976780e+01
8.543999999999998818e-02 -6.371147734036598109e+01
8.591999999999999638e-02 -6.323966256388411011e+01
8.639999999999999070e-02 -6.355516526790049170e+01
8.687999999999999889e-02 -6.368553933332304240e+01
8.735999999999999321e-02 -6.358152521424567283e+01
8.783999999999998753e-02 -6.381274772352408320e+01
8.831999999999999573e-02 -6.398858425111556159e+01
8.879999999999999005e-02 -6.408978383315518101e+01
8.927999999999999825e-02 -6.388129504303566364e+01
8.975999999999999257e-02 -6.367835183923149600e+01
9.023999999999998689e-02 -6.359778801442432439e+01
9.071999999999999509e-02 -6.372467882529944916e+01
9.119999999999998941e-02 -6.398558664932726003e+01
9.167999999999999761e-02 -6.407687615629761524e+01
9.215999999999999193e-02 -6.396712792639697653e+01
9.263999999999998625e-02 -6.391622306028389744e+01
9.311999999999999444e-02 -6.379071516650764551e+01
9.359999999999998876e-02 -6.402809511349438765e+01
9.407999999999999696e-02 -6.399394109510107853e+01
9.455999999999999128e-02 -6.360570143876410043e+01
9.503999999999998560e-02 -6.350648467911465644e+01
9.551999999999999380e-02 -6.379500839335926088e+01
9.599999999999998812e-02 -6.386197294146397496e+01
9.647999999999999632e-02 -6.399663239910018575e+01
9.695999999999999064e-02 -6.429965852116581004e+01
9.743999999999998496e-02 -6.406836148431047206e+01
9.791999999999999316e-02 -6.390327048437789159e+01
9.839999999999998748e-02 -6.388274284335484765e+01
9.887999999999999567e-02 -6.405847296436503768e+01
9.935999999999998999e-02 -6.399922028988788725e+01
9.983999999999998431e-02 -6.356651291665936299e+01
1.003199999999999925e-01 -6.380904996896224191e+01
1.007999999999999868e-01 -6.408518108639708544e+01
1.012799999999999950e-01 -6.423124248106259415e+01
1.017599999999999894e-01 -6.454112907913315667e+01
1.022399999999999975e-01 -6.454808082045124706e+01
1.027199999999999919e-01 -6.460174096594133175e+01
1.031999999999999862e-01 -6.508651134405413075e+01
1.036799999999999944e-01 -6.571600339366273147e+01
1.041599999999999887e-01 -6.604658757802420155e+01
1.046399999999999969e-01 -6.649486587072220800e+01
1.051199999999999912e-01 -6.690083035099195286e+01
1.055999999999999855e-01 -6.711447846639296699e+01
1.060799999999999937e-01 -6.755872228571607252e+01
1.065599999999999881e-01 -6.804186381336029399e+01
1.070399999999999963e-01 -6.889636414708866141e+01
1.075199999999999906e-01 -6.957660854927280525e+01
1.079999999999999849e-01 -7.035200441464532162e+01
1.084799999999999931e-01 -7.142342995167761899e+01
1.089599999999999874e-01 -7.209810314205860493e+01
1.094399999999999956e-01 -7.282937864251115911e+01
1.099199999999999899e-01 -7.406491457011219381e+01
1.103999999999999843e-01 -7.525483773657147424e+01
1.108799999999999925e-01 -7.614265996382290780e+01
1.113599999999999868e-01 -7.709022560031112903e+01
1.118399999999999950e-01 -7.780974578525187724e+01
1.123199999999999893e-01 -7.815577851255065411e+01
1.127999999999999836e-01 -7.801492557193228095e+01
1.132799999999999918e-01 -7.791270577997889291e+01
1.137599999999999861e-01 -7.789587254610454181e+01
1.142399999999999943e-01 -7.809119004630220218e+01
1.147199999999999886e-01 -7.829267524274568757e+01
1.151999999999999968e-01 -7.825637856810070048e+01
1.156799999999999912e-01 -7.817066136150360478e+01
1.161599999999999855e-01 -7.862399078856583401e+01
1.166399999999999937e-01 -7.886736999662026903e+01
1.171199999999999880e-01 -7.882561097271909034e+01
1.175999999999999962e-01 -7.881575343472501061e+01
1.180799999999999905e-01 -7.887681351974785571e+01
1.185599999999999848e-01 -7.907890181007749675e+01
1.190399999999999930e-01 -7.941898719192039380e+01
1.195199999999999874e-01 -7.935066949439696771e+01
1.199999999999999956e-01 -7.901878547302963796e+01
1.204799999999999899e-01 -7.883393466592497134e+01
1.209599999999999842e-01 -7.877664589540572138e+01
1.214399999999999924e-01 -7.835385552683655419e+01
1.219199999999999867e-01 -7.810724753591583180e+01
1.223999999999999949e-01 -7.555496214580946912e+01
