-1.228799999999999955e+02 -9.868509825856888540e+01
-1.223999999999999915e+02 -1.006201062057773470e+02
-1.219200000000000017e+02 -1.017972157262102684e+02
-1.214399999999999977e+02 -1.019704003686942997e+02
-1.209599999999999937e+02 -1.020418502873667990e+02
-1.204799999999999898e+02 -1.025876693376909827e+02
-1.200000000000000000e+02 -1.032133042242534771e+02
-1.195199999999999960e+02 -1.035181937606856906e+02
-1.190399999999999920e+02 -1.038551836309696341e+02
-1.185600000000000023e+02 -1.038324276769056098e+02
-1.180799999999999983e+02 -1.040425780513926384e+02
-1.175999999999999943e+02 -1.043627811005205501e+02
-1.171199999999999903e+02 -1.041002966957226903e+02
-1.166400000000000006e+02 -1.039792764124752296e+02
-1.161599999999999966e+02 -1.039123863148696501e+02
-1.156799999999999926e+02 -1.040983900263595956e+02
-1.151999999999999886e+02 -1.042448799801466919e+02
-1.147199999999999989e+02 -1.043335880596519161e+02
-1.142399999999999949e+02 -1.043949837175218107e+02
-1.137599999999999909e+02 -1.043049316735166343e+02
-1.132800000000000011e+02 -1.038425928322187133e+02
-1.127999999999999972e+02 -1.032316364263856912e+02
-1.123199999999999932e+02 -1.027822670309504502e+02
-1.118399999999999892e+02 -1.023308137621279457e+02
-1.113599999999999994e+02 -1.016663608285701770e+02
-1.108799999999999955e+02 -1.006226222056262429e+02
-1.103999999999999915e+02 -9.955332324829157642e+01
-1.099200000000000017e+02 -9.861191852822221904e+01
-1.094399999999999977e+02 -9.753324321558389443e+01
-1.089599999999999937e+02 -9.644479254206517282e+01
-1.084799999999999898e+02 -9.555761112108379507e+01
-1.080000000000000000e+02 -9.469286447950791796e+01
-1.075199999999999960e+02 -9.360494440134105787e+01
-1.070399999999999920e+02 -9.251808729212646654e+01
-1.065600000000000023e+02 -9.182924425568307925e+01
-1.060799999999999983e+02 -9.115521198671788738e+01
-1.055999999999999943e+02 -9.050429664805758989e+01
-1.051199999999999903e+02 -8.979720332763876911e+01
-1.046400000000000006e+02 -8.931745112995199065e+01
-1.041599999999999966e+02 -8.896919811712646720e+01
-1.036799999999999926e+02 -8.871918206471191581e+01
-1.032000000000000028e+02 -8.856232742418117709e+01
-1.027199999999999989e+02 -8.804759970389882540e+01
-1.022399999999999949e+02 -8.778823359033066254e+01
-1.017599999999999909e+02 -8.754983827346359249e+01
-1.012800000000000011e+02 -8.747480621398005951e+01
-1.007999999999999972e+02 -8.720625672670161066e+01
-1.003199999999999932e+02 -8.675520138550942306e+01
-9.984000000000000341e+01 -8.689420957779645960e+01
-9.935999999999999943e+01 -8.700051405787867509e+01
-9.887999999999999545e+01 -8.689070938084519469e+01
-9.839999999999999147e+01 -8.689173163945517331e+01
-9.792000000000000171e+01 -8.720782415284844546e+01
-9.743999999999999773e+01 -8.703175416576571877e+01
-9.695999999999999375e+01 -8.677047386941920593e+01
-9.647999999999998977e+01 -8.672761542910154731e+01
-9.600000000000000000e+01 -8.670291399191476955e+01
-9.551999999999999602e+01 -8.693179033314183357e+01
-9.503999999999999204e+01 -8.685134933625100473e+01
-9.456000000000000227e+01 -8.665587580311274962e+01
-9.407999999999999829e+01 -8.651277199589458178e+01
-9.359999999999999432e+01 -8.644393349307071617e+01
-9.311999999999999034e+01 -8.612863411066950903e+01
-9.264000000000000057e+01 -8.618174484028156712e+01
-9.215999999999999659e+01 -8.644897564542716850e+01
-9.167999999999999261e+01 -8.612533214526928305e+01
-9.120000000000000284e+01 -8.586684477394038595e+01
-9.071999999999999886e+01 -8.619322394084078098e+01
-9.023999999999999488e+01 -8.632468276875771096e+01
-8.975999999999999091e+01 -8.601292840006183837e+01
-8.928000000000000114e+01 -8.607834995680647694e+01
-8.879999999999999716e+01 -8.616893164304885033e+01
-8.831999999999999318e+01 -8.598853257851254739e+01
-8.784000000000000341e+01 -8.594373319783251475e+01
-8.735999999999999943e+01 -8.608525633017944756e+01
-8.687999999999999545e+01 -8.586560909163304700e+01
-8.639999999999999147e+01 -8.555900303513000438e+01
-8.592000000000000171e+01 -8.532222184660801645e+01
-8.543999999999999773e+01 -8.547065848975728386e+01
-8.495999999999999375e+01 -8.585491144183619383e+01
-8.447999999999998977e+01 -8.595173974496461256e+01
-8.400000000000000000e+01 -8.582684785995323296e+01
-8.351999999999999602e+01 -8.566352463130871797e+01
-8.303999999999999204e+01 -8.528233885536101866e+01
-8.256000000000000227e+01 -8.519820354808167906e+01
-8.207999999999999829e+01 -8.542489408587172761e+01
-8.159999999999999432e+01 -8.526465042940698424e+01
-8.111999999999999034e+01 -8.520248790195353195e+01
-8.064000000000000057e+01 -8.522719815503333507e+01
-8.015999999999999659e+01 -8.565043853157399667e+01
-7.967999999999999261e+01 -8.568311431459571281e+01
-7.920000000000000284e+01 -8.546985615533428415e+01
-7.871999999999999886e+01 -8.530112401043764692e+01
-7.823999999999999488e+01 -8.508774805734255153e+01
-7.775999999999999091e+01 -8.524519087075218238e+01
-7.728000000000000114e+01 -8.502458029799397821e+01
-7.679999999999999716e+01 -8.488131682285862212e+01
-7.631999999999999318e+01 -8.495489871108185298e+01
-7.584000000000000341e+01 -8.485207740925019948e+01
-7.535999999999999943e+01 -8.493502291051095199e+01
-7.487999999999999545e+01 -8.510042068402832172e+01
-7.439999999999999147e+01 -8.470463256895536119e+01
-7.392000000000000171e+01 -8.451588359532301808e+01
-7.343999999999999773e+01 -8.466199717897076482e+01
-7.295999999999999375e+01 -8.475179240596642671e+01
-7.248000000000000398e+01 -8.474113014915131714e+01
-7.200000000000000000e+01 -8.476672729885174817e+01
-7.151999999999999602e+01 -8.464430843088366885e+01
-7.103999999999999204e+01 -8.463148663374261105e+01
-7.056000000000000227e+01 -8.492047269661831876e+01
-7.007999999999999829e+01 -8.470153610099642094e+01
-6.959999999999999432e+01 -8.463454905483450830e+01
-6.912000000000000455e+01 -8.455198352249153970e+01
-6.864000000000000057e+01 -8.435126539388281230e+01
-6.815999999999999659e+01 -8.423126004672315048e+01
-6.767999999999999261e+01 -8.421444740568773568e+01
-6.720000000000000284e+01 -8.450637692485037178e+01
-6.671999999999999886e+01 -8.498642178493859944e+01
-6.623999999999999488e+01 -8.481781904140387951e+01
-6.575999999999999091e+01 -8.434851247987805323e+01
-6.528000000000000114e+01 -8.394384054148713403e+01
-6.479999999999999716e+01 -8.399453080161046614e+01
-6.431999999999999318e+01 -8.419806319781800141e+01
-6.383999999999999631e+01 -8.418672691811539721e+01
-6.335999999999999943e+01 -8.404281878957920071e+01
-6.287999999999999545e+01 -8.390066880520606674e+01
-6.239999999999999858e+01 -8.383494679153820073e+01
-6.191999999999999460e+01 -8.390830936955411801e+01
-6.143999999999999773e+01 -8.379442309070554984e+01
-6.096000000000000085e+01 -8.340580158186858739e+01
-6.047999999999999687e+01 -8.387695339908327696e+01
-6.000000000000000000e+01 -8.412451117091703168e+01
-5.951999999999999602e+01 -8.367287794553057267e+01
-5.903999999999999915e+01 -8.369302644484655218e+01
-5.855999999999999517e+01 -8.395721232011601387e+01
-5.807999999999999829e+01 -8.383004991920834925e+01
-5.759999999999999432e+01 -8.376910553280792726e+01
-5.711999999999999744e+01 -8.354638980868502074e+01
-5.664000000000000057e+01 -8.355064054935083107e+01
-5.615999999999999659e+01 -8.331433031847502946e+01
-5.567999999999999972e+01 -8.300206325674889740e+01
-5.519999999999999574e+01 -8.273890220076972923e+01
-5.471999999999999886e+01 -8.245954879495322132e+01
-5.423999999999999488e+01 -8.255190091240642403e+01
-5.375999999999999801e+01 -8.284564524561665166e+01
-5.328000000000000114e+01 -8.301432267607361837e+01
-5.279999999999999716e+01 -8.295130979762356560e+01
-5.232000000000000028e+01 -8.290200526277529036e+01
-5.183999999999999631e+01 -8.282064308965593113e+01
-5.135999999999999943e+01 -8.276529083470401815e+01
-5.087999999999999545e+01 -8.256604163882295211e+01
-5.039999999999999858e+01 -8.229752037166687728e+01
-4.992000000000000171e+01 -8.230283305922083059e+01
-4.943999999999999773e+01 -8.213393354541814517e+01
-4.896000000000000085e+01 -8.201382039188271733e+01
-4.847999999999999687e+01 -8.195432828108168621e+01
-4.800000000000000000e+01 -8.184931697755337154e+01
-4.751999999999999602e+01 -8.188851005180035258e+01
-4.703999999999999915e+01 -8.183336295211529432e+01
-4.655999999999999517e+01 -8.174794396455632750e+01
-4.607999999999999829e+01 -8.137684203563885887e+01
-4.560000000000000142e+01 -8.127861432698756516e+01
-4.511999999999999744e+01 -8.142525947503773409e+01
-4.464000000000000057e+01 -8.131668679734532645e+01
-4.415999999999999659e+01 -8.102852872482844759e+01
-4.367999999999999972e+01 -8.089450881735172061e+01
-4.319999999999999574e+01 -8.053103770431333430e+01
-4.271999999999999886e+01 -8.082858498168744177e+01
-4.223999999999999488e+01 -8.096256254276347875e+01
-4.175999999999999801e+01 -8.070629558558317740e+01
-4.128000000000000114e+01 -8.057323744871844440e+01
-4.079999999999999716e+01 -8.050719147166256562e+01
-4.032000000000000028e+01 -8.049323748825818825e+01
-3.983999999999999631e+01 -8.053118070516356397e+01
-3.935999999999999943e+01 -8.025645248299204582e+01
-3.887999999999999545e+01 -7.989212404231903975e+01
-3.839999999999999858e+01 -7.973778691140877584e+01
-3.792000000000000171e+01 -7.954804312205179428e+01
-3.743999999999999773e+01 -7.908075417679008012e+01
-3.696000000000000085e+01 -7.866512656910978762e+01
-3.647999999999999687e+01 -7.823955115273861338e+01
-3.600000000000000000e+01 -7.825933262539150803e+01
-3.551999999999999602e+01 -7.796059850021319448e+01
-3.503999999999999915e+01 -7.789352753469634649e+01
-3.456000000000000227e+01 -7.789579468043510246e+01
-3.407999999999999829e+01 -7.769520220407662237e+01
-3.360000000000000142e+01 -7.769156906522641748e+01
-3.311999999999999744e+01 -7.779599134877948075e+01
-3.264000000000000057e+01 -7.775983539345750728e+01
-3.215999999999999659e+01 -7.760627804395157625e+01
-3.167999999999999972e+01 -7.746836421944279039e+01
-3.119999999999999929e+01 -7.730630761047679300e+01
-3.071999999999999886e+01 -7.701012155954994398e+01
-3.023999999999999844e+01 -7.638208812920267121e+01
-2.975999999999999801e+01 -7.578116875216996107e+01
-2.927999999999999758e+01 -7.529016220504688306e+01
-2.879999999999999716e+01 -7.483027762735027011e+01
-2.832000000000000028e+01 -7.422334820256037347e+01
-2.783999999999999986e+01 -7.410520069211892746e+01
-2.735999999999999943e+01 -7.400805626122919989e+01
-2.687999999999999901e+01 -7.390929368553359780e+01
-2.639999999999999858e+01 -7.381150975660071367e+01
-2.591999999999999815e+01 -7.365576480378103952e+01
-2.543999999999999773e+01 -7.364337986793816526e+01
-2.496000000000000085e+01 -7.342207926676562124e+01
-2.448000000000000043e+01 -7.314911349724663125e+01
-2.400000000000000000e+01 -7.313455571935134003e+01
-2.351999999999999957e+01 -7.329286707181776706e+01
-2.303999999999999915e+01 -7.307143805852729201e+01
-2.255999999999999872e+01 -7.288548898567057677e+01
-2.207999999999999829e+01 -7.234122702568382124e+01
-2.159999999999999787e+01 -7.141049700367514674e+01
-2.111999999999999744e+01 -7.022293290624907058e+01
-2.064000000000000057e+01 -6.911210944629506514e+01
-2.016000000000000014e+01 -6.818220150358739318e+01
-1.967999999999999972e+01 -6.747342534558316629e+01
-1.919999999999999929e+01 -6.704529720914403867e+01
-1.871999999999999886e+01 -6.687814225907658283e+01
-1.823999999999999844e+01 -6.692372164681141555e+01
-1.775999999999999801e+01 -6.690328184621198204e+01
-1.728000000000000114e+01 -6.654435997889133603e+01
-1.680000000000000071e+01 -6.639001459878164724e+01
-1.632000000000000028e+01 -6.655793913325626932e+01
-1.583999999999999986e+01 -6.673102103466371204e+01
-1.535999999999999943e+01 -6.665050415907630565e+01
-1.487999999999999901e+01 -6.576378283651121137e+01
-1.439999999999999858e+01 -6.499244974382882845e+01
-1.391999999999999993e+01 -6.421624760783541319e+01
-1.343999999999999950e+01 -6.385641355578884770e+01
-1.295999999999999908e+01 -6.362092130749399388e+01
-1.248000000000000043e+01 -6.375286085905298705e+01
-1.200000000000000000e+01 -6.287742551989914830e+01
-1.151999999999999957e+01 -6.075600852770845961e+01
-1.103999999999999915e+01 -5.775127249277234398e+01
-1.055999999999999872e+01 -5.066497378698196030e+01
-1.008000000000000007e+01 -3.412801311591617548e+01
-9.599999999999999645e+00 -2.580587370158011851e+01
-9.119999999999999218e+00 -2.317700313109056509e+01
-8.640000000000000568e+00 -2.295540721098976533e+01
-8.160000000000000142e+00 -2.294044783820381994e+01
-7.679999999999999716e+00 -2.275722987047590706e+01
-7.199999999999999289e+00 -2.265727008953912502e+01
-6.719999999999999751e+00 -2.282507582265026969e+01
-6.240000000000000213e+00 -2.278311299174919924e+01
-5.759999999999999787e+00 -2.261828807934358920e+01
-5.279999999999999361e+00 -2.263576561030690826e+01
-4.799999999999999822e+00 -2.261962371338404054e+01
-4.320000000000000284e+00 -2.279813716449493910e+01
-3.839999999999999858e+00 -2.289068572989987160e+01
-3.359999999999999876e+00 -2.288792822186540477e+01
-2.879999999999999893e+00 -2.288655353601512488e+01
-2.399999999999999911e+00 -2.277028410981387196e+01
-1.919999999999999929e+00 -2.280507461845569139e+01
-1.439999999999999947e+00 -2.276779920140004521e+01
-9.599999999999999645e-01 -2.269393672057659828e+01
-4.799999999999999822e-01 -2.279518478655161573e+01
0.000000000000000000e+00 -2.283374402413420512e+01
4.799999999999999822e-01 -2.260485790428431230e+01
9.599999999999999645e-01 -2.223108572628829549e+01
1.439999999999999947e+00 -2.259178263735670456e+01
1.919999999999999929e+00 -2.294996071596607834e+01
2.399999999999999911e+00 -2.271959696892364988e+01
2.879999999999999893e+00 -2.254971366496658547e+01
3.359999999999999876e+00 -2.239346933491682989e+01
3.839999999999999858e+00 -2.263833429532112973e+01
4.320000000000000284e+00 -2.294775896022626327e+01
4.799999999999999822e+00 -2.289189394156139201e+01
5.279999999999999361e+00 -2.278545980091562484e+01
5.759999999999999787e+00 -2.280121983414539955e+01
6.240000000000000213e+00 -2.290402319064255465e+01
6.719999999999999751e+00 -2.285285015412852871e+01
7.199999999999999289e+00 -2.273789150355024802e+01
7.679999999999999716e+00 -2.294462379959319520e+01
8.160000000000000142e+00 -2.290957592050293101e+01
8.640000000000000568e+00 -2.284058553696591787e+01
9.119999999999999218e+00 -2.317836258351105627e+01
9.599999999999999645e+00 -2.588072795577376439e+01
1.008000000000000007e+01 -3.432109755217615543e+01
1.055999999999999872e+01 -5.072191816939269415e+01
1.103999999999999915e+01 -5.751239609917098505e+01
1.151999999999999957e+01 -6.088666011724296823e+01
1.200000000000000000e+01 -6.303033784537204554e+01
1.248000000000000043e+01 -6.307417668183016701e+01
1.295999999999999908e+01 -6.281610650176661181e+01
1.343999999999999950e+01 -6.297456114400490179e+01
1.391999999999999993e+01 -6.374676169990647168e+01
1.439999999999999858e+01 -6.491936436117224218e+01
1.487999999999999901e+01 -6.611643958702767065e+01
1.535999999999999943e+01 -6.698712693555003739e+01
1.583999999999999986e+01 -6.721224039522066107e+01
1.632000000000000028e+01 -6.694180376991135972e+01
1.680000000000000071e+01 -6.663773666561213815e+01
1.728000000000000114e+01 -6.662871872938025319e+01
1.775999999999999801e+01 -6.699607297913647130e+01
1.823999999999999844e+01 -6.726464214711575096e+01
1.871999999999999886e+01 -6.730208030495255400e+01
1.919999999999999929e+01 -6.745871533045027491e+01
1.967999999999999972e+01 -6.788418775105338909e+01
2.016000000000000014e+01 -6.860277916304009693e+01
2.064000000000000057e+01 -6.958131729889704786e+01
2.111999999999999744e+01 -7.053335638269291508e+01
2.159999999999999787e+01 -7.158907202122216518e+01
2.207999999999999829e+01 -7.261518997130191622e+01
2.255999999999999872e+01 -7.344537088033938232e+01
2.303999999999999915e+01 -7.397354500608022931e+01
2.351999999999999957e+01 -7.394811811984915551e+01
2.400000000000000000e+01 -7.372040704189488736e+01
2.448000000000000043e+01 -7.349393043165660799e+01
2.496000000000000085e+01 -7.351415623809744204e+01
2.543999999999999773e+01 -7.353745463209389754e+01
2.591999999999999815e+01 -7.352550834199020358e+01
2.639999999999999858e+01 -7.399398608183214776e+01
2.687999999999999901e+01 -7.423036961764013597e+01
2.735999999999999943e+01 -7.439504312973163280e+01
2.783999999999999986e+01 -7.491633068059060463e+01
2.832000000000000028e+01 -7.504036875956366259e+01
2.879999999999999716e+01 -7.514333073984613520e+01
2.927999999999999758e+01 -7.552584210365844797e+01
2.975999999999999801e+01 -7.590067144952905664e+01
3.023999999999999844e+01 -7.658108118559493960e+01
3.071999999999999886e+01 -7.709470286953096263e+01
3.119999999999999929e+01 -7.761372833779066127e+01
3.167999999999999972e+01 -7.794131920383168222e+01
3.215999999999999659e+01 -7.830527864537421578e+01
3.264000000000000057e+01 -7.867161785177086131e+01
3.311999999999999744e+01 -7.849296737777801525e+01
3.360000000000000142e+01 -7.825333804486331246e+01
3.407999999999999829e+01 -7.817470121342697098e+01
3.456000000000000227e+01 -7.818594568383635135e+01
3.503999999999999915e+01 -7.816304299627563523e+01
3.551999999999999602e+01 -7.804912538291770829e+01
3.600000000000000000e+01 -7.832938245321922466e+01
3.647999999999999687e+01 -7.861856763452179564e+01
3.696000000000000085e+01 -7.893649246965485133e+01
3.743999999999999773e+01 -7.936249620217105871e+01
3.792000000000000171e+01 -7.960125791828129138e+01
3.839999999999999858e+01 -7.963333505752854080e+01
3.887999999999999545e+01 -8.028187393978795683e+01
3.935999999999999943e+01 -8.081893476027826750e+01
3.983999999999999631e+01 -8.101437237082811293e+01
4.032000000000000028e+01 -8.130283834681739563e+01
4.079999999999999716e+01 -8.155499051369247354e+01
4.128000000000000114e+01 -8.141786787900608147e+01
4.175999999999999801e+01 -8.157229614281861529e+01
4.223999999999999488e+01 -8.186270900051681565e+01
4.271999999999999886e+01 -8.148737584622438135e+01
4.319999999999999574e+01 -8.114270478118763208e+01
4.367999999999999972e+01 -8.114863551415012921e+01
4.415999999999999659e+01 -8.139057234934395524e+01
4.464000000000000057e+01 -8.173370740227021258e+01
4.511999999999999744e+01 -8.198340961926831483e+01
4.560000000000000142e+01 -8.173835351435138818e+01
4.607999999999999829e+01 -8.199150153640309213e+01
4.655999999999999517e+01 -8.252089532375920555e+01
4.703999999999999915e+01 -8.247983798688159141e+01
4.751999999999999602e+01 -8.240639449142327067e+01
4.800000000000000000e+01 -8.273084553659330709e+01
4.847999999999999687e+01 -8.302037877210999284e+01
4.896000000000000085e+01 -8.338307269167289348e+01
4.943999999999999773e+01 -8.375543687907261869e+01
4.992000000000000171e+01 -8.398314760075508900e+01
5.039999999999999858e+01 -8.411180551437583119e+01
5.087999999999999545e+01 -8.391895813310850372e+01
5.135999999999999943e+01 -8.392119170104223258e+01
5.183999999999999631e+01 -8.402949139913812360e+01
5.232000000000000028e+01 -8.401137771863731984e+01
5.279999999999999716e+01 -8.372573606519895861e+01
5.328000000000000114e+01 -8.378998549349417146e+01
5.375999999999999801e+01 -8.412248467899361515e+01
5.423999999999999488e+01 -8.427910742140456080e+01
5.471999999999999886e+01 -8.438623822480600722e+01
5.519999999999999574e+01 -8.428981510397646559e+01
5.567999999999999972e+01 -8.414367098121567778e+01
5.615999999999999659e+01 -8.431549650371061944e+01
5.664000000000000057e+01 -8.440614620300351589e+01
5.711999999999999744e+01 -8.454102853546476126e+01
5.759999999999999432e+01 -8.493419299025534031e+01
5.807999999999999829e+01 -8.495346790054230723e+01
5.855999999999999517e+01 -8.472654808692938389e+01
5.903999999999999915e+01 -8.477515356612506991e+01
5.951999999999999602e+01 -8.486644031750437023e+01
6.000000000000000000e+01 -8.479743094889927590e+01
6.047999999999999687e+01 -8.480978321541265075e+01
6.096000000000000085e+01 -8.505485420587673673e+01
6.143999999999999773e+01 -8.512927845930786930e+01
6.191999999999999460e+01 -8.502507226618595837e+01
6.239999999999999858e+01 -8.506237234396337499e+01
6.287999999999999545e+01 -8.534192737473971135e+01
6.335999999999999943e+01 -8.568186401346613934e+01
6.383999999999999631e+01 -8.551351846176072513e+01
6.431999999999999318e+01 -8.544637542006894648e+01
6.479999999999999716e+01 -8.552987430309332240e+01
6.528000000000000114e+01 -8.515844352108933890e+01
6.575999999999999091e+01 -8.529706306179738817e+01
6.623999999999999488e+01 -8.585021863655812524e+01
6.671999999999999886e+01 -8.592552414958882423e+01
6.720000000000000284e+01 -8.565680490986495954e+01
6.767999999999999261e+01 -8.578486518483275347e+01
6.815999999999999659e+01 -8.585560869139308693e+01
6.864000000000000057e+01 -8.574297057251476417e+01
6.912000000000000455e+01 -8.553486044088224105e+01
6.959999999999999432e+01 -8.550950851555145960e+01
7.007999999999999829e+01 -8.583877726924606577e+01
7.056000000000000227e+01 -8.599428252792193916e+01
7.103999999999999204e+01 -8.592088506907215617e+01
7.151999999999999602e+01 -8.578547024051088954e+01
7.200000000000000000e+01 -8.586826134056235560e+01
7.248000000000000398e+01 -8.576045649359352296e+01
7.295999999999999375e+01 -8.580716842651854392e+01
7.343999999999999773e+01 -8.601860959405817653e+01
7.392000000000000171e+01 -8.627475084716623144e+01
7.439999999999999147e+01 -8.623186396146786592e+01
7.487999999999999545e+01 -8.633033761040992715e+01
7.535999999999999943e+01 -8.650054482749325757e+01
7.584000000000000341e+01 -8.664854817017445043e+01
7.631999999999999318e+01 -8.643423968996840756e+01
7.679999999999999716e+01 -8.636939423738223809e+01
7.728000000000000114e+01 -8.651909843613516671e+01
7.775999999999999091e+01 -8.628686998578741907e+01
7.823999999999999488e+01 -8.632210493928583617e+01
7.871999999999999886e+01 -8.613099421593923921e+01
7.920000000000000284e+01 -8.619873939041733024e+01
7.967999999999999261e+01 -8.641955607703862086e+01
8.015999999999999659e+01 -8.635610960884176279e+01
8.064000000000000057e+01 -8.653301031332711091e+01
8.111999999999999034e+01 -8.701630237323932704e+01
8.159999999999999432e+01 -8.706510794893952720e+01
8.207999999999999829e+01 -8.683840296790897639e+01
8.256000000000000227e+01 -8.650553007672463934e+01
8.303999999999999204e+01 -8.644301024923066734e+01
8.351999999999999602e+01 -8.670914881290933351e+01
8.400000000000000000e+01 -8.654074431332821860e+01
8.447999999999998977e+01 -8.616226767760990413e+01
8.495999999999999375e+01 -8.621597316233531672e+01
8.543999999999999773e+01 -8.667375584764516816e+01
8.592000000000000171e+01 -8.682199641447175509e+01
8.639999999999999147e+01 -8.673853684000049213e+01
8.687999999999999545e+01 -8.678257897962339484e+01
8.735999999999999943e+01 -8.681078967999077634e+01
8.784000000000000341e+01 -8.671857543451875472e+01
8.831999999999999318e+01 -8.634094438888257628e+01
8.879999999999999716e+01 -8.657898038667724450e+01
8.928000000000000114e+01 -8.664916848252077841e+01
8.975999999999999091e+01 -8.683953650091308418e+01
9.023999999999999488e+01 -8.724097387564154360e+01
9.071999999999999886e+01 -8.702946743253653494e+01
9.120000000000000284e+01 -8.678721007471951054e+01
9.167999999999999261e+01 -8.713474308162693660e+01
9.215999999999999659e+01 -8.740984722143919328e+01
9.264000000000000057e+01 -8.750473367737166086e+01
9.311999999999999034e+01 -8.721691976671259283e+01
9.359999999999999432e+01 -8.709131402382878662e+01
9.407999999999999829e+01 -8.714554736833147786e+01
9.456000000000000227e+01 -8.719287034694144722e+01
9.503999999999999204e+01 -8.739519184084713288e+01
9.551999999999999602e+01 -8.758831778657963696e+01
9.600000000000000000e+01 -8.775168430116004004e+01
9.647999999999998977e+01 -8.727800983965568093e+01
9.695999999999999375e+01 -8.702718282555824203e+01
9.743999999999999773e+01 -8.712967132092313705e+01
9.792000000000000171e+01 -8.703817937852234365e+01
9.839999999999999147e+01 -8.719396550824342285e+01
9.887999999999999545e+01 -8.724134771324690973e+01
9.935999999999999943e+01 -8.719869376728516386e+01
9.984000000000000341e+01 -8.702648056688106237e+01
1.003199999999999932e+02 -8.721210390859772588e+01
1.007999999999999972e+02 -8.742984899696045886e+01
1.012800000000000011e+02 -8.782227755344899833e+01
1.017599999999999909e+02 -8.850807676620270570e+01
1.022399999999999949e+02 -8.851719316607174903e+01
1.027199999999999989e+02 -8.837249754555797665e+01
1.032000000000000028e+02 -8.859640032412384869e+01
1.036799999999999926e+02 -8.904721602334193165e+01
1.041599999999999966e+02 -8.950285205340966854e+01
1.046400000000000006e+02 -9.001166862648388189e+01
1.051199999999999903e+02 -9.045738627569025425e+01
1.055999999999999943e+02 -9.081938510541236553e+01
1.060799999999999983e+02 -9.114193167600474510e+01
1.065600000000000023e+02 -9.187843880333909397e+01
1.070399999999999920e+02 -9.277283549429385801e+01
1.075199999999999960e+02 -9.355124293577785011e+01
1.080000000000000000e+02 -9.438294554528893343e+01
1.084799999999999898e+02 -9.534500154448707576e+01
1.089599999999999937e+02 -9.661488138180638430e+01
1.094399999999999977e+02 -9.762434441023333420e+01
1.099200000000000017e+02 -9.901749307519364152e+01
1.103999999999999915e+02 -9.980001433072855832e+01
1.108799999999999955e+02 -1.004824402773149217e+02
1.113599999999999994e+02 -1.012736743244178683e+02
1.118399999999999892e+02 -1.023265030372913174e+02
1.123199999999999932e+02 -1.032621930396396692e+02
1.127999999999999972e+02 -1.038705275280411087e+02
1.132800000000000011e+02 -1.040705536591462987e+02
1.137599999999999909e+02 -1.044520189893784732e+02
1.142399999999999949e+02 -1.045794541990922539e+02
1.147199999999999989e+02 -1.045686805404537267e+02
1.151999999999999886e+02 -1.047872517862631696e+02
1.156799999999999926e+02 -1.044019883122092409e+02
1.161599999999999966e+02 -1.039410546260101142e+02
1.166400000000000006e+02 -1.038621809610647659e+02
1.171199999999999903e+02 -1.038461453966762349e+02
1.175999999999999943e+02 -1.033089268721241041e+02
1.180799999999999983e+02 -1.031544793393864126e+02
1.185600000000000023e+02 -1.034155538098326446e+02
1.190399999999999920e+02 -1.035701666730060140e+02
1.195199999999999960e+02 -1.033479153059965796e+02
1.200000000000000000e+02 -1.033828254676224674e+02
1.204799999999999898e+02 -1.036088267776960805e+02
1.209599999999999937e+02 -1.034914101001525069e+02
1.214399999999999977e+02 -1.029899369351932137e+02
1.219200000000000017e+02 -1.026387412698847044e+02
1.223999999999999915e+02 -1.009016861284403603e+02
