-1.228799999999999892e-01 -7.649463802809798096e+01
-1.223999999999999949e-01 -7.719116511838431904e+01
-1.219199999999999867e-01 -7.799295235642021851e+01
-1.214399999999999924e-01 -7.829267102853359006e+01
-1.209599999999999842e-01 -7.870124551302281191e+01
-1.204799999999999899e-01 -7.910796343818650200e+01
-1.199999999999999956e-01 -7.932248106508484398e+01
-1.195199999999999874e-01 -7.936499572573042371e+01
-1.190399999999999930e-01 -7.942779760870745065e+01
-1.185599999999999848e-01 -7.910245800259326643e+01
-1.180799999999999905e-01 -7.882441259337576867e+01
-1.175999999999999962e-01 -7.792930736334400876e+01
-1.171199999999999880e-01 -7.711908042433617538e+01
-1.166399999999999937e-01 -7.680047587364373385e+01
-1.161599999999999855e-01 -7.651573219929655068e+01
-1.156799999999999912e-01 -7.650318102590352964e+01
-1.151999999999999968e-01 -7.659926423158628950e+01
-1.147199999999999886e-01 -7.713502809661828508e+01
-1.142399999999999943e-01 -7.738413521582549492e+01
-1.137599999999999861e-01 -7.743752471982874397e+01
-1.132799999999999918e-01 -7.776326316949736395e+01
-1.127999999999999836e-01 -7.822259721381496433e+01
-1.123199999999999893e-01 -7.828713162851082075e+01
-1.118399999999999950e-01 -7.800678156731206059e+01
-1.113599999999999868e-01 -7.724407643104373733e+01
-1.108799999999999925e-01 -7.595119075335097136e+01
-1.103999999999999843e-01 -7.462044165326844336e+01
-1.099199999999999899e-01 -7.356886745595224397e+01
-1.094399999999999956e-01 -7.250765002988791252e+01
-1.089599999999999874e-01 -7.127600648953315954e+01
-1.084799999999999931e-01 -7.072543312395657722e+01
-1.079999999999999849e-01 -6.992068774609597881e+01
-1.075199999999999906e-01 -6.885886244706333059e+01
-1.070399999999999963e-01 -6.805925750926417095e+01
-1.065599999999999881e-01 -6.752509420155588771e+01
-1.060799999999999937e-01 -6.702435177137472522e+01
-1.055999999999999855e-01 -6.638373548582438843e+01
-1.051199999999999912e-01 -6.582925028796313427e+01
-1.046399999999999969e-01 -6.539089276248687099e+01
-1.041599999999999887e-01 -6.505046376037485345e+01
-1.036799999999999944e-01 -6.446054876390279276e+01
-1.031999999999999862e-01 -6.404479690510703449e+01
-1.027199999999999919e-01 -6.400295161160356372e+01
-1.022399999999999975e-01 -6.369403922093624004e+01
-1.017599999999999894e-01 -6.342276095620950116e+01
-1.012799999999999950e-01 -6.337939700084019989e+01
-1.007999999999999868e-01 -6.331815296006933380e+01
-1.003199999999999925e-01 -6.318268371821378082e+01
-9.983999999999998431e-02 -6.307972359571380849e+01
-9.935999999999998999e-02 -6.305713654873203211e+01
-9.887999999999999567e-02 -6.320002393705915722e+01
-9.839999999999998748e-02 -6.303559729992974781e+01
-9.791999999999999316e-02 -6.272298065748613283e+01
-9.743999999999998496e-02 -6.271558386484878156e+01
-9.695999999999999064e-02 -6.306714765204574036e+01
-9.647999999999999632e-02 -6.312656266932638971e+01
-9.599999999999998812e-02 -6.294295197524617436e+01
-9.551999999999999380e-02 -6.294092415739682167e+01
-9.503999999999998560e-02 -6.263548594031563255e+01
-9.455999999999999128e-02 -6.274990578470755764e+01
-9.407999999999999696e-02 -6.271800743915332532e+01
-9.359999999999998876e-02 -6.260769474303256032e+01
-9.311999999999999444e-02 -6.241962064850635272e+01
-9.263999999999998625e-02 -6.253225471887664355e+01
-9.215999999999999193e-02 -6.252223967217311440e+01
-9.167999999999999761e-02 -6.219951896306099570e+01
-9.119999999999998941e-02 -6.209800614697531529e+01
-9.071999999999999509e-02 -6.206789415003882482e+01
-9.023999999999998689e-02 -6.210030649353163312e+01
-8.975999999999999257e-02 -6.221345418401482874e+01
-8.927999999999999825e-02 -6.196895911636642040e+01
-8.879999999999999005e-02 -6.211627468185157852e+01
-8.831999999999999573e-02 -6.210653341982047948e+01
-8.783999999999998753e-02 -6.222714736598784668e+01
-8.735999999999999321e-02 -6.225892202505401940e+01
-8.687999999999999889e-02 -6.209271001623469033e+01
-8.639999999999999070e-02 -6.215528069988369708e+01
-8.591999999999999638e-02 -6.200544421686113594e+01
-8.543999999999998818e-02 -6.171460305577647176e+01
-8.495999999999999386e-02 -6.186426195829810126e+01
-8.447999999999999954e-02 -6.202516540191599148e+01
-8.399999999999999134e-02 -6.197821049239919233e+01
-8.351999999999999702e-02 -6.206017131509778295e+01
-8.303999999999998882e-02 -6.196851627833871134e+01
-8.255999999999999450e-02 -6.172444985708597898e+01
-8.207999999999998630e-02 -6.151460564114474039e+01
-8.159999999999999198e-02 -6.120840079703536674e+01
-8.111999999999999766e-02 -6.122419839541415598e+01
-8.063999999999998947e-02 -6.127648622135379242e+01
-8.015999999999999515e-02 -6.144186549057280899e+01
-7.967999999999998695e-02 -6.183421791424514424e+01
-7.919999999999999263e-02 -6.188798415568457756e+01
-7.871999999999999831e-02 -6.145322684256611723e+01
-7.823999999999999011e-02 -6.142738493249153464e+01
-7.775999999999999579e-02 -6.150223084430749765e+01
-7.727999999999998759e-02 -6.143768166271800624e+01
-7.679999999999999327e-02 -6.144490221440533873e+01
-7.631999999999999895e-02 -6.132412270866788617e+01
-7.583999999999999075e-02 -6.132043245450673652e+01
-7.535999999999999643e-02 -6.120564512853887607e+01
-7.487999999999998824e-02 -6.138806881325609766e+01
-7.439999999999999392e-02 -6.129584723738216212e+01
-7.391999999999999960e-02 -6.119072315924287864e+01
-7.343999999999999140e-02 -6.108830069239516547e+01
-7.295999999999999708e-02 -6.088684483688468418e+01
-7.247999999999998888e-02 -6.097303488189649556e+01
-7.199999999999999456e-02 -6.132758732017479986e+01
-7.152000000000000024e-02 -6.121600972478246661e+01
-7.103999999999999204e-02 -6.100856328312407584e+01
-7.055999999999999772e-02 -6.110043920767925840e+01
-7.007999999999998952e-02 -6.114368134528190524e+01
-6.959999999999999520e-02 -6.114081803959641093e+01
-6.911999999999998701e-02 -6.105014725790312013e+01
-6.863999999999999269e-02 -6.106194054141919025e+01
-6.815999999999999837e-02 -6.100717648020557249e+01
-6.767999999999999017e-02 -6.064159544778963351e+01
-6.719999999999999585e-02 -6.073621601404521186e+01
-6.671999999999998765e-02 -6.062637748024602757e+01
-6.623999999999999333e-02 -6.042275277596563399e+01
-6.575999999999999901e-02 -6.038593612905026475e+01
-6.527999999999999081e-02 -6.021373521936182982e+01
-6.479999999999999649e-02 -6.025737631247986315e+01
-6.431999999999998829e-02 -6.023930237192742254e+01
-6.383999999999999397e-02 -6.023939509421233396e+01
-6.335999999999999965e-02 -6.020280407910213682e+01
-6.287999999999999146e-02 -6.026451429395051917e+01
-6.239999999999999714e-02 -6.045386573698205979e+01
-6.191999999999999588e-02 -6.028795590869453491e+01
-6.143999999999999462e-02 -5.989157534125876481e+01
-6.095999999999999336e-02 -5.971154273560160419e+01
-6.047999999999999210e-02 -5.978752849049182316e+01
-5.999999999999999778e-02 -5.947155192411735669e+01
-5.951999999999999652e-02 -5.953271248371394364e+01
-5.903999999999999526e-02 -5.975758201290747706e+01
-5.855999999999999400e-02 -5.977515730902587876e+01
-5.807999999999999274e-02 -5.982198180955762723e+01
-5.759999999999999842e-02 -5.966327548729813657e+01
-5.711999999999999716e-02 -5.946245971291975962e+01
-5.663999999999999591e-02 -5.941281388087909221e+01
-5.615999999999999465e-02 -5.936784513299642896e+01
-5.567999999999999339e-02 -5.917889506640999286e+01
-5.519999999999999213e-02 -5.894478529791912536e+01
-5.471999999999999781e-02 -5.889712874664964204e+01
-5.423999999999999655e-02 -5.891848799572257889e+01
-5.375999999999999529e-02 -5.868943304503339675e+01
-5.327999999999999403e-02 -5.866791222458410715e+01
-5.279999999999999277e-02 -5.877433808770249613e+01
-5.231999999999999845e-02 -5.889610868433351953e+01
-5.183999999999999719e-02 -5.877715904263703095e+01
-5.135999999999999593e-02 -5.855274966098055245e+01
-5.087999999999999468e-02 -5.818451079817194938e+01
-5.039999999999999342e-02 -5.819002776821508860e+01
-4.991999999999999216e-02 -5.818810915452076671e+01
-4.943999999999999784e-02 -5.800583467253773051e+01
-4.895999999999999658e-02 -5.769286575541207895e+01
-4.847999999999999532e-02 -5.764198963391534392e+01
-4.799999999999999406e-02 -5.740527275337939273e+01
-4.751999999999999280e-02 -5.715511002280511832e+01
-4.703999999999999848e-02 -5.737533403744798477e+01
-4.655999999999999722e-02 -5.706183615716053481e+01
-4.607999999999999596e-02 -5.682493593604948501e+01
-4.559999999999999470e-02 -5.676306600702932315e+01
-4.511999999999999345e-02 -5.685111836984660982e+01
-4.463999999999999913e-02 -5.706752409222082889e+01
-4.415999999999999787e-02 -5.691094965236147374e+01
-4.367999999999999661e-02 -5.662324767964393146e+01
-4.319999999999999535e-02 -5.641386142567175455e+01
-4.271999999999999409e-02 -5.636012517907938957e+01
-4.223999999999999977e-02 -5.598629793045985537e+01
-4.175999999999999851e-02 -5.583664004431561523e+01
-4.127999999999999725e-02 -5.573860682265647171e+01
-4.079999999999999599e-02 -5.564368215054682310e+01
-4.031999999999999473e-02 -5.582145019140664743e+01
-3.983999999999999347e-02 -5.570682474774788773e+01
-3.935999999999999915e-02 -5.528465898787789001e+01
-3.887999999999999790e-02 -5.532238221271835243e+01
-3.839999999999999664e-02 -5.522511328496401006e+01
-3.791999999999999538e-02 -5.495079218960250955e+01
-3.743999999999999412e-02 -5.448641130878527150e+01
-3.695999999999999980e-02 -5.435067689785536516e+01
-3.647999999999999854e-02 -5.411677324667326872e+01
-3.599999999999999728e-02 -5.411464419367430168e+01
-3.551999999999999602e-02 -5.356123271664735341e+01
-3.503999999999999476e-02 -5.296584814522377371e+01
-3.455999999999999350e-02 -5.290938747798961828e+01
-3.407999999999999918e-02 -5.272974531546081778e+01
-3.359999999999999792e-02 -5.254366417020709434e+01
-3.311999999999999666e-02 -5.263263452314501478e+01
-3.263999999999999541e-02 -5.255568606343796745e+01
-3.215999999999999415e-02 -5.241342450711638179e+01
-3.167999999999999983e-02 -5.234637238005818460e+01
-3.119999999999999857e-02 -5.224602100033679619e+01
-3.071999999999999731e-02 -5.196738338552065528e+01
-3.023999999999999605e-02 -5.165296221623356843e+01
-2.975999999999999826e-02 -5.147287296117889355e+01
-2.927999999999999700e-02 -5.122279098886980364e+01
-2.879999999999999921e-02 -5.071324180843836871e+01
-2.831999999999999795e-02 -4.964446272409148975e+01
-2.783999999999999669e-02 -4.942932952691029413e+01
-2.735999999999999890e-02 -4.979533111386358257e+01
-2.687999999999999765e-02 -4.989546563111444755e+01
-2.639999999999999639e-02 -4.978721432170686967e+01
-2.591999999999999860e-02 -4.953653083622526054e+01
-2.543999999999999734e-02 -4.942187242896735455e+01
-2.495999999999999608e-02 -4.891896856885229283e+01
-2.447999999999999829e-02 -4.803490917715989639e+01
-2.399999999999999703e-02 -4.704504089163773273e+01
-2.351999999999999924e-02 -4.619567158843749155e+01
-2.303999999999999798e-02 -4.514827199805242230e+01
-2.255999999999999672e-02 -4.455794656071582693e+01
-2.207999999999999893e-02 -4.433314452477606693e+01
-2.159999999999999767e-02 -4.419798612988350328e+01
-2.111999999999999988e-02 -4.418949740431416018e+01
-2.063999999999999863e-02 -4.436919198574997125e+01
-2.015999999999999737e-02 -4.475104183375363220e+01
-1.967999999999999958e-02 -4.474717235011276983e+01
-1.919999999999999832e-02 -4.464544562420638840e+01
-1.871999999999999706e-02 -4.457560659119987179e+01
-1.823999999999999927e-02 -4.438173782782874355e+01
-1.775999999999999801e-02 -4.407271112010307945e+01
-1.727999999999999675e-02 -4.314311612273426988e+01
-1.679999999999999896e-02 -4.218550565190043500e+01
-1.631999999999999770e-02 -4.108085445214611298e+01
-1.583999999999999991e-02 -3.975781837164647214e+01
-1.535999999999999865e-02 -3.891413853551105717e+01
-1.487999999999999913e-02 -3.800236646245950567e+01
-1.439999999999999961e-02 -3.753499352143398937e+01
-1.391999999999999835e-02 -3.752031986265216545e+01
-1.343999999999999882e-02 -3.805603409700063366e+01
-1.295999999999999930e-02 -3.840789023017148196e+01
-1.247999999999999804e-02 -3.844207737372008893e+01
-1.199999999999999852e-02 -3.667679009780598420e+01
-1.151999999999999899e-02 -3.386538623587991026e+01
-1.103999999999999947e-02 -3.057479175200285582e+01
-1.055999999999999994e-02 -2.151236829705957732e+01
-1.007999999999999868e-02 -4.046935696223761703e+00
-9.599999999999999159e-03 4.301870619718077826e+00
-9.119999999999999635e-03 6.922181925380227696e+00
-8.639999999999998376e-03 7.136684399173400806e+00
-8.159999999999998851e-03 7.148387310558669050e+00
-7.679999999999999327e-03 7.329882833061940772e+00
-7.199999999999999803e-03 7.430084704949871721e+00
-6.719999999999999411e-03 7.271286965067837116e+00
-6.239999999999999020e-03 7.318645225892329798e+00
-5.759999999999999495e-03 7.481759347398003968e+00
-5.279999999999999971e-03 7.465045104969164846e+00
-4.799999999999999580e-03 7.487823914326510177e+00
-4.319999999999999188e-03 7.295180778077130057e+00
-3.839999999999999664e-03 7.197787603687305413e+00
-3.359999999999999706e-03 7.200531383386011619e+00
-2.879999999999999748e-03 7.193307651723883644e+00
-2.399999999999999790e-03 7.311172750327448178e+00
-1.919999999999999832e-03 7.286579636806695959e+00
-1.439999999999999874e-03 7.303877610314524205e+00
-9.599999999999999159e-04 7.365122518962462728e+00
-4.799999999999999580e-04 7.258725771559114470e+00
0.000000000000000000e+00 7.203821861576148677e+00
4.799999999999999580e-04 7.419744207019408400e+00
9.599999999999999159e-04 7.799623865202351958e+00
1.439999999999999874e-03 7.450701871277461308e+00
1.919999999999999832e-03 7.096055659875820432e+00
2.399999999999999790e-03 7.319643852203299161e+00
2.879999999999999748e-03 7.486005305688974154e+00
3.359999999999999706e-03 7.643826635754953358e+00
3.839999999999999664e-03 7.402694051239643969e+00
4.319999999999999188e-03 7.099300155830108316e+00
4.799999999999999580e-03 7.157330256728365647e+00
5.279999999999999971e-03 7.259505799785862301e+00
5.759999999999999495e-03 7.256985170104863769e+00
6.239999999999999020e-03 7.165928737236413326e+00
6.719999999999999411e-03 7.221143761090273117e+00
7.199999999999999803e-03 7.338644293379546824e+00
7.679999999999999327e-03 7.130353325307076773e+00
8.159999999999998851e-03 7.176120402909456963e+00
8.639999999999998376e-03 7.258460955633029066e+00
9.119999999999999635e-03 6.930130367235785016e+00
9.599999999999999159e-03 4.215403713615350156e+00
1.007999999999999868e-02 -4.267882360320569113e+00
1.055999999999999994e-02 -2.163129529084389446e+01
1.103999999999999947e-02 -2.989528776192214465e+01
1.151999999999999899e-02 -3.346764311361284427e+01
1.199999999999999852e-02 -3.649590687445305548e+01
1.247999999999999804e-02 -3.804144811377457813e+01
1.295999999999999930e-02 -3.829695429381391847e+01
1.343999999999999882e-02 -3.804486505655290074e+01
1.391999999999999835e-02 -3.801228867495791519e+01
1.439999999999999961e-02 -3.822228218061363236e+01
1.487999999999999913e-02 -3.871380497847316349e+01
1.535999999999999865e-02 -3.953617454858326141e+01
1.583999999999999991e-02 -4.050341362172101611e+01
1.631999999999999770e-02 -4.160241952078368399e+01
1.679999999999999896e-02 -4.298246467283863126e+01
1.727999999999999675e-02 -4.420498503230089682e+01
1.775999999999999801e-02 -4.514346189196444215e+01
1.823999999999999927e-02 -4.553211966102836783e+01
1.871999999999999706e-02 -4.561547001289169856e+01
1.919999999999999832e-02 -4.576807091323252763e+01
1.967999999999999958e-02 -4.585254392907153687e+01
2.015999999999999737e-02 -4.584699168642793410e+01
2.063999999999999863e-02 -4.546599294507147704e+01
2.111999999999999988e-02 -4.527054063928211747e+01
2.159999999999999767e-02 -4.514537046123923147e+01
2.207999999999999893e-02 -4.503659737400464991e+01
2.255999999999999672e-02 -4.557318272402763881e+01
2.303999999999999798e-02 -4.593857061487535987e+01
2.351999999999999924e-02 -4.657050169965162922e+01
2.399999999999999703e-02 -4.753213969888217605e+01
2.447999999999999829e-02 -4.864763762549932835e+01
2.495999999999999608e-02 -4.954880724347566456e+01
2.543999999999999734e-02 -5.012535860795590281e+01
2.591999999999999860e-02 -5.032902792873751707e+01
2.639999999999999639e-02 -5.099571534163379738e+01
2.687999999999999765e-02 -5.126671165375333317e+01
2.735999999999999890e-02 -5.138716610468870272e+01
2.783999999999999669e-02 -5.157088570027813290e+01
2.831999999999999795e-02 -5.174369351201445255e+01
2.879999999999999921e-02 -5.252043416252649877e+01
2.927999999999999700e-02 -5.318133448843371980e+01
2.975999999999999826e-02 -5.329187842753708537e+01
3.023999999999999605e-02 -5.343252750805046958e+01
3.071999999999999731e-02 -5.372113676119550263e+01
3.119999999999999857e-02 -5.395597913105718391e+01
3.167999999999999983e-02 -5.370135424716835360e+01
3.215999999999999415e-02 -5.358332054829708113e+01
3.263999999999999541e-02 -5.399678232953944246e+01
3.311999999999999666e-02 -5.399355067571980271e+01
3.359999999999999792e-02 -5.377939789740700860e+01
3.407999999999999918e-02 -5.402344924493696965e+01
3.455999999999999350e-02 -5.416727575670140737e+01
3.503999999999999476e-02 -5.411773751060827209e+01
3.551999999999999602e-02 -5.394171950722660824e+01
3.599999999999999728e-02 -5.441151205260815971e+01
3.647999999999999854e-02 -5.479932045987166589e+01
3.695999999999999980e-02 -5.512714674299160578e+01
3.743999999999999412e-02 -5.526049747065476936e+01
3.791999999999999538e-02 -5.521039223643037275e+01
3.839999999999999664e-02 -5.530890105217764585e+01
3.887999999999999790e-02 -5.558364172693248406e+01
3.935999999999999915e-02 -5.590012873585055786e+01
3.983999999999999347e-02 -5.614360249751652532e+01
4.031999999999999473e-02 -5.659484121706736204e+01
4.079999999999999599e-02 -5.698896164969107758e+01
4.127999999999999725e-02 -5.736099043386176533e+01
4.175999999999999851e-02 -5.762715651601563849e+01
4.223999999999999977e-02 -5.780248421699717198e+01
4.271999999999999409e-02 -5.810914702971217594e+01
4.319999999999999535e-02 -5.817192670671335009e+01
4.367999999999999661e-02 -5.827447029262447842e+01
4.415999999999999787e-02 -5.838845325780291518e+01
4.463999999999999913e-02 -5.837703422290299216e+01
4.511999999999999345e-02 -5.843662504001486013e+01
4.559999999999999470e-02 -5.773509717046351142e+01
4.607999999999999596e-02 -5.676442886703569712e+01
4.655999999999999722e-02 -5.784212862564047697e+01
4.703999999999999848e-02 -5.864304408616117570e+01
4.751999999999999280e-02 -5.869357815972912107e+01
4.799999999999999406e-02 -5.896819580308087438e+01
4.847999999999999532e-02 -5.887704789361439595e+01
4.895999999999999658e-02 -5.857028162333732979e+01
4.943999999999999784e-02 -5.851381166353267105e+01
4.991999999999999216e-02 -5.892493912510321508e+01
5.039999999999999342e-02 -5.902178380533594293e+01
5.087999999999999468e-02 -5.915037143480567039e+01
5.135999999999999593e-02 -5.924733089472241687e+01
5.183999999999999719e-02 -5.964594540482868013e+01
5.231999999999999845e-02 -5.974861130705546941e+01
5.279999999999999277e-02 -5.973937937533640508e+01
5.327999999999999403e-02 -5.990837461275899045e+01
5.375999999999999529e-02 -5.996050435465841133e+01
5.423999999999999655e-02 -6.036257898373552422e+01
5.471999999999999781e-02 -6.098637829716419390e+01
5.519999999999999213e-02 -6.116885794692416312e+01
5.567999999999999339e-02 -6.123838580739339221e+01
5.615999999999999465e-02 -6.138101259407109467e+01
5.663999999999999591e-02 -6.172149428456354059e+01
5.711999999999999716e-02 -6.167185348854503957e+01
5.759999999999999842e-02 -6.163010380878716177e+01
5.807999999999999274e-02 -6.180588860608559543e+01
5.855999999999999400e-02 -6.155446489329889204e+01
5.903999999999999526e-02 -6.141556839315833827e+01
5.951999999999999652e-02 -6.143802230424378052e+01
5.999999999999999778e-02 -6.163081254135725118e+01
6.047999999999999210e-02 -6.170184741983595700e+01
6.095999999999999336e-02 -6.154707121270786274e+01
6.143999999999999462e-02 -6.138655899222040091e+01
6.191999999999999588e-02 -6.125295876258826411e+01
6.239999999999999714e-02 -6.107512584341077400e+01
6.287999999999999146e-02 -6.140270232567382891e+01
6.335999999999999965e-02 -6.186839432190911481e+01
6.383999999999999397e-02 -6.163661524136577441e+01
6.431999999999998829e-02 -6.178377327363436677e+01
6.479999999999999649e-02 -6.197022038262966248e+01
6.527999999999999081e-02 -6.185843420468643927e+01
6.575999999999999901e-02 -6.194699501451026435e+01
6.623999999999999333e-02 -6.197068706709341512e+01
6.671999999999998765e-02 -6.210160995919602556e+01
6.719999999999999585e-02 -6.230967248916050494e+01
6.767999999999999017e-02 -6.231969080297211150e+01
6.815999999999999837e-02 -6.246643968421834359e+01
6.863999999999999269e-02 -6.284421719493951741e+01
6.911999999999998701e-02 -6.301104190139034955e+01
6.959999999999999520e-02 -6.262082189091897533e+01
7.007999999999998952e-02 -6.262467184664895115e+01
7.055999999999999772e-02 -6.291819554947193183e+01
7.103999999999999204e-02 -6.274576779744607080e+01
7.152000000000000024e-02 -6.249756653235623105e+01
7.199999999999999456e-02 -6.256074278549341727e+01
7.247999999999998888e-02 -6.240292107785595732e+01
7.295999999999999708e-02 -6.227604275476327444e+01
7.343999999999999140e-02 -6.243471251614485595e+01
7.391999999999999960e-02 -6.281470412700897299e+01
7.439999999999999392e-02 -6.298657808651213941e+01
7.487999999999998824e-02 -6.298786974529281224e+01
7.535999999999999643e-02 -6.324855634745453870e+01
7.583999999999999075e-02 -6.332671878511153807e+01
7.631999999999999895e-02 -6.331687939408713106e+01
7.679999999999999327e-02 -6.324021840150436446e+01
7.727999999999998759e-02 -6.330276233129836783e+01
7.775999999999999579e-02 -6.334968084459701743e+01
7.823999999999999011e-02 -6.347508266171389835e+01
7.871999999999999831e-02 -6.333917464811026576e+01
7.919999999999999263e-02 -6.319235819859130032e+01
7.967999999999998695e-02 -6.325576576155691555e+01
8.015999999999999515e-02 -6.303670754918013586e+01
8.063999999999998947e-02 -6.307414159033483259e+01
8.111999999999999766e-02 -6.329105028627388663e+01
8.159999999999999198e-02 -6.349128206883587922e+01
8.207999999999998630e-02 -6.345097881543114227e+01
8.255999999999999450e-02 -6.340382987467950215e+01
8.303999999999998882e-02 -6.368765055445651058e+01
8.351999999999999702e-02 -6.368871025345067949e+01
8.399999999999999134e-02 -6.345808883968434344e+01
8.447999999999999954e-02 -6.320507519979790345e+01
8.495999999999999386e-02 -6.311185237134068160e+01
8.543999999999998818e-02 -6.330669041262999031e+01
8.591999999999999638e-02 -6.348134296899324625e+01
8.639999999999999070e-02 -6.347171706207458186e+01
8.687999999999999889e-02 -6.341461552029902293e+01
8.735999999999999321e-02 -6.333538245634071018e+01
8.783999999999998753e-02 -6.318575645775450056e+01
8.831999999999999573e-02 -6.317453569893656606e+01
8.879999999999999005e-02 -6.323447503465321518e+01
8.927999999999999825e-02 -6.349551426949859945e+01
8.975999999999999257e-02 -6.379311167493118262e+01
9.023999999999998689e-02 -6.359777676974891847e+01
9.071999999999999509e-02 -6.362117516807671791e+01
9.119999999999998941e-02 -6.390171105089286385e+01
9.167999999999999761e-02 -6.381339459229857880e+01
9.215999999999999193e-02 -6.371372084135551717e+01
9.263999999999998625e-02 -6.389776328428495589e+01
9.311999999999999444e-02 -6.387129546374712419e+01
9.359999999999998876e-02 -6.385631283567619931e+01
9.407999999999999696e-02 -6.387719179509366541e+01
9.455999999999999128e-02 -6.373957761103128661e+01
9.503999999999998560e-02 -6.382994061475436354e+01
9.551999999999999380e-02 -6.428069339124581916e+01
9.599999999999998812e-02 -6.432107505510114720e+01
9.647999999999999632e-02 -6.407950524207171838e+01
9.695999999999999064e-02 -6.414986315408954454e+01
9.743999999999998496e-02 -6.381928236752123951e+01
9.791999999999999316e-02 -6.384230656432949047e+01
9.839999999999998748e-02 -6.389692047818602560e+01
9.887999999999999567e-02 -6.381929931351008634e+01
9.935999999999998999e-02 -6.384869677034883750e+01
9.983999999999998431e-02 -6.349598234846326505e+01
1.003199999999999925e-01 -6.378133785604720174e+01
1.007999999999999868e-01 -6.396632445107881892e+01
1.012799999999999950e-01 -6.407763430733587029e+01
1.017599999999999894e-01 -6.434448360191181848e+01
1.022399999999999975e-01 -6.455828162781823210e+01
1.027199999999999919e-01 -6.483034844013920406e+01
1.031999999999999862e-01 -6.498997088486089524e+01
1.036799999999999944e-01 -6.530041569456781758e+01
1.041599999999999887e-01 -6.574999980422445844e+01
1.046399999999999969e-01 -6.621014090745011060e+01
1.051199999999999912e-01 -6.658150650700085293e+01
1.055999999999999855e-01 -6.684193194296582874e+01
1.060799999999999937e-01 -6.701301923645982583e+01
1.065599999999999881e-01 -6.767059409938664771e+01
1.070399999999999963e-01 -6.858685842629603258e+01
1.075199999999999906e-01 -6.940414798937689511e+01
1.079999999999999849e-01 -7.011979406153241712e+01
1.084799999999999931e-01 -7.086953579311112605e+01
1.089599999999999874e-01 -7.184035407239844062e+01
1.094399999999999956e-01 -7.298946181163370284e+01
1.099199999999999899e-01 -7.397324107314184971e+01
1.103999999999999843e-01 -7.493318540034448461e+01
1.108799999999999925e-01 -7.599369586944141020e+01
1.113599999999999868e-01 -7.665584807439104509e+01
1.118399999999999950e-01 -7.719430380256800106e+01
1.123199999999999893e-01 -7.775432428243297522e+01
1.127999999999999836e-01 -7.739208674600037341e+01
1.132799999999999918e-01 -7.701285296024521188e+01
1.137599999999999861e-01 -7.710766552313950228e+01
1.142399999999999943e-01 -7.720810682667487868e+01
1.147199999999999886e-01 -7.725701193983266535e+01
1.151999999999999968e-01 -7.732512332571306501e+01
1.156799999999999912e-01 -7.736076796529583532e+01
1.161599999999999855e-01 -7.759604123179175872e+01
1.166399999999999937e-01 -7.777003867603842480e+01
1.171199999999999880e-01 -7.823546418581813100e+01
1.175999999999999962e-01 -7.873280074006029849e+01
1.180799999999999905e-01 -7.866118803751818689e+01
1.185599999999999848e-01 -7.871549057803309779e+01
1.190399999999999930e-01 -7.854343376198568194e+01
1.195199999999999874e-01 -7.828408842973780679e+01
1.199999999999999956e-01 -7.846707183353001369e+01
1.204799999999999899e-01 -7.825097009336433018e+01
1.209599999999999842e-01 -7.787387432803438969e+01
1.214399999999999924e-01 -7.744999164245209045e+01
1.219199999999999867e-01 -7.727595496879895620e+01
1.223999999999999949e-01 -7.700033677403931165e+01
