-1.228799999999999955e+02 -1.001785218919735456e+02
-1.223999999999999915e+02 -1.008491783458946429e+02
-1.219200000000000017e+02 -1.010858869179931503e+02
-1.214399999999999977e+02 -1.011871690646498791e+02
-1.209599999999999937e+02 -1.015288798586817478e+02
-1.204799999999999898e+02 -1.019132350701606811e+02
-1.200000000000000000e+02 -1.023408003954276211e+02
-1.195199999999999960e+02 -1.027990312721999544e+02
-1.190399999999999920e+02 -1.035383020196435950e+02
-1.185600000000000023e+02 -1.040816498063940685e+02
-1.180799999999999983e+02 -1.039383005480375459e+02
-1.175999999999999943e+02 -1.040331280745272267e+02
-1.171199999999999903e+02 -1.036999724597603461e+02
-1.166400000000000006e+02 -1.037971262864312081e+02
-1.161599999999999966e+02 -1.035659212801249112e+02
-1.156799999999999926e+02 -1.034488026699087726e+02
-1.151999999999999886e+02 -1.036527967220363990e+02
-1.147199999999999989e+02 -1.037487142033025123e+02
-1.142399999999999949e+02 -1.040511370164906424e+02
-1.137599999999999909e+02 -1.041824089180883561e+02
-1.132800000000000011e+02 -1.038182869581302015e+02
-1.127999999999999972e+02 -1.030128354303730305e+02
-1.123199999999999932e+02 -1.022124333119600408e+02
-1.118399999999999892e+02 -1.018485255454451988e+02
-1.113599999999999994e+02 -1.012146140663357983e+02
-1.108799999999999955e+02 -1.005332692148763698e+02
-1.103999999999999915e+02 -9.938679524252634678e+01
-1.099200000000000017e+02 -9.841768539195936683e+01
-1.094399999999999977e+02 -9.745187050670281792e+01
-1.089599999999999937e+02 -9.627556664493526739e+01
-1.084799999999999898e+02 -9.515712787800920580e+01
-1.080000000000000000e+02 -9.440226611428906267e+01
-1.075199999999999960e+02 -9.369156247547353189e+01
-1.070399999999999920e+02 -9.258599468029154878e+01
-1.065600000000000023e+02 -9.176322858514166114e+01
-1.060799999999999983e+02 -9.122102923593671164e+01
-1.055999999999999943e+02 -9.053562711339114344e+01
-1.051199999999999903e+02 -8.976128338716945620e+01
-1.046400000000000006e+02 -8.925222537707580273e+01
-1.041599999999999966e+02 -8.868998729051153873e+01
-1.036799999999999926e+02 -8.861434220550565044e+01
-1.032000000000000028e+02 -8.855541867619845675e+01
-1.027199999999999989e+02 -8.835119710277803051e+01
-1.022399999999999949e+02 -8.773549182919346379e+01
-1.017599999999999909e+02 -8.763942592876634308e+01
-1.012800000000000011e+02 -8.767773668888985128e+01
-1.007999999999999972e+02 -8.723784872304845806e+01
-1.003199999999999932e+02 -8.699721272075689171e+01
-9.984000000000000341e+01 -8.713777766502965960e+01
-9.935999999999999943e+01 -8.737521193525836338e+01
-9.887999999999999545e+01 -8.718907856863606298e+01
-9.839999999999999147e+01 -8.709012026838328779e+01
-9.792000000000000171e+01 -8.698422909616432719e+01
-9.743999999999999773e+01 -8.688064730602918928e+01
-9.695999999999999375e+01 -8.709323763437616606e+01
-9.647999999999998977e+01 -8.685265501568743218e+01
-9.600000000000000000e+01 -8.663172221904548564e+01
-9.551999999999999602e+01 -8.689816729389889360e+01
-9.503999999999999204e+01 -8.674450680093696064e+01
-9.456000000000000227e+01 -8.685424022512462727e+01
-9.407999999999999829e+01 -8.663995267006862377e+01
-9.359999999999999432e+01 -8.639541245548437587e+01
-9.311999999999999034e+01 -8.650393495039472214e+01
-9.264000000000000057e+01 -8.632986106031162876e+01
-9.215999999999999659e+01 -8.626260382822022166e+01
-9.167999999999999261e+01 -8.601151522698455665e+01
-9.120000000000000284e+01 -8.600536516389119868e+01
-9.071999999999999886e+01 -8.624229803932900040e+01
-9.023999999999999488e+01 -8.610094864341067478e+01
-8.975999999999999091e+01 -8.579549473128682280e+01
-8.928000000000000114e+01 -8.570928133791234416e+01
-8.879999999999999716e+01 -8.591243423639903654e+01
-8.831999999999999318e+01 -8.620492082038497017e+01
-8.784000000000000341e+01 -8.600137469094960352e+01
-8.735999999999999943e+01 -8.584794579601336295e+01
-8.687999999999999545e+01 -8.608184769825754756e+01
-8.639999999999999147e+01 -8.604307167266304646e+01
-8.592000000000000171e+01 -8.579786699028113617e+01
-8.543999999999999773e+01 -8.587757874503061828e+01
-8.495999999999999375e+01 -8.590469188888644680e+01
-8.447999999999998977e+01 -8.566801302576550370e+01
-8.400000000000000000e+01 -8.552151752267229767e+01
-8.351999999999999602e+01 -8.557097799486179213e+01
-8.303999999999999204e+01 -8.538478747097812516e+01
-8.256000000000000227e+01 -8.531099041709937580e+01
-8.207999999999999829e+01 -8.528809855779510940e+01
-8.159999999999999432e+01 -8.522839461855832610e+01
-8.111999999999999034e+01 -8.537507776426303963e+01
-8.064000000000000057e+01 -8.544217983388820414e+01
-8.015999999999999659e+01 -8.548955657052650281e+01
-7.967999999999999261e+01 -8.566159791546536439e+01
-7.920000000000000284e+01 -8.552629911138200214e+01
-7.871999999999999886e+01 -8.522444636065961276e+01
-7.823999999999999488e+01 -8.508856739990902440e+01
-7.775999999999999091e+01 -8.509137223343985568e+01
-7.728000000000000114e+01 -8.525736955747854040e+01
-7.679999999999999716e+01 -8.522217596488371782e+01
-7.631999999999999318e+01 -8.498955728902934936e+01
-7.584000000000000341e+01 -8.501947327359211215e+01
-7.535999999999999943e+01 -8.492702233115275590e+01
-7.487999999999999545e+01 -8.482410050257534806e+01
-7.439999999999999147e+01 -8.473173480823982118e+01
-7.392000000000000171e+01 -8.487210830437648212e+01
-7.343999999999999773e+01 -8.482006393631078822e+01
-7.295999999999999375e+01 -8.477256385224370661e+01
-7.248000000000000398e+01 -8.496487101918519613e+01
-7.200000000000000000e+01 -8.497004401911607374e+01
-7.151999999999999602e+01 -8.489749064118862520e+01
-7.103999999999999204e+01 -8.481772284529884587e+01
-7.056000000000000227e+01 -8.488370548852398656e+01
-7.007999999999999829e+01 -8.493476161851734219e+01
-6.959999999999999432e+01 -8.495360718249253296e+01
-6.912000000000000455e+01 -8.473417536435437114e+01
-6.864000000000000057e+01 -8.463457239090806183e+01
-6.815999999999999659e+01 -8.468559565136990841e+01
-6.767999999999999261e+01 -8.469766678919008029e+01
-6.720000000000000284e+01 -8.458600213733575401e+01
-6.671999999999999886e+01 -8.492009775415314721e+01
-6.623999999999999488e+01 -8.488738882407795927e+01
-6.575999999999999091e+01 -8.438686511207016849e+01
-6.528000000000000114e+01 -8.397209964567593943e+01
-6.479999999999999716e+01 -8.394324793243548299e+01
-6.431999999999999318e+01 -8.400345914926467117e+01
-6.383999999999999631e+01 -8.393329564268071863e+01
-6.335999999999999943e+01 -8.374260244871082648e+01
-6.287999999999999545e+01 -8.398121205695352387e+01
-6.239999999999999858e+01 -8.425147933379105325e+01
-6.191999999999999460e+01 -8.417713892188550062e+01
-6.143999999999999773e+01 -8.395661170726882006e+01
-6.096000000000000085e+01 -8.363502853351745614e+01
-6.047999999999999687e+01 -8.367087129782487409e+01
-6.000000000000000000e+01 -8.374616058447925582e+01
-5.951999999999999602e+01 -8.355738834536120407e+01
-5.903999999999999915e+01 -8.355093551476103642e+01
-5.855999999999999517e+01 -8.352094824545019947e+01
-5.807999999999999829e+01 -8.354989649401485963e+01
-5.759999999999999432e+01 -8.356148300620745317e+01
-5.711999999999999744e+01 -8.331920165629034614e+01
-5.664000000000000057e+01 -8.324235079068616017e+01
-5.615999999999999659e+01 -8.310209003853307763e+01
-5.567999999999999972e+01 -8.296948519912716336e+01
-5.519999999999999574e+01 -8.282216408034361166e+01
-5.471999999999999886e+01 -8.259420215900549067e+01
-5.423999999999999488e+01 -8.273591105314922345e+01
-5.375999999999999801e+01 -8.295534276047747824e+01
-5.328000000000000114e+01 -8.289976118861994792e+01
-5.279999999999999716e+01 -8.275516173501188177e+01
-5.232000000000000028e+01 -8.274569071258902397e+01
-5.183999999999999631e+01 -8.281453272294629642e+01
-5.135999999999999943e+01 -8.263510285055781424e+01
-5.087999999999999545e+01 -8.252917208925970272e+01
-5.039999999999999858e+01 -8.229914227034142016e+01
-4.992000000000000171e+01 -8.222748214169558878e+01
-4.943999999999999773e+01 -8.209764242854254235e+01
-4.896000000000000085e+01 -8.185873724343855429e+01
-4.847999999999999687e+01 -8.179610588500165136e+01
-4.800000000000000000e+01 -8.185547006863461661e+01
-4.751999999999999602e+01 -8.201558861114575905e+01
-4.703999999999999915e+01 -8.173072073586710928e+01
-4.655999999999999517e+01 -8.149785494014292908e+01
-4.607999999999999829e+01 -8.119093344819054892e+01
-4.560000000000000142e+01 -8.088761750155595109e+01
-4.511999999999999744e+01 -8.101125251696659291e+01
-4.464000000000000057e+01 -8.120978323954760469e+01
-4.415999999999999659e+01 -8.110771951195474117e+01
-4.367999999999999972e+01 -8.057352050522014508e+01
-4.319999999999999574e+01 -8.008792201595447580e+01
-4.271999999999999886e+01 -8.032496014414549279e+01
-4.223999999999999488e+01 -8.016557660526902396e+01
-4.175999999999999801e+01 -8.003016719730720752e+01
-4.128000000000000114e+01 -8.015598859193136150e+01
-4.079999999999999716e+01 -8.020743290886721866e+01
-4.032000000000000028e+01 -8.017510022047923712e+01
-3.983999999999999631e+01 -8.021147412307671232e+01
-3.935999999999999943e+01 -7.992126611519965707e+01
-3.887999999999999545e+01 -7.987829804820282220e+01
-3.839999999999999858e+01 -7.975675505608391802e+01
-3.792000000000000171e+01 -7.953049425637020420e+01
-3.743999999999999773e+01 -7.888757740367654492e+01
-3.696000000000000085e+01 -7.859890083448473774e+01
-3.647999999999999687e+01 -7.810766342687840336e+01
-3.600000000000000000e+01 -7.825306038938356323e+01
-3.551999999999999602e+01 -7.802400084979358041e+01
-3.503999999999999915e+01 -7.767782418962998747e+01
-3.456000000000000227e+01 -7.753511330320775130e+01
-3.407999999999999829e+01 -7.733437760403863592e+01
-3.360000000000000142e+01 -7.733249616694880046e+01
-3.311999999999999744e+01 -7.722808198976585459e+01
-3.264000000000000057e+01 -7.706487981306149493e+01
-3.215999999999999659e+01 -7.696546935256345989e+01
-3.167999999999999972e+01 -7.711229221778900467e+01
-3.119999999999999929e+01 -7.721173908286323240e+01
-3.071999999999999886e+01 -7.698735243511600856e+01
-3.023999999999999844e+01 -7.651687552556064986e+01
-2.975999999999999801e+01 -7.596700835837168597e+01
-2.927999999999999758e+01 -7.544637136593463822e+01
-2.879999999999999716e+01 -7.498782554952879309e+01
-2.832000000000000028e+01 -7.440192328061566229e+01
-2.783999999999999986e+01 -7.433987207060778246e+01
-2.735999999999999943e+01 -7.427835877214893401e+01
-2.687999999999999901e+01 -7.412127477150720267e+01
-2.639999999999999858e+01 -7.391634062108177261e+01
-2.591999999999999815e+01 -7.363026672168614084e+01
-2.543999999999999773e+01 -7.345340803495923865e+01
-2.496000000000000085e+01 -7.311042015489354640e+01
-2.448000000000000043e+01 -7.266883107231886640e+01
-2.400000000000000000e+01 -7.243001396828780969e+01
-2.351999999999999957e+01 -7.235203005079677041e+01
-2.303999999999999915e+01 -7.220371284651893973e+01
-2.255999999999999872e+01 -7.215473260941941192e+01
-2.207999999999999829e+01 -7.197523615474746350e+01
-2.159999999999999787e+01 -7.164597569750841899e+01
-2.111999999999999744e+01 -7.109523170705598716e+01
-2.064000000000000057e+01 -7.028754257824471097e+01
-2.016000000000000014e+01 -6.950568033643411070e+01
-1.967999999999999972e+01 -6.859940312889030167e+01
-1.919999999999999929e+01 -6.785595946930644118e+01
-1.871999999999999886e+01 -6.735228022657399549e+01
-1.823999999999999844e+01 -6.706202200564709415e+01
-1.775999999999999801e+01 -6.666404410896898014e+01
-1.728000000000000114e+01 -6.602320401097156832e+01
-1.680000000000000071e+01 -6.568612311167429141e+01
-1.632000000000000028e+01 -6.577803009035186221e+01
-1.583999999999999986e+01 -6.614122008102002326e+01
-1.535999999999999943e+01 -6.635461016293758973e+01
-1.487999999999999901e+01 -6.610605602266799963e+01
-1.439999999999999858e+01 -6.588483804032324542e+01
-1.391999999999999993e+01 -6.539916825235155784e+01
-1.343999999999999950e+01 -6.515898603359570984e+01
-1.295999999999999908e+01 -6.471402564305572014e+01
-1.248000000000000043e+01 -6.417030137955403291e+01
-1.200000000000000000e+01 -6.250282115494159285e+01
-1.151999999999999957e+01 -6.006766550941012639e+01
-1.103999999999999915e+01 -5.709623245437329331e+01
-1.055999999999999872e+01 -5.029714673443771744e+01
-1.008000000000000007e+01 -3.388299548626712010e+01
-9.599999999999999645e+00 -2.556890730683289803e+01
-9.119999999999999218e+00 -2.294898349365906753e+01
-8.640000000000000568e+00 -2.273946717979494281e+01
-8.160000000000000142e+00 -2.273440758401531170e+01
-7.679999999999999716e+00 -2.255799447404208280e+01
-7.199999999999999289e+00 -2.246207125722850151e+01
-6.719999999999999751e+00 -2.263191859409440454e+01
-6.240000000000000213e+00 -2.258802960850153596e+01
-5.759999999999999787e+00 -2.242011314174927605e+01
-5.279999999999999361e+00 -2.243406209817646157e+01
-4.799999999999999822e+00 -2.241287512225218492e+01
-4.320000000000000284e+00 -2.258768009000080212e+01
-3.839999999999999858e+00 -2.267714213957911795e+01
-3.359999999999999876e+00 -2.267179691648961892e+01
-2.879999999999999893e+00 -2.266941546159183929e+01
-2.399999999999999911e+00 -2.255364053261562773e+01
-1.919999999999999929e+00 -2.258908960660349408e+01
-1.439999999999999947e+00 -2.255512378966154330e+01
-9.599999999999999645e-01 -2.248350116658734521e+01
-4.799999999999999822e-01 -2.258646285453389879e+01
0.000000000000000000e+00 -2.262699367142364437e+01
4.799999999999999822e-01 -2.239827683837322425e+01
9.599999999999999645e-01 -2.202362236182205635e+01
1.439999999999999947e+00 -2.238271263961681967e+01
1.919999999999999929e+00 -2.273936604922708327e+01
2.399999999999999911e+00 -2.250837027103061416e+01
2.879999999999999893e+00 -2.233775862067849260e+01
3.359999999999999876e+00 -2.218202499565664709e+01
3.839999999999999858e+00 -2.242887987666406246e+01
4.320000000000000284e+00 -2.274173991073181611e+01
4.799999999999999822e+00 -2.269085699177951199e+01
5.279999999999999361e+00 -2.258959025553089361e+01
5.759999999999999787e+00 -2.261026063904224870e+01
6.240000000000000213e+00 -2.271670116294058772e+01
6.719999999999999751e+00 -2.266715986524626203e+01
7.199999999999999289e+00 -2.255162419816624819e+01
7.679999999999999716e+00 -2.275538436554371202e+01
8.160000000000000142e+00 -2.271429715300094898e+01
8.640000000000000568e+00 -2.263583798605510822e+01
9.119999999999999218e+00 -2.296283299186001159e+01
9.599999999999999645e+00 -2.565738962220368435e+01
1.008000000000000007e+01 -3.408790161974599187e+01
1.055999999999999872e+01 -5.030835657105952663e+01
1.103999999999999915e+01 -5.673520723692664802e+01
1.151999999999999957e+01 -6.011166509648113987e+01
1.200000000000000000e+01 -6.289236894449779669e+01
1.248000000000000043e+01 -6.387312445376692693e+01
1.295999999999999908e+01 -6.423847244543634361e+01
1.343999999999999950e+01 -6.470510519604630417e+01
1.391999999999999993e+01 -6.555514772232164944e+01
1.439999999999999858e+01 -6.628202296296652207e+01
1.487999999999999901e+01 -6.666492066281259099e+01
1.535999999999999943e+01 -6.690104684623109677e+01
1.583999999999999986e+01 -6.652791726032661757e+01
1.632000000000000028e+01 -6.599222665837763202e+01
1.680000000000000071e+01 -6.573129032283927131e+01
1.728000000000000114e+01 -6.601284507451637751e+01
1.775999999999999801e+01 -6.665165657542442545e+01
1.823999999999999844e+01 -6.732147032651623419e+01
1.871999999999999886e+01 -6.789115293326980805e+01
1.919999999999999929e+01 -6.857004399234983794e+01
1.967999999999999972e+01 -6.941091087345289168e+01
2.016000000000000014e+01 -7.057329686262551149e+01
2.064000000000000057e+01 -7.149173371802946519e+01
2.111999999999999744e+01 -7.222831481782853302e+01
2.159999999999999787e+01 -7.315605388646440588e+01
2.207999999999999829e+01 -7.380139259530756135e+01
2.255999999999999872e+01 -7.393912255067067463e+01
2.303999999999999915e+01 -7.378656911090331505e+01
2.351999999999999957e+01 -7.348602110783207308e+01
2.400000000000000000e+01 -7.331984614184592886e+01
2.448000000000000043e+01 -7.317726291707140263e+01
2.496000000000000085e+01 -7.320568994318470857e+01
2.543999999999999773e+01 -7.347459354674688825e+01
2.591999999999999815e+01 -7.371446059427110242e+01
2.639999999999999858e+01 -7.427346072244284869e+01
2.687999999999999901e+01 -7.466667605812793340e+01
2.735999999999999943e+01 -7.507073958782117984e+01
2.783999999999999986e+01 -7.577435101473875534e+01
2.832000000000000028e+01 -7.605722247439666717e+01
2.879999999999999716e+01 -7.644766465954491252e+01
2.927999999999999758e+01 -7.704153662995778973e+01
2.975999999999999801e+01 -7.733954057347150979e+01
3.023999999999999844e+01 -7.782860271499262694e+01
3.071999999999999886e+01 -7.818296086529858258e+01
3.119999999999999929e+01 -7.835132206079211414e+01
3.167999999999999972e+01 -7.846166788460341479e+01
3.215999999999999659e+01 -7.854490532875750830e+01
3.264000000000000057e+01 -7.868802911308331716e+01
3.311999999999999744e+01 -7.851189276126117988e+01
3.360000000000000142e+01 -7.838999502800919572e+01
3.407999999999999829e+01 -7.834158339805591709e+01
3.456000000000000227e+01 -7.842986275553231224e+01
3.503999999999999915e+01 -7.834614353059579628e+01
3.551999999999999602e+01 -7.824079659994768576e+01
3.600000000000000000e+01 -7.872967649284191793e+01
3.647999999999999687e+01 -7.918806145789928053e+01
3.696000000000000085e+01 -7.959415652480299741e+01
3.743999999999999773e+01 -8.006392107901095301e+01
3.792000000000000171e+01 -8.027757178199667010e+01
3.839999999999999858e+01 -8.049425533982386582e+01
3.887999999999999545e+01 -8.092269705878004515e+01
3.935999999999999943e+01 -8.101530082407906264e+01
3.983999999999999631e+01 -8.114753608391589523e+01
4.032000000000000028e+01 -8.130252802023190384e+01
4.079999999999999716e+01 -8.148569691961733952e+01
4.128000000000000114e+01 -8.168406536465619183e+01
4.175999999999999801e+01 -8.175552530336011614e+01
4.223999999999999488e+01 -8.151050073025206189e+01
4.271999999999999886e+01 -8.122522455276767062e+01
4.319999999999999574e+01 -8.090203640516867267e+01
4.367999999999999972e+01 -8.099856467009431071e+01
4.415999999999999659e+01 -8.128129001604341397e+01
4.464000000000000057e+01 -8.147762378522985216e+01
4.511999999999999744e+01 -8.154422158283993838e+01
4.560000000000000142e+01 -8.170025384004486568e+01
4.607999999999999829e+01 -8.212048522509113013e+01
4.655999999999999517e+01 -8.267490285369177627e+01
4.703999999999999915e+01 -8.271806392271028585e+01
4.751999999999999602e+01 -8.292807645756526824e+01
4.800000000000000000e+01 -8.288266583327045112e+01
4.847999999999999687e+01 -8.291759624629924019e+01
4.896000000000000085e+01 -8.316319596478565757e+01
4.943999999999999773e+01 -8.317385036185653746e+01
4.992000000000000171e+01 -8.332176609729147287e+01
5.039999999999999858e+01 -8.378342911144812888e+01
5.087999999999999545e+01 -8.378045175729533867e+01
5.135999999999999943e+01 -8.355714848643958703e+01
5.183999999999999631e+01 -8.378938098761443598e+01
5.232000000000000028e+01 -8.387425449338604722e+01
5.279999999999999716e+01 -8.372559296060020984e+01
5.328000000000000114e+01 -8.365039074651356543e+01
5.375999999999999801e+01 -8.403136942949583954e+01
5.423999999999999488e+01 -8.430441704026669925e+01
5.471999999999999886e+01 -8.434591533501804861e+01
5.519999999999999574e+01 -8.415650132731465760e+01
5.567999999999999972e+01 -8.424449826976790234e+01
5.615999999999999659e+01 -8.439872429439409984e+01
5.664000000000000057e+01 -8.427416618516272706e+01
5.711999999999999744e+01 -8.459027509182828908e+01
5.759999999999999432e+01 -8.494692280931732853e+01
5.807999999999999829e+01 -8.489297866821050320e+01
5.855999999999999517e+01 -8.486695875090524055e+01
5.903999999999999915e+01 -8.483866947991020879e+01
5.951999999999999602e+01 -8.488453215857795442e+01
6.000000000000000000e+01 -8.525781025076291542e+01
6.047999999999999687e+01 -8.545114326495279045e+01
6.096000000000000085e+01 -8.533067878833206521e+01
6.143999999999999773e+01 -8.536558972072496942e+01
6.191999999999999460e+01 -8.530146123265319602e+01
6.239999999999999858e+01 -8.507751278644312265e+01
6.287999999999999545e+01 -8.506665107489452282e+01
6.335999999999999943e+01 -8.549300917276869427e+01
6.383999999999999631e+01 -8.535180971270875716e+01
6.431999999999999318e+01 -8.505115466297220905e+01
6.479999999999999716e+01 -8.508326927429111208e+01
6.528000000000000114e+01 -8.513890021254445628e+01
6.575999999999999091e+01 -8.545978610516331742e+01
6.623999999999999488e+01 -8.560596044802436211e+01
6.671999999999999886e+01 -8.568163508315191734e+01
6.720000000000000284e+01 -8.592984561203215321e+01
6.767999999999999261e+01 -8.617374384552766742e+01
6.815999999999999659e+01 -8.608734550207023517e+01
6.864000000000000057e+01 -8.619100347034843423e+01
6.912000000000000455e+01 -8.608014740815437449e+01
6.959999999999999432e+01 -8.603381449504547618e+01
7.007999999999999829e+01 -8.603706241901450369e+01
7.056000000000000227e+01 -8.599832848018168363e+01
7.103999999999999204e+01 -8.587758460568464614e+01
7.151999999999999602e+01 -8.592887749862653379e+01
7.200000000000000000e+01 -8.610298924118494313e+01
7.248000000000000398e+01 -8.614125231402324800e+01
7.295999999999999375e+01 -8.605634602562400914e+01
7.343999999999999773e+01 -8.600565488528786773e+01
7.392000000000000171e+01 -8.626019835887331055e+01
7.439999999999999147e+01 -8.644278336754707937e+01
7.487999999999999545e+01 -8.626654974585811431e+01
7.535999999999999943e+01 -8.637350541605391641e+01
7.584000000000000341e+01 -8.663848640529936063e+01
7.631999999999999318e+01 -8.671069312416256025e+01
7.679999999999999716e+01 -8.657927245288010454e+01
7.728000000000000114e+01 -8.657129651529579917e+01
7.775999999999999091e+01 -8.661134658965855238e+01
7.823999999999999488e+01 -8.665112490352174746e+01
7.871999999999999886e+01 -8.660935386122494606e+01
7.920000000000000284e+01 -8.646327998654628288e+01
7.967999999999999261e+01 -8.649510367382004006e+01
8.015999999999999659e+01 -8.645159727832120211e+01
8.064000000000000057e+01 -8.640206935169047142e+01
8.111999999999999034e+01 -8.666946852604689866e+01
8.159999999999999432e+01 -8.709326763597161403e+01
8.207999999999999829e+01 -8.696097810607287215e+01
8.256000000000000227e+01 -8.655751416181855973e+01
8.303999999999999204e+01 -8.640594172283157093e+01
8.351999999999999602e+01 -8.645966550708286036e+01
8.400000000000000000e+01 -8.645714974587309598e+01
8.447999999999998977e+01 -8.661545860805236430e+01
8.495999999999999375e+01 -8.703539266171867439e+01
8.543999999999999773e+01 -8.688083544976970529e+01
8.592000000000000171e+01 -8.690620207067111380e+01
8.639999999999999147e+01 -8.696044318015553642e+01
8.687999999999999545e+01 -8.715742431144781222e+01
8.735999999999999943e+01 -8.725904844250662507e+01
8.784000000000000341e+01 -8.740270705308083166e+01
8.831999999999999318e+01 -8.724186046112011184e+01
8.879999999999999716e+01 -8.693960640526996997e+01
8.928000000000000114e+01 -8.687519876073992009e+01
8.975999999999999091e+01 -8.673124175456419493e+01
9.023999999999999488e+01 -8.706182760160272949e+01
9.071999999999999886e+01 -8.718744802851902875e+01
9.120000000000000284e+01 -8.698114756375574075e+01
9.167999999999999261e+01 -8.701923324693113670e+01
9.215999999999999659e+01 -8.709276294150369324e+01
9.264000000000000057e+01 -8.719058808324243159e+01
9.311999999999999034e+01 -8.738468400453822937e+01
9.359999999999999432e+01 -8.730428923326995516e+01
9.407999999999999829e+01 -8.730909006058048760e+01
9.456000000000000227e+01 -8.743788252817580542e+01
9.503999999999999204e+01 -8.744696571249883732e+01
9.551999999999999602e+01 -8.759894551908845983e+01
9.600000000000000000e+01 -8.765475372112837249e+01
9.647999999999998977e+01 -8.732360827874427400e+01
9.695999999999999375e+01 -8.725903609927885896e+01
9.743999999999999773e+01 -8.732573395761740187e+01
9.792000000000000171e+01 -8.705619223018530306e+01
9.839999999999999147e+01 -8.714053455216024702e+01
9.887999999999999545e+01 -8.726331451159575181e+01
9.935999999999999943e+01 -8.730431679670745382e+01
9.984000000000000341e+01 -8.722696188570677123e+01
1.003199999999999932e+02 -8.718688209288778523e+01
1.007999999999999972e+02 -8.757757235510956662e+01
1.012800000000000011e+02 -8.790694960362304755e+01
1.017599999999999909e+02 -8.810165787562981166e+01
1.022399999999999949e+02 -8.824199430587120219e+01
1.027199999999999989e+02 -8.833470273782145910e+01
1.032000000000000028e+02 -8.861908874521819257e+01
1.036799999999999926e+02 -8.911422680463047641e+01
1.041599999999999966e+02 -8.946285493340778316e+01
1.046400000000000006e+02 -8.971687031946936486e+01
1.051199999999999903e+02 -9.019244204525479347e+01
1.055999999999999943e+02 -9.100316709748575761e+01
1.060799999999999983e+02 -9.108113413884120746e+01
1.065600000000000023e+02 -9.171610049757391891e+01
1.070399999999999920e+02 -9.292566493706209485e+01
1.075199999999999960e+02 -9.385399700125998379e+01
1.080000000000000000e+02 -9.459894667704810445e+01
1.084799999999999898e+02 -9.535223323999873912e+01
1.089599999999999937e+02 -9.636710199676430477e+01
1.094399999999999977e+02 -9.744602296171932210e+01
1.099200000000000017e+02 -9.824353020576134554e+01
1.103999999999999915e+02 -9.924139760617694606e+01
1.108799999999999955e+02 -1.004281447898731017e+02
1.113599999999999994e+02 -1.010809244986293436e+02
1.118399999999999892e+02 -1.015795138381839990e+02
1.123199999999999932e+02 -1.024517023642095239e+02
1.127999999999999972e+02 -1.032989717587566645e+02
1.132800000000000011e+02 -1.035260597930709281e+02
1.137599999999999909e+02 -1.040838225021591086e+02
1.142399999999999949e+02 -1.041615887775155613e+02
1.147199999999999989e+02 -1.040562711462188616e+02
1.151999999999999886e+02 -1.039413945427784114e+02
1.156799999999999926e+02 -1.036780807617980003e+02
1.161599999999999966e+02 -1.033276277782395169e+02
1.166400000000000006e+02 -1.031784865912394054e+02
1.171199999999999903e+02 -1.032874016817960552e+02
1.175999999999999943e+02 -1.032028915302685164e+02
1.180799999999999983e+02 -1.031378179221787832e+02
1.185600000000000023e+02 -1.031200926832775764e+02
1.190399999999999920e+02 -1.032018433465952398e+02
1.195199999999999960e+02 -1.033170548816866301e+02
1.200000000000000000e+02 -1.034093524722439383e+02
1.204799999999999898e+02 -1.034237311015324536e+02
1.209599999999999937e+02 -1.032024503750343740e+02
1.214399999999999977e+02 -1.028763146934891068e+02
1.219200000000000017e+02 -1.023136710822306696e+02
1.223999999999999915e+02 -1.014231086417827328e+02
