-1.228799999999999892e-01 -7.517446534430709448e+01
-1.223999999999999949e-01 -7.606242350812571829e+01
-1.219199999999999867e-01 -7.679772170194668490e+01
-1.214399999999999924e-01 -7.729833067518509893e+01
-1.209599999999999842e-01 -7.817218184464149999e+01
-1.204799999999999899e-01 -7.892709098726312789e+01
-1.199999999999999956e-01 -7.932093423464739601e+01
-1.195199999999999874e-01 -7.935529052663849825e+01
-1.190399999999999930e-01 -7.925789269722764629e+01
-1.185599999999999848e-01 -7.875890969695274180e+01
-1.180799999999999905e-01 -7.767700667728232133e+01
-1.175999999999999962e-01 -7.662985143301013125e+01
-1.171199999999999880e-01 -7.610231624407619222e+01
-1.166399999999999937e-01 -7.548447423836917380e+01
-1.161599999999999855e-01 -7.496281676179484066e+01
-1.156799999999999912e-01 -7.472997681831057548e+01
-1.151999999999999968e-01 -7.469282720152044419e+01
-1.147199999999999886e-01 -7.484926153797555060e+01
-1.142399999999999943e-01 -7.489127662249929074e+01
-1.137599999999999861e-01 -7.537363694409538084e+01
-1.132799999999999918e-01 -7.604811559707454194e+01
-1.127999999999999836e-01 -7.669975433765247885e+01
-1.123199999999999893e-01 -7.698565389921833457e+01
-1.118399999999999950e-01 -7.707613578201767268e+01
-1.113599999999999868e-01 -7.655436582724924222e+01
-1.108799999999999925e-01 -7.538621375600958174e+01
-1.103999999999999843e-01 -7.387156765362665567e+01
-1.099199999999999899e-01 -7.238283152845875179e+01
-1.094399999999999956e-01 -7.159569603519165071e+01
-1.089599999999999874e-01 -7.087231103184124947e+01
-1.084799999999999931e-01 -6.991946394949802368e+01
-1.079999999999999849e-01 -6.895971923739617182e+01
-1.075199999999999906e-01 -6.828566422188680463e+01
-1.070399999999999963e-01 -6.752009303770140036e+01
-1.065599999999999881e-01 -6.720863267400996222e+01
-1.060799999999999937e-01 -6.679851617266506025e+01
-1.055999999999999855e-01 -6.625267911177331825e+01
-1.051199999999999912e-01 -6.586259553830367963e+01
-1.046399999999999969e-01 -6.526551410664930586e+01
-1.041599999999999887e-01 -6.459000143169132002e+01
-1.036799999999999944e-01 -6.413402587733165205e+01
-1.031999999999999862e-01 -6.421308628673385499e+01
-1.027199999999999919e-01 -6.422120860869316061e+01
-1.022399999999999975e-01 -6.365907793371963663e+01
-1.017599999999999894e-01 -6.341975670574388602e+01
-1.012799999999999950e-01 -6.325265298278000614e+01
-1.007999999999999868e-01 -6.297043843563874077e+01
-1.003199999999999925e-01 -6.278632768844990153e+01
-9.983999999999998431e-02 -6.253689369369573114e+01
-9.935999999999998999e-02 -6.269473752599698457e+01
-9.887999999999999567e-02 -6.271153631810580009e+01
-9.839999999999998748e-02 -6.263312114541775344e+01
-9.791999999999999316e-02 -6.297575872956159060e+01
-9.743999999999998496e-02 -6.293890030229447774e+01
-9.695999999999999064e-02 -6.301256103957534549e+01
-9.647999999999999632e-02 -6.295958809594449690e+01
-9.599999999999998812e-02 -6.279688742125274814e+01
-9.551999999999999380e-02 -6.270826806187197633e+01
-9.503999999999998560e-02 -6.228036933368813521e+01
-9.455999999999999128e-02 -6.208101347643359702e+01
-9.407999999999999696e-02 -6.219185889644059984e+01
-9.359999999999998876e-02 -6.237801034254587762e+01
-9.311999999999999444e-02 -6.211194226051533462e+01
-9.263999999999998625e-02 -6.217603106377254107e+01
-9.215999999999999193e-02 -6.223508701120729825e+01
-9.167999999999999761e-02 -6.204762910797869324e+01
-9.119999999999998941e-02 -6.222103568566911491e+01
-9.071999999999999509e-02 -6.208817588545911548e+01
-9.023999999999998689e-02 -6.177101352579867921e+01
-8.975999999999999257e-02 -6.170668858261947065e+01
-8.927999999999999825e-02 -6.186612049645365374e+01
-8.879999999999999005e-02 -6.212117858333513709e+01
-8.831999999999999573e-02 -6.186168371698185808e+01
-8.783999999999998753e-02 -6.179840110345983817e+01
-8.735999999999999321e-02 -6.189841399176464165e+01
-8.687999999999999889e-02 -6.192578566643607019e+01
-8.639999999999999070e-02 -6.154449140129954543e+01
-8.591999999999999638e-02 -6.136776608490832530e+01
-8.543999999999998818e-02 -6.150974507422604631e+01
-8.495999999999999386e-02 -6.153979102939533163e+01
-8.447999999999999954e-02 -6.150537524092992925e+01
-8.399999999999999134e-02 -6.155889137024662716e+01
-8.351999999999999702e-02 -6.149550329461131781e+01
-8.303999999999998882e-02 -6.157137404508864620e+01
-8.255999999999999450e-02 -6.138334158220190062e+01
-8.207999999999998630e-02 -6.157231426414475095e+01
-8.159999999999999198e-02 -6.149484737580274185e+01
-8.111999999999999766e-02 -6.148726495821347271e+01
-8.063999999999998947e-02 -6.127182187958120352e+01
-8.015999999999999515e-02 -6.126399703557017062e+01
-7.967999999999998695e-02 -6.137349833504815422e+01
-7.919999999999999263e-02 -6.145433697573669463e+01
-7.871999999999999831e-02 -6.125213803207063989e+01
-7.823999999999999011e-02 -6.110018325870338174e+01
-7.775999999999999579e-02 -6.101238072693278269e+01
-7.727999999999998759e-02 -6.077961533104907943e+01
-7.679999999999999327e-02 -6.112138567786934118e+01
-7.631999999999999895e-02 -6.112286512897749446e+01
-7.583999999999999075e-02 -6.094504785176368955e+01
-7.535999999999999643e-02 -6.107802496143748527e+01
-7.487999999999998824e-02 -6.096106207781512865e+01
-7.439999999999999392e-02 -6.081425837281820179e+01
-7.391999999999999960e-02 -6.086011910326216423e+01
-7.343999999999999140e-02 -6.085727353999779154e+01
-7.295999999999999708e-02 -6.087467265188167431e+01
-7.247999999999998888e-02 -6.088066754242780831e+01
-7.199999999999999456e-02 -6.085868135283870828e+01
-7.152000000000000024e-02 -6.099246852735902280e+01
-7.103999999999999204e-02 -6.107871152448603169e+01
-7.055999999999999772e-02 -6.127829220187531689e+01
-7.007999999999998952e-02 -6.108044165128176672e+01
-6.959999999999999520e-02 -6.098607227135534714e+01
-6.911999999999998701e-02 -6.058818111460853117e+01
-6.863999999999999269e-02 -6.032850779817589881e+01
-6.815999999999999837e-02 -6.018831459155192931e+01
-6.767999999999999017e-02 -6.013445151180849990e+01
-6.719999999999999585e-02 -6.027896518969176043e+01
-6.671999999999998765e-02 -6.022687786623406936e+01
-6.623999999999999333e-02 -6.009789590292650985e+01
-6.575999999999999901e-02 -5.986510845887860910e+01
-6.527999999999999081e-02 -5.997017897950357934e+01
-6.479999999999999649e-02 -6.010408407088200278e+01
-6.431999999999998829e-02 -6.002252230508957354e+01
-6.383999999999999397e-02 -6.004688949862946856e+01
-6.335999999999999965e-02 -5.959945730418874632e+01
-6.287999999999999146e-02 -5.953407063925800458e+01
-6.239999999999999714e-02 -5.975002687392068879e+01
-6.191999999999999588e-02 -5.949427561027753342e+01
-6.143999999999999462e-02 -5.952108437666333884e+01
-6.095999999999999336e-02 -5.951779257238912635e+01
-6.047999999999999210e-02 -5.933073044283869990e+01
-5.999999999999999778e-02 -5.910225836926375109e+01
-5.951999999999999652e-02 -5.891958340699902408e+01
-5.903999999999999526e-02 -5.920972902780982849e+01
-5.855999999999999400e-02 -5.935647872311846385e+01
-5.807999999999999274e-02 -5.936106665388098236e+01
-5.759999999999999842e-02 -5.925642893043541193e+01
-5.711999999999999716e-02 -5.930306214324558312e+01
-5.663999999999999591e-02 -5.920099051737355467e+01
-5.615999999999999465e-02 -5.890817013804308999e+01
-5.567999999999999339e-02 -5.872057645312803231e+01
-5.519999999999999213e-02 -5.860978530885375903e+01
-5.471999999999999781e-02 -5.848325727405077146e+01
-5.423999999999999655e-02 -5.846000595894870600e+01
-5.375999999999999529e-02 -5.864440722730729760e+01
-5.327999999999999403e-02 -5.859207103507556269e+01
-5.279999999999999277e-02 -5.822198855114432092e+01
-5.231999999999999845e-02 -5.808261944381581543e+01
-5.183999999999999719e-02 -5.827456904499023693e+01
-5.135999999999999593e-02 -5.848458200060765932e+01
-5.087999999999999468e-02 -5.802890269379619781e+01
-5.039999999999999342e-02 -5.781212550847457265e+01
-4.991999999999999216e-02 -5.785463927773783865e+01
-4.943999999999999784e-02 -5.765510846233524944e+01
-4.895999999999999658e-02 -5.762276288449516670e+01
-4.847999999999999532e-02 -5.745240973547959129e+01
-4.799999999999999406e-02 -5.729392869063164540e+01
-4.751999999999999280e-02 -5.725072577866374246e+01
-4.703999999999999848e-02 -5.712361384333438252e+01
-4.655999999999999722e-02 -5.683790058377251597e+01
-4.607999999999999596e-02 -5.649157014802892718e+01
-4.559999999999999470e-02 -5.631413190242178501e+01
-4.511999999999999345e-02 -5.640936111502183792e+01
-4.463999999999999913e-02 -5.652181033325584281e+01
-4.415999999999999787e-02 -5.622944395126886974e+01
-4.367999999999999661e-02 -5.591227051044707963e+01
-4.319999999999999535e-02 -5.572551463956324369e+01
-4.271999999999999409e-02 -5.604512553824741872e+01
-4.223999999999999977e-02 -5.573482211811116827e+01
-4.175999999999999851e-02 -5.525942632036012014e+01
-4.127999999999999725e-02 -5.520199200705882703e+01
-4.079999999999999599e-02 -5.529395675420200718e+01
-4.031999999999999473e-02 -5.540318659288799097e+01
-3.983999999999999347e-02 -5.531973513146802190e+01
-3.935999999999999915e-02 -5.494639639075671056e+01
-3.887999999999999790e-02 -5.488535990933135622e+01
-3.839999999999999664e-02 -5.496488051813840769e+01
-3.791999999999999538e-02 -5.487389037347386989e+01
-3.743999999999999412e-02 -5.458176657380502661e+01
-3.695999999999999980e-02 -5.437889434275257372e+01
-3.647999999999999854e-02 -5.420141799839693419e+01
-3.599999999999999728e-02 -5.418740369857444961e+01
-3.551999999999999602e-02 -5.371076517597742850e+01
-3.503999999999999476e-02 -5.314380878538556630e+01
-3.455999999999999350e-02 -5.302749221440116401e+01
-3.407999999999999918e-02 -5.278404327419285380e+01
-3.359999999999999792e-02 -5.253612087624468074e+01
-3.311999999999999666e-02 -5.239813167312882314e+01
-3.263999999999999541e-02 -5.228372392183401729e+01
-3.215999999999999415e-02 -5.204904846272820862e+01
-3.167999999999999983e-02 -5.199209887447657508e+01
-3.119999999999999857e-02 -5.189277913540262688e+01
-3.071999999999999731e-02 -5.163561013760414653e+01
-3.023999999999999605e-02 -5.124287832277164512e+01
-2.975999999999999826e-02 -5.107794428817636856e+01
-2.927999999999999700e-02 -5.085163586505571942e+01
-2.879999999999999921e-02 -5.036178060684625279e+01
-2.831999999999999795e-02 -4.947773483609691425e+01
-2.783999999999999669e-02 -4.944982605683499344e+01
-2.735999999999999890e-02 -5.003251861211565910e+01
-2.687999999999999765e-02 -5.007880819885190959e+01
-2.639999999999999639e-02 -4.971636210319068283e+01
-2.591999999999999860e-02 -4.929430017150008325e+01
-2.543999999999999734e-02 -4.919518628562478568e+01
-2.495999999999999608e-02 -4.912742052887658417e+01
-2.447999999999999829e-02 -4.884368791790816289e+01
-2.399999999999999703e-02 -4.818735929026566822e+01
-2.351999999999999924e-02 -4.732010468172131112e+01
-2.303999999999999798e-02 -4.606120872820297052e+01
-2.255999999999999672e-02 -4.530416199708329827e+01
-2.207999999999999893e-02 -4.499175243241363376e+01
-2.159999999999999767e-02 -4.464397838435065324e+01
-2.111999999999999988e-02 -4.444420494321293802e+01
-2.063999999999999863e-02 -4.438432773600096937e+01
-2.015999999999999737e-02 -4.443208973236502146e+01
-1.967999999999999958e-02 -4.397372350727052748e+01
-1.919999999999999832e-02 -4.363784498625059172e+01
-1.871999999999999706e-02 -4.365626100216618966e+01
-1.823999999999999927e-02 -4.357568097083693459e+01
-1.775999999999999801e-02 -4.372666326219260213e+01
-1.727999999999999675e-02 -4.344992230554743173e+01
-1.679999999999999896e-02 -4.310912917033712688e+01
-1.631999999999999770e-02 -4.250369302779943581e+01
-1.583999999999999991e-02 -4.143893673773718689e+01
-1.535999999999999865e-02 -4.060048290073360988e+01
-1.487999999999999913e-02 -3.953398080174536489e+01
-1.439999999999999961e-02 -3.895143349587469572e+01
-1.391999999999999835e-02 -3.885779449207345237e+01
-1.343999999999999882e-02 -3.921950653785011554e+01
-1.295999999999999930e-02 -3.900753038711268061e+01
-1.247999999999999804e-02 -3.819774186670104399e+01
-1.199999999999999852e-02 -3.602314767266874895e+01
-1.151999999999999899e-02 -3.325330298168539400e+01
-1.103999999999999947e-02 -3.010399098678514207e+01
-1.055999999999999994e-02 -2.132819548993809633e+01
-1.007999999999999868e-02 -3.921541334203646922e+00
-9.599999999999999159e-03 4.424969788667612036e+00
-9.119999999999999635e-03 7.042301100953702431e+00
-8.639999999999998376e-03 7.252469772743799226e+00
-8.159999999999998851e-03 7.260184921325717688e+00
-7.679999999999999327e-03 7.438851616735507655e+00
-7.199999999999999803e-03 7.537145750047152148e+00
-6.719999999999999411e-03 7.376780909324319069e+00
-6.239999999999999020e-03 7.423387946298211304e+00
-5.759999999999999495e-03 7.586401228702934318e+00
-5.279999999999999971e-03 7.569731585856401601e+00
-4.799999999999999580e-03 7.593130365388660152e+00
-4.319999999999999188e-03 7.401535964656499544e+00
-3.839999999999999664e-03 7.305372689902624117e+00
-3.359999999999999706e-03 7.309606243789153801e+00
-2.879999999999999748e-03 7.303985613941382127e+00
-2.399999999999999790e-03 7.423210690456063077e+00
-1.919999999999999832e-03 7.400004876973248713e+00
-1.439999999999999874e-03 7.417939690927535246e+00
-9.599999999999999159e-04 7.479645868205359704e+00
-4.799999999999999580e-04 7.373502486073288509e+00
0.000000000000000000e+00 7.318270223655551021e+00
4.799999999999999580e-04 7.533566458731892901e+00
9.599999999999999159e-04 7.913188498317183850e+00
1.439999999999999874e-03 7.563801817760000823e+00
1.919999999999999832e-03 7.207869968904606850e+00
2.399999999999999790e-03 7.430209950637964411e+00
2.879999999999999748e-03 7.595413872657317711e+00
3.359999999999999706e-03 7.752540628176428861e+00
3.839999999999999664e-03 7.510205434440190508e+00
4.319999999999999188e-03 7.204922551608303749e+00
4.799999999999999580e-03 7.261735341265406873e+00
5.279999999999999971e-03 7.362863173775872738e+00
5.759999999999999495e-03 7.360072700280215763e+00
6.239999999999999020e-03 7.269659441205012840e+00
6.719999999999999411e-03 7.325340773556528795e+00
7.199999999999999803e-03 7.444087878534806357e+00
7.679999999999999327e-03 7.238231778027325092e+00
8.159999999999998851e-03 7.286661579732004235e+00
8.639999999999998376e-03 7.372430606143288934e+00
9.119999999999999635e-03 7.047565565413860256e+00
9.599999999999999159e-03 4.335484688838625367e+00
1.007999999999999868e-02 -4.144753661026156166e+00
1.055999999999999994e-02 -2.144015933626379322e+01
1.103999999999999947e-02 -2.942924624788362920e+01
1.151999999999999899e-02 -3.279514120389548992e+01
1.199999999999999852e-02 -3.577234997187147059e+01
1.247999999999999804e-02 -3.779783517254476521e+01
1.295999999999999930e-02 -3.878373888897520061e+01
1.343999999999999882e-02 -3.903987461886137567e+01
1.391999999999999835e-02 -3.928086348654817073e+01
1.439999999999999961e-02 -3.960739732515718003e+01
1.487999999999999913e-02 -4.018874003386963523e+01
1.535999999999999865e-02 -4.114525300248195805e+01
1.583999999999999991e-02 -4.215338748900123989e+01
1.631999999999999770e-02 -4.299413822664853768e+01
1.679999999999999896e-02 -4.388645302850708418e+01
1.727999999999999675e-02 -4.430018989793308037e+01
1.775999999999999801e-02 -4.439242352538107639e+01
1.823999999999999927e-02 -4.421991407187110212e+01
1.871999999999999706e-02 -4.409220633990906180e+01
1.919999999999999832e-02 -4.412601936520285051e+01
1.967999999999999958e-02 -4.422274185041079164e+01
2.015999999999999737e-02 -4.450433414474871086e+01
2.063999999999999863e-02 -4.461004989510787766e+01
2.111999999999999988e-02 -4.497981502988847069e+01
2.159999999999999767e-02 -4.532711755978819923e+01
2.207999999999999893e-02 -4.548245983456549624e+01
2.255999999999999672e-02 -4.626109125396546062e+01
2.303999999999999798e-02 -4.687410246876374487e+01
2.351999999999999924e-02 -4.745765962384410130e+01
2.399999999999999703e-02 -4.849904183195697271e+01
2.447999999999999829e-02 -4.942146155313193390e+01
2.495999999999999608e-02 -5.004996112691556931e+01
2.543999999999999734e-02 -5.022874665148307827e+01
2.591999999999999860e-02 -5.009654940294389291e+01
2.639999999999999639e-02 -5.077040378766653816e+01
2.687999999999999765e-02 -5.149507926671620339e+01
2.735999999999999890e-02 -5.183114340951708243e+01
2.783999999999999669e-02 -5.182200406182721508e+01
2.831999999999999795e-02 -5.170992741418965011e+01
2.879999999999999921e-02 -5.248434403160744210e+01
2.927999999999999700e-02 -5.287272314675513485e+01
2.975999999999999826e-02 -5.297850930612759868e+01
3.023999999999999605e-02 -5.313206663546485231e+01
3.071999999999999731e-02 -5.332504068017002652e+01
3.119999999999999857e-02 -5.343262646406820693e+01
3.167999999999999983e-02 -5.332862188499946399e+01
3.215999999999999415e-02 -5.319717725205791226e+01
3.263999999999999541e-02 -5.361570276753753461e+01
3.311999999999999666e-02 -5.388121079801035762e+01
3.359999999999999792e-02 -5.390337809566914018e+01
3.407999999999999918e-02 -5.413980498538268904e+01
3.455999999999999350e-02 -5.420912766816715589e+01
3.503999999999999476e-02 -5.457866582030816005e+01
3.551999999999999602e-02 -5.470444809466906122e+01
3.599999999999999728e-02 -5.485330049495232174e+01
3.647999999999999854e-02 -5.520993893748733683e+01
3.695999999999999980e-02 -5.569860567713413957e+01
3.743999999999999412e-02 -5.582487842526990107e+01
3.791999999999999538e-02 -5.568591062448649609e+01
3.839999999999999664e-02 -5.562886811493481076e+01
3.887999999999999790e-02 -5.582857207988440962e+01
3.935999999999999915e-02 -5.612949384670081798e+01
3.983999999999999347e-02 -5.636953495176086193e+01
4.031999999999999473e-02 -5.656509595580885730e+01
4.079999999999999599e-02 -5.678610057247698251e+01
4.127999999999999725e-02 -5.694391936113566999e+01
4.175999999999999851e-02 -5.714000443770569859e+01
4.223999999999999977e-02 -5.730481478349808100e+01
4.271999999999999409e-02 -5.761499584967238263e+01
4.319999999999999535e-02 -5.743936357623503852e+01
4.367999999999999661e-02 -5.764085171217829640e+01
4.415999999999999787e-02 -5.783880902182281858e+01
4.463999999999999913e-02 -5.803653604577989000e+01
4.511999999999999345e-02 -5.800986012528048974e+01
4.559999999999999470e-02 -5.800529803073938240e+01
4.607999999999999596e-02 -5.809956148623467698e+01
4.655999999999999722e-02 -5.851723107080331943e+01
4.703999999999999848e-02 -5.858987715690943787e+01
4.751999999999999280e-02 -5.854931490439067687e+01
4.799999999999999406e-02 -5.872820079926863457e+01
4.847999999999999532e-02 -5.866971617410931827e+01
4.895999999999999658e-02 -5.851413009701428791e+01
4.943999999999999784e-02 -5.838395192705605297e+01
4.991999999999999216e-02 -5.874257172102471714e+01
5.039999999999999342e-02 -5.902662704362417401e+01
5.087999999999999468e-02 -5.888143362109290280e+01
5.135999999999999593e-02 -5.891686943275287547e+01
5.183999999999999719e-02 -5.915683272655798675e+01
5.231999999999999845e-02 -5.933207207654572102e+01
5.279999999999999277e-02 -5.945395162371440279e+01
5.327999999999999403e-02 -5.941868041451476756e+01
5.375999999999999529e-02 -5.944246061884448551e+01
5.423999999999999655e-02 -5.973452955427276123e+01
5.471999999999999781e-02 -6.031936541072404623e+01
5.519999999999999213e-02 -6.041999501873763734e+01
5.567999999999999339e-02 -6.036795538824690510e+01
5.615999999999999465e-02 -6.086462628603090508e+01
5.663999999999999591e-02 -6.108519164931304601e+01
5.711999999999999716e-02 -6.103756957701645547e+01
5.759999999999999842e-02 -6.103598919086423535e+01
5.807999999999999274e-02 -6.115149654928926282e+01
5.855999999999999400e-02 -6.082538405478757682e+01
5.903999999999999526e-02 -6.084019275847520447e+01
5.951999999999999652e-02 -6.138083015724443925e+01
5.999999999999999778e-02 -6.177888613742862844e+01
6.047999999999999210e-02 -6.129688407605991074e+01
6.095999999999999336e-02 -6.086211192165346517e+01
6.143999999999999462e-02 -6.094527695453181337e+01
6.191999999999999588e-02 -6.096364497520747250e+01
6.239999999999999714e-02 -6.077727922717980391e+01
6.287999999999999146e-02 -6.112526541813338810e+01
6.335999999999999965e-02 -6.110484592730432496e+01
6.383999999999999397e-02 -6.086937308423087956e+01
6.431999999999998829e-02 -6.083483200850587735e+01
6.479999999999999649e-02 -6.110399779379886098e+01
6.527999999999999081e-02 -6.155666234927178948e+01
6.575999999999999901e-02 -6.163932567717462518e+01
6.623999999999999333e-02 -6.176917043162730181e+01
6.671999999999998765e-02 -6.166211168834786349e+01
6.719999999999999585e-02 -6.179696319818543060e+01
6.767999999999999017e-02 -6.206117332778467954e+01
6.815999999999999837e-02 -6.225182389452412224e+01
6.863999999999999269e-02 -6.226514221236827495e+01
6.911999999999998701e-02 -6.223958866587444305e+01
6.959999999999999520e-02 -6.211186593587996896e+01
7.007999999999998952e-02 -6.229378632726515264e+01
7.055999999999999772e-02 -6.275633264954586110e+01
7.103999999999999204e-02 -6.266870489592904647e+01
7.152000000000000024e-02 -6.254740046830014677e+01
7.199999999999999456e-02 -6.233548527248782278e+01
7.247999999999998888e-02 -6.242411756553067903e+01
7.295999999999999708e-02 -6.252651911725634193e+01
7.343999999999999140e-02 -6.252694460388656239e+01
7.391999999999999960e-02 -6.249099154925979605e+01
7.439999999999999392e-02 -6.257046780630403049e+01
7.487999999999998824e-02 -6.258420921727410757e+01
7.535999999999999643e-02 -6.251224923942791634e+01
7.583999999999999075e-02 -6.237590839714006563e+01
7.631999999999999895e-02 -6.238873416909795822e+01
7.679999999999999327e-02 -6.256346963476731560e+01
7.727999999999998759e-02 -6.299552500123019882e+01
7.775999999999999579e-02 -6.311343250491037793e+01
7.823999999999999011e-02 -6.276907516178293633e+01
7.871999999999999831e-02 -6.246811579009597892e+01
7.919999999999999263e-02 -6.261885479815227029e+01
7.967999999999998695e-02 -6.293719038556454137e+01
8.015999999999999515e-02 -6.290693389584595252e+01
8.063999999999998947e-02 -6.297896537625456403e+01
8.111999999999999766e-02 -6.299092825194018985e+01
8.159999999999999198e-02 -6.298397916428364596e+01
8.207999999999998630e-02 -6.335381136165387517e+01
8.255999999999999450e-02 -6.345791731987169726e+01
8.303999999999998882e-02 -6.326366286303045428e+01
8.351999999999999702e-02 -6.305845805925362413e+01
8.399999999999999134e-02 -6.300176655331851805e+01
8.447999999999999954e-02 -6.284663025622548105e+01
8.495999999999999386e-02 -6.287961981335223527e+01
8.543999999999998818e-02 -6.333357309486282816e+01
8.591999999999999638e-02 -6.326072733954609362e+01
8.639999999999999070e-02 -6.310640171653548691e+01
8.687999999999999889e-02 -6.333109740181015468e+01
8.735999999999999321e-02 -6.327904006562980044e+01
8.783999999999998753e-02 -6.322448428345438742e+01
8.831999999999999573e-02 -6.331143161527846530e+01
8.879999999999999005e-02 -6.348410402184401846e+01
8.927999999999999825e-02 -6.352870704533724933e+01
8.975999999999999257e-02 -6.359696875944641192e+01
9.023999999999998689e-02 -6.366304132630014578e+01
9.071999999999999509e-02 -6.336789774817786736e+01
9.119999999999998941e-02 -6.320443389450390015e+01
9.167999999999999761e-02 -6.319928012782384030e+01
9.215999999999999193e-02 -6.331616635980203256e+01
9.263999999999998625e-02 -6.325472676721481236e+01
9.311999999999999444e-02 -6.339403641944738155e+01
9.359999999999998876e-02 -6.364864946520282274e+01
9.407999999999999696e-02 -6.383253911324727881e+01
9.455999999999999128e-02 -6.386962868708274499e+01
9.503999999999998560e-02 -6.379528621265844635e+01
9.551999999999999380e-02 -6.396025402830183992e+01
9.599999999999998812e-02 -6.394147763659916706e+01
9.647999999999999632e-02 -6.381909070643477122e+01
9.695999999999999064e-02 -6.375997377639035335e+01
9.743999999999998496e-02 -6.379786219561780314e+01
9.791999999999999316e-02 -6.334477278686996016e+01
9.839999999999998748e-02 -6.326896779227837442e+01
9.887999999999999567e-02 -6.356723115425818094e+01
9.935999999999998999e-02 -6.356704601334159577e+01
9.983999999999998431e-02 -6.346446038972509740e+01
1.003199999999999925e-01 -6.326586496622304878e+01
1.007999999999999868e-01 -6.357072128562363389e+01
1.012799999999999950e-01 -6.377733946027493772e+01
1.017599999999999894e-01 -6.409448755598999981e+01
1.022399999999999975e-01 -6.437889843743080576e+01
1.027199999999999919e-01 -6.423055485916452767e+01
1.031999999999999862e-01 -6.446720963554835748e+01
1.036799999999999944e-01 -6.497260764161359248e+01
1.041599999999999887e-01 -6.500548252361843993e+01
1.046399999999999969e-01 -6.550827735171158395e+01
1.051199999999999912e-01 -6.614266206547623028e+01
1.055999999999999855e-01 -6.633896171765020711e+01
1.060799999999999937e-01 -6.675481645979368750e+01
1.065599999999999881e-01 -6.751416684837137439e+01
1.070399999999999963e-01 -6.819439112909211076e+01
1.075199999999999906e-01 -6.897464884806444729e+01
1.079999999999999849e-01 -6.978939862368142144e+01
1.084799999999999931e-01 -7.091626426081253953e+01
1.089599999999999874e-01 -7.174752448272957395e+01
1.094399999999999956e-01 -7.249581285354237536e+01
1.099199999999999899e-01 -7.359169748121476573e+01
1.103999999999999843e-01 -7.446669213365130702e+01
1.108799999999999925e-01 -7.541748736111900087e+01
1.113599999999999868e-01 -7.594521460245351818e+01
1.118399999999999950e-01 -7.601912777127085974e+01
1.123199999999999893e-01 -7.612669669290386310e+01
1.127999999999999836e-01 -7.600260198212529872e+01
1.132799999999999918e-01 -7.565397045168263901e+01
1.137599999999999861e-01 -7.556696341084131063e+01
1.142399999999999943e-01 -7.597303994201065791e+01
1.147199999999999886e-01 -7.590362986245190768e+01
1.151999999999999968e-01 -7.613492335452122006e+01
1.156799999999999912e-01 -7.638334637272491534e+01
1.161599999999999855e-01 -7.670233431333426211e+01
1.166399999999999937e-01 -7.720327992454402022e+01
1.171199999999999880e-01 -7.774929770675475993e+01
1.175999999999999962e-01 -7.788905827093623202e+01
1.180799999999999905e-01 -7.786192206472119892e+01
1.185599999999999848e-01 -7.807780990497641938e+01
1.190399999999999930e-01 -7.812396699503649700e+01
1.195199999999999874e-01 -7.770095267657319482e+01
1.199999999999999956e-01 -7.704653438329222581e+01
1.204799999999999899e-01 -7.649318855907125680e+01
1.209599999999999842e-01 -7.625598603595383906e+01
1.214399999999999924e-01 -7.608927638581205599e+01
1.219199999999999867e-01 -7.591793765441263986e+01
1.223999999999999949e-01 -7.581624064596449841e+01
