-1.228799999999999955e+02 -9.999433757361059349e+01
-1.223999999999999915e+02 -1.005795164061363920e+02
-1.219200000000000017e+02 -1.007492074046203925e+02
-1.214399999999999977e+02 -1.009252028163184320e+02
-1.209599999999999937e+02 -1.013037830256540417e+02
-1.204799999999999898e+02 -1.019211089075690069e+02
-1.200000000000000000e+02 -1.025166456521087923e+02
-1.195199999999999960e+02 -1.028288944484063734e+02
-1.190399999999999920e+02 -1.034377694754163457e+02
-1.185600000000000023e+02 -1.038190058429348142e+02
-1.180799999999999983e+02 -1.036593423137572927e+02
-1.175999999999999943e+02 -1.038118911863679728e+02
-1.171199999999999903e+02 -1.035818067560710460e+02
-1.166400000000000006e+02 -1.033352509708872162e+02
-1.161599999999999966e+02 -1.033772095338120636e+02
-1.156799999999999926e+02 -1.034004456312162290e+02
-1.151999999999999886e+02 -1.034040366603160237e+02
-1.147199999999999989e+02 -1.034832937017279875e+02
-1.142399999999999949e+02 -1.033507672362094212e+02
-1.137599999999999909e+02 -1.029479030277287279e+02
-1.132800000000000011e+02 -1.026466898925453961e+02
-1.127999999999999972e+02 -1.023935957608843381e+02
-1.123199999999999932e+02 -1.020712199913485847e+02
-1.118399999999999892e+02 -1.017293141027047199e+02
-1.113599999999999994e+02 -1.012213382358067406e+02
-1.108799999999999955e+02 -1.005880076477851190e+02
-1.103999999999999915e+02 -9.942246987059473895e+01
-1.099200000000000017e+02 -9.841246176667306145e+01
-1.094399999999999977e+02 -9.725190386355490091e+01
-1.089599999999999937e+02 -9.621853869959494432e+01
-1.084799999999999898e+02 -9.513551943405627753e+01
-1.080000000000000000e+02 -9.392752935642997159e+01
-1.075199999999999960e+02 -9.291320494805007968e+01
-1.070399999999999920e+02 -9.205856843466649764e+01
-1.065600000000000023e+02 -9.162759007512204334e+01
-1.060799999999999983e+02 -9.134630073751688428e+01
-1.055999999999999943e+02 -9.069140557758494481e+01
-1.051199999999999903e+02 -9.005515298690053783e+01
-1.046400000000000006e+02 -8.940968891770837956e+01
-1.041599999999999966e+02 -8.869813237138826878e+01
-1.036799999999999926e+02 -8.828227889316478638e+01
-1.032000000000000028e+02 -8.837842281801984257e+01
-1.027199999999999989e+02 -8.851413201080369220e+01
-1.022399999999999949e+02 -8.792870398334832771e+01
-1.017599999999999909e+02 -8.769658985766571391e+01
-1.012800000000000011e+02 -8.757291066534492074e+01
-1.007999999999999972e+02 -8.722524856266539928e+01
-1.003199999999999932e+02 -8.707920920753866767e+01
-9.984000000000000341e+01 -8.691684508593476721e+01
-9.935999999999999943e+01 -8.698812859930031038e+01
-9.887999999999999545e+01 -8.679561911465954438e+01
-9.839999999999999147e+01 -8.660719804647008857e+01
-9.792000000000000171e+01 -8.689896843326562248e+01
-9.743999999999999773e+01 -8.673849656921743190e+01
-9.695999999999999375e+01 -8.681904826513856221e+01
-9.647999999999998977e+01 -8.698612222686853102e+01
-9.600000000000000000e+01 -8.696199370027258624e+01
-9.551999999999999602e+01 -8.685334248211502484e+01
-9.503999999999999204e+01 -8.647126739106028026e+01
-9.456000000000000227e+01 -8.641018855140566757e+01
-9.407999999999999829e+01 -8.655760035553637977e+01
-9.359999999999999432e+01 -8.666197671638934708e+01
-9.311999999999999034e+01 -8.640653136629421738e+01
-9.264000000000000057e+01 -8.650239019335243995e+01
-9.215999999999999659e+01 -8.634841254989540005e+01
-9.167999999999999261e+01 -8.607457286425231757e+01
-9.120000000000000284e+01 -8.622704018016844429e+01
-9.071999999999999886e+01 -8.610590152875518299e+01
-9.023999999999999488e+01 -8.584026731230336793e+01
-8.975999999999999091e+01 -8.573926803610271463e+01
-8.928000000000000114e+01 -8.595566604868287186e+01
-8.879999999999999716e+01 -8.627533414893821373e+01
-8.831999999999999318e+01 -8.601622329164106873e+01
-8.784000000000000341e+01 -8.578625705707716520e+01
-8.735999999999999943e+01 -8.596910635541676982e+01
-8.687999999999999545e+01 -8.606381712978537735e+01
-8.639999999999999147e+01 -8.567919917639444805e+01
-8.592000000000000171e+01 -8.552619724259133704e+01
-8.543999999999999773e+01 -8.567479305833033720e+01
-8.495999999999999375e+01 -8.562791210180277801e+01
-8.447999999999998977e+01 -8.555475495877550429e+01
-8.400000000000000000e+01 -8.549570377718097802e+01
-8.351999999999999602e+01 -8.534998798660046759e+01
-8.303999999999999204e+01 -8.541812124505429438e+01
-8.256000000000000227e+01 -8.534515069585404490e+01
-8.207999999999999829e+01 -8.558705708491331166e+01
-8.159999999999999432e+01 -8.562353795358612274e+01
-8.111999999999999034e+01 -8.571538561427831837e+01
-8.064000000000000057e+01 -8.549344661042570692e+01
-8.015999999999999659e+01 -8.535579432029513214e+01
-7.967999999999999261e+01 -8.558370981176418013e+01
-7.920000000000000284e+01 -8.546961908317294387e+01
-7.871999999999999886e+01 -8.523169284696319892e+01
-7.823999999999999488e+01 -8.504267279215792996e+01
-7.775999999999999091e+01 -8.504300349732304198e+01
-7.728000000000000114e+01 -8.507493633417416845e+01
-7.679999999999999716e+01 -8.518124802804946682e+01
-7.631999999999999318e+01 -8.486379629394532742e+01
-7.584000000000000341e+01 -8.487585980524977458e+01
-7.535999999999999943e+01 -8.506529078463967153e+01
-7.487999999999999545e+01 -8.496078955286580481e+01
-7.439999999999999147e+01 -8.485593614093426140e+01
-7.392000000000000171e+01 -8.485034218130685701e+01
-7.343999999999999773e+01 -8.495688913400279318e+01
-7.295999999999999375e+01 -8.516977781724835950e+01
-7.248000000000000398e+01 -8.515802934079908937e+01
-7.200000000000000000e+01 -8.500278891524531844e+01
-7.151999999999999602e+01 -8.511851392374185821e+01
-7.103999999999999204e+01 -8.493741771633010273e+01
-7.056000000000000227e+01 -8.505224297221930385e+01
-7.007999999999999829e+01 -8.481080858390681954e+01
-6.959999999999999432e+01 -8.478720386032682654e+01
-6.912000000000000455e+01 -8.465572684099547018e+01
-6.864000000000000057e+01 -8.446393553777676289e+01
-6.815999999999999659e+01 -8.434713554502982902e+01
-6.767999999999999261e+01 -8.451524990838200324e+01
-6.720000000000000284e+01 -8.480580279001844701e+01
-6.671999999999999886e+01 -8.476690095079860043e+01
-6.623999999999999488e+01 -8.461762133659355811e+01
-6.575999999999999091e+01 -8.435963813234523911e+01
-6.528000000000000114e+01 -8.419867972060143302e+01
-6.479999999999999716e+01 -8.411951027932943248e+01
-6.431999999999999318e+01 -8.403067739059567032e+01
-6.383999999999999631e+01 -8.409802723226341925e+01
-6.335999999999999943e+01 -8.374194061113340126e+01
-6.287999999999999545e+01 -8.391528263852491420e+01
-6.239999999999999858e+01 -8.413285180046619871e+01
-6.191999999999999460e+01 -8.389540283739123083e+01
-6.143999999999999773e+01 -8.396882885402213503e+01
-6.096000000000000085e+01 -8.376179131921702492e+01
-6.047999999999999687e+01 -8.346333298144199375e+01
-6.000000000000000000e+01 -8.321178155706141411e+01
-5.951999999999999602e+01 -8.304178011502607148e+01
-5.903999999999999915e+01 -8.338458140134811458e+01
-5.855999999999999517e+01 -8.345568440283079781e+01
-5.807999999999999829e+01 -8.353177176123615766e+01
-5.759999999999999432e+01 -8.353883870797642430e+01
-5.711999999999999744e+01 -8.340905884153215766e+01
-5.664000000000000057e+01 -8.326576103307674259e+01
-5.615999999999999659e+01 -8.312476168336627325e+01
-5.567999999999999972e+01 -8.298498988208523031e+01
-5.519999999999999574e+01 -8.279054625763068032e+01
-5.471999999999999886e+01 -8.269364514154545986e+01
-5.423999999999999488e+01 -8.284260816421110007e+01
-5.375999999999999801e+01 -8.287839296745879381e+01
-5.328000000000000114e+01 -8.296239123202299481e+01
-5.279999999999999716e+01 -8.291925862224124444e+01
-5.232000000000000028e+01 -8.274778597616426623e+01
-5.183999999999999631e+01 -8.264894464762333826e+01
-5.135999999999999943e+01 -8.264335243426997124e+01
-5.087999999999999545e+01 -8.243137100127572126e+01
-5.039999999999999858e+01 -8.212194500536517694e+01
-4.992000000000000171e+01 -8.208036852437912501e+01
-4.943999999999999773e+01 -8.198506478939590636e+01
-4.896000000000000085e+01 -8.201882447870248427e+01
-4.847999999999999687e+01 -8.206297074336022490e+01
-4.800000000000000000e+01 -8.198451543538234887e+01
-4.751999999999999602e+01 -8.197304346087049964e+01
-4.703999999999999915e+01 -8.172222562153309866e+01
-4.655999999999999517e+01 -8.162312972773608521e+01
-4.607999999999999829e+01 -8.127789205049887755e+01
-4.560000000000000142e+01 -8.082936342947824926e+01
-4.511999999999999744e+01 -8.081763762987566224e+01
-4.464000000000000057e+01 -8.087391202954849234e+01
-4.415999999999999659e+01 -8.056676568474438227e+01
-4.367999999999999972e+01 -8.025862853986218681e+01
-4.319999999999999574e+01 -7.985930056730099125e+01
-4.271999999999999886e+01 -8.026158715276872613e+01
-4.223999999999999488e+01 -8.024776351506761785e+01
-4.175999999999999801e+01 -7.986490830307899103e+01
-4.128000000000000114e+01 -7.986659203773707816e+01
-4.079999999999999716e+01 -8.009639851619468232e+01
-4.032000000000000028e+01 -8.005372661952129931e+01
-3.983999999999999631e+01 -7.994980583598345447e+01
-3.935999999999999943e+01 -7.962043318210808707e+01
-3.887999999999999545e+01 -7.954566421701299817e+01
-3.839999999999999858e+01 -7.966690229117328670e+01
-3.792000000000000171e+01 -7.947503275188286409e+01
-3.743999999999999773e+01 -7.898248702393513554e+01
-3.696000000000000085e+01 -7.865432465327594969e+01
-3.647999999999999687e+01 -7.808604809284653925e+01
-3.600000000000000000e+01 -7.803335469577947947e+01
-3.551999999999999602e+01 -7.776291963105202854e+01
-3.503999999999999915e+01 -7.750753921749829090e+01
-3.456000000000000227e+01 -7.733032806527579339e+01
-3.407999999999999829e+01 -7.714369914637414638e+01
-3.360000000000000142e+01 -7.702664416476396525e+01
-3.311999999999999744e+01 -7.669895165026684936e+01
-3.264000000000000057e+01 -7.669486263559024053e+01
-3.215999999999999659e+01 -7.675502693220184369e+01
-3.167999999999999972e+01 -7.683400688793130939e+01
-3.119999999999999929e+01 -7.701512912209574324e+01
-3.071999999999999886e+01 -7.692198927971909939e+01
-3.023999999999999844e+01 -7.640490316546079441e+01
-2.975999999999999801e+01 -7.595251419231921375e+01
-2.927999999999999758e+01 -7.555794729043805091e+01
-2.879999999999999716e+01 -7.505929651285883608e+01
-2.832000000000000028e+01 -7.447981546477673476e+01
-2.783999999999999986e+01 -7.429440485203458877e+01
-2.735999999999999943e+01 -7.418951674534633867e+01
-2.687999999999999901e+01 -7.404096029739255869e+01
-2.639999999999999858e+01 -7.386874614175421527e+01
-2.591999999999999815e+01 -7.350747875186550573e+01
-2.543999999999999773e+01 -7.318258524448692981e+01
-2.496000000000000085e+01 -7.276235650022421453e+01
-2.448000000000000043e+01 -7.227907267133097946e+01
-2.400000000000000000e+01 -7.190061293866911285e+01
-2.351999999999999957e+01 -7.167909193507638577e+01
-2.303999999999999915e+01 -7.157968703784851527e+01
-2.255999999999999872e+01 -7.154834163784792622e+01
-2.207999999999999829e+01 -7.153168895026752239e+01
-2.159999999999999787e+01 -7.135752897781894433e+01
-2.111999999999999744e+01 -7.095140105727557511e+01
-2.064000000000000057e+01 -7.037865983838719330e+01
-2.016000000000000014e+01 -6.970788579046364930e+01
-1.967999999999999972e+01 -6.878808538114390103e+01
-1.919999999999999929e+01 -6.795873065036872163e+01
-1.871999999999999886e+01 -6.739480724862863781e+01
-1.823999999999999844e+01 -6.696221587871281145e+01
-1.775999999999999801e+01 -6.647224586319265427e+01
-1.728000000000000114e+01 -6.574684921647272517e+01
-1.680000000000000071e+01 -6.539330809560949831e+01
-1.632000000000000028e+01 -6.539854493442352634e+01
-1.583999999999999986e+01 -6.572027942921398846e+01
-1.535999999999999943e+01 -6.601124424599386487e+01
-1.487999999999999901e+01 -6.591096527935950178e+01
-1.439999999999999858e+01 -6.588270940969084677e+01
-1.391999999999999993e+01 -6.557316477710664060e+01
-1.343999999999999950e+01 -6.540933955977557446e+01
-1.295999999999999908e+01 -6.488450555743197867e+01
-1.248000000000000043e+01 -6.410322918132915504e+01
-1.200000000000000000e+01 -6.228891483083436498e+01
-1.151999999999999957e+01 -5.981737449290654496e+01
-1.103999999999999915e+01 -5.688432500843109096e+01
-1.055999999999999872e+01 -5.019334249786216162e+01
-1.008000000000000007e+01 -3.380877726133218175e+01
-9.599999999999999645e+00 -2.549579404613443501e+01
-9.119999999999999218e+00 -2.287823535404958619e+01
-8.640000000000000568e+00 -2.267229253246016185e+01
-8.160000000000000142e+00 -2.267052029167448524e+01
-7.679999999999999716e+00 -2.249609405901300363e+01
-7.199999999999999289e+00 -2.240101295650218560e+01
-6.719999999999999751e+00 -2.257132345139376639e+01
-6.240000000000000213e+00 -2.252706402706984434e+01
-5.759999999999999787e+00 -2.235771081833271268e+01
-5.279999999999999361e+00 -2.237077840644177229e+01
-4.799999999999999822e+00 -2.234803766249546797e+01
-4.320000000000000284e+00 -2.252142157542680323e+01
-3.839999999999999858e+00 -2.261020404154017172e+01
-3.359999999999999876e+00 -2.260503845353912666e+01
-2.879999999999999893e+00 -2.260233693645635000e+01
-2.399999999999999911e+00 -2.248620378312623558e+01
-1.919999999999999929e+00 -2.252179258549642782e+01
-1.439999999999999947e+00 -2.248830571229457576e+01
-9.599999999999999645e-01 -2.241735451887969077e+01
-4.799999999999999822e-01 -2.252109614805867466e+01
0.000000000000000000e+00 -2.256246112321150576e+01
4.799999999999999822e-01 -2.233453079775397043e+01
9.599999999999999645e-01 -2.195948839980744083e+01
1.439999999999999947e+00 -2.231783967597905161e+01
1.919999999999999929e+00 -2.267428339076936084e+01
2.399999999999999911e+00 -2.244303596747801777e+01
2.879999999999999893e+00 -2.227251677438607658e+01
3.359999999999999876e+00 -2.211652460514057594e+01
3.839999999999999858e+00 -2.236369103885703424e+01
4.320000000000000284e+00 -2.267755720046436352e+01
4.799999999999999822e+00 -2.262808882158491386e+01
5.279999999999999361e+00 -2.252885997847449673e+01
5.759999999999999787e+00 -2.255081538826509657e+01
6.240000000000000213e+00 -2.265777835566804299e+01
6.719999999999999751e+00 -2.260895153830854909e+01
7.199999999999999289e+00 -2.249360735236354714e+01
7.679999999999999716e+00 -2.269641868927203632e+01
8.160000000000000142e+00 -2.265346015854154871e+01
8.640000000000000568e+00 -2.257230981627095900e+01
9.119999999999999218e+00 -2.289601779662120151e+01
9.599999999999999645e+00 -2.558835147193570947e+01
1.008000000000000007e+01 -3.401576662019111552e+01
1.055999999999999872e+01 -5.018310499969564376e+01
1.103999999999999915e+01 -5.650866247759957872e+01
1.151999999999999957e+01 -5.982442525114679199e+01
1.200000000000000000e+01 -6.266105666289668363e+01
1.248000000000000043e+01 -6.394642514136865685e+01
1.295999999999999908e+01 -6.456118063296435139e+01
1.343999999999999950e+01 -6.510382343260187099e+01
1.391999999999999993e+01 -6.592928043117397863e+01
1.439999999999999858e+01 -6.645218173155100772e+01
1.487999999999999901e+01 -6.657218354012171346e+01
1.535999999999999943e+01 -6.659528759662676123e+01
1.583999999999999986e+01 -6.613101956935528847e+01
1.632000000000000028e+01 -6.556194760868434912e+01
1.680000000000000071e+01 -6.526578950306975457e+01
1.728000000000000114e+01 -6.561132254771939643e+01
1.775999999999999801e+01 -6.644478142493872497e+01
1.823999999999999844e+01 -6.724193685363778172e+01
1.871999999999999886e+01 -6.793359069807497974e+01
1.919999999999999929e+01 -6.874810836093880084e+01
1.967999999999999972e+01 -6.966508068865474002e+01
2.016000000000000014e+01 -7.080572376623509001e+01
2.064000000000000057e+01 -7.160916176717064729e+01
2.111999999999999744e+01 -7.212443711333743579e+01
2.159999999999999787e+01 -7.285337414623784014e+01
2.207999999999999829e+01 -7.330232527937296538e+01
2.255999999999999872e+01 -7.330890094686397163e+01
2.303999999999999915e+01 -7.306644787998656909e+01
2.351999999999999957e+01 -7.283712050799259430e+01
2.400000000000000000e+01 -7.280111882473161700e+01
2.448000000000000043e+01 -7.279821067546637892e+01
2.496000000000000085e+01 -7.290476383059994703e+01
2.543999999999999773e+01 -7.322691458914394502e+01
2.591999999999999815e+01 -7.350827831303024595e+01
2.639999999999999858e+01 -7.403555903423145423e+01
2.687999999999999901e+01 -7.458788988941168441e+01
2.735999999999999943e+01 -7.510467866073989285e+01
2.783999999999999986e+01 -7.586130792211342566e+01
2.832000000000000028e+01 -7.618499294632866281e+01
2.879999999999999716e+01 -7.662389703802764984e+01
2.927999999999999758e+01 -7.720503878251929564e+01
2.975999999999999801e+01 -7.758735955728921851e+01
3.023999999999999844e+01 -7.785940191228567642e+01
3.071999999999999886e+01 -7.803919015185093144e+01
3.119999999999999929e+01 -7.815858311657211743e+01
3.167999999999999972e+01 -7.811322271265696315e+01
3.215999999999999659e+01 -7.798399814612132275e+01
3.264000000000000057e+01 -7.813773922976557174e+01
3.311999999999999744e+01 -7.820341259219847529e+01
3.360000000000000142e+01 -7.811016008711867187e+01
3.407999999999999829e+01 -7.813443192550064964e+01
3.456000000000000227e+01 -7.829328877301432499e+01
3.503999999999999915e+01 -7.841580690829383116e+01
3.551999999999999602e+01 -7.834143137590730532e+01
3.600000000000000000e+01 -7.856130820053488151e+01
3.647999999999999687e+01 -7.907520252914891046e+01
3.696000000000000085e+01 -7.976789124083674665e+01
3.743999999999999773e+01 -8.028291840533222512e+01
3.792000000000000171e+01 -8.046348698765046947e+01
3.839999999999999858e+01 -8.048324825553916639e+01
3.887999999999999545e+01 -8.068556901109296575e+01
3.935999999999999943e+01 -8.083633827824758100e+01
3.983999999999999631e+01 -8.094667006283160049e+01
4.032000000000000028e+01 -8.118467057565408140e+01
4.079999999999999716e+01 -8.140406856779647171e+01
4.128000000000000114e+01 -8.160133472319650139e+01
4.175999999999999801e+01 -8.171092066181188329e+01
4.223999999999999488e+01 -8.166741565939693714e+01
4.271999999999999886e+01 -8.131276694640042990e+01
4.319999999999999574e+01 -8.061609149275932396e+01
4.367999999999999972e+01 -8.074962527762581033e+01
4.415999999999999659e+01 -8.123495265379715136e+01
4.464000000000000057e+01 -8.161975556993320424e+01
4.511999999999999744e+01 -8.159489852839851665e+01
4.560000000000000142e+01 -8.163769534562676711e+01
4.607999999999999829e+01 -8.204987079622931390e+01
4.655999999999999517e+01 -8.247309581083118246e+01
4.703999999999999915e+01 -8.261155580767280071e+01
4.751999999999999602e+01 -8.265119501284425496e+01
4.800000000000000000e+01 -8.272997629610426884e+01
4.847999999999999687e+01 -8.292538931027627314e+01
4.896000000000000085e+01 -8.300402018527680070e+01
4.943999999999999773e+01 -8.294617729189583599e+01
4.992000000000000171e+01 -8.344709347863967253e+01
5.039999999999999858e+01 -8.395325754377738292e+01
5.087999999999999545e+01 -8.356914963569545307e+01
5.135999999999999943e+01 -8.347148877347699170e+01
5.183999999999999631e+01 -8.371844912065847666e+01
5.232000000000000028e+01 -8.354425598759041804e+01
5.279999999999999716e+01 -8.344132837173387429e+01
5.328000000000000114e+01 -8.374007943416957289e+01
5.375999999999999801e+01 -8.392070696221303194e+01
5.423999999999999488e+01 -8.389144069166715667e+01
5.471999999999999886e+01 -8.397162472996113536e+01
5.519999999999999574e+01 -8.388774715549214989e+01
5.567999999999999972e+01 -8.389832447597441956e+01
5.615999999999999659e+01 -8.408446345794429533e+01
5.664000000000000057e+01 -8.423109476408927776e+01
5.711999999999999744e+01 -8.445086683969913111e+01
5.759999999999999432e+01 -8.455416807509310217e+01
5.807999999999999829e+01 -8.468717526947347096e+01
5.855999999999999517e+01 -8.465067832321912533e+01
5.903999999999999915e+01 -8.470311382005215251e+01
5.951999999999999602e+01 -8.504927153227575332e+01
6.000000000000000000e+01 -8.522467128992202845e+01
6.047999999999999687e+01 -8.508124027244072352e+01
6.096000000000000085e+01 -8.490426068981537355e+01
6.143999999999999773e+01 -8.482144322496944255e+01
6.191999999999999460e+01 -8.503622940811769126e+01
6.239999999999999858e+01 -8.511951248464788478e+01
6.287999999999999545e+01 -8.521516368217739057e+01
6.335999999999999943e+01 -8.522276869596440463e+01
6.383999999999999631e+01 -8.523868286437860320e+01
6.431999999999999318e+01 -8.524497357513043028e+01
6.479999999999999716e+01 -8.514348445192993609e+01
6.528000000000000114e+01 -8.538401737100471678e+01
6.575999999999999091e+01 -8.557392145881178180e+01
6.623999999999999488e+01 -8.573208898765744834e+01
6.671999999999999886e+01 -8.558877249366145179e+01
6.720000000000000284e+01 -8.569316883817609209e+01
6.767999999999999261e+01 -8.592852713298296408e+01
6.815999999999999659e+01 -8.617067020334468452e+01
6.864000000000000057e+01 -8.621541212581055902e+01
6.912000000000000455e+01 -8.597255227641235820e+01
6.959999999999999432e+01 -8.572556393889107085e+01
7.007999999999999829e+01 -8.581581663831619267e+01
7.056000000000000227e+01 -8.602336215450442580e+01
7.103999999999999204e+01 -8.600628186538381215e+01
7.151999999999999602e+01 -8.588027698421362288e+01
7.200000000000000000e+01 -8.575411407453776746e+01
7.248000000000000398e+01 -8.588303723739880979e+01
7.295999999999999375e+01 -8.619309518514684498e+01
7.343999999999999773e+01 -8.646952496857819881e+01
7.392000000000000171e+01 -8.654223083365764069e+01
7.439999999999999147e+01 -8.622801174006110614e+01
7.487999999999999545e+01 -8.605985147930076096e+01
7.535999999999999943e+01 -8.631285902140126609e+01
7.584000000000000341e+01 -8.636805055754629734e+01
7.631999999999999318e+01 -8.641431780589687150e+01
7.679999999999999716e+01 -8.659741482860908945e+01
7.728000000000000114e+01 -8.688278829589661711e+01
7.775999999999999091e+01 -8.676372259165718503e+01
7.823999999999999488e+01 -8.663031207181569471e+01
7.871999999999999886e+01 -8.638728885186893081e+01
7.920000000000000284e+01 -8.644718307724831163e+01
7.967999999999999261e+01 -8.657348759637571334e+01
8.015999999999999659e+01 -8.648764113348556748e+01
8.064000000000000057e+01 -8.662132000041484048e+01
8.111999999999999034e+01 -8.678664889373054336e+01
8.159999999999999432e+01 -8.676742608320849115e+01
8.207999999999999829e+01 -8.707550743097598911e+01
8.256000000000000227e+01 -8.685813285604659484e+01
8.303999999999999204e+01 -8.648798569886031373e+01
8.351999999999999602e+01 -8.647912144189436390e+01
8.400000000000000000e+01 -8.657222505148352809e+01
8.447999999999998977e+01 -8.647608757172839944e+01
8.495999999999999375e+01 -8.648918748363611542e+01
8.543999999999999773e+01 -8.694641280906299130e+01
8.592000000000000171e+01 -8.705375002469607182e+01
8.639999999999999147e+01 -8.700348790043427982e+01
8.687999999999999545e+01 -8.724929645766145825e+01
8.735999999999999943e+01 -8.718901348360871850e+01
8.784000000000000341e+01 -8.716858680928864089e+01
8.831999999999999318e+01 -8.720427126208322477e+01
8.879999999999999716e+01 -8.706772505865730238e+01
8.928000000000000114e+01 -8.699578738327274152e+01
8.975999999999999091e+01 -8.703061060051982167e+01
9.023999999999999488e+01 -8.740972936782222291e+01
9.071999999999999886e+01 -8.728452816271817483e+01
9.120000000000000284e+01 -8.696412138994517704e+01
9.167999999999999261e+01 -8.691530903450340872e+01
9.215999999999999659e+01 -8.698184085456240666e+01
9.264000000000000057e+01 -8.689577413176624532e+01
9.311999999999999034e+01 -8.714894462216997795e+01
9.359999999999999432e+01 -8.735335880165058597e+01
9.407999999999999829e+01 -8.744055621434327463e+01
9.456000000000000227e+01 -8.745951563260859984e+01
9.503999999999999204e+01 -8.741832151559773934e+01
9.551999999999999602e+01 -8.770384742668295530e+01
9.600000000000000000e+01 -8.763508421937471837e+01
9.647999999999998977e+01 -8.745865532193113268e+01
9.695999999999999375e+01 -8.731733322752633342e+01
9.743999999999999773e+01 -8.728203218383960404e+01
9.792000000000000171e+01 -8.693748387104389508e+01
9.839999999999999147e+01 -8.693321892352145142e+01
9.887999999999999545e+01 -8.723959750396650747e+01
9.935999999999999943e+01 -8.731828012483970269e+01
9.984000000000000341e+01 -8.741566272774350921e+01
1.003199999999999932e+02 -8.730959441526303522e+01
1.007999999999999972e+02 -8.745967223008952374e+01
1.012800000000000011e+02 -8.749880419171006452e+01
1.017599999999999909e+02 -8.786232434791742207e+01
1.022399999999999949e+02 -8.827175602626205375e+01
1.027199999999999989e+02 -8.835993390266222036e+01
1.032000000000000028e+02 -8.851676256332794424e+01
1.036799999999999926e+02 -8.883154268355116301e+01
1.041599999999999966e+02 -8.899381325845232027e+01
1.046400000000000006e+02 -8.950185537329775798e+01
1.051199999999999903e+02 -9.023676794873834694e+01
1.055999999999999943e+02 -9.079809991055066121e+01
1.060799999999999983e+02 -9.126657768109501490e+01
1.065600000000000023e+02 -9.202376020012509628e+01
1.070399999999999920e+02 -9.293134764389915858e+01
1.075199999999999960e+02 -9.392502562906194896e+01
1.080000000000000000e+02 -9.481789111919815127e+01
1.084799999999999898e+02 -9.574041095421073067e+01
1.089599999999999937e+02 -9.650390190468064588e+01
1.094399999999999977e+02 -9.758726905068797919e+01
1.099200000000000017e+02 -9.882841207193108346e+01
1.103999999999999915e+02 -9.950760023954171629e+01
1.108799999999999955e+02 -1.002674220815091530e+02
1.113599999999999994e+02 -1.010075997428542109e+02
1.118399999999999892e+02 -1.015929461965349674e+02
1.123199999999999932e+02 -1.018498605295532258e+02
1.127999999999999972e+02 -1.023570662373627727e+02
1.132800000000000011e+02 -1.031014996472953555e+02
1.137599999999999909e+02 -1.039177356704182671e+02
1.142399999999999949e+02 -1.041046893541920895e+02
1.147199999999999989e+02 -1.038953475237413926e+02
1.151999999999999886e+02 -1.039597092218237009e+02
1.156799999999999926e+02 -1.037141666855707172e+02
1.161599999999999966e+02 -1.032777956637273888e+02
1.166400000000000006e+02 -1.026532572158070593e+02
1.171199999999999903e+02 -1.025463794199875736e+02
1.175999999999999943e+02 -1.025919560451034585e+02
1.180799999999999983e+02 -1.027461444964632875e+02
1.185600000000000023e+02 -1.029342672204231235e+02
1.190399999999999920e+02 -1.031144006629955214e+02
1.195199999999999960e+02 -1.030879588967459171e+02
1.200000000000000000e+02 -1.033177028831845803e+02
1.204799999999999898e+02 -1.031059436812060142e+02
1.209599999999999937e+02 -1.027769553537615650e+02
1.214399999999999977e+02 -1.022091788608292262e+02
1.219200000000000017e+02 -1.016782516002901389e+02
1.223999999999999915e+02 -1.008810172559960279e+02
