-1.228799999999999892e-01 -7.353887051691617671e+01
-1.223999999999999949e-01 -7.467801862955261072e+01
-1.219199999999999867e-01 -7.593117306413608958e+01
-1.214399999999999924e-01 -7.663344235581108421e+01
-1.209599999999999842e-01 -7.774955963382892321e+01
-1.204799999999999899e-01 -7.838747318798598940e+01
-1.199999999999999956e-01 -7.872959978287931904e+01
-1.195199999999999874e-01 -7.880042536650189788e+01
-1.190399999999999930e-01 -7.852029212776471923e+01
-1.185599999999999848e-01 -7.785946644868830901e+01
-1.180799999999999905e-01 -7.667482049652531373e+01
-1.175999999999999962e-01 -7.549066886675532828e+01
-1.171199999999999880e-01 -7.495281398069727175e+01
-1.166399999999999937e-01 -7.435688791775409356e+01
-1.161599999999999855e-01 -7.374553872372773355e+01
-1.156799999999999912e-01 -7.342735524948218995e+01
-1.151999999999999968e-01 -7.343153901778902082e+01
-1.147199999999999886e-01 -7.343917766122228841e+01
-1.142399999999999943e-01 -7.350252412222820908e+01
-1.137599999999999861e-01 -7.439918775759051073e+01
-1.132799999999999918e-01 -7.520636613843082330e+01
-1.127999999999999836e-01 -7.577982492937893255e+01
-1.123199999999999893e-01 -7.619943983611229044e+01
-1.118399999999999950e-01 -7.620068862512836461e+01
-1.113599999999999868e-01 -7.592932006540718248e+01
-1.108799999999999925e-01 -7.518135059447328672e+01
-1.103999999999999843e-01 -7.390848019692629123e+01
-1.099199999999999899e-01 -7.206707435680473850e+01
-1.094399999999999956e-01 -7.075727099226534733e+01
-1.089599999999999874e-01 -7.001516706908626020e+01
-1.084799999999999931e-01 -6.941619892475203812e+01
-1.079999999999999849e-01 -6.899509565012485268e+01
-1.075199999999999906e-01 -6.820339210151527709e+01
-1.070399999999999963e-01 -6.714836345918092775e+01
-1.065599999999999881e-01 -6.666596082574349680e+01
-1.060799999999999937e-01 -6.628215339191423539e+01
-1.055999999999999855e-01 -6.600163561010757007e+01
-1.051199999999999912e-01 -6.551927269462409242e+01
-1.046399999999999969e-01 -6.488528801586588202e+01
-1.041599999999999887e-01 -6.458703306813438871e+01
-1.036799999999999944e-01 -6.424076394911004684e+01
-1.031999999999999862e-01 -6.363268910714545967e+01
-1.027199999999999919e-01 -6.341099148901680138e+01
-1.022399999999999975e-01 -6.331091396075564148e+01
-1.017599999999999894e-01 -6.331030153058670606e+01
-1.012799999999999950e-01 -6.312025176767686929e+01
-1.007999999999999868e-01 -6.272107955075333763e+01
-1.003199999999999925e-01 -6.256429907174742766e+01
-9.983999999999998431e-02 -6.239686408876765711e+01
-9.935999999999998999e-02 -6.253631672590888257e+01
-9.887999999999999567e-02 -6.263533904929663265e+01
-9.839999999999998748e-02 -6.277791261216327712e+01
-9.791999999999999316e-02 -6.301880156911988706e+01
-9.743999999999998496e-02 -6.277602755654335454e+01
-9.695999999999999064e-02 -6.263464687679729792e+01
-9.647999999999999632e-02 -6.271478292707357838e+01
-9.599999999999998812e-02 -6.247961627808238205e+01
-9.551999999999999380e-02 -6.219427285603255484e+01
-9.503999999999998560e-02 -6.207582428004507591e+01
-9.455999999999999128e-02 -6.229281082377144685e+01
-9.407999999999999696e-02 -6.215816787055133119e+01
-9.359999999999998876e-02 -6.188109269838587778e+01
-9.311999999999999444e-02 -6.181591165228648777e+01
-9.263999999999998625e-02 -6.182280267575480082e+01
-9.215999999999999193e-02 -6.177127966495523026e+01
-9.167999999999999761e-02 -6.163155885815196200e+01
-9.119999999999998941e-02 -6.164224732843749877e+01
-9.071999999999999509e-02 -6.163590736578701978e+01
-9.023999999999998689e-02 -6.178220717161298126e+01
-8.975999999999999257e-02 -6.179801180910597935e+01
-8.927999999999999825e-02 -6.173986857091044556e+01
-8.879999999999999005e-02 -6.197967604513867457e+01
-8.831999999999999573e-02 -6.201208382847465117e+01
-8.783999999999998753e-02 -6.180907350862612049e+01
-8.735999999999999321e-02 -6.163946116348504489e+01
-8.687999999999999889e-02 -6.187746338758412179e+01
-8.639999999999999070e-02 -6.186861689432275568e+01
-8.591999999999999638e-02 -6.138019151442218657e+01
-8.543999999999998818e-02 -6.133010923298876094e+01
-8.495999999999999386e-02 -6.127247217862228013e+01
-8.447999999999999954e-02 -6.114650093349891335e+01
-8.399999999999999134e-02 -6.136647203547595097e+01
-8.351999999999999702e-02 -6.139999144141001608e+01
-8.303999999999998882e-02 -6.142839259417280573e+01
-8.255999999999999450e-02 -6.143022737968180991e+01
-8.207999999999998630e-02 -6.141017741808668262e+01
-8.159999999999999198e-02 -6.136216137381136804e+01
-8.111999999999999766e-02 -6.100745154569494133e+01
-8.063999999999998947e-02 -6.076208885988130248e+01
-8.015999999999999515e-02 -6.093638202816449478e+01
-7.967999999999998695e-02 -6.120542238731295726e+01
-7.919999999999999263e-02 -6.115154857233004293e+01
-7.871999999999999831e-02 -6.101985332567615927e+01
-7.823999999999999011e-02 -6.095309092455487132e+01
-7.775999999999999579e-02 -6.100153422925118463e+01
-7.727999999999998759e-02 -6.090284284279378824e+01
-7.679999999999999327e-02 -6.088317795140216049e+01
-7.631999999999999895e-02 -6.081478916036479632e+01
-7.583999999999999075e-02 -6.075361768197394952e+01
-7.535999999999999643e-02 -6.080380998034903683e+01
-7.487999999999998824e-02 -6.109624042976313518e+01
-7.439999999999999392e-02 -6.096685676536809240e+01
-7.391999999999999960e-02 -6.065374187800507144e+01
-7.343999999999999140e-02 -6.064642899815869725e+01
-7.295999999999999708e-02 -6.065952238629844828e+01
-7.247999999999998888e-02 -6.057894490444169122e+01
-7.199999999999999456e-02 -6.044837090722587192e+01
-7.152000000000000024e-02 -6.034366108293851028e+01
-7.103999999999999204e-02 -6.064891563238191452e+01
-7.055999999999999772e-02 -6.106336804071485602e+01
-7.007999999999998952e-02 -6.091107688995468550e+01
-6.959999999999999520e-02 -6.056151530365777091e+01
-6.911999999999998701e-02 -5.990640740564103339e+01
-6.863999999999999269e-02 -5.977494736297565936e+01
-6.815999999999999837e-02 -5.999700428332335633e+01
-6.767999999999999017e-02 -5.989769055920624652e+01
-6.719999999999999585e-02 -5.992539403660621389e+01
-6.671999999999998765e-02 -5.974074421583935646e+01
-6.623999999999999333e-02 -5.968790236620107947e+01
-6.575999999999999901e-02 -5.962256682782120265e+01
-6.527999999999999081e-02 -5.939306940860960538e+01
-6.479999999999999649e-02 -5.946230203866243613e+01
-6.431999999999998829e-02 -5.960006567132364097e+01
-6.383999999999999397e-02 -5.946541695768637226e+01
-6.335999999999999965e-02 -5.910571417154169183e+01
-6.287999999999999146e-02 -5.930173910439815188e+01
-6.239999999999999714e-02 -5.943521330260203683e+01
-6.191999999999999588e-02 -5.915571161131362032e+01
-6.143999999999999462e-02 -5.914594353837487972e+01
-6.095999999999999336e-02 -5.910376757863558339e+01
-6.047999999999999210e-02 -5.918505753502942213e+01
-5.999999999999999778e-02 -5.902583167390673680e+01
-5.951999999999999652e-02 -5.874269372267248457e+01
-5.903999999999999526e-02 -5.896785364716553346e+01
-5.855999999999999400e-02 -5.906511774519069036e+01
-5.807999999999999274e-02 -5.900872828685950822e+01
-5.759999999999999842e-02 -5.902587074251183452e+01
-5.711999999999999716e-02 -5.871299194476550554e+01
-5.663999999999999591e-02 -5.858138598194085489e+01
-5.615999999999999465e-02 -5.863994623931532857e+01
-5.567999999999999339e-02 -5.820604169347583223e+01
-5.519999999999999213e-02 -5.797593130189140709e+01
-5.471999999999999781e-02 -5.803692202021979085e+01
-5.423999999999999655e-02 -5.811522292723307004e+01
-5.375999999999999529e-02 -5.808988070034079954e+01
-5.327999999999999403e-02 -5.787188471603528228e+01
-5.279999999999999277e-02 -5.770225260571657344e+01
-5.231999999999999845e-02 -5.766502560837110991e+01
-5.183999999999999719e-02 -5.771943944753471101e+01
-5.135999999999999593e-02 -5.795653525454288513e+01
-5.087999999999999468e-02 -5.785941424759782592e+01
-5.039999999999999342e-02 -5.788770402612168198e+01
-4.991999999999999216e-02 -5.767543042156724908e+01
-4.943999999999999784e-02 -5.736766826615971127e+01
-4.895999999999999658e-02 -5.720903740398384940e+01
-4.847999999999999532e-02 -5.707591248932207861e+01
-4.799999999999999406e-02 -5.698816824932641367e+01
-4.751999999999999280e-02 -5.724924217222338996e+01
-4.703999999999999848e-02 -5.710204953108373616e+01
-4.655999999999999722e-02 -5.660633965971987891e+01
-4.607999999999999596e-02 -5.605690842531927132e+01
-4.559999999999999470e-02 -5.594066404661476355e+01
-4.511999999999999345e-02 -5.615862505586676434e+01
-4.463999999999999913e-02 -5.616780005025959355e+01
-4.415999999999999787e-02 -5.590260371566767361e+01
-4.367999999999999661e-02 -5.575107849015645911e+01
-4.319999999999999535e-02 -5.557688556418892034e+01
-4.271999999999999409e-02 -5.577073034062816248e+01
-4.223999999999999977e-02 -5.547072566470185961e+01
-4.175999999999999851e-02 -5.503032625404437539e+01
-4.127999999999999725e-02 -5.496315379006111357e+01
-4.079999999999999599e-02 -5.480094131200888796e+01
-4.031999999999999473e-02 -5.475787107354301497e+01
-3.983999999999999347e-02 -5.463328912425062356e+01
-3.935999999999999915e-02 -5.452776297799034211e+01
-3.887999999999999790e-02 -5.453849435345801311e+01
-3.839999999999999664e-02 -5.467192712312321135e+01
-3.791999999999999538e-02 -5.457955358608317198e+01
-3.743999999999999412e-02 -5.431189420208235674e+01
-3.695999999999999980e-02 -5.419163902988658776e+01
-3.647999999999999854e-02 -5.388644077418412337e+01
-3.599999999999999728e-02 -5.409830951018768985e+01
-3.551999999999999602e-02 -5.373400904264607192e+01
-3.503999999999999476e-02 -5.316662834404336024e+01
-3.455999999999999350e-02 -5.297545604199726199e+01
-3.407999999999999918e-02 -5.269561572924394000e+01
-3.359999999999999792e-02 -5.241639243063423947e+01
-3.311999999999999666e-02 -5.213933293265282032e+01
-3.263999999999999541e-02 -5.183121759040673027e+01
-3.215999999999999415e-02 -5.147848043187377698e+01
-3.167999999999999983e-02 -5.142743630031895918e+01
-3.119999999999999857e-02 -5.128514852970071303e+01
-3.071999999999999731e-02 -5.087696329570566434e+01
-3.023999999999999605e-02 -5.053713824824423284e+01
-2.975999999999999826e-02 -5.037095814297263274e+01
-2.927999999999999700e-02 -5.026649444409464706e+01
-2.879999999999999921e-02 -4.987446978913218487e+01
-2.831999999999999795e-02 -4.915538494969975147e+01
-2.783999999999999669e-02 -4.931001801364067205e+01
-2.735999999999999890e-02 -4.986036588248757795e+01
-2.687999999999999765e-02 -4.965577403402512147e+01
-2.639999999999999639e-02 -4.902712786808585577e+01
-2.591999999999999860e-02 -4.840560405453048531e+01
-2.543999999999999734e-02 -4.819728356134508118e+01
-2.495999999999999608e-02 -4.837454172295205979e+01
-2.447999999999999829e-02 -4.849424299016711615e+01
-2.399999999999999703e-02 -4.817596367244106403e+01
-2.351999999999999924e-02 -4.743070839638316727e+01
-2.303999999999999798e-02 -4.622824117043972336e+01
-2.255999999999999672e-02 -4.545490410503155942e+01
-2.207999999999999893e-02 -4.500278337393909567e+01
-2.159999999999999767e-02 -4.447102781065029831e+01
-2.111999999999999988e-02 -4.415810291256935471e+01
-2.063999999999999863e-02 -4.387256923887741777e+01
-2.015999999999999737e-02 -4.357017249556037086e+01
-1.967999999999999958e-02 -4.284361879118694105e+01
-1.919999999999999832e-02 -4.242552391994296102e+01
-1.871999999999999706e-02 -4.239606681170846514e+01
-1.823999999999999927e-02 -4.225534259301791451e+01
-1.775999999999999801e-02 -4.240041952420064320e+01
-1.727999999999999675e-02 -4.254846158384619770e+01
-1.679999999999999896e-02 -4.270333627698490631e+01
-1.631999999999999770e-02 -4.259700840183043624e+01
-1.583999999999999991e-02 -4.205569945891726036e+01
-1.535999999999999865e-02 -4.141336198155247672e+01
-1.487999999999999913e-02 -4.034435529709485024e+01
-1.439999999999999961e-02 -3.967109047167891589e+01
-1.391999999999999835e-02 -3.945503390385319875e+01
-1.343999999999999882e-02 -3.966421755585469100e+01
-1.295999999999999930e-02 -3.903261830748198946e+01
-1.247999999999999804e-02 -3.774477816161174104e+01
-1.199999999999999852e-02 -3.546809589400732676e+01
-1.151999999999999899e-02 -3.279473898934966769e+01
-1.103999999999999947e-02 -2.976885094387188957e+01
-1.055999999999999994e-02 -2.120670239379174760e+01
-1.007999999999999868e-02 -3.845864626047156953e+00
-9.599999999999999159e-03 4.498828273047316806e+00
-9.119999999999999635e-03 7.114286125192778698e+00
-8.639999999999998376e-03 7.321888023037560700e+00
-8.159999999999998851e-03 7.327796960257598968e+00
-7.679999999999999327e-03 7.504751740313966302e+00
-7.199999999999999803e-03 7.601744109684387851e+00
-6.719999999999999411e-03 7.440456601340933673e+00
-6.239999999999999020e-03 7.486867803027939416e+00
-5.759999999999999495e-03 7.649753916075874294e+00
-5.279999999999999971e-03 7.633373124845654445e+00
-4.799999999999999580e-03 7.657230218399673660e+00
-4.319999999999999188e-03 7.466117520180963751e+00
-3.839999999999999664e-03 7.370861801401296098e+00
-3.359999999999999706e-03 7.375832420305437509e+00
-2.879999999999999748e-03 7.371521133797623193e+00
-2.399999999999999790e-03 7.491551313712028204e+00
-1.919999999999999832e-03 7.468425631893692795e+00
-1.439999999999999874e-03 7.486417962483709054e+00
-9.599999999999999159e-04 7.548532059264545069e+00
-4.799999999999999580e-04 7.442471523983663850e+00
0.000000000000000000e+00 7.386937616976042342e+00
4.799999999999999580e-04 7.602089069301211310e+00
9.599999999999999159e-04 7.981653915610932515e+00
1.439999999999999874e-03 7.632038969563828879e+00
1.919999999999999832e-03 7.275310090394166096e+00
2.399999999999999790e-03 7.497040717030138524e+00
2.879999999999999748e-03 7.661572110235384869e+00
3.359999999999999706e-03 7.818322812371287789e+00
3.839999999999999664e-03 7.575325966072220751e+00
4.319999999999999188e-03 7.269047065996907975e+00
4.799999999999999580e-03 7.325191116114211809e+00
5.279999999999999971e-03 7.425951392465169221e+00
5.759999999999999495e-03 7.422877184778413628e+00
6.239999999999999020e-03 7.332549404017203898e+00
6.719999999999999411e-03 7.388664794887320753e+00
7.199999999999999803e-03 7.508078400973032807e+00
7.679999999999999327e-03 7.303272065031869431e+00
8.159999999999998851e-03 7.353451077603333275e+00
8.639999999999998376e-03 7.440810283247851764e+00
9.119999999999999635e-03 7.117328547113483062e+00
9.599999999999999159e-03 4.406947574134446377e+00
1.007999999999999868e-02 -4.071236990191386518e+00
1.055999999999999994e-02 -2.131677406256185847e+01
1.103999999999999947e-02 -2.909439666783881862e+01
1.151999999999999899e-02 -3.232448983693071654e+01
1.199999999999999852e-02 -3.524479075804613615e+01
1.247999999999999804e-02 -3.740603827752890709e+01
1.295999999999999930e-02 -3.870158390120475644e+01
1.343999999999999882e-02 -3.932956430041264184e+01
1.391999999999999835e-02 -3.979282719774307964e+01
1.439999999999999961e-02 -4.018532109234015337e+01
1.487999999999999913e-02 -4.080039142932320573e+01
1.535999999999999865e-02 -4.182898580946762479e+01
1.583999999999999991e-02 -4.266958638186512331e+01
1.631999999999999770e-02 -4.296476626179985203e+01
1.679999999999999896e-02 -4.317785134093039545e+01
1.727999999999999675e-02 -4.312936908370406286e+01
1.775999999999999801e-02 -4.300839555288877136e+01
1.823999999999999927e-02 -4.275522396778476519e+01
1.871999999999999706e-02 -4.262188598418090635e+01
1.919999999999999832e-02 -4.261747827462063754e+01
1.967999999999999958e-02 -4.280329259306380862e+01
2.015999999999999737e-02 -4.323118715436996951e+01
2.063999999999999863e-02 -4.356008626514550741e+01
2.111999999999999988e-02 -4.429373750709197566e+01
2.159999999999999767e-02 -4.493907178065480679e+01
2.207999999999999893e-02 -4.520672556121481733e+01
2.255999999999999672e-02 -4.607035781494876403e+01
2.303999999999999798e-02 -4.684956438351228059e+01
2.351999999999999924e-02 -4.740248499068801635e+01
2.399999999999999703e-02 -4.822012687735180947e+01
2.447999999999999829e-02 -4.870202243615324278e+01
2.495999999999999608e-02 -4.887409833317419583e+01
2.543999999999999734e-02 -4.898688027627174790e+01
2.591999999999999860e-02 -4.887109054328196578e+01
2.639999999999999639e-02 -4.950904824497932566e+01
2.687999999999999765e-02 -5.048094487159399790e+01
2.735999999999999890e-02 -5.114170780653373072e+01
2.783999999999999669e-02 -5.128448710646352993e+01
2.831999999999999795e-02 -5.104509577983834134e+01
2.879999999999999921e-02 -5.159395555961872759e+01
2.927999999999999700e-02 -5.176637409620104791e+01
2.975999999999999826e-02 -5.188832610108114807e+01
3.023999999999999605e-02 -5.205670700325959643e+01
3.071999999999999731e-02 -5.225466773538227017e+01
3.119999999999999857e-02 -5.251772199841488487e+01
3.167999999999999983e-02 -5.253318552274017605e+01
3.215999999999999415e-02 -5.259923798461223754e+01
3.263999999999999541e-02 -5.293561933248703610e+01
3.311999999999999666e-02 -5.319387532154252796e+01
3.359999999999999792e-02 -5.346693642083052822e+01
3.407999999999999918e-02 -5.366845839397897322e+01
3.455999999999999350e-02 -5.386390300768725581e+01
3.503999999999999476e-02 -5.427983330381974270e+01
3.551999999999999602e-02 -5.442362543822454768e+01
3.599999999999999728e-02 -5.480473283850167832e+01
3.647999999999999854e-02 -5.533857878403775032e+01
3.695999999999999980e-02 -5.561742730994496497e+01
3.743999999999999412e-02 -5.567821559996350800e+01
3.791999999999999538e-02 -5.529578101741245177e+01
3.839999999999999664e-02 -5.534849720788251659e+01
3.887999999999999790e-02 -5.563637748042924613e+01
3.935999999999999915e-02 -5.586560705230241552e+01
3.983999999999999347e-02 -5.610707825401193105e+01
4.031999999999999473e-02 -5.618294164249097378e+01
4.079999999999999599e-02 -5.626231620938477107e+01
4.127999999999999725e-02 -5.635660083041625512e+01
4.175999999999999851e-02 -5.657120622513461683e+01
4.223999999999999977e-02 -5.671688198476331877e+01
4.271999999999999409e-02 -5.699731268369598070e+01
4.319999999999999535e-02 -5.701861857193190275e+01
4.367999999999999661e-02 -5.728016371158493314e+01
4.415999999999999787e-02 -5.749571083143058559e+01
4.463999999999999913e-02 -5.740114719926830844e+01
4.511999999999999345e-02 -5.717769365564648609e+01
4.559999999999999470e-02 -5.742864531497490077e+01
4.607999999999999596e-02 -5.785817482312822335e+01
4.655999999999999722e-02 -5.805723632577849003e+01
4.703999999999999848e-02 -5.828885077733393416e+01
4.751999999999999280e-02 -5.851716427061642634e+01
4.799999999999999406e-02 -5.855319652400701358e+01
4.847999999999999532e-02 -5.849002799717687395e+01
4.895999999999999658e-02 -5.823585213475347189e+01
4.943999999999999784e-02 -5.811651977958106130e+01
4.991999999999999216e-02 -5.827664903281271336e+01
5.039999999999999342e-02 -5.831361691781054191e+01
5.087999999999999468e-02 -5.834807293149295049e+01
5.135999999999999593e-02 -5.845019179974838153e+01
5.183999999999999719e-02 -5.874969062085094151e+01
5.231999999999999845e-02 -5.830738056451690454e+01
5.279999999999999277e-02 -5.781635356682890858e+01
5.327999999999999403e-02 -5.850795220681621345e+01
5.375999999999999529e-02 -5.919986211799127318e+01
5.423999999999999655e-02 -5.943343740808262510e+01
5.471999999999999781e-02 -5.967929344784549528e+01
5.519999999999999213e-02 -5.985093333200178733e+01
5.567999999999999339e-02 -5.982499401954349594e+01
5.615999999999999465e-02 -5.995531606796304658e+01
5.663999999999999591e-02 -6.042778508229342549e+01
5.711999999999999716e-02 -6.070500488983704201e+01
5.759999999999999842e-02 -6.111244027533294343e+01
5.807999999999999274e-02 -6.106484098837995589e+01
5.855999999999999400e-02 -6.062088940155778971e+01
5.903999999999999526e-02 -6.068279413500985697e+01
5.951999999999999652e-02 -6.108207076154358361e+01
5.999999999999999778e-02 -6.118624317257889089e+01
6.047999999999999210e-02 -6.105061106658919812e+01
6.095999999999999336e-02 -6.094211570159256297e+01
6.143999999999999462e-02 -6.070024422129773001e+01
6.191999999999999588e-02 -6.047810983646609628e+01
6.239999999999999714e-02 -6.022758731460001513e+01
6.287999999999999146e-02 -6.019217109695844670e+01
6.335999999999999965e-02 -6.048231552809292566e+01
6.383999999999999397e-02 -6.045467820256224911e+01
6.431999999999998829e-02 -6.051304719929121489e+01
6.479999999999999649e-02 -6.085731065249767369e+01
6.527999999999999081e-02 -6.117732294410205895e+01
6.575999999999999901e-02 -6.117509006802835358e+01
6.623999999999999333e-02 -6.120172236444862790e+01
6.671999999999998765e-02 -6.134749128113340788e+01
6.719999999999999585e-02 -6.156410633044455238e+01
6.767999999999999017e-02 -6.162044067093727051e+01
6.815999999999999837e-02 -6.157910719889709839e+01
6.863999999999999269e-02 -6.169651478039608605e+01
6.911999999999998701e-02 -6.185675467459239485e+01
6.959999999999999520e-02 -6.188384011147817887e+01
7.007999999999998952e-02 -6.208702244936961279e+01
7.055999999999999772e-02 -6.243922867707066615e+01
7.103999999999999204e-02 -6.241895954442223626e+01
7.152000000000000024e-02 -6.222221134401175391e+01
7.199999999999999456e-02 -6.210229210233692498e+01
7.247999999999998888e-02 -6.201587819465126472e+01
7.295999999999999708e-02 -6.182511636040349146e+01
7.343999999999999140e-02 -6.175368756524229497e+01
7.391999999999999960e-02 -6.196522818102071284e+01
7.439999999999999392e-02 -6.218022492223707332e+01
7.487999999999998824e-02 -6.218023473599322415e+01
7.535999999999999643e-02 -6.206482301417101155e+01
7.583999999999999075e-02 -6.190585818821838870e+01
7.631999999999999895e-02 -6.216578236295007542e+01
7.679999999999999327e-02 -6.207109112154674335e+01
7.727999999999998759e-02 -6.206817172897971346e+01
7.775999999999999579e-02 -6.219273197860016467e+01
7.823999999999999011e-02 -6.207797429533058420e+01
7.871999999999999831e-02 -6.190691514670334072e+01
7.919999999999999263e-02 -6.184885441350666468e+01
7.967999999999998695e-02 -6.205592996658035077e+01
8.015999999999999515e-02 -6.213219010182541524e+01
8.063999999999998947e-02 -6.239073517366718846e+01
8.111999999999999766e-02 -6.267350753957103393e+01
8.159999999999999198e-02 -6.261534851846134586e+01
8.207999999999998630e-02 -6.270789761456076405e+01
8.255999999999999450e-02 -6.291300886217393185e+01
8.303999999999998882e-02 -6.287319515970004602e+01
8.351999999999999702e-02 -6.288370870351774045e+01
8.399999999999999134e-02 -6.312835602630167386e+01
8.447999999999999954e-02 -6.314414504859235677e+01
8.495999999999999386e-02 -6.327686671007690933e+01
8.543999999999998818e-02 -6.323483181602596659e+01
8.591999999999999638e-02 -6.316425975129302373e+01
8.639999999999999070e-02 -6.316132540616074920e+01
8.687999999999999889e-02 -6.316260225253080307e+01
8.735999999999999321e-02 -6.311315543906263770e+01
8.783999999999998753e-02 -6.283006554520401465e+01
8.831999999999999573e-02 -6.293370110306346987e+01
8.879999999999999005e-02 -6.304610287119948708e+01
8.927999999999999825e-02 -6.273973746183666833e+01
8.975999999999999257e-02 -6.285421544733332411e+01
9.023999999999998689e-02 -6.285369937708910015e+01
9.071999999999999509e-02 -6.284464606817130772e+01
9.119999999999998941e-02 -6.286499005250003336e+01
9.167999999999999761e-02 -6.308544927905209221e+01
9.215999999999999193e-02 -6.306955200392672367e+01
9.263999999999998625e-02 -6.289036893594369815e+01
9.311999999999999444e-02 -6.300087505023205381e+01
9.359999999999998876e-02 -6.282719157318020820e+01
9.407999999999999696e-02 -6.274800394180524421e+01
9.455999999999999128e-02 -6.286285957849108996e+01
9.503999999999998560e-02 -6.312871546905179798e+01
9.551999999999999380e-02 -6.334032196616935551e+01
9.599999999999998812e-02 -6.338487752052144941e+01
9.647999999999999632e-02 -6.327317201404347458e+01
9.695999999999999064e-02 -6.348619434200717393e+01
9.743999999999998496e-02 -6.339728883543241267e+01
9.791999999999999316e-02 -6.313184000860260170e+01
9.839999999999998748e-02 -6.325186236598328549e+01
9.887999999999999567e-02 -6.334657135249322124e+01
9.935999999999998999e-02 -6.344559386691685177e+01
9.983999999999998431e-02 -6.332964397957339742e+01
1.003199999999999925e-01 -6.331309984228573740e+01
1.007999999999999868e-01 -6.355477842781097308e+01
1.012799999999999950e-01 -6.349976987293234743e+01
1.017599999999999894e-01 -6.358748893415950931e+01
1.022399999999999975e-01 -6.388191008762674983e+01
1.027199999999999919e-01 -6.393597535764946826e+01
1.031999999999999862e-01 -6.420577690351846911e+01
1.036799999999999944e-01 -6.449639718045685299e+01
1.041599999999999887e-01 -6.454983780630558954e+01
1.046399999999999969e-01 -6.487610230614875206e+01
1.051199999999999912e-01 -6.531734693375108236e+01
1.055999999999999855e-01 -6.572024002996342062e+01
1.060799999999999937e-01 -6.645664487683043831e+01
1.065599999999999881e-01 -6.703352548527632848e+01
1.070399999999999963e-01 -6.759191849676535924e+01
1.075199999999999906e-01 -6.840289296677318021e+01
1.079999999999999849e-01 -6.921069048935406443e+01
1.084799999999999931e-01 -7.010791340462719745e+01
1.089599999999999874e-01 -7.092828349406408961e+01
1.094399999999999956e-01 -7.151459589568175090e+01
1.099199999999999899e-01 -7.262586662010421890e+01
1.103999999999999843e-01 -7.360671400947951781e+01
1.108799999999999925e-01 -7.428720859850591296e+01
1.113599999999999868e-01 -7.451063994190147355e+01
1.118399999999999950e-01 -7.467943826034742472e+01
1.123199999999999893e-01 -7.488244545376272754e+01
1.127999999999999836e-01 -7.459199004738296424e+01
1.132799999999999918e-01 -7.444276192788797175e+01
1.137599999999999861e-01 -7.454022424461305718e+01
1.142399999999999943e-01 -7.467561849404307850e+01
1.147199999999999886e-01 -7.484511504299767637e+01
1.151999999999999968e-01 -7.529983251984367598e+01
1.156799999999999912e-01 -7.567717004282864934e+01
1.161599999999999855e-01 -7.599973678560468215e+01
1.166399999999999937e-01 -7.651560928121797645e+01
1.171199999999999880e-01 -7.691483495009440219e+01
1.175999999999999962e-01 -7.705929739696568959e+01
1.180799999999999905e-01 -7.725275966775656400e+01
1.185599999999999848e-01 -7.743545692347919385e+01
1.190399999999999930e-01 -7.726508065139806547e+01
1.195199999999999874e-01 -7.654095654437010410e+01
1.199999999999999956e-01 -7.570774029126535254e+01
1.204799999999999899e-01 -7.526938111730353853e+01
1.209599999999999842e-01 -7.488588876857401999e+01
1.214399999999999924e-01 -7.465448997169092138e+01
1.219199999999999867e-01 -7.459251512364807013e+01
1.223999999999999949e-01 -7.431892100832483550e+01
