-1.228799999999999955e+02 -9.876130715316853070e+01
-1.223999999999999915e+02 -9.955197115205633906e+01
-1.219200000000000017e+02 -9.990712388699087398e+01
-1.214399999999999977e+02 -1.000449964629430042e+02
-1.209599999999999937e+02 -1.005876808349591158e+02
-1.204799999999999898e+02 -1.012460753870495012e+02
-1.200000000000000000e+02 -1.018033452655756008e+02
-1.195199999999999960e+02 -1.022941396600796082e+02
-1.190399999999999920e+02 -1.026023410157417004e+02
-1.185600000000000023e+02 -1.029194297158033464e+02
-1.180799999999999983e+02 -1.029100759382576769e+02
-1.175999999999999943e+02 -1.026659766363432169e+02
-1.171199999999999903e+02 -1.021289746563498255e+02
-1.166400000000000006e+02 -1.017487280006154720e+02
-1.161599999999999966e+02 -1.017369670794332421e+02
-1.156799999999999926e+02 -1.018390673105203632e+02
-1.151999999999999886e+02 -1.020182845241976395e+02
-1.147199999999999989e+02 -1.021255725481624950e+02
-1.142399999999999949e+02 -1.021311672931899039e+02
-1.137599999999999909e+02 -1.021611490118938548e+02
-1.132800000000000011e+02 -1.017671648235455280e+02
-1.127999999999999972e+02 -1.012465775033985693e+02
-1.123199999999999932e+02 -1.008892725803907524e+02
-1.118399999999999892e+02 -1.006790436107943094e+02
-1.113599999999999994e+02 -1.003174316453397665e+02
-1.108799999999999955e+02 -1.000585832076328927e+02
-1.103999999999999915e+02 -9.934243814610479717e+01
-1.099200000000000017e+02 -9.820748863062119938e+01
-1.094399999999999977e+02 -9.686503220777763090e+01
-1.089599999999999937e+02 -9.585918690039548551e+01
-1.084799999999999898e+02 -9.495482842195420403e+01
-1.080000000000000000e+02 -9.423618720339119648e+01
-1.075199999999999960e+02 -9.337787293667757638e+01
-1.070399999999999920e+02 -9.203106816637749432e+01
-1.065600000000000023e+02 -9.120226488080865579e+01
-1.060799999999999983e+02 -9.068957934537576193e+01
-1.055999999999999943e+02 -9.036825410569406358e+01
-1.051199999999999903e+02 -8.991207748946074219e+01
-1.046400000000000006e+02 -8.931277241655264731e+01
-1.041599999999999966e+02 -8.888185321321810761e+01
-1.036799999999999926e+02 -8.839611459690968331e+01
-1.032000000000000028e+02 -8.792857997820972571e+01
-1.027199999999999989e+02 -8.773543781825270571e+01
-1.022399999999999949e+02 -8.761514507247341044e+01
-1.017599999999999909e+02 -8.756668538658507828e+01
-1.012800000000000011e+02 -8.740371882754729427e+01
-1.007999999999999972e+02 -8.710986151512645392e+01
-1.003199999999999932e+02 -8.698959798977155344e+01
-9.984000000000000341e+01 -8.684287233794495364e+01
-9.935999999999999943e+01 -8.691750367589060033e+01
-9.887999999999999545e+01 -8.696827781397556123e+01
-9.839999999999999147e+01 -8.706924591598752272e+01
-9.792000000000000171e+01 -8.708098395660223900e+01
-9.743999999999999773e+01 -8.668599408413354013e+01
-9.695999999999999375e+01 -8.657122596044774809e+01
-9.647999999999998977e+01 -8.672121380153544123e+01
-9.600000000000000000e+01 -8.651738750180854254e+01
-9.551999999999999602e+01 -8.643439357207478224e+01
-9.503999999999999204e+01 -8.648103077184616438e+01
-9.456000000000000227e+01 -8.679741296576239051e+01
-9.407999999999999829e+01 -8.665806693244886105e+01
-9.359999999999999432e+01 -8.625722961102169961e+01
-9.311999999999999034e+01 -8.621908079061489616e+01
-9.264000000000000057e+01 -8.622322935163867896e+01
-9.215999999999999659e+01 -8.594727299501181506e+01
-9.167999999999999261e+01 -8.563715683344670992e+01
-9.120000000000000284e+01 -8.578019604260120445e+01
-9.071999999999999886e+01 -8.581335958165291800e+01
-9.023999999999999488e+01 -8.597110257919887033e+01
-8.975999999999999091e+01 -8.600851355269654164e+01
-8.928000000000000114e+01 -8.587838453816432605e+01
-8.879999999999999716e+01 -8.613790277230899051e+01
-8.831999999999999318e+01 -8.612293464834444023e+01
-8.784000000000000341e+01 -8.600723071464125269e+01
-8.735999999999999943e+01 -8.591461046065842311e+01
-8.687999999999999545e+01 -8.606557473868750208e+01
-8.639999999999999147e+01 -8.609108691652613743e+01
-8.592000000000000171e+01 -8.563045091549064125e+01
-8.543999999999999773e+01 -8.550984074160508897e+01
-8.495999999999999375e+01 -8.557907971719555462e+01
-8.447999999999998977e+01 -8.549452678800756189e+01
-8.400000000000000000e+01 -8.558725840334534496e+01
-8.351999999999999602e+01 -8.550691988964587154e+01
-8.303999999999999204e+01 -8.546269731874089359e+01
-8.256000000000000227e+01 -8.553421465892880349e+01
-8.207999999999999829e+01 -8.566221270756199146e+01
-8.159999999999999432e+01 -8.571951809799844568e+01
-8.111999999999999034e+01 -8.557667949812514507e+01
-8.064000000000000057e+01 -8.532489217999567188e+01
-8.015999999999999659e+01 -8.524164271770274581e+01
-7.967999999999999261e+01 -8.535188262818309113e+01
-7.920000000000000284e+01 -8.531912989876721554e+01
-7.871999999999999886e+01 -8.517062273923141902e+01
-7.823999999999999488e+01 -8.514404249271305503e+01
-7.775999999999999091e+01 -8.520297090476049107e+01
-7.728000000000000114e+01 -8.518787986274666935e+01
-7.679999999999999716e+01 -8.517298405662589289e+01
-7.631999999999999318e+01 -8.499859723981124660e+01
-7.584000000000000341e+01 -8.486845860918802487e+01
-7.535999999999999943e+01 -8.494869412339510006e+01
-7.487999999999999545e+01 -8.500181911923048972e+01
-7.439999999999999147e+01 -8.477645504364318185e+01
-7.392000000000000171e+01 -8.482023734602887544e+01
-7.343999999999999773e+01 -8.494225455005341985e+01
-7.295999999999999375e+01 -8.478540080515641364e+01
-7.248000000000000398e+01 -8.473827281070745698e+01
-7.200000000000000000e+01 -8.460017356612353012e+01
-7.151999999999999602e+01 -8.462743946351280044e+01
-7.103999999999999204e+01 -8.483246253457826924e+01
-7.056000000000000227e+01 -8.501044914197839830e+01
-7.007999999999999829e+01 -8.482093182295024292e+01
-6.959999999999999432e+01 -8.458933317403811714e+01
-6.912000000000000455e+01 -8.416598550973213833e+01
-6.864000000000000057e+01 -8.413932683793018441e+01
-6.815999999999999659e+01 -8.441569023129360971e+01
-6.767999999999999261e+01 -8.444686059928871202e+01
-6.720000000000000284e+01 -8.452217205920076992e+01
-6.671999999999999886e+01 -8.435409709269444534e+01
-6.623999999999999488e+01 -8.440291150347132998e+01
-6.575999999999999091e+01 -8.421934621896295425e+01
-6.528000000000000114e+01 -8.380350832825749308e+01
-6.479999999999999716e+01 -8.379271574232288344e+01
-6.431999999999999318e+01 -8.370929894373216484e+01
-6.383999999999999631e+01 -8.359168877443926249e+01
-6.335999999999999943e+01 -8.339579438238197895e+01
-6.287999999999999545e+01 -8.371460173190953924e+01
-6.239999999999999858e+01 -8.393387329421898357e+01
-6.191999999999999460e+01 -8.358483825526876387e+01
-6.143999999999999773e+01 -8.361077317648795315e+01
-6.096000000000000085e+01 -8.333319093666140986e+01
-6.047999999999999687e+01 -8.328001969616515510e+01
-6.000000000000000000e+01 -8.319664849075523705e+01
-5.951999999999999602e+01 -8.290214024365050705e+01
-5.903999999999999915e+01 -8.309358409421945169e+01
-5.855999999999999517e+01 -8.319191242022513677e+01
-5.807999999999999829e+01 -8.336255760433854789e+01
-5.759999999999999432e+01 -8.354284013065802128e+01
-5.711999999999999744e+01 -8.318260875831512635e+01
-5.664000000000000057e+01 -8.311648654542355530e+01
-5.615999999999999659e+01 -8.312245096341371209e+01
-5.567999999999999972e+01 -8.276411340944720507e+01
-5.519999999999999574e+01 -8.246181665482644974e+01
-5.471999999999999886e+01 -8.246850222213441839e+01
-5.423999999999999488e+01 -8.258274224526570606e+01
-5.375999999999999801e+01 -8.249429109052468334e+01
-5.328000000000000114e+01 -8.239362411422533228e+01
-5.279999999999999716e+01 -8.244857375797170107e+01
-5.232000000000000028e+01 -8.229464878554182405e+01
-5.183999999999999631e+01 -8.219485906166119094e+01
-5.135999999999999943e+01 -8.205863768758669607e+01
-5.087999999999999545e+01 -8.195035440889262190e+01
-5.039999999999999858e+01 -8.178550190092339278e+01
-4.992000000000000171e+01 -8.167070351972022024e+01
-4.943999999999999773e+01 -8.163849084112118248e+01
-4.896000000000000085e+01 -8.155676437163526771e+01
-4.847999999999999687e+01 -8.154167431642463271e+01
-4.800000000000000000e+01 -8.154056474584567127e+01
-4.751999999999999602e+01 -8.186792390250391804e+01
-4.703999999999999915e+01 -8.178243274322157674e+01
-4.655999999999999517e+01 -8.146276078970461754e+01
-4.607999999999999829e+01 -8.082751572729284817e+01
-4.560000000000000142e+01 -8.047548987303805745e+01
-4.511999999999999744e+01 -8.064435423518597190e+01
-4.464000000000000057e+01 -8.062078036222757760e+01
-4.415999999999999659e+01 -8.021131227997535973e+01
-4.367999999999999972e+01 -8.004392035890316492e+01
-4.319999999999999574e+01 -7.970761098275001189e+01
-4.271999999999999886e+01 -7.976566791588859928e+01
-4.223999999999999488e+01 -7.965559308006704953e+01
-4.175999999999999801e+01 -7.942990811746292934e+01
-4.128000000000000114e+01 -7.944325470521303600e+01
-4.079999999999999716e+01 -7.943305615390778485e+01
-4.032000000000000028e+01 -7.926131311923776934e+01
-3.983999999999999631e+01 -7.911891381907892651e+01
-3.935999999999999943e+01 -7.899977355096496012e+01
-3.887999999999999545e+01 -7.909156754748377693e+01
-3.839999999999999858e+01 -7.930680719898769837e+01
-3.792000000000000171e+01 -7.914277233534994593e+01
-3.743999999999999773e+01 -7.865019015338999964e+01
-3.696000000000000085e+01 -7.832674506008135040e+01
-3.647999999999999687e+01 -7.766847857205490868e+01
-3.600000000000000000e+01 -7.768601006845361212e+01
-3.551999999999999602e+01 -7.745134704933251157e+01
-3.503999999999999915e+01 -7.714168407372929437e+01
-3.456000000000000227e+01 -7.694826214789684116e+01
-3.407999999999999829e+01 -7.671613260046677851e+01
-3.360000000000000142e+01 -7.658090242130192848e+01
-3.311999999999999744e+01 -7.614904640199875985e+01
-3.264000000000000057e+01 -7.591275533025471134e+01
-3.215999999999999659e+01 -7.588396996043674392e+01
-3.167999999999999972e+01 -7.608198779649407584e+01
-3.119999999999999929e+01 -7.630107322547898718e+01
-3.071999999999999886e+01 -7.611032442246090568e+01
-3.023999999999999844e+01 -7.583762788487503315e+01
-2.975999999999999801e+01 -7.549171388653127224e+01
-2.927999999999999758e+01 -7.524335187433197802e+01
-2.879999999999999716e+01 -7.484703954336379184e+01
-2.832000000000000028e+01 -7.431567959996729655e+01
-2.783999999999999986e+01 -7.417237905780847029e+01
-2.735999999999999943e+01 -7.389883596838396329e+01
-2.687999999999999901e+01 -7.352248330325429038e+01
-2.639999999999999858e+01 -7.321210852270550618e+01
-2.591999999999999815e+01 -7.287878686693635188e+01
-2.543999999999999773e+01 -7.245036720615944148e+01
-2.496000000000000085e+01 -7.190963432375471598e+01
-2.448000000000000043e+01 -7.129355402316369350e+01
-2.400000000000000000e+01 -7.066387688915625631e+01
-2.351999999999999957e+01 -7.025806497025597253e+01
-2.303999999999999915e+01 -7.009876811981533251e+01
-2.255999999999999872e+01 -7.008652140037567335e+01
-2.207999999999999829e+01 -7.005295408078744401e+01
-2.159999999999999787e+01 -7.010705644638656509e+01
-2.111999999999999744e+01 -7.001859699071520993e+01
-2.064000000000000057e+01 -6.977096806141270235e+01
-2.016000000000000014e+01 -6.937053983931863854e+01
-1.967999999999999972e+01 -6.852962929729679331e+01
-1.919999999999999929e+01 -6.772581097850418530e+01
-1.871999999999999886e+01 -6.706331708451783413e+01
-1.823999999999999844e+01 -6.637566664244776860e+01
-1.775999999999999801e+01 -6.563746758303264528e+01
-1.728000000000000114e+01 -6.487829423071639212e+01
-1.680000000000000071e+01 -6.444541296526443830e+01
-1.632000000000000028e+01 -6.433546343207295592e+01
-1.583999999999999986e+01 -6.464967786182970144e+01
-1.535999999999999943e+01 -6.495112292091666006e+01
-1.487999999999999901e+01 -6.515081685602868333e+01
-1.439999999999999858e+01 -6.544220340616233500e+01
-1.391999999999999993e+01 -6.535681968306592182e+01
-1.343999999999999950e+01 -6.543947168526842972e+01
-1.295999999999999908e+01 -6.481770876955202709e+01
-1.248000000000000043e+01 -6.366061933890836855e+01
-1.200000000000000000e+01 -6.170695316296738042e+01
-1.151999999999999957e+01 -5.926424990119593161e+01
-1.103999999999999915e+01 -5.643997550716368039e+01
-1.055999999999999872e+01 -4.997411595101286963e+01
-1.008000000000000007e+01 -3.367009297517528665e+01
-9.599999999999999645e+00 -2.536123604619582395e+01
-9.119999999999999218e+00 -2.274817623471988881e+01
-8.640000000000000568e+00 -2.254855548364295714e+01
-8.160000000000000142e+00 -2.255166598956394353e+01
-7.679999999999999716e+00 -2.238098405628223375e+01
-7.199999999999999289e+00 -2.228836615532626553e+01
-6.719999999999999751e+00 -2.245989176860588188e+01
-6.240000000000000213e+00 -2.241440234741522985e+01
-5.759999999999999787e+00 -2.224377415139350234e+01
-5.279999999999999361e+00 -2.225476459218088365e+01
-4.799999999999999822e+00 -2.222888416953768242e+01
-4.320000000000000284e+00 -2.239997820758084757e+01
-3.839999999999999858e+00 -2.248691481402228476e+01
-3.359999999999999876e+00 -2.248072849306492316e+01
-2.879999999999999893e+00 -2.247714143192583336e+01
-2.399999999999999911e+00 -2.236113455401588013e+01
-1.919999999999999929e+00 -2.239753967397181711e+01
-1.439999999999999947e+00 -2.236574069763600292e+01
-9.599999999999999645e-01 -2.229612065398633192e+01
-4.799999999999999822e-01 -2.240116195053965953e+01
0.000000000000000000e+00 -2.244382778803166190e+01
4.799999999999999822e-01 -2.221655974994114047e+01
9.599999999999999645e-01 -2.184108106360384483e+01
1.439999999999999947e+00 -2.219836827814164337e+01
1.919999999999999929e+00 -2.255416289586179346e+01
2.399999999999999911e+00 -2.232245322487770522e+01
2.879999999999999893e+00 -2.215183423610864111e+01
3.359999999999999876e+00 -2.199582544482079527e+01
3.839999999999999858e+00 -2.224392364584696580e+01
4.320000000000000284e+00 -2.255959395943246903e+01
4.799999999999999822e+00 -2.251260034545259359e+01
5.279999999999999361e+00 -2.241577132354691315e+01
5.759999999999999787e+00 -2.243979245464507244e+01
6.240000000000000213e+00 -2.254866578115270670e+01
6.719999999999999751e+00 -2.250101139789765625e+01
7.199999999999999289e+00 -2.238561037673584408e+01
7.679999999999999716e+00 -2.258684144823510209e+01
8.160000000000000142e+00 -2.254021346161578521e+01
8.640000000000000568e+00 -2.245445247682108914e+01
9.119999999999999218e+00 -2.277333367408792952e+01
9.599999999999999645e+00 -2.546159529913128239e+01
1.008000000000000007e+01 -3.388354803148752126e+01
1.055999999999999872e+01 -4.993568815251293103e+01
1.103999999999999915e+01 -5.600862670044512726e+01
1.151999999999999957e+01 -5.921074762462586705e+01
1.200000000000000000e+01 -6.214054102822765202e+01
1.248000000000000043e+01 -6.383513052351592165e+01
1.295999999999999908e+01 -6.479323370835281537e+01
1.343999999999999950e+01 -6.547753042846633775e+01
1.391999999999999993e+01 -6.610760267801678935e+01
1.439999999999999858e+01 -6.610737362230844383e+01
1.487999999999999901e+01 -6.582018837488121221e+01
1.535999999999999943e+01 -6.556352432923216611e+01
1.583999999999999986e+01 -6.505139724552716984e+01
1.632000000000000028e+01 -6.453722444739909747e+01
1.680000000000000071e+01 -6.427042343768579258e+01
1.728000000000000114e+01 -6.471221410491651227e+01
1.775999999999999801e+01 -6.570774861706199488e+01
1.823999999999999844e+01 -6.666750885946660787e+01
1.871999999999999886e+01 -6.756147240189152114e+01
1.919999999999999929e+01 -6.855663150130403949e+01
1.967999999999999972e+01 -6.953148320441506769e+01
2.016000000000000014e+01 -7.057746374864916561e+01
2.064000000000000057e+01 -7.101633246029051350e+01
2.111999999999999744e+01 -7.123853607863476611e+01
2.159999999999999787e+01 -7.155493661483221501e+01
2.207999999999999829e+01 -7.157251146703521272e+01
2.255999999999999872e+01 -7.149235219960195309e+01
2.303999999999999915e+01 -7.135365530414672719e+01
2.351999999999999957e+01 -7.124793980506703406e+01
2.400000000000000000e+01 -7.135646141269617715e+01
2.448000000000000043e+01 -7.155545842823978830e+01
2.496000000000000085e+01 -7.174634086404000755e+01
2.543999999999999773e+01 -7.228984898363745515e+01
2.591999999999999815e+01 -7.267512232449058729e+01
2.639999999999999858e+01 -7.325088008896281622e+01
2.687999999999999901e+01 -7.391540111975798766e+01
2.735999999999999943e+01 -7.460674380495181879e+01
2.783999999999999986e+01 -7.548371415843578802e+01
2.832000000000000028e+01 -7.590178262948926147e+01
2.879999999999999716e+01 -7.651440719309148619e+01
2.927999999999999758e+01 -7.708793169893043284e+01
2.975999999999999801e+01 -7.729747711831852541e+01
3.023999999999999844e+01 -7.728545526959732115e+01
3.071999999999999886e+01 -7.723486087727007998e+01
3.119999999999999929e+01 -7.727577227904122026e+01
3.167999999999999972e+01 -7.718516568475212125e+01
3.215999999999999659e+01 -7.709008749964382901e+01
3.264000000000000057e+01 -7.712620824905503980e+01
3.311999999999999744e+01 -7.719376615405930409e+01
3.360000000000000142e+01 -7.739064033999439118e+01
3.407999999999999829e+01 -7.746860003512780679e+01
3.456000000000000227e+01 -7.780875288268295265e+01
3.503999999999999915e+01 -7.811556658737677594e+01
3.551999999999999602e+01 -7.809490243486615668e+01
3.600000000000000000e+01 -7.857647415434114180e+01
3.647999999999999687e+01 -7.909588615280006252e+01
3.696000000000000085e+01 -7.951652789001906285e+01
3.743999999999999773e+01 -8.001423371039918209e+01
3.792000000000000171e+01 -7.999007137960613534e+01
3.839999999999999858e+01 -7.996716290928581827e+01
3.887999999999999545e+01 -8.012202154603048143e+01
3.935999999999999943e+01 -8.014365111035459677e+01
3.983999999999999631e+01 -8.034317292274458566e+01
4.032000000000000028e+01 -8.055082991162798578e+01
4.079999999999999716e+01 -8.078312956730705707e+01
4.128000000000000114e+01 -8.094577353765265570e+01
4.175999999999999801e+01 -8.112295083312382360e+01
4.223999999999999488e+01 -8.098006127456866921e+01
4.271999999999999886e+01 -8.071212199805836462e+01
4.319999999999999574e+01 -8.037444926998409755e+01
4.367999999999999972e+01 -8.059106015194730332e+01
4.415999999999999659e+01 -8.119094237385878898e+01
4.464000000000000057e+01 -8.135951228128767809e+01
4.511999999999999744e+01 -8.116604814396103507e+01
4.560000000000000142e+01 -8.157565073091090824e+01
4.607999999999999829e+01 -8.206961263627164271e+01
4.655999999999999517e+01 -8.204036558619182529e+01
4.703999999999999915e+01 -8.224961100842642736e+01
4.751999999999999602e+01 -8.258586020162674401e+01
4.800000000000000000e+01 -8.247652952302402696e+01
4.847999999999999687e+01 -8.276303998492815595e+01
4.896000000000000085e+01 -8.267403727945142577e+01
4.943999999999999773e+01 -8.256331446359172332e+01
4.992000000000000171e+01 -8.289531039216150532e+01
5.039999999999999858e+01 -8.311946862814976100e+01
5.087999999999999545e+01 -8.299635186229059514e+01
5.135999999999999943e+01 -8.291571433625648524e+01
5.183999999999999631e+01 -8.304391862997752582e+01
5.232000000000000028e+01 -8.245190434317792949e+01
5.279999999999999716e+01 -8.205242325892884026e+01
5.328000000000000114e+01 -8.283927860043954183e+01
5.375999999999999801e+01 -8.361787096478791170e+01
5.423999999999999488e+01 -8.374974450671930981e+01
5.471999999999999886e+01 -8.370155990128927215e+01
5.519999999999999574e+01 -8.359863808279996533e+01
5.567999999999999972e+01 -8.376080165744878059e+01
5.615999999999999659e+01 -8.373224688576630115e+01
5.664000000000000057e+01 -8.389541834274270116e+01
5.711999999999999744e+01 -8.417806266590449127e+01
5.759999999999999432e+01 -8.455265792289461046e+01
5.807999999999999829e+01 -8.463035221976406319e+01
5.855999999999999517e+01 -8.454056888777554946e+01
5.903999999999999915e+01 -8.461411443427297741e+01
5.951999999999999602e+01 -8.472378107630525790e+01
6.000000000000000000e+01 -8.472494031239031642e+01
6.047999999999999687e+01 -8.472262008850640314e+01
6.096000000000000085e+01 -8.487372478855871805e+01
6.143999999999999773e+01 -8.484617301936295064e+01
6.191999999999999460e+01 -8.494684071282355831e+01
6.239999999999999858e+01 -8.510681688514260657e+01
6.287999999999999545e+01 -8.505380608701450740e+01
6.335999999999999943e+01 -8.492246541723424968e+01
6.383999999999999631e+01 -8.480162822943049150e+01
6.431999999999999318e+01 -8.494016775101329131e+01
6.479999999999999716e+01 -8.505076857925445211e+01
6.528000000000000114e+01 -8.521223167346802541e+01
6.575999999999999091e+01 -8.531413825466138690e+01
6.623999999999999488e+01 -8.537257600596120710e+01
6.671999999999999886e+01 -8.551447572445775336e+01
6.720000000000000284e+01 -8.565677067791580157e+01
6.767999999999999261e+01 -8.583789294098322387e+01
6.815999999999999659e+01 -8.569670671061800249e+01
6.864000000000000057e+01 -8.580591322422100120e+01
6.912000000000000455e+01 -8.564929790326154091e+01
6.959999999999999432e+01 -8.560743166418771466e+01
7.007999999999999829e+01 -8.580158549459130768e+01
7.056000000000000227e+01 -8.586205156298973407e+01
7.103999999999999204e+01 -8.575698835089468730e+01
7.151999999999999602e+01 -8.561554436401445400e+01
7.200000000000000000e+01 -8.579466366935888288e+01
7.248000000000000398e+01 -8.574599977217594926e+01
7.295999999999999375e+01 -8.574612232582086335e+01
7.343999999999999773e+01 -8.604003903015227195e+01
7.392000000000000171e+01 -8.615032387548218651e+01
7.439999999999999147e+01 -8.596170823565202568e+01
7.487999999999999545e+01 -8.575847759771480128e+01
7.535999999999999943e+01 -8.594020985799646439e+01
7.584000000000000341e+01 -8.616255593899711585e+01
7.631999999999999318e+01 -8.636015628007095302e+01
7.679999999999999716e+01 -8.622463030485920399e+01
7.728000000000000114e+01 -8.649972504237489090e+01
7.775999999999999091e+01 -8.653464997428790184e+01
7.823999999999999488e+01 -8.632690399908102563e+01
7.871999999999999886e+01 -8.610659116281163961e+01
7.920000000000000284e+01 -8.597339074362344036e+01
7.967999999999999261e+01 -8.600796846373572180e+01
8.015999999999999659e+01 -8.606814353811290630e+01
8.064000000000000057e+01 -8.621187299142846427e+01
8.111999999999999034e+01 -8.632171587755780706e+01
8.159999999999999432e+01 -8.612090435905635388e+01
8.207999999999999829e+01 -8.636362219750722602e+01
8.256000000000000227e+01 -8.653476819031355660e+01
8.303999999999999204e+01 -8.652271924902160549e+01
8.351999999999999602e+01 -8.667365860458795623e+01
8.400000000000000000e+01 -8.674359148133986253e+01
8.447999999999998977e+01 -8.685384702323375450e+01
8.495999999999999375e+01 -8.706877537088418251e+01
8.543999999999999773e+01 -8.718841207902379153e+01
8.592000000000000171e+01 -8.734342422293750019e+01
8.639999999999999147e+01 -8.713854578575040932e+01
8.687999999999999545e+01 -8.704025676413002088e+01
8.735999999999999943e+01 -8.697891174997083397e+01
8.784000000000000341e+01 -8.696302934969956766e+01
8.831999999999999318e+01 -8.700390300048054826e+01
8.879999999999999716e+01 -8.684847766437812311e+01
8.928000000000000114e+01 -8.648761017512325111e+01
8.975999999999999091e+01 -8.683373243347595860e+01
9.023999999999999488e+01 -8.720928690641152059e+01
9.071999999999999886e+01 -8.718015751925607049e+01
9.120000000000000284e+01 -8.675963769191844221e+01
9.167999999999999261e+01 -8.671117214463151868e+01
9.215999999999999659e+01 -8.686702618552374133e+01
9.264000000000000057e+01 -8.701178256650334220e+01
9.311999999999999034e+01 -8.725916826486954392e+01
9.359999999999999432e+01 -8.688204841748154195e+01
9.407999999999999829e+01 -8.672177713547249311e+01
9.456000000000000227e+01 -8.688204782234066670e+01
9.503999999999999204e+01 -8.715121154835438233e+01
9.551999999999999602e+01 -8.726501061588508890e+01
9.600000000000000000e+01 -8.725888578468487822e+01
9.647999999999998977e+01 -8.714945566485538109e+01
9.695999999999999375e+01 -8.725494120098093731e+01
9.743999999999999773e+01 -8.723431577944930382e+01
9.792000000000000171e+01 -8.711864336210589954e+01
9.839999999999999147e+01 -8.724808345564240142e+01
9.887999999999999545e+01 -8.720604258310089563e+01
9.935999999999999943e+01 -8.717300465110447760e+01
9.984000000000000341e+01 -8.724102880039089314e+01
1.003199999999999932e+02 -8.737706596060525044e+01
1.007999999999999972e+02 -8.751113147321704844e+01
1.012800000000000011e+02 -8.734937187059239250e+01
1.017599999999999909e+02 -8.764093206290674232e+01
1.022399999999999949e+02 -8.809786557280770580e+01
1.027199999999999989e+02 -8.819221868392116903e+01
1.032000000000000028e+02 -8.832653833378424224e+01
1.036799999999999926e+02 -8.862307537270464763e+01
1.041599999999999966e+02 -8.880560280954594532e+01
1.046400000000000006e+02 -8.911144536071364541e+01
1.051199999999999903e+02 -8.969984301610151078e+01
1.055999999999999943e+02 -9.048351766753127379e+01
1.060799999999999983e+02 -9.113268843434624955e+01
1.065600000000000023e+02 -9.172577817067561057e+01
1.070399999999999920e+02 -9.233407677737497465e+01
1.075199999999999960e+02 -9.329084867446448470e+01
1.080000000000000000e+02 -9.435495096612717703e+01
1.084799999999999898e+02 -9.520278287196478573e+01
1.089599999999999937e+02 -9.624586318244668348e+01
1.094399999999999977e+02 -9.699501570005173789e+01
1.099200000000000017e+02 -9.803699929533593149e+01
1.103999999999999915e+02 -9.907903455614020061e+01
1.108799999999999955e+02 -1.000620228668619802e+02
1.113599999999999994e+02 -1.004759633970778907e+02
1.118399999999999892e+02 -1.006555369912248068e+02
1.123199999999999932e+02 -1.009441596317719529e+02
1.127999999999999972e+02 -1.015230072617579538e+02
1.132800000000000011e+02 -1.018836808622004497e+02
1.137599999999999909e+02 -1.021501861673068845e+02
1.142399999999999949e+02 -1.026691524794560308e+02
1.147199999999999989e+02 -1.028305485216750128e+02
1.151999999999999886e+02 -1.028270952892673051e+02
1.156799999999999926e+02 -1.025452974836248643e+02
1.161599999999999966e+02 -1.016480308508078565e+02
1.166400000000000006e+02 -1.012825478829683590e+02
1.171199999999999903e+02 -1.013788732948425491e+02
1.175999999999999943e+02 -1.014093862716450332e+02
1.180799999999999983e+02 -1.015057731599017075e+02
1.185600000000000023e+02 -1.016719414257810286e+02
1.190399999999999920e+02 -1.016618807980519819e+02
1.195199999999999960e+02 -1.021535715554802692e+02
1.200000000000000000e+02 -1.024861111077251508e+02
1.204799999999999898e+02 -1.024157605206352741e+02
1.209599999999999937e+02 -1.019802763040912623e+02
1.214399999999999977e+02 -1.013333216888330099e+02
1.219200000000000017e+02 -1.009170259578482529e+02
1.223999999999999915e+02 -1.001023421004498459e+02
