-1.228799999999999892e-01 -7.240190675144256716e+01
-1.223999999999999949e-01 -7.356755402111933506e+01
-1.219199999999999867e-01 -7.469710120627181027e+01
-1.214399999999999924e-01 -7.546506493251179393e+01
-1.209599999999999842e-01 -7.661683886369657159e+01
-1.204799999999999899e-01 -7.749866830542782736e+01
-1.199999999999999956e-01 -7.816949540044616640e+01
-1.195199999999999874e-01 -7.815853215149068944e+01
-1.190399999999999930e-01 -7.755357634425747904e+01
-1.185599999999999848e-01 -7.635560225736311679e+01
-1.180799999999999905e-01 -7.544545731674797651e+01
-1.175999999999999962e-01 -7.452100376615430832e+01
-1.171199999999999880e-01 -7.395170342530849439e+01
-1.166399999999999937e-01 -7.315739348018378507e+01
-1.161599999999999855e-01 -7.247128178574611468e+01
-1.156799999999999912e-01 -7.217050383008016468e+01
-1.151999999999999968e-01 -7.203280852368001774e+01
-1.147199999999999886e-01 -7.206290916531817459e+01
-1.142399999999999943e-01 -7.220558176085417301e+01
-1.137599999999999861e-01 -7.298212057344868242e+01
-1.132799999999999918e-01 -7.355469352979557129e+01
-1.127999999999999836e-01 -7.417649970176812246e+01
-1.123199999999999893e-01 -7.494855081177487932e+01
-1.118399999999999950e-01 -7.520137453371401648e+01
-1.113599999999999868e-01 -7.484323451884647227e+01
-1.108799999999999925e-01 -7.381576667549393278e+01
-1.103999999999999843e-01 -7.255585897566467679e+01
-1.099199999999999899e-01 -7.116919278343340238e+01
-1.094399999999999956e-01 -7.025470607341576113e+01
-1.089599999999999874e-01 -6.945445867009588881e+01
-1.084799999999999931e-01 -6.863462820177490187e+01
-1.079999999999999849e-01 -6.783258072685502782e+01
-1.075199999999999906e-01 -6.735757769660365568e+01
-1.070399999999999963e-01 -6.670258446502882066e+01
-1.065599999999999881e-01 -6.631520659403194884e+01
-1.060799999999999937e-01 -6.602827374695466744e+01
-1.055999999999999855e-01 -6.557844615303790192e+01
-1.051199999999999912e-01 -6.509475491885213216e+01
-1.046399999999999969e-01 -6.429993960257715457e+01
-1.041599999999999887e-01 -6.378444452561085143e+01
-1.036799999999999944e-01 -6.361086328580211102e+01
-1.031999999999999862e-01 -6.338334960268481666e+01
-1.027199999999999919e-01 -6.312844662939539830e+01
-1.022399999999999975e-01 -6.295392234162888911e+01
-1.017599999999999894e-01 -6.288687236531082903e+01
-1.012799999999999950e-01 -6.256098281945818229e+01
-1.007999999999999868e-01 -6.246563504703529901e+01
-1.003199999999999925e-01 -6.269574560338593017e+01
-9.983999999999998431e-02 -6.235651527962534857e+01
-9.935999999999998999e-02 -6.239212763455488187e+01
-9.887999999999999567e-02 -6.222757918299576829e+01
-9.839999999999998748e-02 -6.215980787740467406e+01
-9.791999999999999316e-02 -6.241192768891774278e+01
-9.743999999999998496e-02 -6.223789707175463803e+01
-9.695999999999999064e-02 -6.216136560030464864e+01
-9.647999999999999632e-02 -6.239770453753840229e+01
-9.599999999999998812e-02 -6.231794897009927325e+01
-9.551999999999999380e-02 -6.224323921420218397e+01
-9.503999999999998560e-02 -6.227369748775195291e+01
-9.455999999999999128e-02 -6.182072452858677281e+01
-9.407999999999999696e-02 -6.153473026684391556e+01
-9.359999999999998876e-02 -6.156795185753374255e+01
-9.311999999999999444e-02 -6.149555200892889673e+01
-9.263999999999998625e-02 -6.168062256363145934e+01
-9.215999999999999193e-02 -6.175223184711730084e+01
-9.167999999999999761e-02 -6.144849038434243482e+01
-9.119999999999998941e-02 -6.141852929732172583e+01
-9.071999999999999509e-02 -6.149957868420260354e+01
-9.023999999999998689e-02 -6.161153736833712458e+01
-8.975999999999999257e-02 -6.133769571483015426e+01
-8.927999999999999825e-02 -6.120863214010693554e+01
-8.879999999999999005e-02 -6.158598325074216717e+01
-8.831999999999999573e-02 -6.150237883849929688e+01
-8.783999999999998753e-02 -6.136726103893801110e+01
-8.735999999999999321e-02 -6.140800528320586693e+01
-8.687999999999999889e-02 -6.137868704878314929e+01
-8.639999999999999070e-02 -6.140762511998833872e+01
-8.591999999999999638e-02 -6.112796533518893227e+01
-8.543999999999998818e-02 -6.125115230241812014e+01
-8.495999999999999386e-02 -6.130434944195925340e+01
-8.447999999999999954e-02 -6.113396475875602221e+01
-8.399999999999999134e-02 -6.111804106720065022e+01
-8.351999999999999702e-02 -6.119894577269205627e+01
-8.303999999999998882e-02 -6.132380952547387665e+01
-8.255999999999999450e-02 -6.124927617620231501e+01
-8.207999999999998630e-02 -6.097786622097886067e+01
-8.159999999999999198e-02 -6.098842829993109405e+01
-8.111999999999999766e-02 -6.107155923659596652e+01
-8.063999999999998947e-02 -6.081262934365050654e+01
-8.015999999999999515e-02 -6.092365839393058025e+01
-7.967999999999998695e-02 -6.098113230529394002e+01
-7.919999999999999263e-02 -6.084763813198008364e+01
-7.871999999999999831e-02 -6.068011750694036266e+01
-7.823999999999999011e-02 -6.065023908603645708e+01
-7.775999999999999579e-02 -6.066682196946835859e+01
-7.727999999999998759e-02 -6.059867472040292569e+01
-7.679999999999999327e-02 -6.099550679182917179e+01
-7.631999999999999895e-02 -6.062790983439722936e+01
-7.583999999999999075e-02 -6.023384647179974394e+01
-7.535999999999999643e-02 -6.035593935765898976e+01
-7.487999999999998824e-02 -6.058642030650468513e+01
-7.439999999999999392e-02 -6.048589980543179934e+01
-7.391999999999999960e-02 -6.039563747158499751e+01
-7.343999999999999140e-02 -6.027043536325287221e+01
-7.295999999999999708e-02 -6.038678753128260723e+01
-7.247999999999998888e-02 -6.039662504785538033e+01
-7.199999999999999456e-02 -6.021794621104736223e+01
-7.152000000000000024e-02 -6.006268650089992889e+01
-7.103999999999999204e-02 -6.012957693778130874e+01
-7.055999999999999772e-02 -6.039791715938519445e+01
-7.007999999999998952e-02 -6.042324656038377384e+01
-6.959999999999999520e-02 -6.027515426912163576e+01
-6.911999999999998701e-02 -5.984342882032308353e+01
-6.863999999999999269e-02 -5.961109276780995714e+01
-6.815999999999999837e-02 -5.961848486496541000e+01
-6.767999999999999017e-02 -5.978749511834422492e+01
-6.719999999999999585e-02 -5.973162676596896858e+01
-6.671999999999998765e-02 -5.957742571716806168e+01
-6.623999999999999333e-02 -5.934773286288607608e+01
-6.575999999999999901e-02 -5.908321936583297429e+01
-6.527999999999999081e-02 -5.905522712865445101e+01
-6.479999999999999649e-02 -5.917718022925812704e+01
-6.431999999999998829e-02 -5.960957201303006059e+01
-6.383999999999999397e-02 -5.952485781344695681e+01
-6.335999999999999965e-02 -5.915079187138087491e+01
-6.287999999999999146e-02 -5.891579831069545037e+01
-6.239999999999999714e-02 -5.900139170325683580e+01
-6.191999999999999588e-02 -5.925742371503602612e+01
-6.143999999999999462e-02 -5.916839723408502039e+01
-6.095999999999999336e-02 -5.875751152807240629e+01
-6.047999999999999210e-02 -5.877875447766708561e+01
-5.999999999999999778e-02 -5.854947389166488847e+01
-5.951999999999999652e-02 -5.847540625438178807e+01
-5.903999999999999526e-02 -5.874723203906889069e+01
-5.855999999999999400e-02 -5.877754164764049705e+01
-5.807999999999999274e-02 -5.863832941727891779e+01
-5.759999999999999842e-02 -5.839622309762684438e+01
-5.711999999999999716e-02 -5.815655947406581561e+01
-5.663999999999999591e-02 -5.809568891863231954e+01
-5.615999999999999465e-02 -5.789200692525734837e+01
-5.567999999999999339e-02 -5.781236687147637099e+01
-5.519999999999999213e-02 -5.791154095924920853e+01
-5.471999999999999781e-02 -5.788364108796011465e+01
-5.423999999999999655e-02 -5.778598965796209797e+01
-5.375999999999999529e-02 -5.752216899412228912e+01
-5.327999999999999403e-02 -5.741687434670723889e+01
-5.279999999999999277e-02 -5.715797359365733143e+01
-5.231999999999999845e-02 -5.713653195561857245e+01
-5.183999999999999719e-02 -5.742687356842598945e+01
-5.135999999999999593e-02 -5.767753873786058705e+01
-5.087999999999999468e-02 -5.744862243205770369e+01
-5.039999999999999342e-02 -5.724844432975235975e+01
-4.991999999999999216e-02 -5.736603526227479222e+01
-4.943999999999999784e-02 -5.719008000149229787e+01
-4.895999999999999658e-02 -5.678256959497741008e+01
-4.847999999999999532e-02 -5.667473880027080924e+01
-4.799999999999999406e-02 -5.677592416735960512e+01
-4.751999999999999280e-02 -5.692814210225348859e+01
-4.703999999999999848e-02 -5.668570119824921960e+01
-4.655999999999999722e-02 -5.615000978930480358e+01
-4.607999999999999596e-02 -5.571169498754217386e+01
-4.559999999999999470e-02 -5.572859557712101264e+01
-4.511999999999999345e-02 -5.582875015863925228e+01
-4.463999999999999913e-02 -5.581200743545748821e+01
-4.415999999999999787e-02 -5.557947278546581771e+01
-4.367999999999999661e-02 -5.529576488157726288e+01
-4.319999999999999535e-02 -5.514846409184230680e+01
-4.271999999999999409e-02 -5.543668442092481996e+01
-4.223999999999999977e-02 -5.510089932049904604e+01
-4.175999999999999851e-02 -5.453360731180229237e+01
-4.127999999999999725e-02 -5.449379308238163588e+01
-4.079999999999999599e-02 -5.429181171078242585e+01
-4.031999999999999473e-02 -5.420911493230047995e+01
-3.983999999999999347e-02 -5.410189350319424051e+01
-3.935999999999999915e-02 -5.404415141291896418e+01
-3.887999999999999790e-02 -5.425030728019089565e+01
-3.839999999999999664e-02 -5.435977161866509988e+01
-3.791999999999999538e-02 -5.418403775433453262e+01
-3.743999999999999412e-02 -5.392725179443733907e+01
-3.695999999999999980e-02 -5.387649507106284830e+01
-3.647999999999999854e-02 -5.375297270054338838e+01
-3.599999999999999728e-02 -5.398390405206047404e+01
-3.551999999999999602e-02 -5.356338434528960590e+01
-3.503999999999999476e-02 -5.297279577340116674e+01
-3.455999999999999350e-02 -5.273699303884568224e+01
-3.407999999999999918e-02 -5.234457667336443620e+01
-3.359999999999999792e-02 -5.193634044973730113e+01
-3.311999999999999666e-02 -5.170167026598218740e+01
-3.263999999999999541e-02 -5.140868990236106129e+01
-3.215999999999999415e-02 -5.085209029256714075e+01
-3.167999999999999983e-02 -5.074445267617787181e+01
-3.119999999999999857e-02 -5.065751065078280391e+01
-3.071999999999999731e-02 -5.030488672092587876e+01
-3.023999999999999605e-02 -4.988228084905378523e+01
-2.975999999999999826e-02 -4.967355722259813433e+01
-2.927999999999999700e-02 -4.962947454108235235e+01
-2.879999999999999921e-02 -4.928300683957586870e+01
-2.831999999999999795e-02 -4.871682253799478701e+01
-2.783999999999999669e-02 -4.903570001663324263e+01
-2.735999999999999890e-02 -4.937131330769343407e+01
-2.687999999999999765e-02 -4.880946270049965108e+01
-2.639999999999999639e-02 -4.795202710925014600e+01
-2.591999999999999860e-02 -4.715602094464653504e+01
-2.543999999999999734e-02 -4.687768559335121665e+01
-2.495999999999999608e-02 -4.714187411469160338e+01
-2.447999999999999829e-02 -4.752486967953655039e+01
-2.399999999999999703e-02 -4.748827984639695643e+01
-2.351999999999999924e-02 -4.698634628587576856e+01
-2.303999999999999798e-02 -4.598118730298579493e+01
-2.255999999999999672e-02 -4.521622466387876216e+01
-2.207999999999999893e-02 -4.470798951146061739e+01
-2.159999999999999767e-02 -4.409086440420738029e+01
-2.111999999999999988e-02 -4.354294276650832529e+01
-2.063999999999999863e-02 -4.304335689923195218e+01
-2.015999999999999737e-02 -4.256201176949011966e+01
-1.967999999999999958e-02 -4.170098331692980054e+01
-1.919999999999999832e-02 -4.119761339320912441e+01
-1.871999999999999706e-02 -4.106202478171019976e+01
-1.823999999999999927e-02 -4.089393614819816491e+01
-1.775999999999999801e-02 -4.097747425475859018e+01
-1.727999999999999675e-02 -4.129192932762100554e+01
-1.679999999999999896e-02 -4.180423322331820657e+01
-1.631999999999999770e-02 -4.205278187838223403e+01
-1.583999999999999991e-02 -4.207051160972867621e+01
-1.535999999999999865e-02 -4.168932989140937906e+01
-1.487999999999999913e-02 -4.072572980442647150e+01
-1.439999999999999961e-02 -4.011440691351468502e+01
-1.391999999999999835e-02 -3.976639740394415412e+01
-1.343999999999999882e-02 -3.974502816483387591e+01
-1.295999999999999930e-02 -3.879217738461549203e+01
-1.247999999999999804e-02 -3.714875863952805446e+01
-1.199999999999999852e-02 -3.488915825063750731e+01
-1.151999999999999899e-02 -3.234118450482007034e+01
-1.103999999999999947e-02 -2.943234620113867095e+01
-1.055999999999999994e-02 -2.108657858528969697e+01
-1.007999999999999868e-02 -3.775708271530331839e+00
-9.599999999999999159e-03 4.566874043547418438e+00
-9.119999999999999635e-03 7.180713027309032270e+00
-8.639999999999998376e-03 7.386073910692783073e+00
-8.159999999999998851e-03 7.390055680056076604e+00
-7.679999999999999327e-03 7.565618659171731153e+00
-7.199999999999999803e-03 7.662031685782792145e+00
-6.719999999999999411e-03 7.499891505775849510e+00
-6.239999999999999020e-03 7.545897858850146633e+00
-5.759999999999999495e-03 7.708863541771612482e+00
-5.279999999999999971e-03 7.692686602118945061e+00
-4.799999999999999580e-03 7.717149257855393074e+00
-4.319999999999999188e-03 7.526769857419697729e+00
-3.839999999999999664e-03 7.431933626860893760e+00
-3.359999999999999706e-03 7.437488015165003574e+00
-2.879999999999999748e-03 7.433946621650858511e+00
-2.399999999999999790e-03 7.554660688644304400e+00
-1.919999999999999832e-03 7.531673816323517734e+00
-1.439999999999999874e-03 7.549900588891546249e+00
-9.599999999999999159e-04 7.612324155492190769e+00
-4.799999999999999580e-04 7.506403806135189427e+00
0.000000000000000000e+00 7.450354727575953184e+00
4.799999999999999580e-04 7.664982511664949705e+00
9.599999999999999159e-04 8.044810519006404093e+00
1.439999999999999874e-03 7.695407103756267020e+00
1.919999999999999832e-03 7.337758099778862508e+00
2.399999999999999790e-03 7.558984361683796394e+00
2.879999999999999748e-03 7.723017667905683226e+00
3.359999999999999706e-03 7.879633897443538260e+00
3.839999999999999664e-03 7.636307133410218384e+00
4.319999999999999188e-03 7.328743485259717971e+00
4.799999999999999580e-03 7.384107064049995728e+00
5.279999999999999971e-03 7.484796616512809919e+00
5.759999999999999495e-03 7.481534957536956298e+00
6.239999999999999020e-03 7.391098995237872060e+00
6.719999999999999411e-03 7.447754385778139863e+00
7.199999999999999803e-03 7.567574784098286322e+00
7.679999999999999327e-03 7.363678215971505736e+00
8.159999999999998851e-03 7.415268493086127677e+00
8.639999999999998376e-03 7.504347265950118917e+00
9.119999999999999635e-03 7.182427995763744022e+00
9.599999999999999159e-03 4.473249733242584014e+00
1.007999999999999868e-02 -4.002818968366772978e+00
1.055999999999999994e-02 -2.119495390618835984e+01
1.103999999999999947e-02 -2.878423838105029375e+01
1.151999999999999899e-02 -3.187045319396764143e+01
1.199999999999999852e-02 -3.461609495204179154e+01
1.247999999999999804e-02 -3.684487256846588110e+01
1.295999999999999930e-02 -3.836686683756350646e+01
1.343999999999999882e-02 -3.925712963295238467e+01
1.391999999999999835e-02 -3.990062947852005237e+01
1.439999999999999961e-02 -4.036010577984029624e+01
1.487999999999999913e-02 -4.098154131586718307e+01
1.535999999999999865e-02 -4.189892845096608909e+01
1.583999999999999991e-02 -4.244713455385540612e+01
1.631999999999999770e-02 -4.235760060912486580e+01
1.679999999999999896e-02 -4.202499977443466150e+01
1.727999999999999675e-02 -4.170882392126255667e+01
1.775999999999999801e-02 -4.153933909437989769e+01
1.823999999999999927e-02 -4.129773207721446227e+01
1.871999999999999706e-02 -4.122580157239958965e+01
1.919999999999999832e-02 -4.125843059761719189e+01
1.967999999999999958e-02 -4.148893712718376037e+01
2.015999999999999737e-02 -4.194323097475640338e+01
2.063999999999999863e-02 -4.239957471159733871e+01
2.111999999999999988e-02 -4.333751382613741043e+01
2.159999999999999767e-02 -4.417029469527691532e+01
2.207999999999999893e-02 -4.467780805902457786e+01
2.255999999999999672e-02 -4.551557810827335970e+01
2.303999999999999798e-02 -4.629004620670131231e+01
2.351999999999999924e-02 -4.683379527783449703e+01
2.399999999999999703e-02 -4.748112566057172046e+01
2.447999999999999829e-02 -4.774093791394801656e+01
2.495999999999999608e-02 -4.770415184104557227e+01
2.543999999999999734e-02 -4.762671423991977804e+01
2.591999999999999860e-02 -4.753700215869056933e+01
2.639999999999999639e-02 -4.819288983450508823e+01
2.687999999999999765e-02 -4.926582578756254804e+01
2.735999999999999890e-02 -5.005442204301115083e+01
2.783999999999999669e-02 -5.014961490200916217e+01
2.831999999999999795e-02 -5.007941496434877138e+01
2.879999999999999921e-02 -5.062719385010238682e+01
2.927999999999999700e-02 -5.062662927180124228e+01
2.975999999999999826e-02 -5.069901747958527949e+01
3.023999999999999605e-02 -5.097289076720858247e+01
3.071999999999999731e-02 -5.119526260529475792e+01
3.119999999999999857e-02 -5.120926192099859264e+01
3.167999999999999983e-02 -5.128016726403046732e+01
3.215999999999999415e-02 -5.163576522034229299e+01
3.263999999999999541e-02 -5.210520531341488493e+01
3.311999999999999666e-02 -5.258086617025838194e+01
3.359999999999999792e-02 -5.285291948485510716e+01
3.407999999999999918e-02 -5.296780941777833362e+01
3.455999999999999350e-02 -5.323605150738807623e+01
3.503999999999999476e-02 -5.397677342122694455e+01
3.551999999999999602e-02 -5.414919822680246142e+01
3.599999999999999728e-02 -5.432555975904260492e+01
3.647999999999999854e-02 -5.469996651100133533e+01
3.695999999999999980e-02 -5.509095434701404770e+01
3.743999999999999412e-02 -5.526247500355145803e+01
3.791999999999999538e-02 -5.501191707335144798e+01
3.839999999999999664e-02 -5.502553662413734514e+01
3.887999999999999790e-02 -5.518063557136328257e+01
3.935999999999999915e-02 -5.558233201460309658e+01
3.983999999999999347e-02 -5.574104087234492511e+01
4.031999999999999473e-02 -5.565496340329456615e+01
4.079999999999999599e-02 -5.547170303402896252e+01
4.127999999999999725e-02 -5.551655863632462484e+01
4.175999999999999851e-02 -5.570634638033925512e+01
4.223999999999999977e-02 -5.590025956778631411e+01
4.271999999999999409e-02 -5.628175474698850422e+01
4.319999999999999535e-02 -5.650511732377808727e+01
4.367999999999999661e-02 -5.684821560010433217e+01
4.415999999999999787e-02 -5.694886791200006115e+01
4.463999999999999913e-02 -5.696641983424628108e+01
4.511999999999999345e-02 -5.680434739033697156e+01
4.559999999999999470e-02 -5.687740840027869638e+01
4.607999999999999596e-02 -5.702384460616840300e+01
4.655999999999999722e-02 -5.732639805421150214e+01
4.703999999999999848e-02 -5.785589960511642005e+01
4.751999999999999280e-02 -5.838423682252805236e+01
4.799999999999999406e-02 -5.833531827469835207e+01
4.847999999999999532e-02 -5.818411459789588491e+01
4.895999999999999658e-02 -5.818055021665871607e+01
4.943999999999999784e-02 -5.805004145193787934e+01
4.991999999999999216e-02 -5.814020797418847053e+01
5.039999999999999342e-02 -5.837822710866940668e+01
5.087999999999999468e-02 -5.830385002110269710e+01
5.135999999999999593e-02 -5.813662655525583745e+01
5.183999999999999719e-02 -5.833823289953520685e+01
5.231999999999999845e-02 -5.847500381438052131e+01
5.279999999999999277e-02 -5.850188306586925080e+01
5.327999999999999403e-02 -5.860943809605420540e+01
5.375999999999999529e-02 -5.894589478174030006e+01
5.423999999999999655e-02 -5.893205546405568640e+01
5.471999999999999781e-02 -5.916160080662496057e+01
5.519999999999999213e-02 -5.945043682238771510e+01
5.567999999999999339e-02 -5.948226740907675492e+01
5.615999999999999465e-02 -5.966439793767917621e+01
5.663999999999999591e-02 -6.012667126160400954e+01
5.711999999999999716e-02 -6.033117282390074365e+01
5.759999999999999842e-02 -6.031629372805418399e+01
5.807999999999999274e-02 -6.058526118675771244e+01
5.855999999999999400e-02 -6.049897126422251858e+01
5.903999999999999526e-02 -6.052018047487466390e+01
5.951999999999999652e-02 -6.085688264066288156e+01
5.999999999999999778e-02 -6.115717468174914018e+01
6.047999999999999210e-02 -6.074699848157096937e+01
6.095999999999999336e-02 -6.061041281208850506e+01
6.143999999999999462e-02 -6.059191710871877490e+01
6.191999999999999588e-02 -6.019534285678724217e+01
6.239999999999999714e-02 -5.979377129182967820e+01
6.287999999999999146e-02 -5.962458535604025656e+01
6.335999999999999965e-02 -5.983317049888359662e+01
6.383999999999999397e-02 -5.974575357654821062e+01
6.431999999999998829e-02 -5.992555538527204817e+01
6.479999999999999649e-02 -6.054446427773356731e+01
6.527999999999999081e-02 -6.073064484847513711e+01
6.575999999999999901e-02 -6.069133541885514660e+01
6.623999999999999333e-02 -6.068582858596538188e+01
6.671999999999998765e-02 -6.079283639357538505e+01
6.719999999999999585e-02 -6.105226984783305966e+01
6.767999999999999017e-02 -6.108073667276716634e+01
6.815999999999999837e-02 -6.120961016924590581e+01
6.863999999999999269e-02 -6.165143797222513911e+01
6.911999999999998701e-02 -6.183606176814862465e+01
6.959999999999999520e-02 -6.181154244893726002e+01
7.007999999999998952e-02 -6.202681837460394831e+01
7.055999999999999772e-02 -6.208582995501875246e+01
7.103999999999999204e-02 -6.211838889400407737e+01
7.152000000000000024e-02 -6.197498013891794244e+01
7.199999999999999456e-02 -6.194431577351006979e+01
7.247999999999998888e-02 -6.171893716323356216e+01
7.295999999999999708e-02 -6.162482107667445064e+01
7.343999999999999140e-02 -6.154461317991362534e+01
7.391999999999999960e-02 -6.163624547725266467e+01
7.439999999999999392e-02 -6.175143273598419569e+01
7.487999999999998824e-02 -6.192630245866488536e+01
7.535999999999999643e-02 -6.192712452245132226e+01
7.583999999999999075e-02 -6.174892680155216595e+01
7.631999999999999895e-02 -6.180465068449529298e+01
7.679999999999999327e-02 -6.214059564314968753e+01
7.727999999999998759e-02 -6.208413159528609526e+01
7.775999999999999579e-02 -6.195981372019517863e+01
7.823999999999999011e-02 -6.166259891631177936e+01
7.871999999999999831e-02 -6.150138771787845826e+01
7.919999999999999263e-02 -6.142687330658742439e+01
7.967999999999998695e-02 -6.158476559168075681e+01
8.015999999999999515e-02 -6.176802250237457770e+01
8.063999999999998947e-02 -6.199167541977671192e+01
8.111999999999999766e-02 -6.221488520927596966e+01
8.159999999999999198e-02 -6.242795763435815815e+01
8.207999999999998630e-02 -6.231373535570842392e+01
8.255999999999999450e-02 -6.241377075638666128e+01
8.303999999999998882e-02 -6.284699722981610392e+01
8.351999999999999702e-02 -6.291823875610673156e+01
8.399999999999999134e-02 -6.294393362497932287e+01
8.447999999999999954e-02 -6.275865982046991576e+01
8.495999999999999386e-02 -6.273849590655616737e+01
8.543999999999998818e-02 -6.263392598279921941e+01
8.591999999999999638e-02 -6.254247694304894623e+01
8.639999999999999070e-02 -6.261110287376358485e+01
8.687999999999999889e-02 -6.258583677586204885e+01
8.735999999999999321e-02 -6.241902751564951046e+01
8.783999999999998753e-02 -6.224983487252618630e+01
8.831999999999999573e-02 -6.256724162420647417e+01
8.879999999999999005e-02 -6.258324270561605118e+01
8.927999999999999825e-02 -6.260773801358779167e+01
8.975999999999999257e-02 -6.253138343749832728e+01
9.023999999999998689e-02 -6.242478250128249329e+01
9.071999999999999509e-02 -6.248842670217412376e+01
9.119999999999998941e-02 -6.259634540273253833e+01
9.167999999999999761e-02 -6.253069929667896076e+01
9.215999999999999193e-02 -6.234466067216494878e+01
9.263999999999998625e-02 -6.257161331665437842e+01
9.311999999999999444e-02 -6.277027261656006374e+01
9.359999999999998876e-02 -6.287420567669997951e+01
9.407999999999999696e-02 -6.313462154648927793e+01
9.455999999999999128e-02 -6.316479376548412006e+01
9.503999999999998560e-02 -6.307996576296397251e+01
9.551999999999999380e-02 -6.349408511878135641e+01
9.599999999999998812e-02 -6.324299074763912643e+01
9.647999999999999632e-02 -6.301165024649140634e+01
9.695999999999999064e-02 -6.333714191529453785e+01
9.743999999999998496e-02 -6.334302129009366666e+01
9.791999999999999316e-02 -6.293857858595332289e+01
9.839999999999998748e-02 -6.295272337074199243e+01
9.887999999999999567e-02 -6.319971999855857803e+01
9.935999999999998999e-02 -6.318445165458129509e+01
9.983999999999998431e-02 -6.309976705258070240e+01
1.003199999999999925e-01 -6.320412176925353265e+01
1.007999999999999868e-01 -6.346951384445449662e+01
1.012799999999999950e-01 -6.357615278252233537e+01
1.017599999999999894e-01 -6.345885385577648918e+01
1.022399999999999975e-01 -6.362813852313976781e+01
1.027199999999999919e-01 -6.371035575652825145e+01
1.031999999999999862e-01 -6.384109900184812147e+01
1.036799999999999944e-01 -6.413211109849585512e+01
1.041599999999999887e-01 -6.451691030591570097e+01
1.046399999999999969e-01 -6.496376494429947002e+01
1.051199999999999912e-01 -6.535032232065164237e+01
1.055999999999999855e-01 -6.534822552187378619e+01
1.060799999999999937e-01 -6.606496096085439262e+01
1.065599999999999881e-01 -6.697096324432889958e+01
1.070399999999999963e-01 -6.731027647857717966e+01
1.075199999999999906e-01 -6.766302836198990178e+01
1.079999999999999849e-01 -6.839292917358250179e+01
1.084799999999999931e-01 -6.928453502584004298e+01
1.089599999999999874e-01 -6.979182913858866755e+01
1.094399999999999956e-01 -7.042631330353520980e+01
1.099199999999999899e-01 -7.138595451702047967e+01
1.103999999999999843e-01 -7.196040453616353716e+01
1.108799999999999925e-01 -7.239861833462126128e+01
1.113599999999999868e-01 -7.293529268841182045e+01
1.118399999999999950e-01 -7.317179572585457947e+01
1.123199999999999893e-01 -7.325896602324523599e+01
1.127999999999999836e-01 -7.317110522612433954e+01
1.132799999999999918e-01 -7.307837254322691933e+01
1.137599999999999861e-01 -7.319337552764369548e+01
1.142399999999999943e-01 -7.341865466703548293e+01
1.147199999999999886e-01 -7.385243184311215714e+01
1.151999999999999968e-01 -7.446097132854922052e+01
1.156799999999999912e-01 -7.480059833898505417e+01
1.161599999999999855e-01 -7.506334810658493950e+01
1.166399999999999937e-01 -7.558363842758420503e+01
1.171199999999999880e-01 -7.606042621743502252e+01
1.175999999999999962e-01 -7.607900779713186523e+01
1.180799999999999905e-01 -7.585015595123292087e+01
1.185599999999999848e-01 -7.582773760516556649e+01
1.190399999999999930e-01 -7.557253945474710122e+01
1.195199999999999874e-01 -7.480403393654086130e+01
1.199999999999999956e-01 -7.401057932110317950e+01
1.204799999999999899e-01 -7.350416240154849845e+01
1.209599999999999842e-01 -7.334278177824931788e+01
1.214399999999999924e-01 -7.312388813315406821e+01
1.219199999999999867e-01 -7.309253726733177814e+01
1.223999999999999949e-01 -7.284624571626748946e+01
