-1.228799999999999955e+02 -9.755746430900455834e+01
-1.223999999999999915e+02 -9.787063372950008500e+01
-1.219200000000000017e+02 -9.808853410279782281e+01
-1.214399999999999977e+02 -9.842946801822097314e+01
-1.209599999999999937e+02 -9.890239600557022470e+01
-1.204799999999999898e+02 -9.950224529949009877e+01
-1.200000000000000000e+02 -1.000894777206793265e+02
-1.195199999999999960e+02 -1.007065960131839546e+02
-1.190399999999999920e+02 -1.012374905532095681e+02
-1.185600000000000023e+02 -1.014612166159727593e+02
-1.180799999999999983e+02 -1.014401071612422811e+02
-1.175999999999999943e+02 -1.012702741970516627e+02
-1.171199999999999903e+02 -1.009367109913588791e+02
-1.166400000000000006e+02 -1.004290900408405776e+02
-1.161599999999999966e+02 -1.000320035591261387e+02
-1.156799999999999926e+02 -9.999948072003292054e+01
-1.151999999999999886e+02 -9.987103741521154632e+01
-1.147199999999999989e+02 -9.988313076363300524e+01
-1.142399999999999949e+02 -9.998812684857897182e+01
-1.137599999999999909e+02 -1.000616203090783216e+02
-1.132800000000000011e+02 -9.988117316849397298e+01
-1.127999999999999972e+02 -9.978539917304543394e+01
-1.123199999999999932e+02 -9.948672225553312387e+01
-1.118399999999999892e+02 -9.909487491464932418e+01
-1.113599999999999994e+02 -9.905132785850425137e+01
-1.108799999999999955e+02 -9.881895114918671652e+01
-1.103999999999999915e+02 -9.799378663492804264e+01
-1.099200000000000017e+02 -9.724733158541484102e+01
-1.094399999999999977e+02 -9.617212387505202287e+01
-1.089599999999999937e+02 -9.498901245437241414e+01
-1.084799999999999898e+02 -9.424847023837563142e+01
-1.080000000000000000e+02 -9.353418227857348199e+01
-1.075199999999999960e+02 -9.290093761485579194e+01
-1.070399999999999920e+02 -9.204449556768990703e+01
-1.065600000000000023e+02 -9.150171913673921154e+01
-1.060799999999999983e+02 -9.092478569180195791e+01
-1.055999999999999943e+02 -9.000916941072800626e+01
-1.051199999999999903e+02 -8.938896439675552585e+01
-1.046400000000000006e+02 -8.869230036333098610e+01
-1.041599999999999966e+02 -8.814463236585700656e+01
-1.036799999999999926e+02 -8.811720398926438236e+01
-1.032000000000000028e+02 -8.808924261148021628e+01
-1.027199999999999989e+02 -8.763674361164861182e+01
-1.022399999999999949e+02 -8.738452225144926899e+01
-1.017599999999999909e+02 -8.722852415523389880e+01
-1.012800000000000011e+02 -8.690818370903258483e+01
-1.007999999999999972e+02 -8.675878124797290525e+01
-1.003199999999999932e+02 -8.696283036119243093e+01
-9.984000000000000341e+01 -8.684596447378218897e+01
-9.935999999999999943e+01 -8.698789518686550082e+01
-9.887999999999999545e+01 -8.691251524248103522e+01
-9.839999999999999147e+01 -8.663201138170614968e+01
-9.792000000000000171e+01 -8.664954926770130328e+01
-9.743999999999999773e+01 -8.641998439632978091e+01
-9.695999999999999375e+01 -8.632777990028584725e+01
-9.647999999999998977e+01 -8.646171355624373689e+01
-9.600000000000000000e+01 -8.646611308507246463e+01
-9.551999999999999602e+01 -8.663201257037047753e+01
-9.503999999999999204e+01 -8.682558452937715288e+01
-9.456000000000000227e+01 -8.635298480408346222e+01
-9.407999999999999829e+01 -8.610713431845057642e+01
-9.359999999999999432e+01 -8.600824927572574552e+01
-9.311999999999999034e+01 -8.602046756104520853e+01
-9.264000000000000057e+01 -8.623960851801136585e+01
-9.215999999999999659e+01 -8.601637542975113604e+01
-9.167999999999999261e+01 -8.554422221078128530e+01
-9.120000000000000284e+01 -8.550460600417662249e+01
-9.071999999999999886e+01 -8.568367544100532029e+01
-9.023999999999999488e+01 -8.594952015538316914e+01
-8.975999999999999091e+01 -8.566044272937671167e+01
-8.928000000000000114e+01 -8.541993345323911058e+01
-8.879999999999999716e+01 -8.565709976311697460e+01
-8.831999999999999318e+01 -8.559458527836429198e+01
-8.784000000000000341e+01 -8.567490750180917303e+01
-8.735999999999999943e+01 -8.575458935387575821e+01
-8.687999999999999545e+01 -8.575572561644180780e+01
-8.639999999999999147e+01 -8.582487764282534215e+01
-8.592000000000000171e+01 -8.546001014947007945e+01
-8.543999999999999773e+01 -8.558651268414607216e+01
-8.495999999999999375e+01 -8.580207811416484276e+01
-8.447999999999998977e+01 -8.558323030121056263e+01
-8.400000000000000000e+01 -8.552769707042318714e+01
-8.351999999999999602e+01 -8.549490507996151223e+01
-8.303999999999999204e+01 -8.549148540378317307e+01
-8.256000000000000227e+01 -8.546297388205580603e+01
-8.207999999999999829e+01 -8.530973608819822118e+01
-8.159999999999999432e+01 -8.533813434898459604e+01
-8.111999999999999034e+01 -8.556480383582643867e+01
-8.064000000000000057e+01 -8.546455539259096668e+01
-8.015999999999999659e+01 -8.520359665779875513e+01
-7.967999999999999261e+01 -8.518143520411373970e+01
-7.920000000000000284e+01 -8.494169486235205113e+01
-7.871999999999999886e+01 -8.498056211243422808e+01
-7.823999999999999488e+01 -8.503025743265735059e+01
-7.775999999999999091e+01 -8.502430501346080405e+01
-7.728000000000000114e+01 -8.519780033747773018e+01
-7.679999999999999716e+01 -8.532945648107066461e+01
-7.631999999999999318e+01 -8.493736537899405903e+01
-7.584000000000000341e+01 -8.454722623305144680e+01
-7.535999999999999943e+01 -8.453011397184106102e+01
-7.487999999999999545e+01 -8.462398094868893850e+01
-7.439999999999999147e+01 -8.453862900211099429e+01
-7.392000000000000171e+01 -8.476761658170730129e+01
-7.343999999999999773e+01 -8.471072370666733775e+01
-7.295999999999999375e+01 -8.452241609845236781e+01
-7.248000000000000398e+01 -8.467875882558068668e+01
-7.200000000000000000e+01 -8.465244428358957407e+01
-7.151999999999999602e+01 -8.445048224177371310e+01
-7.103999999999999204e+01 -8.442575422925244766e+01
-7.056000000000000227e+01 -8.462159276947808451e+01
-7.007999999999999829e+01 -8.465812646581896672e+01
-6.959999999999999432e+01 -8.474780096922228267e+01
-6.912000000000000455e+01 -8.437405562865197339e+01
-6.864000000000000057e+01 -8.405866274819068451e+01
-6.815999999999999659e+01 -8.412744438968181271e+01
-6.767999999999999261e+01 -8.427506556106010294e+01
-6.720000000000000284e+01 -8.425225561095699334e+01
-6.671999999999999886e+01 -8.420542928097330559e+01
-6.623999999999999488e+01 -8.421522572629358194e+01
-6.575999999999999091e+01 -8.390328611735924369e+01
-6.528000000000000114e+01 -8.359816784550132240e+01
-6.479999999999999716e+01 -8.355697142540140021e+01
-6.431999999999999318e+01 -8.361082176701577851e+01
-6.383999999999999631e+01 -8.340122419778248286e+01
-6.335999999999999943e+01 -8.336602434633707048e+01
-6.287999999999999545e+01 -8.347052188624844860e+01
-6.239999999999999858e+01 -8.370542183357272847e+01
-6.191999999999999460e+01 -8.385046156880795820e+01
-6.143999999999999773e+01 -8.364291970340295279e+01
-6.096000000000000085e+01 -8.311270225463636052e+01
-6.047999999999999687e+01 -8.294851126831866850e+01
-6.000000000000000000e+01 -8.255257337181363653e+01
-5.951999999999999602e+01 -8.246994810546394206e+01
-5.903999999999999915e+01 -8.271732358972462862e+01
-5.855999999999999517e+01 -8.295236280863474576e+01
-5.807999999999999829e+01 -8.314212633468677893e+01
-5.759999999999999432e+01 -8.312980686190719837e+01
-5.711999999999999744e+01 -8.274219693832682765e+01
-5.664000000000000057e+01 -8.257509603452248825e+01
-5.615999999999999659e+01 -8.252007084404519333e+01
-5.567999999999999972e+01 -8.263660032382784948e+01
-5.519999999999999574e+01 -8.261186720806782091e+01
-5.471999999999999886e+01 -8.248190234537089793e+01
-5.423999999999999488e+01 -8.237663086973485349e+01
-5.375999999999999801e+01 -8.198231064474869356e+01
-5.328000000000000114e+01 -8.190854674301203886e+01
-5.279999999999999716e+01 -8.187997470673852263e+01
-5.232000000000000028e+01 -8.193321420471067995e+01
-5.183999999999999631e+01 -8.205793515439728480e+01
-5.135999999999999943e+01 -8.186593744510153670e+01
-5.087999999999999545e+01 -8.160542285619278857e+01
-5.039999999999999858e+01 -8.121950207472715988e+01
-4.992000000000000171e+01 -8.130460670401673440e+01
-4.943999999999999773e+01 -8.130002451247500517e+01
-4.896000000000000085e+01 -8.106248023730475438e+01
-4.847999999999999687e+01 -8.102528197366456197e+01
-4.800000000000000000e+01 -8.119204240479673729e+01
-4.751999999999999602e+01 -8.146412766970330210e+01
-4.703999999999999915e+01 -8.141787258793692672e+01
-4.655999999999999517e+01 -8.099572429463998446e+01
-4.607999999999999829e+01 -8.057205473280328079e+01
-4.560000000000000142e+01 -8.033336525965944475e+01
-4.511999999999999744e+01 -8.039981166050179695e+01
-4.464000000000000057e+01 -8.035569872626552979e+01
-4.415999999999999659e+01 -7.993797437264464634e+01
-4.367999999999999972e+01 -7.960766066930344209e+01
-4.319999999999999574e+01 -7.929403522742664734e+01
-4.271999999999999886e+01 -7.944937845808838972e+01
-4.223999999999999488e+01 -7.924291934437017915e+01
-4.175999999999999801e+01 -7.880346871878299453e+01
-4.128000000000000114e+01 -7.875629723500131263e+01
-4.079999999999999716e+01 -7.864331733978853833e+01
-4.032000000000000028e+01 -7.847958867508741321e+01
-3.983999999999999631e+01 -7.848522264637074386e+01
-3.935999999999999943e+01 -7.848810572302454602e+01
-3.887999999999999545e+01 -7.871012696088270388e+01
-3.839999999999999858e+01 -7.890668659666856399e+01
-3.792000000000000171e+01 -7.865983485931732844e+01
-3.743999999999999773e+01 -7.812999059523897927e+01
-3.696000000000000085e+01 -7.790843776692186395e+01
-3.647999999999999687e+01 -7.744970520202271302e+01
-3.600000000000000000e+01 -7.741519901452224417e+01
-3.551999999999999602e+01 -7.707604177581113447e+01
-3.503999999999999915e+01 -7.661524154204229831e+01
-3.456000000000000227e+01 -7.642022287262821578e+01
-3.407999999999999829e+01 -7.615488935284419370e+01
-3.360000000000000142e+01 -7.582858495851796476e+01
-3.311999999999999744e+01 -7.545012043095879051e+01
-3.264000000000000057e+01 -7.533135517226182287e+01
-3.215999999999999659e+01 -7.514875671886282760e+01
-3.167999999999999972e+01 -7.529807975853132973e+01
-3.119999999999999929e+01 -7.556653560411778869e+01
-3.071999999999999886e+01 -7.547166571199043972e+01
-3.023999999999999844e+01 -7.513576515049676630e+01
-2.975999999999999801e+01 -7.478190374491936154e+01
-2.927999999999999758e+01 -7.470572772591205535e+01
-2.879999999999999716e+01 -7.446835693814144008e+01
-2.832000000000000028e+01 -7.392496399165622734e+01
-2.783999999999999986e+01 -7.376817430724125302e+01
-2.735999999999999943e+01 -7.338884547628764210e+01
-2.687999999999999901e+01 -7.284985084749509099e+01
-2.639999999999999858e+01 -7.246698535394561702e+01
-2.591999999999999815e+01 -7.206511313401260566e+01
-2.543999999999999773e+01 -7.147533990755199795e+01
-2.496000000000000085e+01 -7.083399839159642397e+01
-2.448000000000000043e+01 -7.017169695546378705e+01
-2.400000000000000000e+01 -6.941994763615744546e+01
-2.351999999999999957e+01 -6.892061153879139113e+01
-2.303999999999999915e+01 -6.874220831636017692e+01
-2.255999999999999872e+01 -6.863201327028727405e+01
-2.207999999999999829e+01 -6.854320666086428560e+01
-2.159999999999999787e+01 -6.877545679212582286e+01
-2.111999999999999744e+01 -6.873787658019398350e+01
-2.064000000000000057e+01 -6.870306483999193858e+01
-2.016000000000000014e+01 -6.858112500476532603e+01
-1.967999999999999972e+01 -6.786442507078544395e+01
-1.919999999999999929e+01 -6.715293997531283310e+01
-1.871999999999999886e+01 -6.641506852394110183e+01
-1.823999999999999844e+01 -6.560557094005218914e+01
-1.775999999999999801e+01 -6.474289295131492850e+01
-1.728000000000000114e+01 -6.394849793716225861e+01
-1.680000000000000071e+01 -6.354747517459103534e+01
-1.632000000000000028e+01 -6.337758152420440894e+01
-1.583999999999999986e+01 -6.362525506100232775e+01
-1.535999999999999943e+01 -6.384112703634735198e+01
-1.487999999999999901e+01 -6.414115386641188366e+01
-1.439999999999999858e+01 -6.465045487937119617e+01
-1.391999999999999993e+01 -6.475919385347840773e+01
-1.343999999999999950e+01 -6.496401069076922852e+01
-1.295999999999999908e+01 -6.434085414885342402e+01
-1.248000000000000043e+01 -6.296152231635570473e+01
-1.200000000000000000e+01 -6.104058135022832943e+01
-1.151999999999999957e+01 -5.871718422657864522e+01
-1.103999999999999915e+01 -5.601256405228339474e+01
-1.055999999999999872e+01 -4.975284130591888498e+01
-1.008000000000000007e+01 -3.354066089290926556e+01
-9.599999999999999645e+00 -2.523715325855695824e+01
-9.119999999999999218e+00 -2.262794038322502388e+01
-8.640000000000000568e+00 -2.243394071100512832e+01
-8.160000000000000142e+00 -2.244222504739416735e+01
-7.679999999999999716e+00 -2.227465890943790683e+01
-7.199999999999999289e+00 -2.218322897938252325e+01
-6.719999999999999751e+00 -2.235577525840889024e+01
-6.240000000000000213e+00 -2.230969022840527316e+01
-5.759999999999999787e+00 -2.213796643005337828e+01
-5.279999999999999361e+00 -2.214686906064205374e+01
-4.799999999999999822e+00 -2.211825323989218717e+01
-4.320000000000000284e+00 -2.228693963676268908e+01
-3.839999999999999858e+00 -2.237297873266238923e+01
-3.359999999999999876e+00 -2.236578491281257897e+01
-2.879999999999999893e+00 -2.236125832254666790e+01
-2.399999999999999911e+00 -2.224540624027980229e+01
-1.919999999999999929e+00 -2.228262672957195889e+01
-1.439999999999999947e+00 -2.225198923417848818e+01
-9.599999999999999645e-01 -2.218344303798666317e+01
-4.799999999999999822e-01 -2.228970081085216748e+01
0.000000000000000000e+00 -2.233396783586550072e+01
4.799999999999999822e-01 -2.210792109351903179e+01
9.599999999999999645e-01 -2.173173362816815413e+01
1.439999999999999947e+00 -2.208750096544200403e+01
1.919999999999999929e+00 -2.244317873116333217e+01
2.399999999999999911e+00 -2.221129156870213706e+01
2.879999999999999893e+00 -2.204042452506867988e+01
3.359999999999999876e+00 -2.188412571935937834e+01
3.839999999999999858e+00 -2.213243636873091447e+01
4.320000000000000284e+00 -2.245046096178635153e+01
4.799999999999999822e+00 -2.240592278230585777e+01
5.279999999999999361e+00 -2.231074832897935423e+01
5.759999999999999787e+00 -2.233621937683115277e+01
6.240000000000000213e+00 -2.244689390833973164e+01
6.719999999999999751e+00 -2.240006171516144917e+01
7.199999999999999289e+00 -2.228485609828142344e+01
7.679999999999999716e+00 -2.248488333320029042e+01
8.160000000000000142e+00 -2.243532934996953543e+01
8.640000000000000568e+00 -2.234485369549853573e+01
9.119999999999999218e+00 -2.265865845644462695e+01
9.599999999999999645e+00 -2.534366475044470235e+01
1.008000000000000007e+01 -3.376098902531468582e+01
1.055999999999999872e+01 -4.971251113071830474e+01
1.103999999999999915e+01 -5.557454275631221918e+01
1.151999999999999957e+01 -5.861205759627048195e+01
1.200000000000000000e+01 -6.141793909311958544e+01
1.248000000000000043e+01 -6.338430873009048838e+01
1.295999999999999908e+01 -6.461068825371869195e+01
1.343999999999999950e+01 -6.530212244754834217e+01
1.391999999999999993e+01 -6.561310896769577994e+01
1.439999999999999858e+01 -6.521350551590006717e+01
1.487999999999999901e+01 -6.476067307624869329e+01
1.535999999999999943e+01 -6.437198726189903653e+01
1.583999999999999986e+01 -6.390906849141381230e+01
1.632000000000000028e+01 -6.354624799543645963e+01
1.680000000000000071e+01 -6.332073894904211642e+01
1.728000000000000114e+01 -6.379869089014710681e+01
1.775999999999999801e+01 -6.484940079024413251e+01
1.823999999999999844e+01 -6.587139182093157785e+01
1.871999999999999886e+01 -6.684488897836655497e+01
1.919999999999999929e+01 -6.788760891804513165e+01
1.967999999999999972e+01 -6.877818969321364762e+01
2.016000000000000014e+01 -6.956587727933764143e+01
2.064000000000000057e+01 -6.969530796236847436e+01
2.111999999999999744e+01 -6.978469563931741959e+01
2.159999999999999787e+01 -6.978320878001420624e+01
2.207999999999999829e+01 -6.976842373086300597e+01
2.255999999999999872e+01 -6.972651576685998975e+01
2.303999999999999915e+01 -6.961029959830371183e+01
2.351999999999999957e+01 -6.974271559087115691e+01
2.400000000000000000e+01 -7.004598178921816043e+01
2.448000000000000043e+01 -7.046342328654750986e+01
2.496000000000000085e+01 -7.083573034471396568e+01
2.543999999999999773e+01 -7.141005976856844484e+01
2.591999999999999815e+01 -7.184899535213054378e+01
2.639999999999999858e+01 -7.245757161182930872e+01
2.687999999999999901e+01 -7.314267865312535832e+01
2.735999999999999943e+01 -7.377568937133449367e+01
2.783999999999999986e+01 -7.455474558986998090e+01
2.832000000000000028e+01 -7.528785782450630393e+01
2.879999999999999716e+01 -7.610893440001377996e+01
2.927999999999999758e+01 -7.638360873737428847e+01
2.975999999999999801e+01 -7.630030055617295659e+01
3.023999999999999844e+01 -7.628517702565952163e+01
3.071999999999999886e+01 -7.621578944950017842e+01
3.119999999999999929e+01 -7.586558712472759680e+01
3.167999999999999972e+01 -7.568405802835198415e+01
3.215999999999999659e+01 -7.579652746378582151e+01
3.264000000000000057e+01 -7.600470925587967486e+01
3.311999999999999744e+01 -7.631948119916637552e+01
3.360000000000000142e+01 -7.657485479543909435e+01
3.407999999999999829e+01 -7.663563486312689577e+01
3.456000000000000227e+01 -7.708731872811321750e+01
3.503999999999999915e+01 -7.781588067583543022e+01
3.551999999999999602e+01 -7.782097387625591978e+01
3.600000000000000000e+01 -7.812281627991873734e+01
3.647999999999999687e+01 -7.850835278158237429e+01
3.696000000000000085e+01 -7.916844733546821544e+01
3.743999999999999773e+01 -7.975297403487050474e+01
3.792000000000000171e+01 -7.967536152667180716e+01
3.839999999999999858e+01 -7.959999001953575259e+01
3.887999999999999545e+01 -7.954986283348516451e+01
3.935999999999999943e+01 -7.959248634675041956e+01
3.983999999999999631e+01 -7.971564159764379554e+01
4.032000000000000028e+01 -7.987955450193756235e+01
4.079999999999999716e+01 -7.984785273520074611e+01
4.128000000000000114e+01 -7.998954642039633711e+01
4.175999999999999801e+01 -8.028482778245169982e+01
4.223999999999999488e+01 -8.026604648129504938e+01
4.271999999999999886e+01 -8.021373700651730587e+01
4.319999999999999574e+01 -8.019155980672937289e+01
4.367999999999999972e+01 -8.041693906775915934e+01
4.415999999999999659e+01 -8.088234330705074626e+01
4.464000000000000057e+01 -8.122651319558237049e+01
4.511999999999999744e+01 -8.112603545406763317e+01
4.560000000000000142e+01 -8.126210771993791582e+01
4.607999999999999829e+01 -8.126962874268181736e+01
4.655999999999999517e+01 -8.153226035177343078e+01
4.703999999999999915e+01 -8.193579111621345135e+01
4.751999999999999602e+01 -8.211171802912198814e+01
4.800000000000000000e+01 -8.182969716365165880e+01
4.847999999999999687e+01 -8.183516594193136484e+01
4.896000000000000085e+01 -8.202682321198483351e+01
4.943999999999999773e+01 -8.207211289598028259e+01
4.992000000000000171e+01 -8.233415782175548259e+01
5.039999999999999858e+01 -8.267321322163019204e+01
5.087999999999999545e+01 -8.261318365985962942e+01
5.135999999999999943e+01 -8.265198022280011969e+01
5.183999999999999631e+01 -8.270029595716026449e+01
5.232000000000000028e+01 -8.271885091141322732e+01
5.279999999999999716e+01 -8.284186679327653735e+01
5.328000000000000114e+01 -8.312476136689306827e+01
5.375999999999999801e+01 -8.349802532236678587e+01
5.423999999999999488e+01 -8.339546141679042535e+01
5.471999999999999886e+01 -8.346346577896039776e+01
5.519999999999999574e+01 -8.330753467268590384e+01
5.567999999999999972e+01 -8.332936507936378234e+01
5.615999999999999659e+01 -8.323839349272458321e+01
5.664000000000000057e+01 -8.355787416874001394e+01
5.711999999999999744e+01 -8.399637094787945557e+01
5.759999999999999432e+01 -8.407146560581269057e+01
5.807999999999999829e+01 -8.418319594398168704e+01
5.855999999999999517e+01 -8.413630352919159350e+01
5.903999999999999915e+01 -8.411280310434877094e+01
5.951999999999999602e+01 -8.430617210223901736e+01
6.000000000000000000e+01 -8.441277427514125975e+01
6.047999999999999687e+01 -8.411072689386934087e+01
6.096000000000000085e+01 -8.422384686637430207e+01
6.143999999999999773e+01 -8.473647658386083492e+01
6.191999999999999460e+01 -8.493401595050377750e+01
6.239999999999999858e+01 -8.495255908817313184e+01
6.287999999999999545e+01 -8.469863266211399377e+01
6.335999999999999943e+01 -8.447993607930277449e+01
6.383999999999999631e+01 -8.421957526692482077e+01
6.431999999999999318e+01 -8.440312368959327216e+01
6.479999999999999716e+01 -8.489245078904005481e+01
6.528000000000000114e+01 -8.492464000626178233e+01
6.575999999999999091e+01 -8.495439610697434318e+01
6.623999999999999488e+01 -8.483544386684408778e+01
6.671999999999999886e+01 -8.482414986811976121e+01
6.720000000000000284e+01 -8.515205069786561864e+01
6.767999999999999261e+01 -8.521038618203124315e+01
6.815999999999999659e+01 -8.532157886085852283e+01
6.864000000000000057e+01 -8.577593834860627453e+01
6.912000000000000455e+01 -8.557344085162051783e+01
6.959999999999999432e+01 -8.521939412542710102e+01
7.007999999999999829e+01 -8.532803609305733517e+01
7.056000000000000227e+01 -8.547847890907863189e+01
7.103999999999999204e+01 -8.549498888042668909e+01
7.151999999999999602e+01 -8.543280556923774327e+01
7.200000000000000000e+01 -8.557171313754379582e+01
7.248000000000000398e+01 -8.556065902900299136e+01
7.295999999999999375e+01 -8.571357407689342267e+01
7.343999999999999773e+01 -8.586107756415222525e+01
7.392000000000000171e+01 -8.577135960218113553e+01
7.439999999999999147e+01 -8.573645302989697825e+01
7.487999999999999545e+01 -8.582057284930465357e+01
7.535999999999999943e+01 -8.585559115396021923e+01
7.584000000000000341e+01 -8.605674315009937914e+01
7.631999999999999318e+01 -8.612516485858174065e+01
7.679999999999999716e+01 -8.633430012922964636e+01
7.728000000000000114e+01 -8.656777875611375350e+01
7.775999999999999091e+01 -8.657002679659619560e+01
7.823999999999999488e+01 -8.641747756895675536e+01
7.871999999999999886e+01 -8.618309667014118247e+01
7.920000000000000284e+01 -8.579879952188514380e+01
7.967999999999999261e+01 -8.564469998160410569e+01
8.015999999999999659e+01 -8.563119843915688989e+01
8.064000000000000057e+01 -8.579602429720048917e+01
8.111999999999999034e+01 -8.620038677522077819e+01
8.159999999999999432e+01 -8.643624763542052847e+01
8.207999999999999829e+01 -8.636880762982028159e+01
8.256000000000000227e+01 -8.627109155530609996e+01
8.303999999999999204e+01 -8.651092645141055471e+01
8.351999999999999602e+01 -8.644877067240014412e+01
8.400000000000000000e+01 -8.632450598147363507e+01
8.447999999999998977e+01 -8.645360091304164030e+01
8.495999999999999375e+01 -8.668956909680295553e+01
8.543999999999999773e+01 -8.668882449132304657e+01
8.592000000000000171e+01 -8.673047839741755638e+01
8.639999999999999147e+01 -8.688913201045522783e+01
8.687999999999999545e+01 -8.683150758470264918e+01
8.735999999999999943e+01 -8.679238608915328257e+01
8.784000000000000341e+01 -8.673878635492587819e+01
8.831999999999999318e+01 -8.676019251849886871e+01
8.879999999999999716e+01 -8.648795489844115991e+01
8.928000000000000114e+01 -8.671846540589932317e+01
8.975999999999999091e+01 -8.685958797726426894e+01
9.023999999999999488e+01 -8.680174520703582175e+01
9.071999999999999886e+01 -8.680595706459985195e+01
9.120000000000000284e+01 -8.677757845412494930e+01
9.167999999999999261e+01 -8.678249419628032513e+01
9.215999999999999659e+01 -8.678145215615003849e+01
9.264000000000000057e+01 -8.702592830530394963e+01
9.311999999999999034e+01 -8.723562763975806433e+01
9.359999999999999432e+01 -8.708632161278725903e+01
9.407999999999999829e+01 -8.707105176115631195e+01
9.456000000000000227e+01 -8.716640455326228221e+01
9.503999999999999204e+01 -8.715086516046974907e+01
9.551999999999999602e+01 -8.749987785521437900e+01
9.600000000000000000e+01 -8.730433935699861081e+01
9.647999999999998977e+01 -8.706201195279507488e+01
9.695999999999999375e+01 -8.726861183804410871e+01
9.743999999999999773e+01 -8.722273011722117531e+01
9.792000000000000171e+01 -8.700957279502149788e+01
9.839999999999999147e+01 -8.714589466862076961e+01
9.887999999999999545e+01 -8.721636691315660528e+01
9.935999999999999943e+01 -8.718078265492312084e+01
9.984000000000000341e+01 -8.732389584614564626e+01
1.003199999999999932e+02 -8.732073067742851435e+01
1.007999999999999972e+02 -8.731001985364896711e+01
1.012800000000000011e+02 -8.752758348200455885e+01
1.017599999999999909e+02 -8.748110179292295641e+01
1.022399999999999949e+02 -8.777915278606653260e+01
1.027199999999999989e+02 -8.812771850177898614e+01
1.032000000000000028e+02 -8.819695813416203123e+01
1.036799999999999926e+02 -8.853278061064924032e+01
1.041599999999999966e+02 -8.887280133597970178e+01
1.046400000000000006e+02 -8.940769532870312730e+01
1.051199999999999903e+02 -9.004655777713512066e+01
1.055999999999999943e+02 -9.020360126014429625e+01
1.060799999999999983e+02 -9.087804147632807883e+01
1.065600000000000023e+02 -9.169190066391861649e+01
1.070399999999999920e+02 -9.213629984696923714e+01
1.075199999999999960e+02 -9.277793520707875530e+01
1.080000000000000000e+02 -9.378412479635366594e+01
1.084799999999999898e+02 -9.453781268479087885e+01
1.089599999999999937e+02 -9.510033458958599795e+01
1.094399999999999977e+02 -9.600734725238061174e+01
1.099200000000000017e+02 -9.741908911185483078e+01
1.103999999999999915e+02 -9.842068866808375560e+01
1.108799999999999955e+02 -9.900276481282773489e+01
1.113599999999999994e+02 -9.912229897178741567e+01
1.118399999999999892e+02 -9.908623879867960227e+01
1.123199999999999932e+02 -9.904627948528256809e+01
1.127999999999999972e+02 -9.923104366114820607e+01
1.132800000000000011e+02 -9.961086559101477178e+01
1.137599999999999909e+02 -1.002325971841372478e+02
1.142399999999999949e+02 -1.011606558505134217e+02
1.147199999999999989e+02 -1.012527424119239896e+02
1.151999999999999886e+02 -1.009218567448050266e+02
1.156799999999999926e+02 -1.004004638359312338e+02
1.161599999999999966e+02 -9.985843901919558618e+01
1.166400000000000006e+02 -9.934169493406389506e+01
1.171199999999999903e+02 -9.912700545220644699e+01
1.175999999999999943e+02 -9.927224051678221883e+01
1.180799999999999983e+02 -9.956127425962320387e+01
1.185600000000000023e+02 -1.000400983209893582e+02
1.190399999999999920e+02 -1.004887489577922679e+02
1.195199999999999960e+02 -1.006419519508086182e+02
1.200000000000000000e+02 -1.008282118716738438e+02
1.204799999999999898e+02 -1.007945526095770958e+02
1.209599999999999937e+02 -1.003061073597406789e+02
1.214399999999999977e+02 -9.990346069002831086e+01
1.219200000000000017e+02 -9.941112966884375624e+01
1.223999999999999915e+02 -9.866474544587875073e+01
