-1.228799999999999892e-01 -7.037142587373872971e+01
-1.223999999999999949e-01 -7.236448653473732406e+01
-1.219199999999999867e-01 -7.419161263007617890e+01
-1.214399999999999924e-01 -7.486970973789536288e+01
-1.209599999999999842e-01 -7.576704434794059750e+01
-1.204799999999999899e-01 -7.680641191377279142e+01
-1.199999999999999956e-01 -7.731682355888477787e+01
-1.195199999999999874e-01 -7.732884911627100166e+01
-1.190399999999999930e-01 -7.692369293563511690e+01
-1.185599999999999848e-01 -7.597308407202137914e+01
-1.180799999999999905e-01 -7.494897643797227715e+01
-1.175999999999999962e-01 -7.406670145728269006e+01
-1.171199999999999880e-01 -7.337761864534103040e+01
-1.166399999999999937e-01 -7.260406502974100817e+01
-1.161599999999999855e-01 -7.194670883430184460e+01
-1.156799999999999912e-01 -7.155683495204425526e+01
-1.151999999999999968e-01 -7.150540979717381163e+01
-1.147199999999999886e-01 -7.143197759000381097e+01
-1.142399999999999943e-01 -7.136708511500661700e+01
-1.137599999999999861e-01 -7.204020933539325711e+01
-1.132799999999999918e-01 -7.271770915722255779e+01
-1.127999999999999836e-01 -7.345156183616316525e+01
-1.123199999999999893e-01 -7.415588306400384511e+01
-1.118399999999999950e-01 -7.450826875932085613e+01
-1.113599999999999868e-01 -7.430916026912734651e+01
-1.108799999999999925e-01 -7.330901229090346760e+01
-1.103999999999999843e-01 -7.217390520955891020e+01
-1.099199999999999899e-01 -7.076305263497030751e+01
-1.094399999999999956e-01 -6.959570926558652104e+01
-1.089599999999999874e-01 -6.862493323202821216e+01
-1.084799999999999931e-01 -6.791142984241039926e+01
-1.079999999999999849e-01 -6.724902437755272899e+01
-1.075199999999999906e-01 -6.671295832769723688e+01
-1.070399999999999963e-01 -6.643891292102910029e+01
-1.065599999999999881e-01 -6.599003219760913908e+01
-1.060799999999999937e-01 -6.555071471498604296e+01
-1.055999999999999855e-01 -6.527225518284882355e+01
-1.051199999999999912e-01 -6.505121076764758925e+01
-1.046399999999999969e-01 -6.441914557871250224e+01
-1.041599999999999887e-01 -6.410083372143661506e+01
-1.036799999999999944e-01 -6.386114482028090578e+01
-1.031999999999999862e-01 -6.361519509233710323e+01
-1.027199999999999919e-01 -6.328563914078661412e+01
-1.022399999999999975e-01 -6.284626466335246420e+01
-1.017599999999999894e-01 -6.278929796216112180e+01
-1.012799999999999950e-01 -6.279387886449323730e+01
-1.007999999999999868e-01 -6.273598188546326782e+01
-1.003199999999999925e-01 -6.254860866572951750e+01
-9.983999999999998431e-02 -6.202776546396609803e+01
-9.935999999999998999e-02 -6.200773915127570035e+01
-9.887999999999999567e-02 -6.201388343854194574e+01
-9.839999999999998748e-02 -6.183173260826127660e+01
-9.791999999999999316e-02 -6.207913270761336832e+01
-9.743999999999998496e-02 -6.206835316201535591e+01
-9.695999999999999064e-02 -6.232869802583046948e+01
-9.647999999999999632e-02 -6.232969477098908584e+01
-9.599999999999998812e-02 -6.203265211905200260e+01
-9.551999999999999380e-02 -6.183244055513807069e+01
-9.503999999999998560e-02 -6.163855128135548256e+01
-9.455999999999999128e-02 -6.149988103524512439e+01
-9.407999999999999696e-02 -6.152263868632975630e+01
-9.359999999999998876e-02 -6.158822542815429557e+01
-9.311999999999999444e-02 -6.139521995144068711e+01
-9.263999999999998625e-02 -6.144898827354534632e+01
-9.215999999999999193e-02 -6.147930275644652909e+01
-9.167999999999999761e-02 -6.134050845812160446e+01
-9.119999999999998941e-02 -6.139800597531376525e+01
-9.071999999999999509e-02 -6.141411736358131179e+01
-9.023999999999998689e-02 -6.130419135378706130e+01
-8.975999999999999257e-02 -6.125499282766349296e+01
-8.927999999999999825e-02 -6.114227674199922546e+01
-8.879999999999999005e-02 -6.143254207763411046e+01
-8.831999999999999573e-02 -6.141242289352889827e+01
-8.783999999999998753e-02 -6.139122510215408823e+01
-8.735999999999999321e-02 -6.127556984314182387e+01
-8.687999999999999889e-02 -6.118226217053550897e+01
-8.639999999999999070e-02 -6.113717256480197193e+01
-8.591999999999999638e-02 -6.080102832828642789e+01
-8.543999999999998818e-02 -6.062301441223881682e+01
-8.495999999999999386e-02 -6.074070176337728810e+01
-8.447999999999999954e-02 -6.108080698297050048e+01
-8.399999999999999134e-02 -6.144061618022253413e+01
-8.351999999999999702e-02 -6.141691007331020558e+01
-8.303999999999998882e-02 -6.112363070846332391e+01
-8.255999999999999450e-02 -6.083365972108651931e+01
-8.207999999999998630e-02 -6.052778714934463267e+01
-8.159999999999999198e-02 -6.059602282771420789e+01
-8.111999999999999766e-02 -6.067318580084811686e+01
-8.063999999999998947e-02 -6.040183732869480338e+01
-8.015999999999999515e-02 -6.031016276131295939e+01
-7.967999999999998695e-02 -6.060886951480614471e+01
-7.919999999999999263e-02 -6.046664003315156322e+01
-7.871999999999999831e-02 -6.047987386539147536e+01
-7.823999999999999011e-02 -6.034210681694472100e+01
-7.775999999999999579e-02 -6.016418355688883679e+01
-7.727999999999998759e-02 -6.040230856911324508e+01
-7.679999999999999327e-02 -6.071889431526840042e+01
-7.631999999999999895e-02 -6.052913668055693108e+01
-7.583999999999999075e-02 -6.044524958599362208e+01
-7.535999999999999643e-02 -6.052599387834143840e+01
-7.487999999999998824e-02 -6.055414324926478287e+01
-7.439999999999999392e-02 -6.043269302346786276e+01
-7.391999999999999960e-02 -6.025971831441598425e+01
-7.343999999999999140e-02 -5.996129886002032094e+01
-7.295999999999999708e-02 -5.991810004716970894e+01
-7.247999999999998888e-02 -5.994028527570100806e+01
-7.199999999999999456e-02 -5.997863063254379767e+01
-7.152000000000000024e-02 -6.000367238696171768e+01
-7.103999999999999204e-02 -6.004407620290948699e+01
-7.055999999999999772e-02 -6.036320168065381608e+01
-7.007999999999998952e-02 -6.036691258682607497e+01
-6.959999999999999520e-02 -6.019028937410734414e+01
-6.911999999999998701e-02 -5.974905228756633591e+01
-6.863999999999999269e-02 -5.950304577118915006e+01
-6.815999999999999837e-02 -5.954470977735604720e+01
-6.767999999999999017e-02 -5.937533941671537718e+01
-6.719999999999999585e-02 -5.949833666453628211e+01
-6.671999999999998765e-02 -5.930497567830619943e+01
-6.623999999999999333e-02 -5.904981202872588142e+01
-6.575999999999999901e-02 -5.909577437900416186e+01
-6.527999999999999081e-02 -5.919113206995307053e+01
-6.479999999999999649e-02 -5.925595149922458660e+01
-6.431999999999998829e-02 -5.924792471944912364e+01
-6.383999999999999397e-02 -5.897710542694548508e+01
-6.335999999999999965e-02 -5.892835838577237695e+01
-6.287999999999999146e-02 -5.890271844433036108e+01
-6.239999999999999714e-02 -5.888557103360295031e+01
-6.191999999999999588e-02 -5.894454282342665863e+01
-6.143999999999999462e-02 -5.902361369718473583e+01
-6.095999999999999336e-02 -5.871580175168056570e+01
-6.047999999999999210e-02 -5.857505012912291420e+01
-5.999999999999999778e-02 -5.858402208958012380e+01
-5.951999999999999652e-02 -5.848220368280589554e+01
-5.903999999999999526e-02 -5.866862349322892101e+01
-5.855999999999999400e-02 -5.871768901850705902e+01
-5.807999999999999274e-02 -5.867985193511088937e+01
-5.759999999999999842e-02 -5.843783586317512402e+01
-5.711999999999999716e-02 -5.803926001642728494e+01
-5.663999999999999591e-02 -5.787079518594136829e+01
-5.615999999999999465e-02 -5.777102986219244229e+01
-5.567999999999999339e-02 -5.748672867249219820e+01
-5.519999999999999213e-02 -5.741293772124210193e+01
-5.471999999999999781e-02 -5.737447516927949920e+01
-5.423999999999999655e-02 -5.728802599409466723e+01
-5.375999999999999529e-02 -5.737067247274070070e+01
-5.327999999999999403e-02 -5.733264954872996100e+01
-5.279999999999999277e-02 -5.720297711818592745e+01
-5.231999999999999845e-02 -5.721709454535185557e+01
-5.183999999999999719e-02 -5.725760893450912192e+01
-5.135999999999999593e-02 -5.761741779617140224e+01
-5.087999999999999468e-02 -5.747830095048850296e+01
-5.039999999999999342e-02 -5.705765251337162880e+01
-4.991999999999999216e-02 -5.695508587690639501e+01
-4.943999999999999784e-02 -5.686186102410766807e+01
-4.895999999999999658e-02 -5.681496591268420815e+01
-4.847999999999999532e-02 -5.685322684440836838e+01
-4.799999999999999406e-02 -5.686865502663427208e+01
-4.751999999999999280e-02 -5.685452155683585573e+01
-4.703999999999999848e-02 -5.649033259435640986e+01
-4.655999999999999722e-02 -5.593606885128215822e+01
-4.607999999999999596e-02 -5.553625022208240836e+01
-4.559999999999999470e-02 -5.560515355913668856e+01
-4.511999999999999345e-02 -5.567044932478465569e+01
-4.463999999999999913e-02 -5.552843268268122756e+01
-4.415999999999999787e-02 -5.536699231784375286e+01
-4.367999999999999661e-02 -5.505153158261219204e+01
-4.319999999999999535e-02 -5.492718219038182070e+01
-4.271999999999999409e-02 -5.522990090680039543e+01
-4.223999999999999977e-02 -5.498283131532503631e+01
-4.175999999999999851e-02 -5.438068050016931210e+01
-4.127999999999999725e-02 -5.423826220316098556e+01
-4.079999999999999599e-02 -5.395722592054290345e+01
-4.031999999999999473e-02 -5.404657806706972423e+01
-3.983999999999999347e-02 -5.403028445378168954e+01
-3.935999999999999915e-02 -5.391379251444938348e+01
-3.887999999999999790e-02 -5.402743430594144058e+01
-3.839999999999999664e-02 -5.412709909189975122e+01
-3.791999999999999538e-02 -5.400678178357559744e+01
-3.743999999999999412e-02 -5.372397371609382333e+01
-3.695999999999999980e-02 -5.372910211031148009e+01
-3.647999999999999854e-02 -5.373734599547660196e+01
-3.599999999999999728e-02 -5.379160986905609576e+01
-3.551999999999999602e-02 -5.338189388078144759e+01
-3.503999999999999476e-02 -5.286605608599970907e+01
-3.455999999999999350e-02 -5.257259354382497207e+01
-3.407999999999999918e-02 -5.226826062658414429e+01
-3.359999999999999792e-02 -5.184034735948475969e+01
-3.311999999999999666e-02 -5.137881582864248742e+01
-3.263999999999999541e-02 -5.115685349882451050e+01
-3.215999999999999415e-02 -5.070764616876134312e+01
-3.167999999999999983e-02 -5.059937913204766602e+01
-3.119999999999999857e-02 -5.056012059722178265e+01
-3.071999999999999731e-02 -5.007770163076123282e+01
-3.023999999999999605e-02 -4.948955391889617772e+01
-2.975999999999999826e-02 -4.935228077588501350e+01
-2.927999999999999700e-02 -4.931022395268344383e+01
-2.879999999999999921e-02 -4.889146037081191309e+01
-2.831999999999999795e-02 -4.831139441558282499e+01
-2.783999999999999669e-02 -4.868517179114917326e+01
-2.735999999999999890e-02 -4.915070944345443849e+01
-2.687999999999999765e-02 -4.853378304683482014e+01
-2.639999999999999639e-02 -4.750376692923246225e+01
-2.591999999999999860e-02 -4.656366141449400686e+01
-2.543999999999999734e-02 -4.619127928895969148e+01
-2.495999999999999608e-02 -4.646299116736386736e+01
-2.447999999999999829e-02 -4.697684160946742082e+01
-2.399999999999999703e-02 -4.708342335506286247e+01
-2.351999999999999924e-02 -4.661808475942453356e+01
-2.303999999999999798e-02 -4.567120172007209078e+01
-2.255999999999999672e-02 -4.495900749051497769e+01
-2.207999999999999893e-02 -4.443915719018818322e+01
-2.159999999999999767e-02 -4.375163718150199088e+01
-2.111999999999999988e-02 -4.315101559584681468e+01
-2.063999999999999863e-02 -4.259482360240898657e+01
-2.015999999999999737e-02 -4.201760725738453317e+01
-1.967999999999999958e-02 -4.108474944116464656e+01
-1.919999999999999832e-02 -4.056682771032025414e+01
-1.871999999999999706e-02 -4.043482306693572781e+01
-1.823999999999999927e-02 -4.024340045873127281e+01
-1.775999999999999801e-02 -4.026723019415275218e+01
-1.727999999999999675e-02 -4.060204400604824571e+01
-1.679999999999999896e-02 -4.118679007795537927e+01
-1.631999999999999770e-02 -4.157423394923759474e+01
-1.583999999999999991e-02 -4.179966805644105676e+01
-1.535999999999999865e-02 -4.158303662857618832e+01
-1.487999999999999913e-02 -4.078686643586056704e+01
-1.439999999999999961e-02 -4.019007394997363036e+01
-1.391999999999999835e-02 -3.978055121337006028e+01
-1.343999999999999882e-02 -3.964648819437616822e+01
-1.295999999999999930e-02 -3.851262422420762732e+01
-1.247999999999999804e-02 -3.679093522522128978e+01
-1.199999999999999852e-02 -3.459088318910499282e+01
-1.151999999999999899e-02 -3.209394560776986083e+01
-1.103999999999999947e-02 -2.926318971739168262e+01
-1.055999999999999994e-02 -2.103168868581725803e+01
-1.007999999999999868e-02 -3.742740657883389943e+00
-9.599999999999999159e-03 4.599123507843557945e+00
-9.119999999999999635e-03 7.212173423950803297e+00
-8.639999999999998376e-03 7.416248083488451215e+00
-8.159999999999998851e-03 7.419385093250476793e+00
-7.679999999999999327e-03 7.594518891483713396e+00
-7.199999999999999803e-03 7.690531587833393523e+00
-6.719999999999999411e-03 7.527837212053070992e+00
-6.239999999999999020e-03 7.573665419875288407e+00
-5.759999999999999495e-03 7.736774544422493349e+00
-5.279999999999999971e-03 7.721005017299419571e+00
-4.799999999999999580e-03 7.745909749512317255e+00
-4.319999999999999188e-03 7.555802011254398209e+00
-3.839999999999999664e-03 7.461266659436809334e+00
-3.359999999999999706e-03 7.466761589349840911e+00
-2.879999999999999748e-03 7.463291604738159890e+00
-2.399999999999999790e-03 7.584439316100256789e+00
-1.919999999999999832e-03 7.561667078665078812e+00
-1.439999999999999874e-03 7.579848306155158255e+00
-9.599999999999999159e-04 7.642315203832863446e+00
-4.799999999999999580e-04 7.536541400108164090e+00
0.000000000000000000e+00 7.480435337570709109e+00
4.799999999999999580e-04 7.694879544326997944e+00
9.599999999999999159e-04 8.074779001047691196e+00
1.439999999999999874e-03 7.725306955481388016e+00
1.919999999999999832e-03 7.367088156978481628e+00
2.399999999999999790e-03 7.588109597812506379e+00
2.879999999999999748e-03 7.752099325762154436e+00
3.359999999999999706e-03 7.908572804745509721e+00
3.839999999999999664e-03 7.664999712512862828e+00
4.319999999999999188e-03 7.357030065892713466e+00
4.799999999999999580e-03 7.411966294390984977e+00
5.279999999999999971e-03 7.512477668224284422e+00
5.759999999999999495e-03 7.509164574774944256e+00
6.239999999999999020e-03 7.418817933957457811e+00
6.719999999999999411e-03 7.475600836710112773e+00
7.199999999999999803e-03 7.595629126423013133e+00
7.679999999999999327e-03 7.392276361215395220e+00
8.159999999999998851e-03 7.444390049647195973e+00
8.639999999999998376e-03 7.534096257772333161e+00
9.119999999999999635e-03 7.212962909116100718e+00
9.599999999999999159e-03 4.504594324613409917e+00
1.007999999999999868e-02 -3.970023289210097950e+00
1.055999999999999994e-02 -2.113836483593167515e+01
1.103999999999999947e-02 -2.862877991819210877e+01
1.151999999999999899e-02 -3.164715338507271625e+01
1.199999999999999852e-02 -3.433340113783717129e+01
1.247999999999999804e-02 -3.655623360200441851e+01
1.295999999999999930e-02 -3.811371724313944753e+01
1.343999999999999882e-02 -3.908558549678294014e+01
1.391999999999999835e-02 -3.980152333781099827e+01
1.439999999999999961e-02 -4.031895568584488387e+01
1.487999999999999913e-02 -4.095426237375519207e+01
1.535999999999999865e-02 -4.177912766021323421e+01
1.583999999999999991e-02 -4.211587733599696293e+01
1.631999999999999770e-02 -4.182448080704978821e+01
1.679999999999999896e-02 -4.128215872620415183e+01
1.727999999999999675e-02 -4.094958152791011941e+01
1.775999999999999801e-02 -4.084809476251231075e+01
1.823999999999999927e-02 -4.060250209659108123e+01
1.871999999999999706e-02 -4.053926810119656210e+01
1.919999999999999832e-02 -4.063661018945371950e+01
1.967999999999999958e-02 -4.089697591738064375e+01
2.015999999999999737e-02 -4.136841785209655598e+01
2.063999999999999863e-02 -4.189832344654482910e+01
2.111999999999999988e-02 -4.290823012228735678e+01
2.159999999999999767e-02 -4.379556134247293642e+01
2.207999999999999893e-02 -4.433295372872822782e+01
2.255999999999999672e-02 -4.520150462250643386e+01
2.303999999999999798e-02 -4.596476872120685186e+01
2.351999999999999924e-02 -4.640650088290948361e+01
2.399999999999999703e-02 -4.698637294606000125e+01
2.447999999999999829e-02 -4.709042069898386274e+01
2.495999999999999608e-02 -4.692920848728449812e+01
2.543999999999999734e-02 -4.681760961835638568e+01
2.591999999999999860e-02 -4.679792327231335491e+01
2.639999999999999639e-02 -4.756620536514574127e+01
2.687999999999999765e-02 -4.860928671849884353e+01
2.735999999999999890e-02 -4.933127319519684306e+01
2.783999999999999669e-02 -4.964242921504808237e+01
2.831999999999999795e-02 -4.952517180080722170e+01
2.879999999999999921e-02 -5.008293690556089928e+01
2.927999999999999700e-02 -5.015544898309592980e+01
2.975999999999999826e-02 -5.011952625190560440e+01
3.023999999999999605e-02 -5.033923357130819909e+01
3.071999999999999731e-02 -5.058704762291257140e+01
3.119999999999999857e-02 -5.066819411223852399e+01
3.167999999999999983e-02 -5.083999437097791940e+01
3.215999999999999415e-02 -5.119605567299599613e+01
3.263999999999999541e-02 -5.158612291551301610e+01
3.311999999999999666e-02 -5.205568251449005857e+01
3.359999999999999792e-02 -5.249563334545280213e+01
3.407999999999999918e-02 -5.270520944610267122e+01
3.455999999999999350e-02 -5.289547957766691866e+01
3.503999999999999476e-02 -5.350670588464954847e+01
3.551999999999999602e-02 -5.380818251657441920e+01
3.599999999999999728e-02 -5.385242449656154662e+01
3.647999999999999854e-02 -5.416820009222114152e+01
3.695999999999999980e-02 -5.470532799695750725e+01
3.743999999999999412e-02 -5.450469069396034172e+01
3.791999999999999538e-02 -5.437727725249661859e+01
3.839999999999999664e-02 -5.467741919367816195e+01
3.887999999999999790e-02 -5.468858725926288145e+01
3.935999999999999915e-02 -5.495234309603016243e+01
3.983999999999999347e-02 -5.524508667613257984e+01
4.031999999999999473e-02 -5.533536737965435037e+01
4.079999999999999599e-02 -5.525497074486758464e+01
4.127999999999999725e-02 -5.505550074927598558e+01
4.175999999999999851e-02 -5.533144020127763696e+01
4.223999999999999977e-02 -5.558200261106601658e+01
4.271999999999999409e-02 -5.571052462877371880e+01
4.319999999999999535e-02 -5.597529455510623109e+01
4.367999999999999661e-02 -5.641476469287582773e+01
4.415999999999999787e-02 -5.655836508976192079e+01
4.463999999999999913e-02 -5.664504574558957017e+01
4.511999999999999345e-02 -5.639291311165622744e+01
4.559999999999999470e-02 -5.631751034867114925e+01
4.607999999999999596e-02 -5.669964670257747485e+01
4.655999999999999722e-02 -5.694383579571340448e+01
4.703999999999999848e-02 -5.569769964892061864e+01
4.751999999999999280e-02 -5.475933344797981306e+01
4.799999999999999406e-02 -5.524139055674369558e+01
4.847999999999999532e-02 -5.698403343451555259e+01
4.895999999999999658e-02 -5.788911979024300081e+01
4.943999999999999784e-02 -5.760656984285978410e+01
4.991999999999999216e-02 -5.781251184376817065e+01
5.039999999999999342e-02 -5.817327657041949607e+01
5.087999999999999468e-02 -5.811434998182451750e+01
5.135999999999999593e-02 -5.796895136789976988e+01
5.183999999999999719e-02 -5.818724196277991467e+01
5.231999999999999845e-02 -5.820155285893627450e+01
5.279999999999999277e-02 -5.829474671428024379e+01
5.327999999999999403e-02 -5.839309610123167005e+01
5.375999999999999529e-02 -5.860662550214509281e+01
5.423999999999999655e-02 -5.851424060135422422e+01
5.471999999999999781e-02 -5.873004962961942255e+01
5.519999999999999213e-02 -5.890193490828403355e+01
5.567999999999999339e-02 -5.900007438954069983e+01
5.615999999999999465e-02 -5.933902426073132119e+01
5.663999999999999591e-02 -5.955520940955639730e+01
5.711999999999999716e-02 -5.998832231534080961e+01
5.759999999999999842e-02 -6.014213541598878976e+01
5.807999999999999274e-02 -6.008788818943707355e+01
5.855999999999999400e-02 -5.901735232050289426e+01
5.903999999999999526e-02 -5.859125104514532012e+01
5.951999999999999652e-02 -5.997772199513688918e+01
5.999999999999999778e-02 -6.064078460124252956e+01
6.047999999999999210e-02 -6.040639174205529827e+01
6.095999999999999336e-02 -6.029183168495806200e+01
6.143999999999999462e-02 -5.983429668534252954e+01
6.191999999999999588e-02 -5.952297504219906443e+01
6.239999999999999714e-02 -5.944629719631903697e+01
6.287999999999999146e-02 -5.932735313620288764e+01
6.335999999999999965e-02 -5.940156676288273729e+01
6.383999999999999397e-02 -5.957619109251447753e+01
6.431999999999998829e-02 -5.964245714313623381e+01
6.479999999999999649e-02 -5.994457083867548164e+01
6.527999999999999081e-02 -6.029397070912309431e+01
6.575999999999999901e-02 -6.044111234529302834e+01
6.623999999999999333e-02 -6.036667128008538441e+01
6.671999999999998765e-02 -6.042623683136463342e+01
6.719999999999999585e-02 -6.065188256602962014e+01
6.767999999999999017e-02 -6.077277127433578841e+01
6.815999999999999837e-02 -6.077410490006489141e+01
6.863999999999999269e-02 -6.122492803041168230e+01
6.911999999999998701e-02 -6.155366071120440097e+01
6.959999999999999520e-02 -6.149851937602458918e+01
7.007999999999998952e-02 -6.162994639069579961e+01
7.055999999999999772e-02 -6.155496788843393574e+01
7.103999999999999204e-02 -6.148357928374247194e+01
7.152000000000000024e-02 -6.161765865139312837e+01
7.199999999999999456e-02 -6.169027024180438445e+01
7.247999999999998888e-02 -6.163466138742224132e+01
7.295999999999999708e-02 -6.142533111705339621e+01
7.343999999999999140e-02 -6.120248748536180017e+01
7.391999999999999960e-02 -6.144610552316227370e+01
7.439999999999999392e-02 -6.145836599146298340e+01
7.487999999999998824e-02 -6.147127850306223706e+01
7.535999999999999643e-02 -6.160210785134529488e+01
7.583999999999999075e-02 -6.145771341460409332e+01
7.631999999999999895e-02 -6.159303996879606302e+01
7.679999999999999327e-02 -6.165108982927571901e+01
7.727999999999998759e-02 -6.130873188456978085e+01
7.775999999999999579e-02 -6.109823806736063290e+01
7.823999999999999011e-02 -6.135287238667118714e+01
7.871999999999999831e-02 -6.135419602358298619e+01
7.919999999999999263e-02 -6.132694595643263824e+01
7.967999999999998695e-02 -6.145846932672080243e+01
8.015999999999999515e-02 -6.142978175286329190e+01
8.063999999999998947e-02 -6.148180543419628208e+01
8.111999999999999766e-02 -6.149976909288493943e+01
8.159999999999999198e-02 -6.174215283941467902e+01
8.207999999999998630e-02 -6.176496205849321086e+01
8.255999999999999450e-02 -6.197886913327624825e+01
8.303999999999998882e-02 -6.258944955240628616e+01
8.351999999999999702e-02 -6.247339762426040011e+01
8.399999999999999134e-02 -6.251255169034857317e+01
8.447999999999999954e-02 -6.275362903668379744e+01
8.495999999999999386e-02 -6.274148410600649584e+01
8.543999999999998818e-02 -6.243462164989047380e+01
8.591999999999999638e-02 -6.227433814434944992e+01
8.639999999999999070e-02 -6.220341260298721409e+01
8.687999999999999889e-02 -6.223354891789114163e+01
8.735999999999999321e-02 -6.197392441103708194e+01
8.783999999999998753e-02 -6.196553028049227407e+01
8.831999999999999573e-02 -6.212752492324511877e+01
8.879999999999999005e-02 -6.223951621717144889e+01
8.927999999999999825e-02 -6.233936314919259303e+01
8.975999999999999257e-02 -6.237095666020384499e+01
9.023999999999998689e-02 -6.217862542720035179e+01
9.071999999999999509e-02 -6.206136946695931300e+01
9.119999999999998941e-02 -6.188209195541786301e+01
9.167999999999999761e-02 -6.185123491146018893e+01
9.215999999999999193e-02 -6.190552887568252061e+01
9.263999999999998625e-02 -6.215597376501292359e+01
9.311999999999999444e-02 -6.230575660830282914e+01
9.359999999999998876e-02 -6.234822965030878805e+01
9.407999999999999696e-02 -6.245878835104383597e+01
9.455999999999999128e-02 -6.250101386894765199e+01
9.503999999999998560e-02 -6.295273868312413157e+01
9.551999999999999380e-02 -6.350182629804977807e+01
9.599999999999998812e-02 -6.341525331816004041e+01
9.647999999999999632e-02 -6.291567435119265639e+01
9.695999999999999064e-02 -6.307825900006261577e+01
9.743999999999998496e-02 -6.301599601336653933e+01
9.791999999999999316e-02 -6.273603466180535548e+01
9.839999999999998748e-02 -6.309735596795395907e+01
9.887999999999999567e-02 -6.335757223115166425e+01
9.935999999999998999e-02 -6.323605355078225898e+01
9.983999999999998431e-02 -6.306612587400685754e+01
1.003199999999999925e-01 -6.315300130331912953e+01
1.007999999999999868e-01 -6.326463820798761617e+01
1.012799999999999950e-01 -6.299000141746279979e+01
1.017599999999999894e-01 -6.298203638212886801e+01
1.022399999999999975e-01 -6.340486446144410593e+01
1.027199999999999919e-01 -6.370128251592113600e+01
1.031999999999999862e-01 -6.388348465737922766e+01
1.036799999999999944e-01 -6.443784854024427489e+01
1.041599999999999887e-01 -6.437944110503265449e+01
1.046399999999999969e-01 -6.431935357279212440e+01
1.051199999999999912e-01 -6.495246473484638727e+01
1.055999999999999855e-01 -6.538184879679806727e+01
1.060799999999999937e-01 -6.590446641544046713e+01
1.065599999999999881e-01 -6.621921782671611822e+01
1.070399999999999963e-01 -6.667625475733044027e+01
1.075199999999999906e-01 -6.706751902349979844e+01
1.079999999999999849e-01 -6.794832163162070060e+01
1.084799999999999931e-01 -6.886776665696095279e+01
1.089599999999999874e-01 -6.921047185251202905e+01
1.094399999999999956e-01 -6.987468038046768015e+01
1.099199999999999899e-01 -7.073735116539788237e+01
1.103999999999999843e-01 -7.142718449482839560e+01
1.108799999999999925e-01 -7.185710736606384330e+01
1.113599999999999868e-01 -7.214452372674428204e+01
1.118399999999999950e-01 -7.232879161393991296e+01
1.123199999999999893e-01 -7.236747293390706659e+01
1.127999999999999836e-01 -7.240653233775346109e+01
1.132799999999999918e-01 -7.250059852694688800e+01
1.137599999999999861e-01 -7.246537679459004266e+01
1.142399999999999943e-01 -7.276311053222387670e+01
1.147199999999999886e-01 -7.312849094214362822e+01
1.151999999999999968e-01 -7.364783027484085665e+01
1.156799999999999912e-01 -7.405249812872347093e+01
1.161599999999999855e-01 -7.430953500739717299e+01
1.166399999999999937e-01 -7.482585646054522499e+01
1.171199999999999880e-01 -7.527567848894969416e+01
1.175999999999999962e-01 -7.538935181046898037e+01
1.180799999999999905e-01 -7.518985480113941833e+01
1.185599999999999848e-01 -7.466502314644918670e+01
1.190399999999999930e-01 -7.440064870113526752e+01
1.195199999999999874e-01 -7.396042036622743865e+01
1.199999999999999956e-01 -7.305611908353289152e+01
1.204799999999999899e-01 -7.230711220936247230e+01
1.209599999999999842e-01 -7.213088597576599170e+01
1.214399999999999924e-01 -7.216191486515968734e+01
1.219199999999999867e-01 -7.212243738117020087e+01
1.223999999999999949e-01 -7.139215817066451564e+01
