-1.228799999999999892e-01 -7.114802284544867916e+01
-1.223999999999999949e-01 -7.214367513498912388e+01
-1.219199999999999867e-01 -7.322854135100537576e+01
-1.214399999999999924e-01 -7.399823564013280475e+01
-1.209599999999999842e-01 -7.496034377804492976e+01
-1.204799999999999899e-01 -7.597601840887934088e+01
-1.199999999999999956e-01 -7.677620967231024451e+01
-1.195199999999999874e-01 -7.669639132370350865e+01
-1.190399999999999930e-01 -7.601920201096581309e+01
-1.185599999999999848e-01 -7.520548809292266412e+01
-1.180799999999999905e-01 -7.410031184361044154e+01
-1.175999999999999962e-01 -7.320665228332050845e+01
-1.171199999999999880e-01 -7.266582492471511046e+01
-1.166399999999999937e-01 -7.175298384195446033e+01
-1.161599999999999855e-01 -7.113755415910802071e+01
-1.156799999999999912e-01 -7.085777267603747021e+01
-1.151999999999999968e-01 -7.080101731526158915e+01
-1.147199999999999886e-01 -7.063611635803900413e+01
-1.142399999999999943e-01 -7.058560405073060906e+01
-1.137599999999999861e-01 -7.126115375722716294e+01
-1.132799999999999918e-01 -7.194206908154789915e+01
-1.127999999999999836e-01 -7.267388575582488386e+01
-1.123199999999999893e-01 -7.335921561018048465e+01
-1.118399999999999950e-01 -7.370212462142384879e+01
-1.113599999999999868e-01 -7.344970754111081135e+01
-1.108799999999999925e-01 -7.246799162282339068e+01
-1.103999999999999843e-01 -7.129608081408753151e+01
-1.099199999999999899e-01 -7.004791656188714910e+01
-1.094399999999999956e-01 -6.885988744633806391e+01
-1.089599999999999874e-01 -6.789992568727930689e+01
-1.084799999999999931e-01 -6.733863446083103099e+01
-1.079999999999999849e-01 -6.670011845899867353e+01
-1.075199999999999906e-01 -6.633470163835079347e+01
-1.070399999999999963e-01 -6.610018633316043690e+01
-1.065599999999999881e-01 -6.581945796443312702e+01
-1.060799999999999937e-01 -6.528157799821288165e+01
-1.055999999999999855e-01 -6.475084691080938626e+01
-1.051199999999999912e-01 -6.439609247274078996e+01
-1.046399999999999969e-01 -6.393161709310412277e+01
-1.041599999999999887e-01 -6.375536878469739577e+01
-1.036799999999999944e-01 -6.336392881759638840e+01
-1.031999999999999862e-01 -6.277547374869868690e+01
-1.027199999999999919e-01 -6.267301975037860728e+01
-1.022399999999999975e-01 -6.261797574173770187e+01
-1.017599999999999894e-01 -6.259280513237713706e+01
-1.012799999999999950e-01 -6.245294075713144366e+01
-1.007999999999999868e-01 -6.222647472030762117e+01
-1.003199999999999925e-01 -6.221238798174087492e+01
-9.983999999999998431e-02 -6.190757755612406044e+01
-9.935999999999998999e-02 -6.191114967650207745e+01
-9.887999999999999567e-02 -6.190216074052527517e+01
-9.839999999999998748e-02 -6.184877279324277310e+01
-9.791999999999999316e-02 -6.187681049922694854e+01
-9.743999999999998496e-02 -6.183676720825825868e+01
-9.695999999999999064e-02 -6.206282948751727702e+01
-9.647999999999999632e-02 -6.201998915840785287e+01
-9.599999999999998812e-02 -6.200827143127853702e+01
-9.551999999999999380e-02 -6.181249033514374958e+01
-9.503999999999998560e-02 -6.168566370591857151e+01
-9.455999999999999128e-02 -6.177178243911642141e+01
-9.407999999999999696e-02 -6.144909437319923740e+01
-9.359999999999998876e-02 -6.113268028666009002e+01
-9.311999999999999444e-02 -6.127861966910647595e+01
-9.263999999999998625e-02 -6.126592260196413520e+01
-9.215999999999999193e-02 -6.110735996283018068e+01
-9.167999999999999761e-02 -6.088656917762261855e+01
-9.119999999999998941e-02 -6.092770905730009190e+01
-9.071999999999999509e-02 -6.097629057788307705e+01
-9.023999999999998689e-02 -6.088616567571012439e+01
-8.975999999999999257e-02 -6.099207046377267716e+01
-8.927999999999999825e-02 -6.106761728260511291e+01
-8.879999999999999005e-02 -6.126180944639429526e+01
-8.831999999999999573e-02 -6.117702356381644790e+01
-8.783999999999998753e-02 -6.098836558811491670e+01
-8.735999999999999321e-02 -6.105459109970531273e+01
-8.687999999999999889e-02 -6.116061655191795410e+01
-8.639999999999999070e-02 -6.114784739948334646e+01
-8.591999999999999638e-02 -6.079357404551388555e+01
-8.543999999999998818e-02 -6.072923537724308574e+01
-8.495999999999999386e-02 -6.085090214884644411e+01
-8.447999999999999954e-02 -6.080134196453373363e+01
-8.399999999999999134e-02 -6.065446034775571604e+01
-8.351999999999999702e-02 -6.080174150706820768e+01
-8.303999999999998882e-02 -6.059820810807154601e+01
-8.255999999999999450e-02 -6.040782282380896362e+01
-8.207999999999998630e-02 -6.040643802091891956e+01
-8.159999999999999198e-02 -6.031684609652926099e+01
-8.111999999999999766e-02 -6.028550230423928014e+01
-8.063999999999998947e-02 -5.989854912798841724e+01
-8.015999999999999515e-02 -5.984319149977915231e+01
-7.967999999999998695e-02 -6.000787796094820692e+01
-7.919999999999999263e-02 -5.999180367621804066e+01
-7.871999999999999831e-02 -6.012835695855561369e+01
-7.823999999999999011e-02 -6.020704904918495970e+01
-7.775999999999999579e-02 -6.009939379297192374e+01
-7.727999999999998759e-02 -6.009963190611684780e+01
-7.679999999999999327e-02 -6.026316030117740752e+01
-7.631999999999999895e-02 -6.019022912553808879e+01
-7.583999999999999075e-02 -5.999742390344679421e+01
-7.535999999999999643e-02 -6.021401607559253932e+01
-7.487999999999998824e-02 -6.033417637930251942e+01
-7.439999999999999392e-02 -6.015359332263014380e+01
-7.391999999999999960e-02 -5.986320656702179122e+01
-7.343999999999999140e-02 -5.970714194668524755e+01
-7.295999999999999708e-02 -5.983567732794078609e+01
-7.247999999999998888e-02 -6.012094988039559951e+01
-7.199999999999999456e-02 -6.001319556415462841e+01
-7.152000000000000024e-02 -5.979278875277147165e+01
-7.103999999999999204e-02 -5.976270661518265115e+01
-7.055999999999999772e-02 -6.014338368872532214e+01
-7.007999999999998952e-02 -5.996004279422658101e+01
-6.959999999999999520e-02 -5.961196804278898043e+01
-6.911999999999998701e-02 -5.923894737150148870e+01
-6.863999999999999269e-02 -5.929036202047787185e+01
-6.815999999999999837e-02 -5.941701042190316429e+01
-6.767999999999999017e-02 -5.919338807575904582e+01
-6.719999999999999585e-02 -5.914317798986105856e+01
-6.671999999999998765e-02 -5.899496876498594844e+01
-6.623999999999999333e-02 -5.872966529745290387e+01
-6.575999999999999901e-02 -5.869795058084926609e+01
-6.527999999999999081e-02 -5.867675700934544381e+01
-6.479999999999999649e-02 -5.895888081211903398e+01
-6.431999999999998829e-02 -5.915115424117648502e+01
-6.383999999999999397e-02 -5.900266322563354038e+01
-6.335999999999999965e-02 -5.891076302521818064e+01
-6.287999999999999146e-02 -5.890831686499011965e+01
-6.239999999999999714e-02 -5.886688259387455702e+01
-6.191999999999999588e-02 -5.891008186245117173e+01
-6.143999999999999462e-02 -5.888436341219098580e+01
-6.095999999999999336e-02 -5.859839367059311144e+01
-6.047999999999999210e-02 -5.854710734319817789e+01
-5.999999999999999778e-02 -5.857352963709800520e+01
-5.951999999999999652e-02 -5.836194598331709926e+01
-5.903999999999999526e-02 -5.850780445729003532e+01
-5.855999999999999400e-02 -5.872594615265511209e+01
-5.807999999999999274e-02 -5.834526049300872330e+01
-5.759999999999999842e-02 -5.794194069404474590e+01
-5.711999999999999716e-02 -5.768513728617509173e+01
-5.663999999999999591e-02 -5.766951018668991935e+01
-5.615999999999999465e-02 -5.761740338504073122e+01
-5.567999999999999339e-02 -5.697960074308507217e+01
-5.519999999999999213e-02 -5.693828604515492486e+01
-5.471999999999999781e-02 -5.710638218176839587e+01
-5.423999999999999655e-02 -5.707907680585751109e+01
-5.375999999999999529e-02 -5.702767782825027609e+01
-5.327999999999999403e-02 -5.712081306545793780e+01
-5.279999999999999277e-02 -5.687315862842098113e+01
-5.231999999999999845e-02 -5.677492990274820528e+01
-5.183999999999999719e-02 -5.693898638337487483e+01
-5.135999999999999593e-02 -5.738408875660003616e+01
-5.087999999999999468e-02 -5.737050431783242743e+01
-5.039999999999999342e-02 -5.721685488903222705e+01
-4.991999999999999216e-02 -5.720560202462933574e+01
-4.943999999999999784e-02 -5.703502835278980854e+01
-4.895999999999999658e-02 -5.686614327671935598e+01
-4.847999999999999532e-02 -5.679650963693147503e+01
-4.799999999999999406e-02 -5.682569165421033119e+01
-4.751999999999999280e-02 -5.673570285467990004e+01
-4.703999999999999848e-02 -5.641077967675347793e+01
-4.655999999999999722e-02 -5.591859827895119395e+01
-4.607999999999999596e-02 -5.535204383837628939e+01
-4.559999999999999470e-02 -5.533556742274465989e+01
-4.511999999999999345e-02 -5.559259845459543214e+01
-4.463999999999999913e-02 -5.533923869173820265e+01
-4.415999999999999787e-02 -5.515341797975024463e+01
-4.367999999999999661e-02 -5.496104654682732615e+01
-4.319999999999999535e-02 -5.491609043777376087e+01
-4.271999999999999409e-02 -5.519856899500179992e+01
-4.223999999999999977e-02 -5.483251057464036649e+01
-4.175999999999999851e-02 -5.411750916407885370e+01
-4.127999999999999725e-02 -5.398409142975807384e+01
-4.079999999999999599e-02 -5.387024971093497072e+01
-4.031999999999999473e-02 -5.393266757351869956e+01
-3.983999999999999347e-02 -5.377128726298501959e+01
-3.935999999999999915e-02 -5.369059616821276393e+01
-3.887999999999999790e-02 -5.374512325489128273e+01
-3.839999999999999664e-02 -5.378970719968458525e+01
-3.791999999999999538e-02 -5.375498959623327977e+01
-3.743999999999999412e-02 -5.351071988224389031e+01
-3.695999999999999980e-02 -5.349949606263976420e+01
-3.647999999999999854e-02 -5.350499268977776524e+01
-3.599999999999999728e-02 -5.357307388057495956e+01
-3.551999999999999602e-02 -5.315364656375814434e+01
-3.503999999999999476e-02 -5.277899324280453186e+01
-3.455999999999999350e-02 -5.255826671280844664e+01
-3.407999999999999918e-02 -5.215898295921871153e+01
-3.359999999999999792e-02 -5.160301786898914145e+01
-3.311999999999999666e-02 -5.111555837195081153e+01
-3.263999999999999541e-02 -5.091206641315026360e+01
-3.215999999999999415e-02 -5.035872634405430404e+01
-3.167999999999999983e-02 -5.018883485267969746e+01
-3.119999999999999857e-02 -5.000505119579351998e+01
-3.071999999999999731e-02 -4.968454140655573070e+01
-3.023999999999999605e-02 -4.927417275052512480e+01
-2.975999999999999826e-02 -4.909827950526882034e+01
-2.927999999999999700e-02 -4.908175010133524552e+01
-2.879999999999999921e-02 -4.869682817818827658e+01
-2.831999999999999795e-02 -4.820219901178053590e+01
-2.783999999999999669e-02 -4.850447624990152917e+01
-2.735999999999999890e-02 -4.882906345977589524e+01
-2.687999999999999765e-02 -4.813974268172017901e+01
-2.639999999999999639e-02 -4.702078728224185511e+01
-2.591999999999999860e-02 -4.598721635868250246e+01
-2.543999999999999734e-02 -4.559144984954471624e+01
-2.495999999999999608e-02 -4.589010320833885714e+01
-2.447999999999999829e-02 -4.645030325543128669e+01
-2.399999999999999703e-02 -4.658493663914569538e+01
-2.351999999999999924e-02 -4.621860281092978795e+01
-2.303999999999999798e-02 -4.539478248835316521e+01
-2.255999999999999672e-02 -4.471106688279729013e+01
-2.207999999999999893e-02 -4.409418725702286679e+01
-2.159999999999999767e-02 -4.332260240883840652e+01
-2.111999999999999988e-02 -4.265621915706853429e+01
-2.063999999999999863e-02 -4.211602213012852047e+01
-2.015999999999999737e-02 -4.145367909905698411e+01
-1.967999999999999958e-02 -4.043974646679755836e+01
-1.919999999999999832e-02 -3.994827948442234344e+01
-1.871999999999999706e-02 -3.985007173796192603e+01
-1.823999999999999927e-02 -3.962506969808610080e+01
-1.775999999999999801e-02 -3.958380250790688137e+01
-1.727999999999999675e-02 -3.991985758706820775e+01
-1.679999999999999896e-02 -4.054066710933896189e+01
-1.631999999999999770e-02 -4.102557873416814260e+01
-1.583999999999999991e-02 -4.143425304808385334e+01
-1.535999999999999865e-02 -4.137470531691164410e+01
-1.487999999999999913e-02 -4.069494817449240998e+01
-1.439999999999999961e-02 -4.014741685766396273e+01
-1.391999999999999835e-02 -3.967887118206239450e+01
-1.343999999999999882e-02 -3.946031912371469019e+01
-1.295999999999999930e-02 -3.825823803262027667e+01
-1.247999999999999804e-02 -3.644438772085069900e+01
-1.199999999999999852e-02 -3.428341094611773343e+01
-1.151999999999999899e-02 -3.185579458025747712e+01
-1.103999999999999947e-02 -2.908257923675970602e+01
-1.055999999999999994e-02 -2.097658460245277112e+01
-1.007999999999999868e-02 -3.712033396971280652e+00
-9.599999999999999159e-03 4.628986089276901694e+00
-9.119999999999999635e-03 7.241271910204441831e+00
-8.639999999999998376e-03 7.444439388032121130e+00
-8.159999999999998851e-03 7.446819528041390690e+00
-7.679999999999999327e-03 7.621198935074557035e+00
-7.199999999999999803e-03 7.716768198666304812e+00
-6.719999999999999411e-03 7.553970791134666740e+00
-6.239999999999999020e-03 7.599916679501817818e+00
-5.759999999999999495e-03 7.763127424227386442e+00
-5.279999999999999971e-03 7.747550263679033655e+00
-4.799999999999999580e-03 7.772600544266403233e+00
-4.319999999999999188e-03 7.582808264638133622e+00
-3.839999999999999664e-03 7.488378281082045618e+00
-3.359999999999999706e-03 7.493977636137241660e+00
-2.879999999999999748e-03 7.490903134244319084e+00
-2.399999999999999790e-03 7.612199934460710082e+00
-1.919999999999999832e-03 7.589416361297102398e+00
-1.439999999999999874e-03 7.607997058072636598e+00
-9.599999999999999159e-04 7.670777568722161988e+00
-4.799999999999999580e-04 7.564714644779265917e+00
0.000000000000000000e+00 7.508409284548013041e+00
4.799999999999999580e-04 7.722906520964357924e+00
9.599999999999999159e-04 8.103032074088352132e+00
1.439999999999999874e-03 7.753477900404409873e+00
1.919999999999999832e-03 7.394678135209883152e+00
2.399999999999999790e-03 7.615587619175009593e+00
2.879999999999999748e-03 7.779504556970564977e+00
3.359999999999999706e-03 7.935925455170409037e+00
3.839999999999999664e-03 7.692185536064871876e+00
4.319999999999999188e-03 7.383608982860377701e+00
4.799999999999999580e-03 7.438230245019151532e+00
5.279999999999999971e-03 7.538824512239425069e+00
5.759999999999999495e-03 7.535319839647921292e+00
6.239999999999999020e-03 7.444929641247312269e+00
6.719999999999999411e-03 7.502106163602677569e+00
7.199999999999999803e-03 7.622382734024721884e+00
7.679999999999999327e-03 7.419264060837678976e+00
8.159999999999998851e-03 7.472059703976631440e+00
8.639999999999998376e-03 7.562459904622077289e+00
9.119999999999999635e-03 7.241842405764542079e+00
9.599999999999999159e-03 4.534079502097789316e+00
1.007999999999999868e-02 -3.939269103453523879e+00
1.055999999999999994e-02 -2.108120453881866041e+01
1.103999999999999947e-02 -2.847892440979717321e+01
1.151999999999999899e-02 -3.141456349862983188e+01
1.199999999999999852e-02 -3.403175389734325051e+01
1.247999999999999804e-02 -3.624752174457437093e+01
1.295999999999999930e-02 -3.783682227106459806e+01
1.343999999999999882e-02 -3.889452657734359065e+01
1.391999999999999835e-02 -3.965495798878166767e+01
1.439999999999999961e-02 -4.015573683353330381e+01
1.487999999999999913e-02 -4.073975322257540199e+01
1.535999999999999865e-02 -4.148261584698003901e+01
1.583999999999999991e-02 -4.172721547354737481e+01
1.631999999999999770e-02 -4.130688939126210357e+01
1.679999999999999896e-02 -4.066630935911690159e+01
1.727999999999999675e-02 -4.031636892608815970e+01
1.775999999999999801e-02 -4.021240195655060745e+01
1.823999999999999927e-02 -3.994869456405495356e+01
1.871999999999999706e-02 -3.989733696054963019e+01
1.919999999999999832e-02 -4.001688260766450611e+01
1.967999999999999958e-02 -4.032083369452229249e+01
2.015999999999999737e-02 -4.082252068142967261e+01
2.063999999999999863e-02 -4.139702867255473961e+01
2.111999999999999988e-02 -4.243534766489816690e+01
2.159999999999999767e-02 -4.332157354968464347e+01
2.207999999999999893e-02 -4.388186895173394930e+01
2.255999999999999672e-02 -4.478462700737141233e+01
2.303999999999999798e-02 -4.559759517057546674e+01
2.351999999999999924e-02 -4.606229237038949265e+01
2.399999999999999703e-02 -4.654690405075478310e+01
2.447999999999999829e-02 -4.658882911586233888e+01
2.495999999999999608e-02 -4.632429206063022775e+01
2.543999999999999734e-02 -4.614576909775334457e+01
2.591999999999999860e-02 -4.618875003365680243e+01
2.639999999999999639e-02 -4.694678047963858347e+01
2.687999999999999765e-02 -4.791410000908940958e+01
2.735999999999999890e-02 -4.872570860138168314e+01
2.783999999999999669e-02 -4.907052562296147613e+01
2.831999999999999795e-02 -4.896440154421743074e+01
2.879999999999999921e-02 -4.952812082528717497e+01
2.927999999999999700e-02 -4.939640515612916261e+01
2.975999999999999826e-02 -4.945203926511625525e+01
3.023999999999999605e-02 -4.986029714556467241e+01
3.071999999999999731e-02 -5.012310810855466059e+01
3.119999999999999857e-02 -5.031384600239482552e+01
3.167999999999999983e-02 -5.040860279709342961e+01
3.215999999999999415e-02 -5.078188306515946948e+01
3.263999999999999541e-02 -5.116148038186125291e+01
3.311999999999999666e-02 -5.151147630657690257e+01
3.359999999999999792e-02 -5.195581128366796975e+01
3.407999999999999918e-02 -5.228682379735475649e+01
3.455999999999999350e-02 -5.258932607971772910e+01
3.503999999999999476e-02 -5.318030945880997962e+01
3.551999999999999602e-02 -5.341810615950932828e+01
3.599999999999999728e-02 -5.357223845514340610e+01
3.647999999999999854e-02 -5.380638414296371508e+01
3.695999999999999980e-02 -5.415018911025239845e+01
3.743999999999999412e-02 -5.422766955458988036e+01
3.791999999999999538e-02 -5.406090902855594038e+01
3.839999999999999664e-02 -5.432314064914840657e+01
3.887999999999999790e-02 -5.447765004803493838e+01
3.935999999999999915e-02 -5.477101301371530440e+01
3.983999999999999347e-02 -5.497534963954835519e+01
4.031999999999999473e-02 -5.494372907784085669e+01
4.079999999999999599e-02 -5.485007260838179377e+01
4.127999999999999725e-02 -5.490461254852307604e+01
4.175999999999999851e-02 -5.496430748703190261e+01
4.223999999999999977e-02 -5.525087398186913390e+01
4.271999999999999409e-02 -5.554823913711025796e+01
4.319999999999999535e-02 -5.567270718271278440e+01
4.367999999999999661e-02 -5.610605509683423264e+01
4.415999999999999787e-02 -5.612668872690674959e+01
4.463999999999999913e-02 -5.608761522749678363e+01
4.511999999999999345e-02 -5.593396121787155550e+01
4.559999999999999470e-02 -5.600027862360389008e+01
4.607999999999999596e-02 -5.646376641749476732e+01
4.655999999999999722e-02 -5.685184930980081219e+01
4.703999999999999848e-02 -5.725735086528845841e+01
4.751999999999999280e-02 -5.771887733232516382e+01
4.799999999999999406e-02 -5.767433357304892638e+01
4.847999999999999532e-02 -5.790777452001191250e+01
4.895999999999999658e-02 -5.785439571144958393e+01
4.943999999999999784e-02 -5.761375717385092088e+01
4.991999999999999216e-02 -5.763622362698416879e+01
5.039999999999999342e-02 -5.764540577859123971e+01
5.087999999999999468e-02 -5.752218119563849541e+01
5.135999999999999593e-02 -5.760764572636384173e+01
5.183999999999999719e-02 -5.774213500483056549e+01
5.231999999999999845e-02 -5.797023309533137336e+01
5.279999999999999277e-02 -5.801411436779503106e+01
5.327999999999999403e-02 -5.816832700863358951e+01
5.375999999999999529e-02 -5.848883749388721753e+01
5.423999999999999655e-02 -5.856706931802048643e+01
5.471999999999999781e-02 -5.885930453695970499e+01
5.519999999999999213e-02 -5.902554549185047250e+01
5.567999999999999339e-02 -5.890593009016050274e+01
5.615999999999999465e-02 -5.910803006492733402e+01
5.663999999999999591e-02 -5.957123996886246431e+01
5.711999999999999716e-02 -5.970042916143840017e+01
5.759999999999999842e-02 -5.979285553484422167e+01
5.807999999999999274e-02 -5.994418433512955602e+01
5.855999999999999400e-02 -5.981537497418304383e+01
5.903999999999999526e-02 -5.979453127268295987e+01
5.951999999999999652e-02 -6.019443383117365443e+01
5.999999999999999778e-02 -6.039787775741595510e+01
6.047999999999999210e-02 -6.025864854647193170e+01
6.095999999999999336e-02 -6.011359372366954545e+01
6.143999999999999462e-02 -5.985340297057951631e+01
6.191999999999999588e-02 -5.947088942193562389e+01
6.239999999999999714e-02 -5.916759107837069109e+01
6.287999999999999146e-02 -5.912445507760359220e+01
6.335999999999999965e-02 -5.932506396203504551e+01
6.383999999999999397e-02 -5.943292969569198192e+01
6.431999999999998829e-02 -5.966755156395919357e+01
6.479999999999999649e-02 -5.974961617564945016e+01
6.527999999999999081e-02 -6.020869289364996746e+01
6.575999999999999901e-02 -6.021013376664128458e+01
6.623999999999999333e-02 -6.031142508648035516e+01
6.671999999999998765e-02 -6.017161589542355671e+01
6.719999999999999585e-02 -6.024175897059640761e+01
6.767999999999999017e-02 -6.065567562131975876e+01
6.815999999999999837e-02 -6.071739752812209900e+01
6.863999999999999269e-02 -6.097338886350621578e+01
6.911999999999998701e-02 -6.105610105161724732e+01
6.959999999999999520e-02 -6.118712528982609200e+01
7.007999999999998952e-02 -6.121522633110270561e+01
7.055999999999999772e-02 -6.114236820757432156e+01
7.103999999999999204e-02 -6.127600083908042450e+01
7.152000000000000024e-02 -6.137243039312356530e+01
7.199999999999999456e-02 -6.140342250122080969e+01
7.247999999999998888e-02 -6.135063807851737039e+01
7.295999999999999708e-02 -6.102127787742067255e+01
7.343999999999999140e-02 -6.095778257063066974e+01
7.391999999999999960e-02 -6.105982652154712298e+01
7.439999999999999392e-02 -6.087715995364818156e+01
7.487999999999998824e-02 -6.094704645862969983e+01
7.535999999999999643e-02 -6.106506169210906876e+01
7.583999999999999075e-02 -6.103116898275875002e+01
7.631999999999999895e-02 -6.096414527649032777e+01
7.679999999999999327e-02 -6.101596085516901269e+01
7.727999999999998759e-02 -6.096734421686898031e+01
7.775999999999999579e-02 -6.090828921392763107e+01
7.823999999999999011e-02 -6.088971508971469149e+01
7.871999999999999831e-02 -6.068747710141157370e+01
7.919999999999999263e-02 -6.075382054347279137e+01
7.967999999999998695e-02 -6.094528619823003623e+01
8.015999999999999515e-02 -6.117609884948948462e+01
8.063999999999998947e-02 -6.125984918117283939e+01
8.111999999999999766e-02 -6.129039289363482368e+01
8.159999999999999198e-02 -6.141177117083878301e+01
8.207999999999998630e-02 -6.174117232324601900e+01
8.255999999999999450e-02 -6.205026288024957637e+01
8.303999999999998882e-02 -6.227340339858103135e+01
8.351999999999999702e-02 -6.212834773180698988e+01
8.399999999999999134e-02 -6.206300890910765133e+01
8.447999999999999954e-02 -6.200329601524038736e+01
8.495999999999999386e-02 -6.221112620850459507e+01
8.543999999999998818e-02 -6.222457401759884021e+01
8.591999999999999638e-02 -6.196636045179105423e+01
8.639999999999999070e-02 -6.181129568009542652e+01
8.687999999999999889e-02 -6.183356650837099266e+01
8.735999999999999321e-02 -6.182109913192686435e+01
8.783999999999998753e-02 -6.183173858814007673e+01
8.831999999999999573e-02 -6.177857980342320587e+01
8.879999999999999005e-02 -6.176108880405357127e+01
8.927999999999999825e-02 -6.184222396225322882e+01
8.975999999999999257e-02 -6.190329452717203651e+01
9.023999999999998689e-02 -6.184392593750617095e+01
9.071999999999999509e-02 -6.173486606583081482e+01
9.119999999999998941e-02 -6.162949595085741095e+01
9.167999999999999761e-02 -6.156236987713965902e+01
9.215999999999999193e-02 -6.160461201691590105e+01
9.263999999999998625e-02 -6.166238156303524676e+01
9.311999999999999444e-02 -6.201770573088936089e+01
9.359999999999998876e-02 -6.224068170950295809e+01
9.407999999999999696e-02 -6.228028598452341669e+01
9.455999999999999128e-02 -6.227303386046080647e+01
9.503999999999998560e-02 -6.209853216397292641e+01
9.551999999999999380e-02 -6.251832174726057190e+01
9.599999999999998812e-02 -6.295886515255909899e+01
9.647999999999999632e-02 -6.291449332013181106e+01
9.695999999999999064e-02 -6.282285264460627161e+01
9.743999999999998496e-02 -6.283309140451592611e+01
9.791999999999999316e-02 -6.293117356489089786e+01
9.839999999999998748e-02 -6.307429770841892491e+01
9.887999999999999567e-02 -6.299427082533105704e+01
9.935999999999998999e-02 -6.273779909153810763e+01
9.983999999999998431e-02 -6.273579340816897343e+01
1.003199999999999925e-01 -6.267606244242347913e+01
1.007999999999999868e-01 -6.286792250349044053e+01
1.012799999999999950e-01 -6.322942815462916855e+01
1.017599999999999894e-01 -6.336265439684893153e+01
1.022399999999999975e-01 -6.349498098464047757e+01
1.027199999999999919e-01 -6.349583255218172440e+01
1.031999999999999862e-01 -6.376828011850161460e+01
1.036799999999999944e-01 -6.437990836987167143e+01
1.041599999999999887e-01 -6.442443205170930298e+01
1.046399999999999969e-01 -6.432706034210077917e+01
1.051199999999999912e-01 -6.444444837127880987e+01
1.055999999999999855e-01 -6.469901537231015709e+01
1.060799999999999937e-01 -6.517621214222376125e+01
1.065599999999999881e-01 -6.565677271911029322e+01
1.070399999999999963e-01 -6.617413059764726313e+01
1.075199999999999906e-01 -6.678798663393766333e+01
1.079999999999999849e-01 -6.719875994670923092e+01
1.084799999999999931e-01 -6.779890232043862852e+01
1.089599999999999874e-01 -6.859051094031987361e+01
1.094399999999999956e-01 -6.920793380497995884e+01
1.099199999999999899e-01 -6.980479839717094137e+01
1.103999999999999843e-01 -7.045623028956563871e+01
1.108799999999999925e-01 -7.084502956879966007e+01
1.113599999999999868e-01 -7.141735891229235733e+01
1.118399999999999950e-01 -7.146762023502643046e+01
1.123199999999999893e-01 -7.130067522770885091e+01
1.127999999999999836e-01 -7.140557400158812129e+01
1.132799999999999918e-01 -7.166935976565268618e+01
1.137599999999999861e-01 -7.174332261245255893e+01
1.142399999999999943e-01 -7.209230460962957920e+01
1.147199999999999886e-01 -7.263378479460961046e+01
1.151999999999999968e-01 -7.322815746637557766e+01
1.156799999999999912e-01 -7.337587837299315652e+01
1.161599999999999855e-01 -7.347690165124379291e+01
1.166399999999999937e-01 -7.393776232390791847e+01
1.171199999999999880e-01 -7.427236924728642009e+01
1.175999999999999962e-01 -7.415140165460169897e+01
1.180799999999999905e-01 -7.393522272968495201e+01
1.185599999999999848e-01 -7.363419383337044621e+01
1.190399999999999930e-01 -7.315284035221422698e+01
1.195199999999999874e-01 -7.258565206564090033e+01
1.199999999999999956e-01 -7.183415510543674998e+01
1.204799999999999899e-01 -7.128005279069648736e+01
1.209599999999999842e-01 -7.123121740345828812e+01
1.214399999999999924e-01 -7.132538569099776282e+01
1.219199999999999867e-01 -7.119159623295755068e+01
1.223999999999999949e-01 -7.105178005462482815e+01
