-1.228799999999999955e+02 -9.410324673664099748e+01
-1.223999999999999915e+02 -9.385353603969136316e+01
-1.219200000000000017e+02 -9.369244118123882004e+01
-1.214399999999999977e+02 -9.375768714163911000e+01
-1.209599999999999937e+02 -9.425959979453722326e+01
-1.204799999999999898e+02 -9.491877045430265980e+01
-1.200000000000000000e+02 -9.558115192551652228e+01
-1.195199999999999960e+02 -9.670206181393444922e+01
-1.190399999999999920e+02 -9.775156758062253459e+01
-1.185600000000000023e+02 -9.833075766853738742e+01
-1.180799999999999983e+02 -9.861882430336316929e+01
-1.175999999999999943e+02 -9.834945350617671522e+01
-1.171199999999999903e+02 -9.760452015130221071e+01
-1.166400000000000006e+02 -9.679891246753810208e+01
-1.161599999999999966e+02 -9.630024845414101264e+01
-1.156799999999999926e+02 -9.594815633192199300e+01
-1.151999999999999886e+02 -9.580910706178200087e+01
-1.147199999999999989e+02 -9.596237879634171009e+01
-1.142399999999999949e+02 -9.591472800984000457e+01
-1.137599999999999909e+02 -9.606951998032009499e+01
-1.132800000000000011e+02 -9.623953028851957470e+01
-1.127999999999999972e+02 -9.634495208454728754e+01
-1.123199999999999932e+02 -9.630181825045582400e+01
-1.118399999999999892e+02 -9.637183011628650320e+01
-1.113599999999999994e+02 -9.642862964961685179e+01
-1.108799999999999955e+02 -9.616900532457046324e+01
-1.103999999999999915e+02 -9.564342430149633856e+01
-1.099200000000000017e+02 -9.488269773807346041e+01
-1.094399999999999977e+02 -9.422748650189600994e+01
-1.089599999999999937e+02 -9.355044638780691457e+01
-1.084799999999999898e+02 -9.288381941033152600e+01
-1.080000000000000000e+02 -9.235729677101106461e+01
-1.075199999999999960e+02 -9.176841723295852660e+01
-1.070399999999999920e+02 -9.119764777622124541e+01
-1.065600000000000023e+02 -9.074064447831590030e+01
-1.060799999999999983e+02 -9.018729823457695716e+01
-1.055999999999999943e+02 -8.947456960116568325e+01
-1.051199999999999903e+02 -8.892814589253259783e+01
-1.046400000000000006e+02 -8.849667057021413541e+01
-1.041599999999999966e+02 -8.783399503176688938e+01
-1.036799999999999926e+02 -8.764028796758859130e+01
-1.032000000000000028e+02 -8.770364942213815596e+01
-1.027199999999999989e+02 -8.735144950132047370e+01
-1.022399999999999949e+02 -8.693944814417527311e+01
-1.017599999999999909e+02 -8.692460006737326239e+01
-1.012800000000000011e+02 -8.695262644136468566e+01
-1.007999999999999972e+02 -8.670583744040654040e+01
-1.003199999999999932e+02 -8.667691749243721233e+01
-9.984000000000000341e+01 -8.662711439654185597e+01
-9.935999999999999943e+01 -8.678474713209497793e+01
-9.887999999999999545e+01 -8.684839370699748429e+01
-9.839999999999999147e+01 -8.656243590251703779e+01
-9.792000000000000171e+01 -8.649175241486364030e+01
-9.743999999999999773e+01 -8.634773728089450628e+01
-9.695999999999999375e+01 -8.594159277367536731e+01
-9.647999999999998977e+01 -8.588624321667310824e+01
-9.600000000000000000e+01 -8.600706325820075904e+01
-9.551999999999999602e+01 -8.618107546800013097e+01
-9.503999999999999204e+01 -8.622713797926164148e+01
-9.456000000000000227e+01 -8.620901620824514566e+01
-9.407999999999999829e+01 -8.596353643900607722e+01
-9.359999999999999432e+01 -8.555468052100202669e+01
-9.311999999999999034e+01 -8.536866081027289965e+01
-9.264000000000000057e+01 -8.542081796047898479e+01
-9.215999999999999659e+01 -8.555192234715929089e+01
-9.167999999999999261e+01 -8.535905458358612918e+01
-9.120000000000000284e+01 -8.532306346274715736e+01
-9.071999999999999886e+01 -8.547050889598304479e+01
-9.023999999999999488e+01 -8.555840422857215799e+01
-8.975999999999999091e+01 -8.538204410804262068e+01
-8.928000000000000114e+01 -8.501117798458963648e+01
-8.879999999999999716e+01 -8.517903341885553914e+01
-8.831999999999999318e+01 -8.538015274760134332e+01
-8.784000000000000341e+01 -8.540729856787011443e+01
-8.735999999999999943e+01 -8.529961074317935754e+01
-8.687999999999999545e+01 -8.550980295070044690e+01
-8.639999999999999147e+01 -8.533993276626169688e+01
-8.592000000000000171e+01 -8.491499730921157152e+01
-8.543999999999999773e+01 -8.521198206066570435e+01
-8.495999999999999375e+01 -8.541692839341681065e+01
-8.447999999999998977e+01 -8.523458125370351013e+01
-8.400000000000000000e+01 -8.522465639722931030e+01
-8.351999999999999602e+01 -8.486280894049238555e+01
-8.303999999999999204e+01 -8.469928045461335842e+01
-8.256000000000000227e+01 -8.478184706160007522e+01
-8.207999999999999829e+01 -8.479701999036868187e+01
-8.159999999999999432e+01 -8.476683520108734626e+01
-8.111999999999999034e+01 -8.463327414720714614e+01
-8.064000000000000057e+01 -8.437641906210626530e+01
-8.015999999999999659e+01 -8.425462181986007693e+01
-7.967999999999999261e+01 -8.447338270790189085e+01
-7.920000000000000284e+01 -8.423786868630247682e+01
-7.871999999999999886e+01 -8.415637337155871478e+01
-7.823999999999999488e+01 -8.446617540359839893e+01
-7.775999999999999091e+01 -8.433536971369923663e+01
-7.728000000000000114e+01 -8.439750286884915909e+01
-7.679999999999999716e+01 -8.469907201590565649e+01
-7.631999999999999318e+01 -8.451785393864385298e+01
-7.584000000000000341e+01 -8.445509533180377559e+01
-7.535999999999999943e+01 -8.457420914312268678e+01
-7.487999999999999545e+01 -8.422144231323805741e+01
-7.439999999999999147e+01 -8.428122980481299464e+01
-7.392000000000000171e+01 -8.450279053543012253e+01
-7.343999999999999773e+01 -8.433581627123092517e+01
-7.295999999999999375e+01 -8.411554349289909283e+01
-7.248000000000000398e+01 -8.420966009712446976e+01
-7.200000000000000000e+01 -8.444508325479668542e+01
-7.151999999999999602e+01 -8.406197193413341040e+01
-7.103999999999999204e+01 -8.373804449632183378e+01
-7.056000000000000227e+01 -8.414633978887025023e+01
-7.007999999999999829e+01 -8.396268821495377210e+01
-6.959999999999999432e+01 -8.396050074698769095e+01
-6.912000000000000455e+01 -8.379607190916928516e+01
-6.864000000000000057e+01 -8.362901186418704924e+01
-6.815999999999999659e+01 -8.376289748347971909e+01
-6.767999999999999261e+01 -8.370279700420438473e+01
-6.720000000000000284e+01 -8.374865782431581351e+01
-6.671999999999999886e+01 -8.357972600887325143e+01
-6.623999999999999488e+01 -8.373326227325640048e+01
-6.575999999999999091e+01 -8.363920657680473880e+01
-6.528000000000000114e+01 -8.323331602269570340e+01
-6.479999999999999716e+01 -8.326053439986952753e+01
-6.431999999999999318e+01 -8.298452163784133973e+01
-6.383999999999999631e+01 -8.274637429245247233e+01
-6.335999999999999943e+01 -8.276924585432016102e+01
-6.287999999999999545e+01 -8.305789066116824415e+01
-6.239999999999999858e+01 -8.336014094344420755e+01
-6.191999999999999460e+01 -8.333227616597476128e+01
-6.143999999999999773e+01 -8.298519719224864843e+01
-6.096000000000000085e+01 -8.252293292412063863e+01
-6.047999999999999687e+01 -8.226354317337994360e+01
-6.000000000000000000e+01 -8.194490995310772519e+01
-5.951999999999999602e+01 -8.183624407212954566e+01
-5.903999999999999915e+01 -8.223462561729205333e+01
-5.855999999999999517e+01 -8.266494757668952786e+01
-5.807999999999999829e+01 -8.273880655016330365e+01
-5.759999999999999432e+01 -8.246902308223901912e+01
-5.711999999999999744e+01 -8.209435178058669180e+01
-5.664000000000000057e+01 -8.203450677101398014e+01
-5.615999999999999659e+01 -8.206137491306314757e+01
-5.567999999999999972e+01 -8.206510825943271925e+01
-5.519999999999999574e+01 -8.214377025759975481e+01
-5.471999999999999886e+01 -8.210998995960027003e+01
-5.423999999999999488e+01 -8.178636674460292966e+01
-5.375999999999999801e+01 -8.154167739427906270e+01
-5.328000000000000114e+01 -8.148292360642768983e+01
-5.279999999999999716e+01 -8.134784904123517890e+01
-5.232000000000000028e+01 -8.121304228892709887e+01
-5.183999999999999631e+01 -8.128021221800463536e+01
-5.135999999999999943e+01 -8.134061459261758387e+01
-5.087999999999999545e+01 -8.102808535754763852e+01
-5.039999999999999858e+01 -8.059514554123873609e+01
-4.992000000000000171e+01 -8.041819882252698903e+01
-4.943999999999999773e+01 -8.036550916327790617e+01
-4.896000000000000085e+01 -8.025048510466774587e+01
-4.847999999999999687e+01 -8.050288612921474396e+01
-4.800000000000000000e+01 -8.067094492995005339e+01
-4.751999999999999602e+01 -8.070513315108017594e+01
-4.703999999999999915e+01 -8.083022191097060727e+01
-4.655999999999999517e+01 -8.043871154253473321e+01
-4.607999999999999829e+01 -7.983135711148580071e+01
-4.560000000000000142e+01 -7.960571820426476108e+01
-4.511999999999999744e+01 -7.962226351973171745e+01
-4.464000000000000057e+01 -7.936318895504412296e+01
-4.415999999999999659e+01 -7.909213953436959343e+01
-4.367999999999999972e+01 -7.889947139924521480e+01
-4.319999999999999574e+01 -7.860421661348706834e+01
-4.271999999999999886e+01 -7.869418623682237524e+01
-4.223999999999999488e+01 -7.862212641713784933e+01
-4.175999999999999801e+01 -7.805932312445476384e+01
-4.128000000000000114e+01 -7.765377432711545680e+01
-4.079999999999999716e+01 -7.748010768853576735e+01
-4.032000000000000028e+01 -7.757044374759739469e+01
-3.983999999999999631e+01 -7.764751813984793216e+01
-3.935999999999999943e+01 -7.766286905850212463e+01
-3.887999999999999545e+01 -7.777316853058201218e+01
-3.839999999999999858e+01 -7.788942575668950496e+01
-3.792000000000000171e+01 -7.784989093514948877e+01
-3.743999999999999773e+01 -7.741387109425203050e+01
-3.696000000000000085e+01 -7.706809687694956779e+01
-3.647999999999999687e+01 -7.669350714593801399e+01
-3.600000000000000000e+01 -7.657611316131539070e+01
-3.551999999999999602e+01 -7.623177147839099632e+01
-3.503999999999999915e+01 -7.582443836469846588e+01
-3.456000000000000227e+01 -7.554793607043140469e+01
-3.407999999999999829e+01 -7.522839753232520366e+01
-3.360000000000000142e+01 -7.475482894505687170e+01
-3.311999999999999744e+01 -7.432920616520387114e+01
-3.264000000000000057e+01 -7.425977807541252673e+01
-3.215999999999999659e+01 -7.403061072174341462e+01
-3.167999999999999972e+01 -7.415682761807229895e+01
-3.119999999999999929e+01 -7.432440252590735952e+01
-3.071999999999999886e+01 -7.409537772782856280e+01
-3.023999999999999844e+01 -7.383661872476969279e+01
-2.975999999999999801e+01 -7.367155930976218770e+01
-2.927999999999999758e+01 -7.368301472637406846e+01
-2.879999999999999716e+01 -7.344550507902704339e+01
-2.832000000000000028e+01 -7.294663518129148372e+01
-2.783999999999999986e+01 -7.268894994750625926e+01
-2.735999999999999943e+01 -7.232751242622717314e+01
-2.687999999999999901e+01 -7.178338048189543485e+01
-2.639999999999999858e+01 -7.130254178779453866e+01
-2.591999999999999815e+01 -7.073783688724610386e+01
-2.543999999999999773e+01 -7.004085011717489806e+01
-2.496000000000000085e+01 -6.930494125473769884e+01
-2.448000000000000043e+01 -6.867163800483089631e+01
-2.400000000000000000e+01 -6.785033403738728452e+01
-2.351999999999999957e+01 -6.716517971727434144e+01
-2.303999999999999915e+01 -6.692734085874745631e+01
-2.255999999999999872e+01 -6.685943394808505502e+01
-2.207999999999999829e+01 -6.665065603069947997e+01
-2.159999999999999787e+01 -6.680970838726236138e+01
-2.111999999999999744e+01 -6.668179053834899150e+01
-2.064000000000000057e+01 -6.678410261296417616e+01
-2.016000000000000014e+01 -6.683555361376299686e+01
-1.967999999999999972e+01 -6.621106806453154547e+01
-1.919999999999999929e+01 -6.571566902526411980e+01
-1.871999999999999886e+01 -6.505130033133076495e+01
-1.823999999999999844e+01 -6.416318361210541354e+01
-1.775999999999999801e+01 -6.322691108561564732e+01
-1.728000000000000114e+01 -6.246971851942505083e+01
-1.680000000000000071e+01 -6.208826604048749687e+01
-1.632000000000000028e+01 -6.182745098168485498e+01
-1.583999999999999986e+01 -6.195002924683939938e+01
-1.535999999999999943e+01 -6.212956250063011510e+01
-1.487999999999999901e+01 -6.256587731699377031e+01
-1.439999999999999858e+01 -6.310573707438624780e+01
-1.391999999999999993e+01 -6.325316775067634012e+01
-1.343999999999999950e+01 -6.360662706595250881e+01
-1.295999999999999908e+01 -6.308059249734816376e+01
-1.248000000000000043e+01 -6.162623413937134131e+01
-1.200000000000000000e+01 -5.993215631879702698e+01
-1.151999999999999957e+01 -5.784931068879377847e+01
-1.103999999999999915e+01 -5.533520224721462455e+01
-1.055999999999999872e+01 -4.944538544201515151e+01
-1.008000000000000007e+01 -3.336870522884807855e+01
-9.599999999999999645e+00 -2.507009681334188400e+01
-9.119999999999999218e+00 -2.246604678521420340e+01
-8.640000000000000568e+00 -2.227957110629051840e+01
-8.160000000000000142e+00 -2.229404542448954274e+01
-7.679999999999999716e+00 -2.213058354992642052e+01
-7.199999999999999289e+00 -2.204109577368753037e+01
-6.719999999999999751e+00 -2.221437186197795910e+01
-6.240000000000000213e+00 -2.216659194221896811e+01
-5.759999999999999787e+00 -2.199310611853444541e+01
-5.279999999999999361e+00 -2.199898968745205963e+01
-4.799999999999999822e+00 -2.196738426459550197e+01
-4.320000000000000284e+00 -2.213307288513765769e+01
-3.839999999999999858e+00 -2.221679711549859348e+01
-3.359999999999999876e+00 -2.220996295267249820e+01
-2.879999999999999893e+00 -2.220408991328076098e+01
-2.399999999999999911e+00 -2.208726310442044394e+01
-1.919999999999999929e+00 -2.212624401552513476e+01
-1.439999999999999947e+00 -2.209819291587859880e+01
-9.599999999999999645e-01 -2.203084233298238104e+01
-4.799999999999999822e-01 -2.213838855803230388e+01
0.000000000000000000e+00 -2.218442298075316188e+01
4.799999999999999822e-01 -2.195935657222352688e+01
9.599999999999999645e-01 -2.158184327894350218e+01
1.439999999999999947e+00 -2.193649962257607200e+01
1.919999999999999929e+00 -2.229349450208407291e+01
2.399999999999999911e+00 -2.206141160850742011e+01
2.879999999999999893e+00 -2.188992196632554155e+01
3.359999999999999876e+00 -2.173323164498440008e+01
3.839999999999999858e+00 -2.198181218169879259e+01
4.320000000000000284e+00 -2.230222471989653954e+01
4.799999999999999822e+00 -2.226024082039140950e+01
5.279999999999999361e+00 -2.216761082060377674e+01
5.759999999999999787e+00 -2.219499379273000983e+01
6.240000000000000213e+00 -2.230774973204826495e+01
6.719999999999999751e+00 -2.226130982117865997e+01
7.199999999999999289e+00 -2.214570192555093797e+01
7.679999999999999716e+00 -2.234410702928058612e+01
8.160000000000000142e+00 -2.229085615402527765e+01
8.640000000000000568e+00 -2.219523359156360343e+01
9.119999999999999218e+00 -2.250302500277399886e+01
9.599999999999999645e+00 -2.518382538794742942e+01
1.008000000000000007e+01 -3.359346144323242100e+01
1.055999999999999872e+01 -4.939314155723571531e+01
1.103999999999999915e+01 -5.491933477453501666e+01
1.151999999999999957e+01 -5.770583959169216826e+01
1.200000000000000000e+01 -6.026359501280581554e+01
1.248000000000000043e+01 -6.229369816897626322e+01
1.295999999999999908e+01 -6.356388495888425894e+01
1.343999999999999950e+01 -6.417831207261252757e+01
1.391999999999999993e+01 -6.412874049285180433e+01
1.439999999999999858e+01 -6.353941678702519624e+01
1.487999999999999901e+01 -6.307816595919910441e+01
1.535999999999999943e+01 -6.263654216390766294e+01
1.583999999999999986e+01 -6.229353743190327464e+01
1.632000000000000028e+01 -6.206336955480655604e+01
1.680000000000000071e+01 -6.189662581270016517e+01
1.728000000000000114e+01 -6.244280264750163667e+01
1.775999999999999801e+01 -6.351070646075249471e+01
1.823999999999999844e+01 -6.451001274871254054e+01
1.871999999999999886e+01 -6.548062813524825287e+01
1.919999999999999929e+01 -6.644814073147023237e+01
1.967999999999999972e+01 -6.721853972719357273e+01
2.016000000000000014e+01 -6.763390762574167070e+01
2.064000000000000057e+01 -6.754816039622080837e+01
2.111999999999999744e+01 -6.760553602311571808e+01
2.159999999999999787e+01 -6.742235267801747511e+01
2.207999999999999829e+01 -6.730259933363339542e+01
2.255999999999999872e+01 -6.741455462415486011e+01
2.303999999999999915e+01 -6.745921419120108453e+01
2.351999999999999957e+01 -6.776731301749538261e+01
2.400000000000000000e+01 -6.828189822851024360e+01
2.448000000000000043e+01 -6.892883761851513214e+01
2.496000000000000085e+01 -6.941075570757122648e+01
2.543999999999999773e+01 -7.001628551786812693e+01
2.591999999999999815e+01 -7.049576421862740006e+01
2.639999999999999858e+01 -7.109302663694042224e+01
2.687999999999999901e+01 -7.172582304305832679e+01
2.735999999999999943e+01 -7.238233067408449983e+01
2.783999999999999986e+01 -7.310866885708330187e+01
2.832000000000000028e+01 -7.386041406055356617e+01
2.879999999999999716e+01 -7.471400678958426056e+01
2.927999999999999758e+01 -7.459273020595244930e+01
2.975999999999999801e+01 -7.437342647699534837e+01
3.023999999999999844e+01 -7.439098108599607428e+01
3.071999999999999886e+01 -7.436635867054336302e+01
3.119999999999999929e+01 -7.416451161565586858e+01
3.167999999999999972e+01 -7.409474183004648751e+01
3.215999999999999659e+01 -7.416969435232600460e+01
3.264000000000000057e+01 -7.432053576436730680e+01
3.311999999999999744e+01 -7.465295465874986292e+01
3.360000000000000142e+01 -7.517782654429214517e+01
3.407999999999999829e+01 -7.559933987872454964e+01
3.456000000000000227e+01 -7.609675187742797675e+01
3.503999999999999915e+01 -7.657417337278143066e+01
3.551999999999999602e+01 -7.686320417073117994e+01
3.600000000000000000e+01 -7.710580809872612917e+01
3.647999999999999687e+01 -7.738110703544806768e+01
3.696000000000000085e+01 -7.801793168400573109e+01
3.743999999999999773e+01 -7.830270327269315089e+01
3.792000000000000171e+01 -7.819412478473684303e+01
3.839999999999999858e+01 -7.831895054414152924e+01
3.887999999999999545e+01 -7.808654086279190665e+01
3.935999999999999943e+01 -7.799073975706635053e+01
3.983999999999999631e+01 -7.824486754618526163e+01
4.032000000000000028e+01 -7.840477197341890303e+01
4.079999999999999716e+01 -7.831890239342881443e+01
4.128000000000000114e+01 -7.848365597152320561e+01
4.175999999999999801e+01 -7.888277526229674663e+01
4.223999999999999488e+01 -7.927605634539295920e+01
4.271999999999999886e+01 -7.936168900521157354e+01
4.319999999999999574e+01 -7.945973629645837377e+01
4.367999999999999972e+01 -7.993456315050120509e+01
4.415999999999999659e+01 -8.041413956843959454e+01
4.464000000000000057e+01 -8.067255363847678495e+01
4.511999999999999744e+01 -8.067741255820934043e+01
4.560000000000000142e+01 -8.063775228711728005e+01
4.607999999999999829e+01 -8.068485654628639736e+01
4.655999999999999517e+01 -8.078690373514939438e+01
4.703999999999999915e+01 -8.089063784741537688e+01
4.751999999999999602e+01 -8.091349504563766004e+01
4.800000000000000000e+01 -8.000897727938827586e+01
4.847999999999999687e+01 -7.979875310833685376e+01
4.896000000000000085e+01 -8.033447352657681506e+01
4.943999999999999773e+01 -8.117815304855608360e+01
4.992000000000000171e+01 -8.154234085564527845e+01
5.039999999999999858e+01 -8.154334079905530075e+01
5.087999999999999545e+01 -8.168220569100419937e+01
5.135999999999999943e+01 -8.170656276152924136e+01
5.183999999999999631e+01 -8.182947874281703093e+01
5.232000000000000028e+01 -8.200976041112967607e+01
5.279999999999999716e+01 -8.232450059776468265e+01
5.328000000000000114e+01 -8.257749974393900061e+01
5.375999999999999801e+01 -8.283452713241656795e+01
5.423999999999999488e+01 -8.291376365553732342e+01
5.471999999999999886e+01 -8.311205336808703237e+01
5.519999999999999574e+01 -8.273062476425933198e+01
5.567999999999999972e+01 -8.241445248041428329e+01
5.615999999999999659e+01 -8.252050035900005298e+01
5.664000000000000057e+01 -8.275936290495751280e+01
5.711999999999999744e+01 -8.323665851011188010e+01
5.759999999999999432e+01 -8.347057978710961379e+01
5.807999999999999829e+01 -8.350416012917706610e+01
5.855999999999999517e+01 -8.335522565427824304e+01
5.903999999999999915e+01 -8.306063132422798390e+01
5.951999999999999602e+01 -8.308254433347494228e+01
6.000000000000000000e+01 -8.315243965742530463e+01
6.047999999999999687e+01 -8.333488579602182256e+01
6.096000000000000085e+01 -8.364066150499738228e+01
6.143999999999999773e+01 -8.406009988630189866e+01
6.191999999999999460e+01 -8.406685330527395195e+01
6.239999999999999858e+01 -8.398977367346634537e+01
6.287999999999999545e+01 -8.360251265263084974e+01
6.335999999999999943e+01 -8.358361247738267252e+01
6.383999999999999631e+01 -8.370731111192908713e+01
6.431999999999999318e+01 -8.380903490774812781e+01
6.479999999999999716e+01 -8.413499880422227761e+01
6.528000000000000114e+01 -8.433238902115014923e+01
6.575999999999999091e+01 -8.418701529822202190e+01
6.623999999999999488e+01 -8.419316686489979418e+01
6.671999999999999886e+01 -8.393386302760958984e+01
6.720000000000000284e+01 -8.391634590937221105e+01
6.767999999999999261e+01 -8.407652073020663863e+01
6.815999999999999659e+01 -8.410541982005477735e+01
6.864000000000000057e+01 -8.486218617564856004e+01
6.912000000000000455e+01 -8.525011269783634305e+01
6.959999999999999432e+01 -8.484386827663021791e+01
7.007999999999999829e+01 -8.469398877281943783e+01
7.056000000000000227e+01 -8.438742351978255840e+01
7.103999999999999204e+01 -8.440997719318738746e+01
7.151999999999999602e+01 -8.456228781588352206e+01
7.200000000000000000e+01 -8.460746433979117853e+01
7.248000000000000398e+01 -8.481015482839212893e+01
7.295999999999999375e+01 -8.518052651868055136e+01
7.343999999999999773e+01 -8.520694721804119354e+01
7.392000000000000171e+01 -8.513099219790994709e+01
7.439999999999999147e+01 -8.505103206133922811e+01
7.487999999999999545e+01 -8.498599296624740873e+01
7.535999999999999943e+01 -8.498439120024272597e+01
7.584000000000000341e+01 -8.494821995203437837e+01
7.631999999999999318e+01 -8.501198839418486841e+01
7.679999999999999716e+01 -8.495743535328446683e+01
7.728000000000000114e+01 -8.518266321290452936e+01
7.775999999999999091e+01 -8.546233150437305426e+01
7.823999999999999488e+01 -8.535229415393332886e+01
7.871999999999999886e+01 -8.481307203244827519e+01
7.920000000000000284e+01 -8.463803984484989940e+01
7.967999999999999261e+01 -8.439438815266814231e+01
8.015999999999999659e+01 -8.449948552910268518e+01
8.064000000000000057e+01 -8.470764027351911807e+01
8.111999999999999034e+01 -8.486312982820641082e+01
8.159999999999999432e+01 -8.511101136670322376e+01
8.207999999999999829e+01 -8.532516987367716865e+01
8.256000000000000227e+01 -8.568944649451294993e+01
8.303999999999999204e+01 -8.600988110575781320e+01
8.351999999999999602e+01 -8.624065383458729173e+01
8.400000000000000000e+01 -8.588809870671654778e+01
8.447999999999998977e+01 -8.590103536337009871e+01
8.495999999999999375e+01 -8.610471979807938681e+01
8.543999999999999773e+01 -8.603072903459450060e+01
8.592000000000000171e+01 -8.638406524932119623e+01
8.639999999999999147e+01 -8.638154920784153035e+01
8.687999999999999545e+01 -8.643179738420398905e+01
8.735999999999999943e+01 -8.635954713168413832e+01
8.784000000000000341e+01 -8.667250904982935822e+01
8.831999999999999318e+01 -8.678090427056027067e+01
8.879999999999999716e+01 -8.662839798106632827e+01
8.928000000000000114e+01 -8.646527746951404936e+01
8.975999999999999091e+01 -8.657817329428016251e+01
9.023999999999999488e+01 -8.656746193616727680e+01
9.071999999999999886e+01 -8.632550488975792291e+01
9.120000000000000284e+01 -8.615145409652510011e+01
9.167999999999999261e+01 -8.581501780057206474e+01
9.215999999999999659e+01 -8.575745443970663473e+01
9.264000000000000057e+01 -8.586566095585391167e+01
9.311999999999999034e+01 -8.611979185468598530e+01
9.359999999999999432e+01 -8.637322410624945235e+01
9.407999999999999829e+01 -8.655384802158667412e+01
9.456000000000000227e+01 -8.667022126059816856e+01
9.503999999999999204e+01 -8.673392499440369363e+01
9.551999999999999602e+01 -8.678269472457124323e+01
9.600000000000000000e+01 -8.674367747251510252e+01
9.647999999999998977e+01 -8.684569246391481556e+01
9.695999999999999375e+01 -8.698231837213117501e+01
9.743999999999999773e+01 -8.684246186887959595e+01
9.792000000000000171e+01 -8.694360656895165107e+01
9.839999999999999147e+01 -8.718051652977351296e+01
9.887999999999999545e+01 -8.706423757257678631e+01
9.935999999999999943e+01 -8.660339523010237883e+01
9.984000000000000341e+01 -8.672661964907189258e+01
1.003199999999999932e+02 -8.688503033864806469e+01
1.007999999999999972e+02 -8.672989130539859559e+01
1.012800000000000011e+02 -8.673193245305287746e+01
1.017599999999999909e+02 -8.671547906721866639e+01
1.022399999999999949e+02 -8.693867012428219709e+01
1.027199999999999989e+02 -8.719870500174047834e+01
1.032000000000000028e+02 -8.761364383856840732e+01
1.036799999999999926e+02 -8.803036638930186086e+01
1.041599999999999966e+02 -8.803834312122434369e+01
1.046400000000000006e+02 -8.833834071207712668e+01
1.051199999999999903e+02 -8.910295786473301405e+01
1.055999999999999943e+02 -8.947703091775858297e+01
1.060799999999999983e+02 -9.010510252260415598e+01
1.065600000000000023e+02 -9.080169257935253313e+01
1.070399999999999920e+02 -9.120843883412213415e+01
1.075199999999999960e+02 -9.156678507828752345e+01
1.080000000000000000e+02 -9.218409312435575487e+01
1.084799999999999898e+02 -9.303594738593648117e+01
1.089599999999999937e+02 -9.365540208639629327e+01
1.094399999999999977e+02 -9.433246662801295201e+01
1.099200000000000017e+02 -9.524655583189259289e+01
1.103999999999999915e+02 -9.595303183979470418e+01
1.108799999999999955e+02 -9.616918578270875173e+01
1.113599999999999994e+02 -9.595181893257439754e+01
1.118399999999999892e+02 -9.572842273894912068e+01
1.123199999999999932e+02 -9.565784051853269432e+01
1.127999999999999972e+02 -9.596883723232997454e+01
1.132800000000000011e+02 -9.628062424631582417e+01
1.137599999999999909e+02 -9.658861766729118870e+01
1.142399999999999949e+02 -9.689751468083180441e+01
1.147199999999999989e+02 -9.669929845040600469e+01
1.151999999999999886e+02 -9.627481257385086622e+01
1.156799999999999926e+02 -9.593044714760787883e+01
1.161599999999999966e+02 -9.548278454644184876e+01
1.166400000000000006e+02 -9.527269570555927203e+01
1.171199999999999903e+02 -9.539220956634230220e+01
1.175999999999999943e+02 -9.551307678375680155e+01
1.180799999999999983e+02 -9.577894674346748616e+01
1.185600000000000023e+02 -9.635662868947969173e+01
1.190399999999999920e+02 -9.701321458055822688e+01
1.195199999999999960e+02 -9.727777520742803574e+01
1.200000000000000000e+02 -9.731377025242181844e+01
1.204799999999999898e+02 -9.724986676615385761e+01
1.209599999999999937e+02 -9.672226537626586662e+01
1.214399999999999977e+02 -9.607572166169190098e+01
1.219200000000000017e+02 -9.546070926528918221e+01
1.223999999999999915e+02 -9.482199898517100678e+01
