-1.228799999999999892e-01 -7.533141442649989017e+01
-1.223999999999999949e-01 -7.514750198775230672e+01
-1.219199999999999867e-01 -7.530958193676808321e+01
-1.214399999999999924e-01 -7.559687639462347875e+01
-1.209599999999999842e-01 -7.594876931372152740e+01
-1.204799999999999899e-01 -7.616032911994683730e+01
-1.199999999999999956e-01 -7.642592225091712521e+01
-1.195199999999999874e-01 -7.687102290904205404e+01
-1.190399999999999930e-01 -7.737235021568386628e+01
-1.185599999999999848e-01 -7.734549259402035659e+01
-1.180799999999999905e-01 -7.667021253348784171e+01
-1.175999999999999962e-01 -7.637206786418470017e+01
-1.171199999999999880e-01 -7.573587093724789554e+01
-1.166399999999999937e-01 -7.521089731089779207e+01
-1.161599999999999855e-01 -7.503981673083019643e+01
-1.156799999999999912e-01 -7.500093890093688742e+01
-1.151999999999999968e-01 -7.523221606166111997e+01
-1.147199999999999886e-01 -7.558220671070985475e+01
-1.142399999999999943e-01 -7.579427003607854374e+01
-1.137599999999999861e-01 -7.614935168285515488e+01
-1.132799999999999918e-01 -7.662957257038132752e+01
-1.127999999999999836e-01 -7.680726257322716322e+01
-1.123199999999999893e-01 -7.654656762716606977e+01
-1.118399999999999950e-01 -7.611380464329717199e+01
-1.113599999999999868e-01 -7.528092963959768724e+01
-1.108799999999999925e-01 -7.423276494493458699e+01
-1.103999999999999843e-01 -7.333112875489607063e+01
-1.099199999999999899e-01 -7.254262792135229176e+01
-1.094399999999999956e-01 -7.189929544528979477e+01
-1.089599999999999874e-01 -7.105303094561813282e+01
-1.084799999999999931e-01 -7.012463818722469000e+01
-1.079999999999999849e-01 -6.930356937260035011e+01
-1.075199999999999906e-01 -6.847122676588600143e+01
-1.070399999999999963e-01 -6.754006106826716405e+01
-1.065599999999999881e-01 -6.698696018094467775e+01
-1.060799999999999937e-01 -6.648691327703751597e+01
-1.055999999999999855e-01 -6.595853613242188374e+01
-1.051199999999999912e-01 -6.543726118041655582e+01
-1.046399999999999969e-01 -6.495432811958033881e+01
-1.041599999999999887e-01 -6.455392099565801800e+01
-1.036799999999999944e-01 -6.414632675894546310e+01
-1.031999999999999862e-01 -6.378817791120265923e+01
-1.027199999999999919e-01 -6.357641625114388262e+01
-1.022399999999999975e-01 -6.329290930975855645e+01
-1.017599999999999894e-01 -6.316752909380077341e+01
-1.012799999999999950e-01 -6.320234289853178922e+01
-1.007999999999999868e-01 -6.323993259703594561e+01
-1.003199999999999925e-01 -6.278235424690165445e+01
-9.983999999999998431e-02 -6.256754202127815745e+01
-9.935999999999998999e-02 -6.247951533090210319e+01
-9.887999999999999567e-02 -6.258227362152396722e+01
-9.839999999999998748e-02 -6.230705303929958205e+01
-9.791999999999999316e-02 -6.200820663823539292e+01
-9.743999999999998496e-02 -6.170871645404243822e+01
-9.695999999999999064e-02 -6.140500187394149378e+01
-9.647999999999999632e-02 -6.155823783348994027e+01
-9.599999999999998812e-02 -6.175398478490827614e+01
-9.551999999999999380e-02 -6.165968235706196054e+01
-9.503999999999998560e-02 -6.184279068701140147e+01
-9.455999999999999128e-02 -6.203480158755571239e+01
-9.407999999999999696e-02 -6.165011781396297863e+01
-9.359999999999998876e-02 -6.131364253822762578e+01
-9.311999999999999444e-02 -6.140565021828872716e+01
-9.263999999999998625e-02 -6.162548953930081552e+01
-9.215999999999999193e-02 -6.173247416953859101e+01
-9.167999999999999761e-02 -6.171444885059021601e+01
-9.119999999999998941e-02 -6.140544564893913559e+01
-9.071999999999999509e-02 -6.122782444804209234e+01
-9.023999999999998689e-02 -6.137791885052941154e+01
-8.975999999999999257e-02 -6.133254993892845164e+01
-8.927999999999999825e-02 -6.113666519711518532e+01
-8.879999999999999005e-02 -6.144098201671762638e+01
-8.831999999999999573e-02 -6.122600639310245185e+01
-8.783999999999998753e-02 -6.086321397502479158e+01
-8.735999999999999321e-02 -6.093256720345655708e+01
-8.687999999999999889e-02 -6.080899899402464825e+01
-8.639999999999999070e-02 -6.047868171750396016e+01
-8.591999999999999638e-02 -6.048096717643983311e+01
-8.543999999999998818e-02 -6.045668689542957708e+01
-8.495999999999999386e-02 -6.023575462766252286e+01
-8.447999999999999954e-02 -6.025125987384682702e+01
-8.399999999999999134e-02 -6.018198736905337398e+01
-8.351999999999999702e-02 -6.002506177094033291e+01
-8.303999999999998882e-02 -5.995819861283686691e+01
-8.255999999999999450e-02 -6.001763465080495052e+01
-8.207999999999998630e-02 -5.983246028132278127e+01
-8.159999999999999198e-02 -5.950515839533564844e+01
-8.111999999999999766e-02 -5.965311926368681128e+01
-8.063999999999998947e-02 -5.981786798701971009e+01
-8.015999999999999515e-02 -5.957319139353033677e+01
-7.967999999999998695e-02 -5.970416280761184424e+01
-7.919999999999999263e-02 -5.949949411892510653e+01
-7.871999999999999831e-02 -5.962313980670768387e+01
-7.823999999999999011e-02 -5.956254726714423953e+01
-7.775999999999999579e-02 -5.953339391037278716e+01
-7.727999999999998759e-02 -5.970347501494902787e+01
-7.679999999999999327e-02 -5.945911662294948030e+01
-7.631999999999999895e-02 -5.917592264624371978e+01
-7.583999999999999075e-02 -5.879165581001437602e+01
-7.535999999999999643e-02 -5.883513184353476078e+01
-7.487999999999998824e-02 -5.886885308108043091e+01
-7.439999999999999392e-02 -5.881771165773581345e+01
-7.391999999999999960e-02 -5.886597748707369959e+01
-7.343999999999999140e-02 -5.857404054953598660e+01
-7.295999999999999708e-02 -5.830111362255521357e+01
-7.247999999999998888e-02 -5.858567750865273638e+01
-7.199999999999999456e-02 -5.872322860931033972e+01
-7.152000000000000024e-02 -5.861437888639767380e+01
-7.103999999999999204e-02 -5.865319888594839881e+01
-7.055999999999999772e-02 -5.831846970044701095e+01
-7.007999999999998952e-02 -5.784735125625428509e+01
-6.959999999999999520e-02 -5.766927070123607990e+01
-6.911999999999998701e-02 -5.794637850558589776e+01
-6.863999999999999269e-02 -5.773485138167855268e+01
-6.815999999999999837e-02 -5.738375399426813317e+01
-6.767999999999999017e-02 -5.720584089926389026e+01
-6.719999999999999585e-02 -5.731298907825970446e+01
-6.671999999999998765e-02 -5.760268731351396809e+01
-6.623999999999999333e-02 -5.753000225367883047e+01
-6.575999999999999901e-02 -5.718982354131249934e+01
-6.527999999999999081e-02 -5.731524004199144429e+01
-6.479999999999999649e-02 -5.749388381110897939e+01
-6.431999999999998829e-02 -5.765735532137257735e+01
-6.383999999999999397e-02 -5.735172963297006987e+01
-6.335999999999999965e-02 -5.712958056540298202e+01
-6.287999999999999146e-02 -5.714280186240817727e+01
-6.239999999999999714e-02 -5.677248179394490535e+01
-6.191999999999999588e-02 -5.653198518251247862e+01
-6.143999999999999462e-02 -5.661163714314955087e+01
-6.095999999999999336e-02 -5.672083733114351389e+01
-6.047999999999999210e-02 -5.646833185206006078e+01
-5.999999999999999778e-02 -5.621290175706104009e+01
-5.951999999999999652e-02 -5.600409049741195133e+01
-5.903999999999999526e-02 -5.604935642195287926e+01
-5.855999999999999400e-02 -5.591561813432115713e+01
-5.807999999999999274e-02 -5.579262226017439730e+01
-5.759999999999999842e-02 -5.546845433791854418e+01
-5.711999999999999716e-02 -5.525929400217040666e+01
-5.663999999999999591e-02 -5.520431927914168568e+01
-5.615999999999999465e-02 -5.498309099258079158e+01
-5.567999999999999339e-02 -5.468696505196750479e+01
-5.519999999999999213e-02 -5.447038031786418344e+01
-5.471999999999999781e-02 -5.459623397069933048e+01
-5.423999999999999655e-02 -5.459833145154091483e+01
-5.375999999999999529e-02 -5.421689909454038059e+01
-5.327999999999999403e-02 -5.388635549828813254e+01
-5.279999999999999277e-02 -5.387676763985127337e+01
-5.231999999999999845e-02 -5.399608058361152985e+01
-5.183999999999999719e-02 -5.413638521469697196e+01
-5.135999999999999593e-02 -5.391317363123684459e+01
-5.087999999999999468e-02 -5.372633750945453102e+01
-5.039999999999999342e-02 -5.362406795932921000e+01
-4.991999999999999216e-02 -5.338851457142425971e+01
-4.943999999999999784e-02 -5.331708948508435242e+01
-4.895999999999999658e-02 -5.286663391482483831e+01
-4.847999999999999532e-02 -5.272071327101288318e+01
-4.799999999999999406e-02 -5.275683599975553761e+01
-4.751999999999999280e-02 -5.250490207547166932e+01
-4.703999999999999848e-02 -5.226677029566179300e+01
-4.655999999999999722e-02 -5.197714582298610253e+01
-4.607999999999999596e-02 -5.193562919531376565e+01
-4.559999999999999470e-02 -5.184254316617349190e+01
-4.511999999999999345e-02 -5.195637228395460738e+01
-4.463999999999999913e-02 -5.203537733277259747e+01
-4.415999999999999787e-02 -5.194618465221076775e+01
-4.367999999999999661e-02 -5.173835068043075580e+01
-4.319999999999999535e-02 -5.134164995909556950e+01
-4.271999999999999409e-02 -5.114643456920013165e+01
-4.223999999999999977e-02 -5.097973920009741988e+01
-4.175999999999999851e-02 -5.064667522611215844e+01
-4.127999999999999725e-02 -5.059562695432570933e+01
-4.079999999999999599e-02 -5.060358042562988601e+01
-4.031999999999999473e-02 -5.041065584639478914e+01
-3.983999999999999347e-02 -5.041677286218586573e+01
-3.935999999999999915e-02 -5.016537186281748717e+01
-3.887999999999999790e-02 -4.959576642662710810e+01
-3.839999999999999664e-02 -4.929102094339512519e+01
-3.791999999999999538e-02 -4.933645993060505219e+01
-3.743999999999999412e-02 -4.904905864670177351e+01
-3.695999999999999980e-02 -4.879258463198713258e+01
-3.647999999999999854e-02 -4.879391450262492924e+01
-3.599999999999999728e-02 -4.870137508759772516e+01
-3.551999999999999602e-02 -4.818319178066550990e+01
-3.503999999999999476e-02 -4.794104219697285885e+01
-3.455999999999999350e-02 -4.814905338039797300e+01
-3.407999999999999918e-02 -4.821672972514912203e+01
-3.359999999999999792e-02 -4.801671161738092053e+01
-3.311999999999999666e-02 -4.776385260353148254e+01
-3.263999999999999541e-02 -4.769106497185649829e+01
-3.215999999999999415e-02 -4.764377287972110508e+01
-3.167999999999999983e-02 -4.764446820831585683e+01
-3.119999999999999857e-02 -4.771786684303570070e+01
-3.071999999999999731e-02 -4.786870439443933378e+01
-3.023999999999999605e-02 -4.739154048924564222e+01
-2.975999999999999826e-02 -4.701687994773959645e+01
-2.927999999999999700e-02 -4.661154821907180690e+01
-2.879999999999999921e-02 -4.602545444175532907e+01
-2.831999999999999795e-02 -4.546741002911097240e+01
-2.783999999999999669e-02 -4.504364338863537398e+01
-2.735999999999999890e-02 -4.443629287244746706e+01
-2.687999999999999765e-02 -4.360741482711195260e+01
-2.639999999999999639e-02 -4.306040446912277986e+01
-2.591999999999999860e-02 -4.230051233369022157e+01
-2.543999999999999734e-02 -4.152388489228307122e+01
-2.495999999999999608e-02 -4.080519886590347767e+01
-2.447999999999999829e-02 -4.018574433716652550e+01
-2.399999999999999703e-02 -3.968195561629191559e+01
-2.351999999999999924e-02 -3.923065088269303402e+01
-2.303999999999999798e-02 -3.897766442002411225e+01
-2.255999999999999672e-02 -3.881096834731706480e+01
-2.207999999999999893e-02 -3.875967185358534550e+01
-2.159999999999999767e-02 -3.839483285046231487e+01
-2.111999999999999988e-02 -3.781294839206275782e+01
-2.063999999999999863e-02 -3.753892859995696796e+01
-2.015999999999999737e-02 -3.727523694269611099e+01
-1.967999999999999958e-02 -3.685094148164621686e+01
-1.919999999999999832e-02 -3.663304809421408947e+01
-1.871999999999999706e-02 -3.620000414185105342e+01
-1.823999999999999927e-02 -3.564789866173508415e+01
-1.775999999999999801e-02 -3.468168401380239629e+01
-1.727999999999999675e-02 -3.384738035732089401e+01
-1.679999999999999896e-02 -3.314682852245763911e+01
-1.631999999999999770e-02 -3.249972483601840167e+01
-1.583999999999999991e-02 -3.187135956248203428e+01
-1.535999999999999865e-02 -3.151438613287215418e+01
-1.487999999999999913e-02 -3.127587791731655642e+01
-1.439999999999999961e-02 -3.121484515270359950e+01
-1.391999999999999835e-02 -3.144920086898886780e+01
-1.343999999999999882e-02 -3.197803265994718558e+01
-1.295999999999999930e-02 -3.249467826404625725e+01
-1.247999999999999804e-02 -3.335624689111077856e+01
-1.199999999999999852e-02 -3.387250650776692140e+01
-1.151999999999999899e-02 -3.314015788702823784e+01
-1.103999999999999947e-02 -3.121653339002774175e+01
-1.055999999999999994e-02 -2.273688424633789396e+01
-1.007999999999999868e-02 -5.294112159545635521e+00
-9.599999999999999159e-03 3.076497884052109555e+00
-9.119999999999999635e-03 5.741126572983211496e+00
-8.639999999999998376e-03 6.019882822979162995e+00
-8.159999999999998851e-03 6.097105711582544885e+00
-7.679999999999999327e-03 6.333455311374375896e+00
-7.199999999999999803e-03 6.474681420386922071e+00
-6.719999999999999411e-03 6.348017189292431972e+00
-6.239999999999999020e-03 6.416217351296513272e+00
-5.759999999999999495e-03 6.589780158868427051e+00
-5.279999999999999971e-03 6.576551387050287190e+00
-4.799999999999999580e-03 6.594061809350844960e+00
-4.319999999999999188e-03 6.390889571847518269e+00
-3.839999999999999664e-03 6.274855729935751469e+00
-3.359999999999999706e-03 6.254408323710104689e+00
-2.879999999999999748e-03 6.221545749866878694e+00
-2.399999999999999790e-03 6.313896650542599076e+00
-1.919999999999999832e-03 6.263627124251462064e+00
-1.439999999999999874e-03 6.264767299401047040e+00
-9.599999999999999159e-04 6.314204214249123481e+00
-4.799999999999999580e-04 6.197691019502636678e+00
0.000000000000000000e+00 6.138316020903353376e+00
4.799999999999999580e-04 6.358917573807275403e+00
9.599999999999999159e-04 6.744163228705702728e+00
1.439999999999999874e-03 6.403019799836330073e+00
1.919999999999999832e-03 6.064630582876120002e+00
2.399999999999999790e-03 6.308690303351813355e+00
2.879999999999999748e-03 6.498530002782491266e+00
3.359999999999999706e-03 6.678601464814239996e+00
3.839999999999999664e-03 6.457459963613828791e+00
4.319999999999999188e-03 6.171597572602026460e+00
4.799999999999999580e-03 6.243096582273891748e+00
5.279999999999999971e-03 6.356759138217405791e+00
5.759999999999999495e-03 6.349515146876464122e+00
6.239999999999999020e-03 6.245282365033798300e+00
6.719999999999999411e-03 6.280269592994941696e+00
7.199999999999999803e-03 6.369852157554314331e+00
7.679999999999999327e-03 6.123405078151902714e+00
8.159999999999998851e-03 6.117713176295673350e+00
8.639999999999998376e-03 6.139799938065243268e+00
9.119999999999999635e-03 5.753221809832451683e+00
9.599999999999999159e-03 2.997504396574889984e+00
1.007999999999999868e-02 -5.507556630424121025e+00
1.055999999999999994e-02 -2.302272662208786613e+01
1.103999999999999947e-02 -3.146909632937786583e+01
1.151999999999999899e-02 -3.361917916624929603e+01
1.199999999999999852e-02 -3.376268465520128359e+01
1.247999999999999804e-02 -3.291979170173484448e+01
1.295999999999999930e-02 -3.178107708891739236e+01
1.343999999999999882e-02 -3.099135973621684670e+01
1.391999999999999835e-02 -3.060999662615415673e+01
1.439999999999999961e-02 -3.069175574935874806e+01
1.487999999999999913e-02 -3.088558286334681924e+01
1.535999999999999865e-02 -3.092077215470074947e+01
1.583999999999999991e-02 -3.114338217750032811e+01
1.631999999999999770e-02 -3.161578018989036210e+01
1.679999999999999896e-02 -3.234375244575777231e+01
1.727999999999999675e-02 -3.313774161972569487e+01
1.775999999999999801e-02 -3.413528071155748478e+01
1.823999999999999927e-02 -3.477593503546473386e+01
1.871999999999999706e-02 -3.528149473854447393e+01
1.919999999999999832e-02 -3.575143936740412443e+01
1.967999999999999958e-02 -3.616346659439939515e+01
2.015999999999999737e-02 -3.660698508211219604e+01
2.063999999999999863e-02 -3.690443039843513162e+01
2.111999999999999988e-02 -3.713040491752092009e+01
2.159999999999999767e-02 -3.710971756132068577e+01
2.207999999999999893e-02 -3.716890849616058290e+01
2.255999999999999672e-02 -3.775726524300890219e+01
2.303999999999999798e-02 -3.792164922982828301e+01
2.351999999999999924e-02 -3.829147626917330882e+01
2.399999999999999703e-02 -3.864819223555074501e+01
2.447999999999999829e-02 -3.907035042820979243e+01
2.495999999999999608e-02 -3.953335380399277454e+01
2.543999999999999734e-02 -4.024627194991584389e+01
2.591999999999999860e-02 -4.100745146503446392e+01
2.639999999999999639e-02 -4.184223045314003286e+01
2.687999999999999765e-02 -4.277065052423300529e+01
2.735999999999999890e-02 -4.351580881584068550e+01
2.783999999999999669e-02 -4.431305054994312087e+01
2.831999999999999795e-02 -4.514838066526777283e+01
2.879999999999999921e-02 -4.579200388081449091e+01
2.927999999999999700e-02 -4.620475688135965697e+01
2.975999999999999826e-02 -4.677942273508986659e+01
3.023999999999999605e-02 -4.699360592817762949e+01
3.071999999999999731e-02 -4.713221305690709073e+01
3.119999999999999857e-02 -4.746502072365566249e+01
3.167999999999999983e-02 -4.768980579393190311e+01
3.215999999999999415e-02 -4.762173575272021964e+01
3.263999999999999541e-02 -4.757763125280917649e+01
3.311999999999999666e-02 -4.795393193547187138e+01
3.359999999999999792e-02 -4.852898603712795023e+01
3.407999999999999918e-02 -4.880121362376348770e+01
3.455999999999999350e-02 -4.902891952860746017e+01
3.503999999999999476e-02 -4.922214230793539969e+01
3.551999999999999602e-02 -4.946754645728211131e+01
3.599999999999999728e-02 -4.970432617277698029e+01
3.647999999999999854e-02 -4.991172097685320352e+01
3.695999999999999980e-02 -5.027581568717336324e+01
3.743999999999999412e-02 -5.048662481955360448e+01
3.791999999999999538e-02 -5.071322671226259615e+01
3.839999999999999664e-02 -5.123253740817348501e+01
3.887999999999999790e-02 -5.161131061637577488e+01
3.935999999999999915e-02 -5.155572967570500964e+01
3.983999999999999347e-02 -5.167173446773144008e+01
4.031999999999999473e-02 -5.171102830786099958e+01
4.079999999999999599e-02 -5.201329821212100057e+01
4.127999999999999725e-02 -5.217359630098737000e+01
4.175999999999999851e-02 -5.207733315905635862e+01
4.223999999999999977e-02 -5.206830520944104990e+01
4.271999999999999409e-02 -5.152213830349687385e+01
4.319999999999999535e-02 -5.144126511536555313e+01
4.367999999999999661e-02 -5.154050982862774077e+01
4.415999999999999787e-02 -5.104499318788272433e+01
4.463999999999999913e-02 -5.074764903999293608e+01
4.511999999999999345e-02 -5.043037666373133732e+01
4.559999999999999470e-02 -5.023733192319124896e+01
4.607999999999999596e-02 -5.020503136368309072e+01
4.655999999999999722e-02 -5.003461450575300518e+01
4.703999999999999848e-02 -4.936496805836753055e+01
4.751999999999999280e-02 -4.909698213009255596e+01
4.799999999999999406e-02 -4.907706393470882489e+01
4.847999999999999532e-02 -4.928096346975620179e+01
4.895999999999999658e-02 -5.042379145279564767e+01
4.943999999999999784e-02 -5.330348847862629214e+01
4.991999999999999216e-02 -5.502518590228553563e+01
5.039999999999999342e-02 -5.515457056000505531e+01
5.087999999999999468e-02 -5.513931751667741565e+01
5.135999999999999593e-02 -5.544477830510245298e+01
5.183999999999999719e-02 -5.567486662169258693e+01
5.231999999999999845e-02 -5.567418499191929016e+01
5.279999999999999277e-02 -5.583522863050554719e+01
5.327999999999999403e-02 -5.576606448031200358e+01
5.375999999999999529e-02 -5.581806675040695609e+01
5.423999999999999655e-02 -5.573802998824936594e+01
5.471999999999999781e-02 -5.580817313044038031e+01
5.519999999999999213e-02 -5.629209234692812913e+01
5.567999999999999339e-02 -5.654338929010329906e+01
5.615999999999999465e-02 -5.642998646790671557e+01
5.663999999999999591e-02 -5.648754676222452531e+01
5.711999999999999716e-02 -5.680628326504446335e+01
5.759999999999999842e-02 -5.668651792685531632e+01
5.807999999999999274e-02 -5.590017287890393760e+01
5.855999999999999400e-02 -5.046057396258220962e+01
5.903999999999999526e-02 -4.859684596098648512e+01
5.951999999999999652e-02 -5.357676449017723286e+01
5.999999999999999778e-02 -5.769599101774069538e+01
6.047999999999999210e-02 -5.764228474772944821e+01
6.095999999999999336e-02 -5.778832854395038510e+01
6.143999999999999462e-02 -5.803856713600991668e+01
6.191999999999999588e-02 -5.818287220321857234e+01
6.239999999999999714e-02 -5.815730339364054657e+01
6.287999999999999146e-02 -5.815410399517251250e+01
6.335999999999999965e-02 -5.840536233939925381e+01
6.383999999999999397e-02 -5.876845393339608137e+01
6.431999999999998829e-02 -5.867100996804320800e+01
6.479999999999999649e-02 -5.880147623120419098e+01
6.527999999999999081e-02 -5.900640277376346887e+01
6.575999999999999901e-02 -5.878188269834478064e+01
6.623999999999999333e-02 -5.902080049678222906e+01
6.671999999999998765e-02 -5.922883842599571835e+01
6.719999999999999585e-02 -5.935648184997474885e+01
6.767999999999999017e-02 -5.936641018161417804e+01
6.815999999999999837e-02 -5.935541307658257892e+01
6.863999999999999269e-02 -5.960258640861340496e+01
6.911999999999998701e-02 -5.948475522447456143e+01
6.959999999999999520e-02 -5.949586592637010085e+01
7.007999999999998952e-02 -5.957093837122506841e+01
7.055999999999999772e-02 -5.988239278071909411e+01
7.103999999999999204e-02 -6.021509775793142438e+01
7.152000000000000024e-02 -6.000313536986126195e+01
7.199999999999999456e-02 -6.028301667659672347e+01
7.247999999999998888e-02 -6.037839505077835156e+01
7.295999999999999708e-02 -6.027420852949059338e+01
7.343999999999999140e-02 -6.038671723039166750e+01
7.391999999999999960e-02 -6.052045542555349300e+01
7.439999999999999392e-02 -6.052191659970006299e+01
7.487999999999998824e-02 -6.057042460219898317e+01
7.535999999999999643e-02 -6.063607534947856692e+01
7.583999999999999075e-02 -6.080512898457356386e+01
7.631999999999999895e-02 -6.047884561953097204e+01
7.679999999999999327e-02 -6.044172494941634710e+01
7.727999999999998759e-02 -6.097497530253990305e+01
7.775999999999999579e-02 -6.097879171933189468e+01
7.823999999999999011e-02 -6.098537873836099976e+01
7.871999999999999831e-02 -6.117869998510766294e+01
7.919999999999999263e-02 -6.129142024342790762e+01
7.967999999999998695e-02 -6.125624226223433055e+01
8.015999999999999515e-02 -6.139408861675694595e+01
8.063999999999998947e-02 -6.158720131313769741e+01
8.111999999999999766e-02 -6.146462635156616727e+01
8.159999999999999198e-02 -6.150352433353408799e+01
8.207999999999998630e-02 -6.167611660538668872e+01
8.255999999999999450e-02 -6.155797778229303674e+01
8.303999999999998882e-02 -6.143996178132660901e+01
8.351999999999999702e-02 -6.149655974103848166e+01
8.399999999999999134e-02 -6.140598867261768135e+01
8.447999999999999954e-02 -6.143258671352865008e+01
8.495999999999999386e-02 -6.168862088664538135e+01
8.543999999999998818e-02 -6.183186160932449837e+01
8.591999999999999638e-02 -6.191516617145729384e+01
8.639999999999999070e-02 -6.211363917636524690e+01
8.687999999999999889e-02 -6.209662391807702875e+01
8.735999999999999321e-02 -6.218724075822085240e+01
8.783999999999998753e-02 -6.235550205666095280e+01
8.831999999999999573e-02 -6.244406734562188888e+01
8.879999999999999005e-02 -6.235671444813505815e+01
8.927999999999999825e-02 -6.241030453332817984e+01
8.975999999999999257e-02 -6.246106766212477623e+01
9.023999999999998689e-02 -6.253284701415129376e+01
9.071999999999999509e-02 -6.224965834453527691e+01
9.119999999999998941e-02 -6.228757479476807646e+01
9.167999999999999761e-02 -6.250975217415845009e+01
9.215999999999999193e-02 -6.260504736491910904e+01
9.263999999999998625e-02 -6.272724463321878829e+01
9.311999999999999444e-02 -6.255261330135547126e+01
9.359999999999998876e-02 -6.249080853880555253e+01
9.407999999999999696e-02 -6.263328038415654220e+01
9.455999999999999128e-02 -6.278563257990339253e+01
9.503999999999998560e-02 -6.299586721509697895e+01
9.551999999999999380e-02 -6.248188747489056993e+01
9.599999999999998812e-02 -6.237924867455382127e+01
9.647999999999999632e-02 -6.261255304831095714e+01
9.695999999999999064e-02 -6.276184712011356481e+01
9.743999999999998496e-02 -6.267150759473587129e+01
9.791999999999999316e-02 -6.290363536758696483e+01
9.839999999999998748e-02 -6.306937150565116212e+01
9.887999999999999567e-02 -6.297391298024017914e+01
9.935999999999998999e-02 -6.308344498829764291e+01
9.983999999999998431e-02 -6.299408119151873109e+01
1.003199999999999925e-01 -6.292434078264420805e+01
1.007999999999999868e-01 -6.313071609005240248e+01
1.012799999999999950e-01 -6.342538461283158568e+01
1.017599999999999894e-01 -6.346389486795139590e+01
1.022399999999999975e-01 -6.362466176635127368e+01
1.027199999999999919e-01 -6.406273676780246262e+01
1.031999999999999862e-01 -6.451417141687011281e+01
1.036799999999999944e-01 -6.501081188254300969e+01
1.041599999999999887e-01 -6.525545449456160441e+01
1.046399999999999969e-01 -6.556460904459319750e+01
1.051199999999999912e-01 -6.614600105881551428e+01
1.055999999999999855e-01 -6.606479105310657474e+01
1.060799999999999937e-01 -6.613577305576259846e+01
1.065599999999999881e-01 -6.750319158455106106e+01
1.070399999999999963e-01 -6.809901712871129575e+01
1.075199999999999906e-01 -6.892906382067980076e+01
1.079999999999999849e-01 -6.977707968714203446e+01
1.084799999999999931e-01 -7.044659374677462438e+01
1.089599999999999874e-01 -7.115349905024052646e+01
1.094399999999999956e-01 -7.168432544232508974e+01
1.099199999999999899e-01 -7.221742989923922096e+01
1.103999999999999843e-01 -7.305946082024510702e+01
1.108799999999999925e-01 -7.387026022379731671e+01
1.113599999999999868e-01 -7.469710693029637127e+01
1.118399999999999950e-01 -7.535921491308765496e+01
1.123199999999999893e-01 -7.585605605838325971e+01
1.127999999999999836e-01 -7.622223782949133408e+01
1.132799999999999918e-01 -7.646761240218295086e+01
1.137599999999999861e-01 -7.663146039075466831e+01
1.142399999999999943e-01 -7.654350308788987434e+01
1.147199999999999886e-01 -7.633538341282448414e+01
1.151999999999999968e-01 -7.597548666949985829e+01
1.156799999999999912e-01 -7.550330342029592146e+01
1.161599999999999855e-01 -7.512938113687428654e+01
1.166399999999999937e-01 -7.515882534588715203e+01
1.171199999999999880e-01 -7.507907101219711876e+01
1.175999999999999962e-01 -7.519540132733298776e+01
1.180799999999999905e-01 -7.578134484128693771e+01
1.185599999999999848e-01 -7.609697148449940585e+01
1.190399999999999930e-01 -7.665611785535070055e+01
1.195199999999999874e-01 -7.729656681189585754e+01
1.199999999999999956e-01 -7.744080161997636935e+01
1.204799999999999899e-01 -7.729760195321982508e+01
1.209599999999999842e-01 -7.714176046526624475e+01
1.214399999999999924e-01 -7.671891792443022950e+01
1.219199999999999867e-01 -7.639703480410153702e+01
1.223999999999999949e-01 -7.585286056637227148e+01
