-1.228799999999999892e-01 -6.930810036701218735e+01
-1.223999999999999949e-01 -7.014865626601167037e+01
-1.219199999999999867e-01 -7.108503822395606164e+01
-1.214399999999999924e-01 -7.180033182902811006e+01
-1.209599999999999842e-01 -7.278126980698968396e+01
-1.204799999999999899e-01 -7.383540811765871581e+01
-1.199999999999999956e-01 -7.447983686996506947e+01
-1.195199999999999874e-01 -7.465638632489192617e+01
-1.190399999999999930e-01 -7.455153083648914958e+01
-1.185599999999999848e-01 -7.366787651000161929e+01
-1.180799999999999905e-01 -7.264802898006539067e+01
-1.175999999999999962e-01 -7.156856974838372309e+01
-1.171199999999999880e-01 -7.099155123351027896e+01
-1.166399999999999937e-01 -7.028839784402933333e+01
-1.161599999999999855e-01 -6.960487532285972634e+01
-1.156799999999999912e-01 -6.933073744196147459e+01
-1.151999999999999968e-01 -6.922328324304430680e+01
-1.147199999999999886e-01 -6.890410572034923575e+01
-1.142399999999999943e-01 -6.879532505591717495e+01
-1.137599999999999861e-01 -6.948707367519264722e+01
-1.132799999999999918e-01 -7.007011424746818307e+01
-1.127999999999999836e-01 -7.067915703570616870e+01
-1.123199999999999893e-01 -7.122481139266650985e+01
-1.118399999999999950e-01 -7.161643938234765017e+01
-1.113599999999999868e-01 -7.149634295428438691e+01
-1.108799999999999925e-01 -7.070445222126102180e+01
-1.103999999999999843e-01 -6.956166309673247383e+01
-1.099199999999999899e-01 -6.824465550926744584e+01
-1.094399999999999956e-01 -6.729320447307523523e+01
-1.089599999999999874e-01 -6.642824281958603194e+01
-1.084799999999999931e-01 -6.575824933585255394e+01
-1.079999999999999849e-01 -6.543758622397237446e+01
-1.075199999999999906e-01 -6.514626448966710370e+01
-1.070399999999999963e-01 -6.481053787651458720e+01
-1.065599999999999881e-01 -6.451566901187486280e+01
-1.060799999999999937e-01 -6.429582691186769239e+01
-1.055999999999999855e-01 -6.410773692704806592e+01
-1.051199999999999912e-01 -6.374342285427588450e+01
-1.046399999999999969e-01 -6.344383240928056011e+01
-1.041599999999999887e-01 -6.327165756711687550e+01
-1.036799999999999944e-01 -6.303730660669387476e+01
-1.031999999999999862e-01 -6.271223571183084289e+01
-1.027199999999999919e-01 -6.260773464582615588e+01
-1.022399999999999975e-01 -6.242257577327968932e+01
-1.017599999999999894e-01 -6.236034093332631301e+01
-1.012799999999999950e-01 -6.224938058441081523e+01
-1.007999999999999868e-01 -6.216307753378275436e+01
-1.003199999999999925e-01 -6.230091041143131747e+01
-9.983999999999998431e-02 -6.198015615851699067e+01
-9.935999999999998999e-02 -6.155561930736681120e+01
-9.887999999999999567e-02 -6.148929292541760105e+01
-9.839999999999998748e-02 -6.146896540750083915e+01
-9.791999999999999316e-02 -6.163503886246747498e+01
-9.743999999999998496e-02 -6.156546223625841208e+01
-9.695999999999999064e-02 -6.151809186227394832e+01
-9.647999999999999632e-02 -6.170843548252506849e+01
-9.599999999999998812e-02 -6.179017171125568808e+01
-9.551999999999999380e-02 -6.162482593740307379e+01
-9.503999999999998560e-02 -6.153344794944857199e+01
-9.455999999999999128e-02 -6.133406655343506486e+01
-9.407999999999999696e-02 -6.099003044130449780e+01
-9.359999999999998876e-02 -6.078645030102261160e+01
-9.311999999999999444e-02 -6.084443784447793746e+01
-9.263999999999998625e-02 -6.091183113750084743e+01
-9.215999999999999193e-02 -6.068683621314505672e+01
-9.167999999999999761e-02 -6.040930972635759133e+01
-9.119999999999998941e-02 -6.051094445210468109e+01
-9.071999999999999509e-02 -6.077941613020742295e+01
-9.023999999999998689e-02 -6.060692617857890241e+01
-8.975999999999999257e-02 -6.049723020189024680e+01
-8.927999999999999825e-02 -6.054262467723529539e+01
-8.879999999999999005e-02 -6.066878746995130456e+01
-8.831999999999999573e-02 -6.053985151265752052e+01
-8.783999999999998753e-02 -6.059302323742826957e+01
-8.735999999999999321e-02 -6.048499274246762525e+01
-8.687999999999999889e-02 -6.027168223804177671e+01
-8.639999999999999070e-02 -6.010788565820332963e+01
-8.591999999999999638e-02 -6.013418298921992289e+01
-8.543999999999998818e-02 -6.029918197694027526e+01
-8.495999999999999386e-02 -6.039530133907643261e+01
-8.447999999999999954e-02 -6.046312655940671021e+01
-8.399999999999999134e-02 -6.043227500738928626e+01
-8.351999999999999702e-02 -6.037061526604371409e+01
-8.303999999999998882e-02 -6.036002061130808727e+01
-8.255999999999999450e-02 -6.036250304023493385e+01
-8.207999999999998630e-02 -6.009104027930820280e+01
-8.159999999999999198e-02 -5.988333426773309043e+01
-8.111999999999999766e-02 -5.987432641018852308e+01
-8.063999999999998947e-02 -5.964919099980019723e+01
-8.015999999999999515e-02 -5.950542159537151576e+01
-7.967999999999998695e-02 -5.976788468176771829e+01
-7.919999999999999263e-02 -5.986345591474388783e+01
-7.871999999999999831e-02 -5.981570440230353825e+01
-7.823999999999999011e-02 -5.992579724822574860e+01
-7.775999999999999579e-02 -5.987739567491729531e+01
-7.727999999999998759e-02 -5.990443576969517636e+01
-7.679999999999999327e-02 -6.005807794399505894e+01
-7.631999999999999895e-02 -5.982636973506389211e+01
-7.583999999999999075e-02 -5.957447252319681752e+01
-7.535999999999999643e-02 -5.969547274824353167e+01
-7.487999999999998824e-02 -5.997060323755987810e+01
-7.439999999999999392e-02 -6.013236201370203560e+01
-7.391999999999999960e-02 -5.980307826020820272e+01
-7.343999999999999140e-02 -5.953436889036596824e+01
-7.295999999999999708e-02 -5.945599895135377722e+01
-7.247999999999998888e-02 -5.945953574319869261e+01
-7.199999999999999456e-02 -5.938835307497268445e+01
-7.152000000000000024e-02 -5.916861302206630313e+01
-7.103999999999999204e-02 -5.935006189859827685e+01
-7.055999999999999772e-02 -5.961542411621523030e+01
-7.007999999999998952e-02 -5.960994163939184887e+01
-6.959999999999999520e-02 -5.963708102693193780e+01
-6.911999999999998701e-02 -5.932977835246368414e+01
-6.863999999999999269e-02 -5.913089182805972399e+01
-6.815999999999999837e-02 -5.927008852050289534e+01
-6.767999999999999017e-02 -5.886005310948956293e+01
-6.719999999999999585e-02 -5.871595254759520088e+01
-6.671999999999998765e-02 -5.875478363113033708e+01
-6.623999999999999333e-02 -5.859475009238177989e+01
-6.575999999999999901e-02 -5.835473052531004612e+01
-6.527999999999999081e-02 -5.834245305753469069e+01
-6.479999999999999649e-02 -5.850958059967659608e+01
-6.431999999999998829e-02 -5.874330192292423192e+01
-6.383999999999999397e-02 -5.867566008430880231e+01
-6.335999999999999965e-02 -5.843527453143270378e+01
-6.287999999999999146e-02 -5.851862949321095186e+01
-6.239999999999999714e-02 -5.855771286693457256e+01
-6.191999999999999588e-02 -5.868216134185091448e+01
-6.143999999999999462e-02 -5.874135147730954287e+01
-6.095999999999999336e-02 -5.829997129403778189e+01
-6.047999999999999210e-02 -5.796348855081574669e+01
-5.999999999999999778e-02 -5.813709900331940617e+01
-5.951999999999999652e-02 -5.819585719224640030e+01
-5.903999999999999526e-02 -5.837070995989343203e+01
-5.855999999999999400e-02 -5.845285604432444870e+01
-5.807999999999999274e-02 -5.825880470230065100e+01
-5.759999999999999842e-02 -5.823852101202515286e+01
-5.711999999999999716e-02 -5.781121258652532902e+01
-5.663999999999999591e-02 -5.756579013159026914e+01
-5.615999999999999465e-02 -5.735463988389606982e+01
-5.567999999999999339e-02 -5.696682380230753751e+01
-5.519999999999999213e-02 -5.690431223032192776e+01
-5.471999999999999781e-02 -5.688758937107294855e+01
-5.423999999999999655e-02 -5.678743373977031439e+01
-5.375999999999999529e-02 -5.671428873717903940e+01
-5.327999999999999403e-02 -5.677269383726756757e+01
-5.279999999999999277e-02 -5.680252525375300365e+01
-5.231999999999999845e-02 -5.665669508161015244e+01
-5.183999999999999719e-02 -5.663602882568069674e+01
-5.135999999999999593e-02 -5.707324824941417774e+01
-5.087999999999999468e-02 -5.688507951547272512e+01
-5.039999999999999342e-02 -5.647743703059174436e+01
-4.991999999999999216e-02 -5.645616667609747452e+01
-4.943999999999999784e-02 -5.645336030574672748e+01
-4.895999999999999658e-02 -5.629505781820525101e+01
-4.847999999999999532e-02 -5.627912914945903822e+01
-4.799999999999999406e-02 -5.644397511168391901e+01
-4.751999999999999280e-02 -5.648433098164646537e+01
-4.703999999999999848e-02 -5.612430774521800458e+01
-4.655999999999999722e-02 -5.555266796571737586e+01
-4.607999999999999596e-02 -5.518477378992952254e+01
-4.559999999999999470e-02 -5.511102482650544232e+01
-4.511999999999999345e-02 -5.508712246907515464e+01
-4.463999999999999913e-02 -5.488959100946505743e+01
-4.415999999999999787e-02 -5.466431143082138533e+01
-4.367999999999999661e-02 -5.445948296322298177e+01
-4.319999999999999535e-02 -5.444116305416105916e+01
-4.271999999999999409e-02 -5.465443489116562148e+01
-4.223999999999999977e-02 -5.440457835701153755e+01
-4.175999999999999851e-02 -5.366964144417924842e+01
-4.127999999999999725e-02 -5.340118416674799562e+01
-4.079999999999999599e-02 -5.332240296794008572e+01
-4.031999999999999473e-02 -5.323662578430702297e+01
-3.983999999999999347e-02 -5.306177614777379858e+01
-3.935999999999999915e-02 -5.292134839046782702e+01
-3.887999999999999790e-02 -5.279854387215878120e+01
-3.839999999999999664e-02 -5.284871125464164265e+01
-3.791999999999999538e-02 -5.291686344154526722e+01
-3.743999999999999412e-02 -5.295868942904854038e+01
-3.695999999999999980e-02 -5.295764163527668700e+01
-3.647999999999999854e-02 -5.291689846124776864e+01
-3.599999999999999728e-02 -5.281948755685371566e+01
-3.551999999999999602e-02 -5.243663286020214542e+01
-3.503999999999999476e-02 -5.215025448605312874e+01
-3.455999999999999350e-02 -5.177491206620794628e+01
-3.407999999999999918e-02 -5.141700173119302519e+01
-3.359999999999999792e-02 -5.085058405281859706e+01
-3.311999999999999666e-02 -5.005396777170683720e+01
-3.263999999999999541e-02 -4.975662733965633322e+01
-3.215999999999999415e-02 -4.924982299287819387e+01
-3.167999999999999983e-02 -4.909839539728767477e+01
-3.119999999999999857e-02 -4.885433917158024286e+01
-3.071999999999999731e-02 -4.841705620400747989e+01
-3.023999999999999605e-02 -4.803809501791702985e+01
-2.975999999999999826e-02 -4.786179539487903867e+01
-2.927999999999999700e-02 -4.780705862564502695e+01
-2.879999999999999921e-02 -4.743504780914194896e+01
-2.831999999999999795e-02 -4.695068140265646406e+01
-2.783999999999999669e-02 -4.725299416528433483e+01
-2.735999999999999890e-02 -4.734112753464795276e+01
-2.687999999999999765e-02 -4.640335293514915094e+01
-2.639999999999999639e-02 -4.530023361009936878e+01
-2.591999999999999860e-02 -4.414224226322501465e+01
-2.543999999999999734e-02 -4.364420470861888646e+01
-2.495999999999999608e-02 -4.389554120904030299e+01
-2.447999999999999829e-02 -4.444052441852426227e+01
-2.399999999999999703e-02 -4.464028341877192219e+01
-2.351999999999999924e-02 -4.435121251075980808e+01
-2.303999999999999798e-02 -4.382075247328607048e+01
-2.255999999999999672e-02 -4.331811027629463950e+01
-2.207999999999999893e-02 -4.268474898898724490e+01
-2.159999999999999767e-02 -4.182969038247654225e+01
-2.111999999999999988e-02 -4.088759898297311679e+01
-2.063999999999999863e-02 -4.012889575624934935e+01
-2.015999999999999737e-02 -3.935675743338867960e+01
-1.967999999999999958e-02 -3.833392745087483178e+01
-1.919999999999999832e-02 -3.790209871115590090e+01
-1.871999999999999706e-02 -3.775158632922693869e+01
-1.823999999999999927e-02 -3.744837751538647552e+01
-1.775999999999999801e-02 -3.730771010445766933e+01
-1.727999999999999675e-02 -3.762347106322039991e+01
-1.679999999999999896e-02 -3.829202813662440263e+01
-1.631999999999999770e-02 -3.882020625145533188e+01
-1.583999999999999991e-02 -3.953181282823479847e+01
-1.535999999999999865e-02 -3.975471606388928336e+01
-1.487999999999999913e-02 -3.956708318989596762e+01
-1.439999999999999961e-02 -3.917651244139571531e+01
-1.391999999999999835e-02 -3.852680924067603030e+01
-1.343999999999999882e-02 -3.818210196108228871e+01
-1.295999999999999930e-02 -3.685447666094805896e+01
-1.247999999999999804e-02 -3.486048122258289794e+01
-1.199999999999999852e-02 -3.291028846464053714e+01
-1.151999999999999899e-02 -3.080738262317760245e+01
-1.103999999999999947e-02 -2.832190420210566018e+01
-1.055999999999999994e-02 -2.076823234735308077e+01
-1.007999999999999868e-02 -3.652775435996571840e+00
-9.599999999999999159e-03 4.684178478307533311e+00
-9.119999999999999635e-03 7.295451886261311358e+00
-8.639999999999998376e-03 7.496948273764713733e+00
-8.159999999999998851e-03 7.497579103783032828e+00
-7.679999999999999327e-03 7.670748352338112142e+00
-7.199999999999999803e-03 7.766056612931032888e+00
-6.719999999999999411e-03 7.602408037012844844e+00
-6.239999999999999020e-03 7.648007424752533367e+00
-5.759999999999999495e-03 7.811488995265860602e+00
-5.279999999999999971e-03 7.796725789552317210e+00
-4.799999999999999580e-03 7.822531008021808674e+00
-4.319999999999999188e-03 7.633806500361273173e+00
-3.839999999999999664e-03 7.539509743915058237e+00
-3.359999999999999706e-03 7.545055197125584812e+00
-2.879999999999999748e-03 7.542711072116199844e+00
-2.399999999999999790e-03 7.664272430217476284e+00
-1.919999999999999832e-03 7.640604968180526591e+00
-1.439999999999999874e-03 7.659396976353046504e+00
-9.599999999999999159e-04 7.723021096873567970e+00
-4.799999999999999580e-04 7.616896303451108352e+00
0.000000000000000000e+00 7.560782110611854456e+00
4.799999999999999580e-04 7.776062345884080074e+00
9.599999999999999159e-04 8.156211273678440676e+00
1.439999999999999874e-03 7.805488744876749152e+00
1.919999999999999832e-03 7.445446858900282017e+00
2.399999999999999790e-03 7.666324958324156391e+00
2.879999999999999748e-03 7.830703143572419478e+00
3.359999999999999706e-03 7.987333369374765013e+00
3.839999999999999664e-03 7.743460084734236304e+00
4.319999999999999188e-03 7.434005643854960432e+00
4.799999999999999580e-03 7.487830065681002623e+00
5.279999999999999971e-03 7.588465423956511913e+00
5.759999999999999495e-03 7.584418682869410233e+00
6.239999999999999020e-03 7.494154697014545619e+00
6.719999999999999411e-03 7.551627614637498098e+00
7.199999999999999803e-03 7.672312956331647449e+00
7.679999999999999327e-03 7.469888130694638306e+00
8.159999999999998851e-03 7.523751942619863797e+00
8.639999999999998376e-03 7.615206107787740208e+00
9.119999999999999635e-03 7.295491704096592755e+00
9.599999999999999159e-03 4.589618718185398905e+00
1.007999999999999868e-02 -3.878950393751196657e+00
1.055999999999999994e-02 -2.087477302571616633e+01
1.103999999999999947e-02 -2.781768334593293091e+01
1.151999999999999899e-02 -3.047586840243493000e+01
1.199999999999999852e-02 -3.279530246022290640e+01
1.247999999999999804e-02 -3.489844824494746689e+01
1.295999999999999930e-02 -3.651912380364091604e+01
1.343999999999999882e-02 -3.773107671483199965e+01
1.391999999999999835e-02 -3.852557530088184023e+01
1.439999999999999961e-02 -3.900894284204351692e+01
1.487999999999999913e-02 -3.952244699657450155e+01
1.535999999999999865e-02 -3.992752277718575726e+01
1.583999999999999991e-02 -3.982597290074838980e+01
1.631999999999999770e-02 -3.919443260326574574e+01
1.679999999999999896e-02 -3.838784731592365063e+01
1.727999999999999675e-02 -3.804935343882333143e+01
1.775999999999999801e-02 -3.808823102344587852e+01
1.823999999999999927e-02 -3.794981502251516758e+01
1.871999999999999706e-02 -3.796897286570585095e+01
1.919999999999999832e-02 -3.814486506236677599e+01
1.967999999999999958e-02 -3.849988253798017013e+01
2.015999999999999737e-02 -3.901250029719426493e+01
2.063999999999999863e-02 -3.967821714208427863e+01
2.111999999999999988e-02 -4.081872621807210777e+01
2.159999999999999767e-02 -4.174624582891610203e+01
2.207999999999999893e-02 -4.237810925578293109e+01
2.255999999999999672e-02 -4.318819111199493932e+01
2.303999999999999798e-02 -4.392478007375713389e+01
2.351999999999999924e-02 -4.444413894791050978e+01
2.399999999999999703e-02 -4.476358727067722754e+01
2.447999999999999829e-02 -4.468238724275781948e+01
2.495999999999999608e-02 -4.440412589557968914e+01
2.543999999999999734e-02 -4.427307280505715426e+01
2.591999999999999860e-02 -4.443753618671023276e+01
2.639999999999999639e-02 -4.521398409618788605e+01
2.687999999999999765e-02 -4.616047264333296596e+01
2.735999999999999890e-02 -4.709349246899395780e+01
2.783999999999999669e-02 -4.757452673352677408e+01
2.831999999999999795e-02 -4.758688057722971365e+01
2.879999999999999921e-02 -4.794773500425984025e+01
2.927999999999999700e-02 -4.778441791104179259e+01
2.975999999999999826e-02 -4.802832229224001992e+01
3.023999999999999605e-02 -4.846114684757417024e+01
3.071999999999999731e-02 -4.869903195768598891e+01
3.119999999999999857e-02 -4.883314168770552754e+01
3.167999999999999983e-02 -4.904668607500913424e+01
3.215999999999999415e-02 -4.948476933667112831e+01
3.263999999999999541e-02 -4.979673843378610343e+01
3.311999999999999666e-02 -5.039729942639277027e+01
3.359999999999999792e-02 -5.090415480996771436e+01
3.407999999999999918e-02 -5.120399131787301172e+01
3.455999999999999350e-02 -5.159727802139035191e+01
3.503999999999999476e-02 -5.202276916797683270e+01
3.551999999999999602e-02 -5.221513324483240126e+01
3.599999999999999728e-02 -5.250712877238463960e+01
3.647999999999999854e-02 -5.254286489821073758e+01
3.695999999999999980e-02 -5.284577764539552902e+01
3.743999999999999412e-02 -5.296236719192879150e+01
3.791999999999999538e-02 -5.290397875274084072e+01
3.839999999999999664e-02 -5.332429545753204536e+01
3.887999999999999790e-02 -5.348439414141640924e+01
3.935999999999999915e-02 -5.382162286357677061e+01
3.983999999999999347e-02 -5.399357445713188497e+01
4.031999999999999473e-02 -5.383367479010956203e+01
4.079999999999999599e-02 -5.370466608877300274e+01
4.127999999999999725e-02 -5.386283951735819642e+01
4.175999999999999851e-02 -5.422112865492660916e+01
4.223999999999999977e-02 -5.445081307224303657e+01
4.271999999999999409e-02 -5.454628087186151220e+01
4.319999999999999535e-02 -5.460360115581946161e+01
4.367999999999999661e-02 -5.502409623051651266e+01
4.415999999999999787e-02 -5.505045746005323792e+01
4.463999999999999913e-02 -5.501832582255491388e+01
4.511999999999999345e-02 -5.516327495924510060e+01
4.559999999999999470e-02 -5.504513671567579536e+01
4.607999999999999596e-02 -5.518899398186762539e+01
4.655999999999999722e-02 -5.585847925201362330e+01
4.703999999999999848e-02 -5.657131239070277218e+01
4.751999999999999280e-02 -5.708885023388894098e+01
4.799999999999999406e-02 -5.738001884788745599e+01
4.847999999999999532e-02 -5.739426906317230959e+01
4.895999999999999658e-02 -5.731262815796603149e+01
4.943999999999999784e-02 -5.731812078026923984e+01
4.991999999999999216e-02 -5.758190704898262169e+01
5.039999999999999342e-02 -5.775498767302117642e+01
5.087999999999999468e-02 -5.756017795005660531e+01
5.135999999999999593e-02 -5.742878463232584352e+01
5.183999999999999719e-02 -5.752568832242049268e+01
5.231999999999999845e-02 -5.771196390544702837e+01
5.279999999999999277e-02 -5.768426165681386664e+01
5.327999999999999403e-02 -5.773478044758978456e+01
5.375999999999999529e-02 -5.804384225670783337e+01
5.423999999999999655e-02 -5.804763214676637517e+01
5.471999999999999781e-02 -5.816983927258783638e+01
5.519999999999999213e-02 -5.821796952740515962e+01
5.567999999999999339e-02 -5.830197531266888689e+01
5.615999999999999465e-02 -5.851297506164310391e+01
5.663999999999999591e-02 -5.854113544125827673e+01
5.711999999999999716e-02 -5.911603004586163479e+01
5.759999999999999842e-02 -5.938478236089444806e+01
5.807999999999999274e-02 -5.930908939313293615e+01
5.855999999999999400e-02 -5.841328975523066447e+01
5.903999999999999526e-02 -5.803912834968681977e+01
5.951999999999999652e-02 -5.922413338368606617e+01
5.999999999999999778e-02 -5.998194039129405297e+01
6.047999999999999210e-02 -6.019044750802650867e+01
6.095999999999999336e-02 -6.000204621416354200e+01
6.143999999999999462e-02 -5.943560380258617926e+01
6.191999999999999588e-02 -5.923560886308776929e+01
6.239999999999999714e-02 -5.908111580423841502e+01
6.287999999999999146e-02 -5.882327596377863443e+01
6.335999999999999965e-02 -5.884373420987985526e+01
6.383999999999999397e-02 -5.903546494840855985e+01
6.431999999999998829e-02 -5.941064225570177371e+01
6.479999999999999649e-02 -5.972648947624342952e+01
6.527999999999999081e-02 -5.977017310063210687e+01
6.575999999999999901e-02 -5.976219156877420602e+01
6.623999999999999333e-02 -5.979746308292425994e+01
6.671999999999998765e-02 -5.962955725361621262e+01
6.719999999999999585e-02 -5.950493120627640309e+01
6.767999999999999017e-02 -5.979209369476005520e+01
6.815999999999999837e-02 -5.994513660958723733e+01
6.863999999999999269e-02 -6.019732140559632683e+01
6.911999999999998701e-02 -6.054968791318714239e+01
6.959999999999999520e-02 -6.050915638172600808e+01
7.007999999999998952e-02 -6.079779372741662513e+01
7.055999999999999772e-02 -6.116242972866519523e+01
7.103999999999999204e-02 -6.105622345268265860e+01
7.152000000000000024e-02 -6.074625674851273516e+01
7.199999999999999456e-02 -6.045452101673355116e+01
7.247999999999998888e-02 -6.034720567242654710e+01
7.295999999999999708e-02 -6.049841470398124699e+01
7.343999999999999140e-02 -6.025259479075898383e+01
7.391999999999999960e-02 -6.057878755149638295e+01
7.439999999999999392e-02 -6.079861573199691804e+01
7.487999999999998824e-02 -6.080149329484985543e+01
7.535999999999999643e-02 -6.092444664220808193e+01
7.583999999999999075e-02 -6.080875139795021767e+01
7.631999999999999895e-02 -6.075074531174018233e+01
7.679999999999999327e-02 -6.071203316109688330e+01
7.727999999999998759e-02 -6.038774404366017023e+01
7.775999999999999579e-02 -6.039519989945758738e+01
7.823999999999999011e-02 -6.036987285068531151e+01
7.871999999999999831e-02 -6.018326130596518908e+01
7.919999999999999263e-02 -6.007118258227956176e+01
7.967999999999998695e-02 -6.018133185499344506e+01
8.015999999999999515e-02 -6.018397765651936027e+01
8.063999999999998947e-02 -6.034179828583585703e+01
8.111999999999999766e-02 -6.070205667326342791e+01
8.159999999999999198e-02 -6.070072625200175764e+01
8.207999999999998630e-02 -6.080260831861005499e+01
8.255999999999999450e-02 -6.120056887763393405e+01
8.303999999999998882e-02 -6.162136612091353527e+01
8.351999999999999702e-02 -6.153252661800905798e+01
8.399999999999999134e-02 -6.137297596167344693e+01
8.447999999999999954e-02 -6.130510089462096346e+01
8.495999999999999386e-02 -6.133148623610842520e+01
8.543999999999998818e-02 -6.127213126420482325e+01
8.591999999999999638e-02 -6.108567825164391252e+01
8.639999999999999070e-02 -6.081703836960572573e+01
8.687999999999999889e-02 -6.086655691149567815e+01
8.735999999999999321e-02 -6.110791028042807227e+01
8.783999999999998753e-02 -6.095851393721044076e+01
8.831999999999999573e-02 -6.094310508050887165e+01
8.879999999999999005e-02 -6.078287724335951481e+01
8.927999999999999825e-02 -6.058509219865698725e+01
8.975999999999999257e-02 -6.073110628392653609e+01
9.023999999999998689e-02 -6.072328541295482296e+01
9.071999999999999509e-02 -6.095341469671348023e+01
9.119999999999998941e-02 -6.086918308705172365e+01
9.167999999999999761e-02 -6.055464827254027682e+01
9.215999999999999193e-02 -6.056734780612303837e+01
9.263999999999998625e-02 -6.072503962587089177e+01
9.311999999999999444e-02 -6.093770744345179224e+01
9.359999999999998876e-02 -6.140988746543877141e+01
9.407999999999999696e-02 -6.181592887481414067e+01
9.455999999999999128e-02 -6.168751962448529014e+01
9.503999999999998560e-02 -6.172451208305763259e+01
9.551999999999999380e-02 -6.217977343132382373e+01
9.599999999999998812e-02 -6.225542449184366944e+01
9.647999999999999632e-02 -6.218084905851838329e+01
9.695999999999999064e-02 -6.242102575067491443e+01
9.743999999999998496e-02 -6.237792810617336414e+01
9.791999999999999316e-02 -6.210686383797117571e+01
9.839999999999998748e-02 -6.249495605778551521e+01
9.887999999999999567e-02 -6.271705381433510240e+01
9.935999999999998999e-02 -6.238975028003476808e+01
9.983999999999998431e-02 -6.220411233886635216e+01
1.003199999999999925e-01 -6.219742534596158379e+01
1.007999999999999868e-01 -6.255225122351756539e+01
1.012799999999999950e-01 -6.272402343312774065e+01
1.017599999999999894e-01 -6.293817056086641060e+01
1.022399999999999975e-01 -6.324406411168300934e+01
1.027199999999999919e-01 -6.325739197928281499e+01
1.031999999999999862e-01 -6.337589568593190847e+01
1.036799999999999944e-01 -6.383144735528595959e+01
1.041599999999999887e-01 -6.403723413564864586e+01
1.046399999999999969e-01 -6.413624105178520551e+01
1.051199999999999912e-01 -6.434585557290262159e+01
1.055999999999999855e-01 -6.436552480029853029e+01
1.060799999999999937e-01 -6.453531548557654673e+01
1.065599999999999881e-01 -6.495514702027941212e+01
1.070399999999999963e-01 -6.510993700763077641e+01
1.075199999999999906e-01 -6.522705500859579786e+01
1.079999999999999849e-01 -6.569434593749575413e+01
1.084799999999999931e-01 -6.625001505115642431e+01
1.089599999999999874e-01 -6.656195763610216432e+01
1.094399999999999956e-01 -6.690507023511449347e+01
1.099199999999999899e-01 -6.740824618895055664e+01
1.103999999999999843e-01 -6.792273795136924264e+01
1.108799999999999925e-01 -6.856343440909880371e+01
1.113599999999999868e-01 -6.903835707357420404e+01
1.118399999999999950e-01 -6.943591615521707183e+01
1.123199999999999893e-01 -6.965286009818396451e+01
1.127999999999999836e-01 -6.968520986297684772e+01
1.132799999999999918e-01 -6.989670399632464637e+01
1.137599999999999861e-01 -7.000990369297925042e+01
1.142399999999999943e-01 -7.022320784054257103e+01
1.147199999999999886e-01 -7.077871477184446292e+01
1.151999999999999968e-01 -7.138580665774068734e+01
1.156799999999999912e-01 -7.139936067161066546e+01
1.161599999999999855e-01 -7.144717203472822575e+01
1.166399999999999937e-01 -7.167941476074076945e+01
1.171199999999999880e-01 -7.174367608308702415e+01
1.175999999999999962e-01 -7.149346863503977545e+01
1.180799999999999905e-01 -7.102345122854289627e+01
1.185599999999999848e-01 -7.073747021575809413e+01
1.190399999999999930e-01 -7.042977934231453219e+01
1.195199999999999874e-01 -6.995953135192795003e+01
1.199999999999999956e-01 -6.934583998014815620e+01
1.204799999999999899e-01 -6.890740190760139683e+01
1.209599999999999842e-01 -6.894204631691903273e+01
1.214399999999999924e-01 -6.911527663132594057e+01
1.219199999999999867e-01 -6.916285258640699851e+01
1.223999999999999949e-01 -6.907772945012501964e+01
