-1.228799999999999892e-01 -7.402973075732646180e+01
-1.223999999999999949e-01 -7.528988641293071282e+01
-1.219199999999999867e-01 -7.621221592070951090e+01
-1.214399999999999924e-01 -7.619173983406355433e+01
-1.209599999999999842e-01 -7.637073050591990864e+01
-1.204799999999999899e-01 -7.676982055526207205e+01
-1.199999999999999956e-01 -7.729471294024587280e+01
-1.195199999999999874e-01 -7.770917164100352181e+01
-1.190399999999999930e-01 -7.763640359514374722e+01
-1.185599999999999848e-01 -7.762763529749763336e+01
-1.180799999999999905e-01 -7.761741342553446543e+01
-1.175999999999999962e-01 -7.726579580326877306e+01
-1.171199999999999880e-01 -7.700066670884515929e+01
-1.166399999999999937e-01 -7.646682850648319629e+01
-1.161599999999999855e-01 -7.593989909050381470e+01
-1.156799999999999912e-01 -7.607422913547436849e+01
-1.151999999999999968e-01 -7.599582505658713671e+01
-1.147199999999999886e-01 -7.587139393719098734e+01
-1.142399999999999943e-01 -7.639824150418155568e+01
-1.137599999999999861e-01 -7.697922665785694107e+01
-1.132799999999999918e-01 -7.703824124396994932e+01
-1.127999999999999836e-01 -7.706051283515493822e+01
-1.123199999999999893e-01 -7.678641021157530133e+01
-1.118399999999999950e-01 -7.616557259554248560e+01
-1.113599999999999868e-01 -7.568994958680148954e+01
-1.108799999999999925e-01 -7.497358655501309954e+01
-1.103999999999999843e-01 -7.387943421657755039e+01
-1.099199999999999899e-01 -7.304983621272737082e+01
-1.094399999999999956e-01 -7.226655388176050110e+01
-1.089599999999999874e-01 -7.133938941848384729e+01
-1.084799999999999931e-01 -7.036884335279724212e+01
-1.079999999999999849e-01 -6.970323163898321184e+01
-1.075199999999999906e-01 -6.877713966155371850e+01
-1.070399999999999963e-01 -6.798619999583270612e+01
-1.065599999999999881e-01 -6.746147883881482699e+01
-1.060799999999999937e-01 -6.693629395222491496e+01
-1.055999999999999855e-01 -6.618156173188924640e+01
-1.051199999999999912e-01 -6.575003641232787288e+01
-1.046399999999999969e-01 -6.517197510883653422e+01
-1.041599999999999887e-01 -6.479580028458032359e+01
-1.036799999999999944e-01 -6.435739164811222679e+01
-1.031999999999999862e-01 -6.378799431378062224e+01
-1.027199999999999919e-01 -6.363377078652757035e+01
-1.022399999999999975e-01 -6.343014820811929866e+01
-1.017599999999999894e-01 -6.311683603999129133e+01
-1.012799999999999950e-01 -6.287124519105780251e+01
-1.007999999999999868e-01 -6.253624874255532973e+01
-1.003199999999999925e-01 -6.233870305351636887e+01
-9.983999999999998431e-02 -6.233463227568455522e+01
-9.935999999999998999e-02 -6.233168015615739677e+01
-9.887999999999999567e-02 -6.227984257915741750e+01
-9.839999999999998748e-02 -6.226867017015608496e+01
-9.791999999999999316e-02 -6.259686492924857504e+01
-9.743999999999998496e-02 -6.236795456178533215e+01
-9.695999999999999064e-02 -6.179920478509404802e+01
-9.647999999999999632e-02 -6.180142362389753430e+01
-9.599999999999998812e-02 -6.191898798249756908e+01
-9.551999999999999380e-02 -6.196583793512773752e+01
-9.503999999999998560e-02 -6.184123438426276209e+01
-9.455999999999999128e-02 -6.167129999767981019e+01
-9.407999999999999696e-02 -6.168159305437677631e+01
-9.359999999999998876e-02 -6.157222130048968012e+01
-9.311999999999999444e-02 -6.161068117723263526e+01
-9.263999999999998625e-02 -6.158386160487484773e+01
-9.215999999999999193e-02 -6.146492065115899095e+01
-9.167999999999999761e-02 -6.154355652795739218e+01
-9.119999999999998941e-02 -6.176022665367359821e+01
-9.071999999999999509e-02 -6.161084653028470370e+01
-9.023999999999998689e-02 -6.144848902336067908e+01
-8.975999999999999257e-02 -6.142018138842210107e+01
-8.927999999999999825e-02 -6.130145602019035067e+01
-8.879999999999999005e-02 -6.121241298882119253e+01
-8.831999999999999573e-02 -6.126714804989706664e+01
-8.783999999999998753e-02 -6.097224741234720113e+01
-8.735999999999999321e-02 -6.100076419165666408e+01
-8.687999999999999889e-02 -6.111121996149069702e+01
-8.639999999999999070e-02 -6.106336845923664214e+01
-8.591999999999999638e-02 -6.087321455845125229e+01
-8.543999999999998818e-02 -6.098163650694844051e+01
-8.495999999999999386e-02 -6.098650414075690662e+01
-8.447999999999999954e-02 -6.056098201300851258e+01
-8.399999999999999134e-02 -6.047530356902395710e+01
-8.351999999999999702e-02 -6.040576724512180817e+01
-8.303999999999998882e-02 -6.040445735180345110e+01
-8.255999999999999450e-02 -6.034133477516252952e+01
-8.207999999999998630e-02 -6.020390020669837128e+01
-8.159999999999999198e-02 -6.008220682415928593e+01
-8.111999999999999766e-02 -6.008607620304238139e+01
-8.063999999999998947e-02 -6.017276998598778448e+01
-8.015999999999999515e-02 -5.991283026703950298e+01
-7.967999999999998695e-02 -5.978440291847425669e+01
-7.919999999999999263e-02 -5.978320062409004265e+01
-7.871999999999999831e-02 -5.969708496945212062e+01
-7.823999999999999011e-02 -5.956948540273699422e+01
-7.775999999999999579e-02 -5.967368146111491001e+01
-7.727999999999998759e-02 -5.992381148782570222e+01
-7.679999999999999327e-02 -5.987367590483464141e+01
-7.631999999999999895e-02 -5.978718712723239292e+01
-7.583999999999999075e-02 -5.959951165026247821e+01
-7.535999999999999643e-02 -5.949560564273744490e+01
-7.487999999999998824e-02 -5.932991810580668357e+01
-7.439999999999999392e-02 -5.937391798381811014e+01
-7.391999999999999960e-02 -5.950030132385705173e+01
-7.343999999999999140e-02 -5.910564909953973256e+01
-7.295999999999999708e-02 -5.870572815518804077e+01
-7.247999999999998888e-02 -5.885815223239969640e+01
-7.199999999999999456e-02 -5.887913217947458122e+01
-7.152000000000000024e-02 -5.872507023566137008e+01
-7.103999999999999204e-02 -5.849561693726084144e+01
-7.055999999999999772e-02 -5.830023689913393525e+01
-7.007999999999998952e-02 -5.809895374584244365e+01
-6.959999999999999520e-02 -5.813511336150610731e+01
-6.911999999999998701e-02 -5.842924117769599945e+01
-6.863999999999999269e-02 -5.829589824694736677e+01
-6.815999999999999837e-02 -5.807047342204921136e+01
-6.767999999999999017e-02 -5.796727351689922614e+01
-6.719999999999999585e-02 -5.791539913937899087e+01
-6.671999999999998765e-02 -5.797151190237998009e+01
-6.623999999999999333e-02 -5.800334759090495140e+01
-6.575999999999999901e-02 -5.794946836348528763e+01
-6.527999999999999081e-02 -5.801889389301229016e+01
-6.479999999999999649e-02 -5.797914446014259937e+01
-6.431999999999998829e-02 -5.793948153325844430e+01
-6.383999999999999397e-02 -5.787192804109025701e+01
-6.335999999999999965e-02 -5.774505373560273114e+01
-6.287999999999999146e-02 -5.769838538158617069e+01
-6.239999999999999714e-02 -5.743681573608975555e+01
-6.191999999999999588e-02 -5.694752881743832518e+01
-6.143999999999999462e-02 -5.680390919114869774e+01
-6.095999999999999336e-02 -5.699863962017332142e+01
-6.047999999999999210e-02 -5.704786769659861534e+01
-5.999999999999999778e-02 -5.658704848182743063e+01
-5.951999999999999652e-02 -5.649155097804791126e+01
-5.903999999999999526e-02 -5.649518639850139579e+01
-5.855999999999999400e-02 -5.631728764428792289e+01
-5.807999999999999274e-02 -5.654556796272522945e+01
-5.759999999999999842e-02 -5.634005945795600212e+01
-5.711999999999999716e-02 -5.586329587136580699e+01
-5.663999999999999591e-02 -5.564350598390470282e+01
-5.615999999999999465e-02 -5.576058118738470171e+01
-5.567999999999999339e-02 -5.561161940314408980e+01
-5.519999999999999213e-02 -5.556974314096742518e+01
-5.471999999999999781e-02 -5.559502750292254802e+01
-5.423999999999999655e-02 -5.525512108093068520e+01
-5.375999999999999529e-02 -5.494387655232220169e+01
-5.327999999999999403e-02 -5.478318980498094959e+01
-5.279999999999999277e-02 -5.474327594514494422e+01
-5.231999999999999845e-02 -5.478158361161793266e+01
-5.183999999999999719e-02 -5.487819060828103090e+01
-5.135999999999999593e-02 -5.456690606652522035e+01
-5.087999999999999468e-02 -5.432862143257512599e+01
-5.039999999999999342e-02 -5.415837074544751317e+01
-4.991999999999999216e-02 -5.397284814326206259e+01
-4.943999999999999784e-02 -5.387702598255628317e+01
-4.895999999999999658e-02 -5.364759151006887805e+01
-4.847999999999999532e-02 -5.357469719575760791e+01
-4.799999999999999406e-02 -5.339676915605730301e+01
-4.751999999999999280e-02 -5.306472008870470347e+01
-4.703999999999999848e-02 -5.293940920099741732e+01
-4.655999999999999722e-02 -5.300524645104133015e+01
-4.607999999999999596e-02 -5.297377445168756083e+01
-4.559999999999999470e-02 -5.291368064053095566e+01
-4.511999999999999345e-02 -5.294587719799821457e+01
-4.463999999999999913e-02 -5.298623071905598891e+01
-4.415999999999999787e-02 -5.288507224784565608e+01
-4.367999999999999661e-02 -5.273324745089769294e+01
-4.319999999999999535e-02 -5.240601819977068487e+01
-4.271999999999999409e-02 -5.200582015720514306e+01
-4.223999999999999977e-02 -5.186820118189753259e+01
-4.175999999999999851e-02 -5.174316145165902725e+01
-4.127999999999999725e-02 -5.165506867305198568e+01
-4.079999999999999599e-02 -5.164085863404022092e+01
-4.031999999999999473e-02 -5.162462957144945364e+01
-3.983999999999999347e-02 -5.160547870525027747e+01
-3.935999999999999915e-02 -5.133696129598873625e+01
-3.887999999999999790e-02 -5.085423609343789053e+01
-3.839999999999999664e-02 -5.060900555861056915e+01
-3.791999999999999538e-02 -5.058354672033001975e+01
-3.743999999999999412e-02 -5.027901582688657811e+01
-3.695999999999999980e-02 -4.995783344658315173e+01
-3.647999999999999854e-02 -4.983966260415378713e+01
-3.599999999999999728e-02 -4.972253463532833706e+01
-3.551999999999999602e-02 -4.931720923367461751e+01
-3.503999999999999476e-02 -4.910636486113889987e+01
-3.455999999999999350e-02 -4.926616046278262928e+01
-3.407999999999999918e-02 -4.953920199832752758e+01
-3.359999999999999792e-02 -4.929209105591283446e+01
-3.311999999999999666e-02 -4.891957069945449632e+01
-3.263999999999999541e-02 -4.893306274721530968e+01
-3.215999999999999415e-02 -4.879881969988866075e+01
-3.167999999999999983e-02 -4.873156519330782999e+01
-3.119999999999999857e-02 -4.857764450382507704e+01
-3.071999999999999731e-02 -4.866561816217136993e+01
-3.023999999999999605e-02 -4.836648857767882248e+01
-2.975999999999999826e-02 -4.798002029048814165e+01
-2.927999999999999700e-02 -4.733084682087404360e+01
-2.879999999999999921e-02 -4.670441319523720836e+01
-2.831999999999999795e-02 -4.595710011555641472e+01
-2.783999999999999669e-02 -4.527739175984719822e+01
-2.735999999999999890e-02 -4.464951755833756408e+01
-2.687999999999999765e-02 -4.387886233199593278e+01
-2.639999999999999639e-02 -4.332089323731000263e+01
-2.591999999999999860e-02 -4.246645217446793197e+01
-2.543999999999999734e-02 -4.168574178654574780e+01
-2.495999999999999608e-02 -4.096503542479462112e+01
-2.447999999999999829e-02 -4.034289100725082022e+01
-2.399999999999999703e-02 -3.985636125483032544e+01
-2.351999999999999924e-02 -3.944605448520387370e+01
-2.303999999999999798e-02 -3.910690109469138065e+01
-2.255999999999999672e-02 -3.883585387260703214e+01
-2.207999999999999893e-02 -3.875334131955474959e+01
-2.159999999999999767e-02 -3.849005564550948577e+01
-2.111999999999999988e-02 -3.790998600832176635e+01
-2.063999999999999863e-02 -3.766091377515424199e+01
-2.015999999999999737e-02 -3.739060558623636155e+01
-1.967999999999999958e-02 -3.703472905793191927e+01
-1.919999999999999832e-02 -3.690398173604173593e+01
-1.871999999999999706e-02 -3.650335742804171701e+01
-1.823999999999999927e-02 -3.587664169747093013e+01
-1.775999999999999801e-02 -3.487066839322481115e+01
-1.727999999999999675e-02 -3.405314843481458098e+01
-1.679999999999999896e-02 -3.336391867223574081e+01
-1.631999999999999770e-02 -3.271487212968385450e+01
-1.583999999999999991e-02 -3.203890999191851563e+01
-1.535999999999999865e-02 -3.165622852079725646e+01
-1.487999999999999913e-02 -3.139241773139117697e+01
-1.439999999999999961e-02 -3.124581075749582482e+01
-1.391999999999999835e-02 -3.139264017483137792e+01
-1.343999999999999882e-02 -3.193786915635044821e+01
-1.295999999999999930e-02 -3.250377004927551639e+01
-1.247999999999999804e-02 -3.348382913018394191e+01
-1.199999999999999852e-02 -3.419404804895572880e+01
-1.151999999999999899e-02 -3.356924899185015221e+01
-1.103999999999999947e-02 -3.159576122891873950e+01
-1.055999999999999994e-02 -2.266459690387767978e+01
-1.007999999999999868e-02 -5.134569037330619423e+00
-9.599999999999999159e-03 3.234201043858995650e+00
-9.119999999999999635e-03 5.891141890882527932e+00
-8.639999999999998376e-03 6.158865910470558092e+00
-8.159999999999998851e-03 6.225043141012464254e+00
-7.679999999999999327e-03 6.451869580417863403e+00
-7.199999999999999803e-03 6.585608991193559802e+00
-6.719999999999999411e-03 6.452498506811381596e+00
-6.239999999999999020e-03 6.517318425032257778e+00
-5.759999999999999495e-03 6.689305140541328853e+00
-5.279999999999999971e-03 6.675192412351535154e+00
-4.799999999999999580e-03 6.693224923030545170e+00
-4.319999999999999188e-03 6.491746242047481630e+00
-3.839999999999999664e-03 6.378535480848840145e+00
-3.359999999999999706e-03 6.360886706188926709e+00
-2.879999999999999748e-03 6.331779667476533646e+00
-2.399999999999999790e-03 6.428740636937350317e+00
-1.919999999999999832e-03 6.383417661443076874e+00
-1.439999999999999874e-03 6.387061603263564535e+00
-9.599999999999999159e-04 6.438051060579523366e+00
-4.799999999999999580e-04 6.323177706649611984e+00
0.000000000000000000e+00 6.264534568358209654e+00
4.799999999999999580e-04 6.484182316087816034e+00
9.599999999999999159e-04 6.868899435554054023e+00
1.439999999999999874e-03 6.526759103088521030e+00
1.919999999999999832e-03 6.185935616168821483e+00
2.399999999999999790e-03 6.426760704893085041e+00
2.879999999999999748e-03 6.612416088195695707e+00
3.359999999999999706e-03 6.788722453612452412e+00
3.839999999999999664e-03 6.564249553868205744e+00
4.319999999999999188e-03 6.275855622273368795e+00
4.799999999999999580e-03 6.345353759555737660e+00
5.279999999999999971e-03 6.457438858972935236e+00
5.759999999999999495e-03 6.452345780781257645e+00
6.239999999999999020e-03 6.351315614361082496e+00
6.719999999999999411e-03 6.390086953638384415e+00
7.199999999999999803e-03 6.484989637117500649e+00
7.679999999999999327e-03 6.245589735455903124e+00
8.159999999999998851e-03 6.249513262315662843e+00
8.639999999999998376e-03 6.283026696197033800e+00
9.119999999999999635e-03 5.907580321607200702e+00
9.599999999999999159e-03 3.158740089620159175e+00
1.007999999999999868e-02 -5.344145887083541879e+00
1.055999999999999994e-02 -2.290668601282051853e+01
1.103999999999999947e-02 -3.162947817269554562e+01
1.151999999999999899e-02 -3.396006505645828355e+01
1.199999999999999852e-02 -3.408281433381447556e+01
1.247999999999999804e-02 -3.317469446164163571e+01
1.295999999999999930e-02 -3.197776639134543686e+01
1.343999999999999882e-02 -3.115534629671619982e+01
1.391999999999999835e-02 -3.075880421916176388e+01
1.439999999999999961e-02 -3.080818985042363067e+01
1.487999999999999913e-02 -3.102865672469136626e+01
1.535999999999999865e-02 -3.108594978335199599e+01
1.583999999999999991e-02 -3.132743011168572167e+01
1.631999999999999770e-02 -3.183202993867688946e+01
1.679999999999999896e-02 -3.257531363290493687e+01
1.727999999999999675e-02 -3.340134079219636476e+01
1.775999999999999801e-02 -3.445118943560343894e+01
1.823999999999999927e-02 -3.510330358762155356e+01
1.871999999999999706e-02 -3.564081050520810834e+01
1.919999999999999832e-02 -3.609628410365354512e+01
1.967999999999999958e-02 -3.648369704266939806e+01
2.015999999999999737e-02 -3.688236562248435035e+01
2.063999999999999863e-02 -3.719132149178528834e+01
2.111999999999999988e-02 -3.743746238283143413e+01
2.159999999999999767e-02 -3.734175782810485344e+01
2.207999999999999893e-02 -3.736629723148827509e+01
2.255999999999999672e-02 -3.789587625212878663e+01
2.303999999999999798e-02 -3.801493403055761888e+01
2.351999999999999924e-02 -3.841180684151205327e+01
2.399999999999999703e-02 -3.872402351197087000e+01
2.447999999999999829e-02 -3.913616409455412537e+01
2.495999999999999608e-02 -3.963644868669285870e+01
2.543999999999999734e-02 -4.035306123269840128e+01
2.591999999999999860e-02 -4.116409640714933715e+01
2.639999999999999639e-02 -4.198872243188535691e+01
2.687999999999999765e-02 -4.280406627685091792e+01
2.735999999999999890e-02 -4.349434753137680332e+01
2.783999999999999669e-02 -4.442345262678780671e+01
2.831999999999999795e-02 -4.526311104486574521e+01
2.879999999999999921e-02 -4.579927732678651608e+01
2.927999999999999700e-02 -4.624872923895140531e+01
2.975999999999999826e-02 -4.697764869083262340e+01
3.023999999999999605e-02 -4.747367674110363112e+01
3.071999999999999731e-02 -4.780096306957211993e+01
3.119999999999999857e-02 -4.825471260521025840e+01
3.167999999999999983e-02 -4.832655441162704335e+01
3.215999999999999415e-02 -4.826196209072417531e+01
3.263999999999999541e-02 -4.840272429188294723e+01
3.311999999999999666e-02 -4.874291716560912135e+01
3.359999999999999792e-02 -4.910799259759261304e+01
3.407999999999999918e-02 -4.951841478990588996e+01
3.455999999999999350e-02 -4.989937112090014892e+01
3.503999999999999476e-02 -5.002500532221019824e+01
3.551999999999999602e-02 -5.005140298681774880e+01
3.599999999999999728e-02 -5.029598090986021219e+01
3.647999999999999854e-02 -5.067687909362295073e+01
3.695999999999999980e-02 -5.107819247653509365e+01
3.743999999999999412e-02 -5.119104526404184696e+01
3.791999999999999538e-02 -5.139494410055080209e+01
3.839999999999999664e-02 -5.161626739236527328e+01
3.887999999999999790e-02 -5.201786676125094999e+01
3.935999999999999915e-02 -5.230983691732821228e+01
3.983999999999999347e-02 -5.249817230057243478e+01
4.031999999999999473e-02 -5.255628919815467270e+01
4.079999999999999599e-02 -5.281976941774418322e+01
4.127999999999999725e-02 -5.318464294648741486e+01
4.175999999999999851e-02 -5.315342273277192220e+01
4.223999999999999977e-02 -5.298388995147205804e+01
4.271999999999999409e-02 -5.326261153029243900e+01
4.319999999999999535e-02 -5.358741661014457236e+01
4.367999999999999661e-02 -5.353529259559292086e+01
4.415999999999999787e-02 -5.359482233540441598e+01
4.463999999999999913e-02 -5.401994192541843631e+01
4.511999999999999345e-02 -5.397842375476610499e+01
4.559999999999999470e-02 -5.421457935981456444e+01
4.607999999999999596e-02 -5.441156764327919859e+01
4.655999999999999722e-02 -5.448778253138449656e+01
4.703999999999999848e-02 -5.455099090992728605e+01
4.751999999999999280e-02 -5.455454066885340580e+01
4.799999999999999406e-02 -5.451010714387041389e+01
4.847999999999999532e-02 -5.484577714756965605e+01
4.895999999999999658e-02 -5.545015510174012263e+01
4.943999999999999784e-02 -5.577216286895974662e+01
4.991999999999999216e-02 -5.608251151914490151e+01
5.039999999999999342e-02 -5.624234441766994763e+01
5.087999999999999468e-02 -5.626700713475684523e+01
5.135999999999999593e-02 -5.638937379982842657e+01
5.183999999999999719e-02 -5.654824845981568870e+01
5.231999999999999845e-02 -5.660190196227652137e+01
5.279999999999999277e-02 -5.656338831227111541e+01
5.327999999999999403e-02 -5.648341635697871510e+01
5.375999999999999529e-02 -5.665701215649440314e+01
5.423999999999999655e-02 -5.690230986602698238e+01
5.471999999999999781e-02 -5.710825941682797691e+01
5.519999999999999213e-02 -5.710151736256637633e+01
5.567999999999999339e-02 -5.733152510589547290e+01
5.615999999999999465e-02 -5.756494183671003384e+01
5.663999999999999591e-02 -5.737930019341838062e+01
5.711999999999999716e-02 -5.767296853231336939e+01
5.759999999999999842e-02 -5.753159314000552627e+01
5.807999999999999274e-02 -5.737722049682240311e+01
5.855999999999999400e-02 -5.758365888478931538e+01
5.903999999999999526e-02 -5.764387785317525470e+01
5.951999999999999652e-02 -5.744569806825259661e+01
5.999999999999999778e-02 -5.778577491772786345e+01
6.047999999999999210e-02 -5.812827127377833847e+01
6.095999999999999336e-02 -5.849726123811155531e+01
6.143999999999999462e-02 -5.847204474421439357e+01
6.191999999999999588e-02 -5.852943383470881145e+01
6.239999999999999714e-02 -5.842353010413029324e+01
6.287999999999999146e-02 -5.865418885478651134e+01
6.335999999999999965e-02 -5.913932998159122434e+01
6.383999999999999397e-02 -5.936566979969163782e+01
6.431999999999998829e-02 -5.910404873005467152e+01
6.479999999999999649e-02 -5.893570292022948820e+01
6.527999999999999081e-02 -5.911625121427249496e+01
6.575999999999999901e-02 -5.943279662159891785e+01
6.623999999999999333e-02 -5.949555058545952591e+01
6.671999999999998765e-02 -5.967932279579662236e+01
6.719999999999999585e-02 -5.993093088363916365e+01
6.767999999999999017e-02 -6.002860473502028071e+01
6.815999999999999837e-02 -5.990713259695517223e+01
6.863999999999999269e-02 -5.982881097215114607e+01
6.911999999999998701e-02 -5.977047070562320386e+01
6.959999999999999520e-02 -5.997671878933901723e+01
7.007999999999998952e-02 -6.039152937404003296e+01
7.055999999999999772e-02 -6.028877591989463980e+01
7.103999999999999204e-02 -6.060061978125688853e+01
7.152000000000000024e-02 -6.072792575232968204e+01
7.199999999999999456e-02 -6.065841731438337092e+01
7.247999999999998888e-02 -6.066949018769010138e+01
7.295999999999999708e-02 -6.082739686883273578e+01
7.343999999999999140e-02 -6.089984026988419430e+01
7.391999999999999960e-02 -6.077618128368531103e+01
7.439999999999999392e-02 -6.094094336283222901e+01
7.487999999999998824e-02 -6.118470829043736359e+01
7.535999999999999643e-02 -6.135387482515095314e+01
7.583999999999999075e-02 -6.126076816698973460e+01
7.631999999999999895e-02 -6.120878795559549701e+01
7.679999999999999327e-02 -6.135393654516495587e+01
7.727999999999998759e-02 -6.169276456901683048e+01
7.775999999999999579e-02 -6.141954814283429442e+01
7.823999999999999011e-02 -6.125076038793135069e+01
7.871999999999999831e-02 -6.151935541886381031e+01
7.919999999999999263e-02 -6.161616583595878183e+01
7.967999999999998695e-02 -6.155126697200850572e+01
8.015999999999999515e-02 -6.169681368825183654e+01
8.063999999999998947e-02 -6.195417149101218968e+01
8.111999999999999766e-02 -6.191522602188029367e+01
8.159999999999999198e-02 -6.175740783744387130e+01
8.207999999999998630e-02 -6.169885908862003276e+01
8.255999999999999450e-02 -6.189423643556001053e+01
8.303999999999998882e-02 -6.223020197223402761e+01
8.351999999999999702e-02 -6.225204584468254154e+01
8.399999999999999134e-02 -6.235960681554694673e+01
8.447999999999999954e-02 -6.227692565517425294e+01
8.495999999999999386e-02 -6.219670363271460189e+01
8.543999999999998818e-02 -6.218720021220182304e+01
8.591999999999999638e-02 -6.204716729696813360e+01
8.639999999999999070e-02 -6.205849198543984357e+01
8.687999999999999889e-02 -6.241049964549269902e+01
8.735999999999999321e-02 -6.279042092003274433e+01
8.783999999999998753e-02 -6.242753222489199771e+01
8.831999999999999573e-02 -6.255650262271675643e+01
8.879999999999999005e-02 -6.257058366310799613e+01
8.927999999999999825e-02 -6.259501566356349400e+01
8.975999999999999257e-02 -6.268582531858608320e+01
9.023999999999998689e-02 -6.262946410438892997e+01
9.071999999999999509e-02 -6.239350784743617595e+01
9.119999999999998941e-02 -6.246447850790062972e+01
9.167999999999999761e-02 -6.266809367479797999e+01
9.215999999999999193e-02 -6.301403356289448965e+01
9.263999999999998625e-02 -6.279358373187565689e+01
9.311999999999999444e-02 -6.255051568857452082e+01
9.359999999999998876e-02 -6.243214008102938806e+01
9.407999999999999696e-02 -6.242804987142611850e+01
9.455999999999999128e-02 -6.278561321587136490e+01
9.503999999999998560e-02 -6.292938393863344970e+01
9.551999999999999380e-02 -6.271446651450507659e+01
9.599999999999998812e-02 -6.293608586294145368e+01
9.647999999999999632e-02 -6.319995418613638094e+01
9.695999999999999064e-02 -6.307180261489911999e+01
9.743999999999998496e-02 -6.305311679688514204e+01
9.791999999999999316e-02 -6.315662349217909366e+01
9.839999999999998748e-02 -6.311297967162872879e+01
9.887999999999999567e-02 -6.331407044330165945e+01
9.935999999999998999e-02 -6.323252683319691414e+01
9.983999999999998431e-02 -6.341234053141626248e+01
1.003199999999999925e-01 -6.349721086594858122e+01
1.007999999999999868e-01 -6.329602130308037999e+01
1.012799999999999950e-01 -6.362043015316817929e+01
1.017599999999999894e-01 -6.394212246381706422e+01
1.022399999999999975e-01 -6.397933332381673210e+01
1.027199999999999919e-01 -6.401455491702786560e+01
1.031999999999999862e-01 -6.412202888182089566e+01
1.036799999999999944e-01 -6.459387562653957104e+01
1.041599999999999887e-01 -6.511874104697109544e+01
1.046399999999999969e-01 -6.568788962500451589e+01
1.051199999999999912e-01 -6.645451467605526830e+01
1.055999999999999855e-01 -6.647183816580094629e+01
1.060799999999999937e-01 -6.610836958572697597e+01
1.065599999999999881e-01 -6.762730091973412527e+01
1.070399999999999963e-01 -6.888631357026092417e+01
1.075199999999999906e-01 -6.957182777398861617e+01
1.079999999999999849e-01 -7.030318541400276899e+01
1.084799999999999931e-01 -7.114909214607364163e+01
1.089599999999999874e-01 -7.184021998356723770e+01
1.094399999999999956e-01 -7.247660380361490695e+01
1.099199999999999899e-01 -7.307839094739945551e+01
1.103999999999999843e-01 -7.389466989098694683e+01
1.108799999999999925e-01 -7.462909733190596739e+01
1.113599999999999868e-01 -7.519759604381597740e+01
1.118399999999999950e-01 -7.584199917915299238e+01
1.123199999999999893e-01 -7.661815666020797266e+01
1.127999999999999836e-01 -7.724802129602677780e+01
1.132799999999999918e-01 -7.775094737112704024e+01
1.137599999999999861e-01 -7.763115086619681904e+01
1.142399999999999943e-01 -7.737779717887622155e+01
1.147199999999999886e-01 -7.680306561934683884e+01
1.151999999999999968e-01 -7.625244898502826629e+01
1.156799999999999912e-01 -7.590800687606788699e+01
1.161599999999999855e-01 -7.558678776231856489e+01
1.166399999999999937e-01 -7.551630846753107562e+01
1.171199999999999880e-01 -7.556111582048666264e+01
1.175999999999999962e-01 -7.574270577250916858e+01
1.180799999999999905e-01 -7.618754596837118243e+01
1.185599999999999848e-01 -7.666257428598950696e+01
1.190399999999999930e-01 -7.738453861896405783e+01
1.195199999999999874e-01 -7.773345368864376326e+01
1.199999999999999956e-01 -7.787088203055974134e+01
1.204799999999999899e-01 -7.799529120369200541e+01
1.209599999999999842e-01 -7.780179885816819763e+01
1.214399999999999924e-01 -7.726617502243111346e+01
1.219199999999999867e-01 -7.665508111195197216e+01
1.223999999999999949e-01 -7.540356258057013861e+01
