-1.228799999999999955e+02 -9.823332554480442980e+01
-1.223999999999999915e+02 -9.939279040526096765e+01
-1.219200000000000017e+02 -9.971539512635281710e+01
-1.214399999999999977e+02 -9.944758517791620989e+01
-1.209599999999999937e+02 -9.965650944994514759e+01
-1.204799999999999898e+02 -9.989851225493342213e+01
-1.200000000000000000e+02 -1.000344486003370150e+02
-1.195199999999999960e+02 -1.004804298331821713e+02
-1.190399999999999920e+02 -1.010665080755779570e+02
-1.185600000000000023e+02 -1.013969794947097398e+02
-1.180799999999999983e+02 -1.016057685837407689e+02
-1.175999999999999943e+02 -1.016693886026772020e+02
-1.171199999999999903e+02 -1.014624667052688380e+02
-1.166400000000000006e+02 -1.012088370467998999e+02
-1.161599999999999966e+02 -1.013685872711381961e+02
-1.156799999999999926e+02 -1.015283026416572056e+02
-1.151999999999999886e+02 -1.017581725626412208e+02
-1.147199999999999989e+02 -1.022063912568302442e+02
-1.142399999999999949e+02 -1.022696772965833816e+02
-1.137599999999999909e+02 -1.023135078932768067e+02
-1.132800000000000011e+02 -1.018188889472452558e+02
-1.127999999999999972e+02 -1.011424413065290793e+02
-1.123199999999999932e+02 -1.006621604108791530e+02
-1.118399999999999892e+02 -1.000935302400946512e+02
-1.113599999999999994e+02 -9.929840817917316542e+01
-1.108799999999999955e+02 -9.841798784439438919e+01
-1.103999999999999915e+02 -9.764020439417640773e+01
-1.099200000000000017e+02 -9.723731574665447397e+01
-1.094399999999999977e+02 -9.655024203983798259e+01
-1.089599999999999937e+02 -9.581571587761381181e+01
-1.084799999999999898e+02 -9.501030213273870118e+01
-1.080000000000000000e+02 -9.429890666569275481e+01
-1.075199999999999960e+02 -9.318250245083584105e+01
-1.070399999999999920e+02 -9.211043179940388370e+01
-1.065600000000000023e+02 -9.136434773633892803e+01
-1.060799999999999983e+02 -9.058881206333558112e+01
-1.055999999999999943e+02 -8.979762568425914537e+01
-1.051199999999999903e+02 -8.926413093529657772e+01
-1.046400000000000006e+02 -8.848637282323595343e+01
-1.041599999999999966e+02 -8.819890954166417885e+01
-1.036799999999999926e+02 -8.773481010474837660e+01
-1.032000000000000028e+02 -8.720056385659782450e+01
-1.027199999999999989e+02 -8.711798731670994300e+01
-1.022399999999999949e+02 -8.685496198988630567e+01
-1.017599999999999909e+02 -8.651862577547360900e+01
-1.012800000000000011e+02 -8.641373377916762877e+01
-1.007999999999999972e+02 -8.612335979639510697e+01
-1.003199999999999932e+02 -8.585832947378688118e+01
-9.984000000000000341e+01 -8.597037632172569488e+01
-9.935999999999999943e+01 -8.603039944663126448e+01
-9.887999999999999545e+01 -8.589925892875761804e+01
-9.839999999999999147e+01 -8.573630114915860645e+01
-9.792000000000000171e+01 -8.611915863677762673e+01
-9.743999999999999773e+01 -8.607380872415055251e+01
-9.695999999999999375e+01 -8.553137224244908055e+01
-9.647999999999998977e+01 -8.543609328165744898e+01
-9.600000000000000000e+01 -8.556860160203788723e+01
-9.551999999999999602e+01 -8.541000754286051233e+01
-9.503999999999999204e+01 -8.520665271307004218e+01
-9.456000000000000227e+01 -8.500074269795203463e+01
-9.407999999999999829e+01 -8.497795011104749108e+01
-9.359999999999999432e+01 -8.480481841289031308e+01
-9.311999999999999034e+01 -8.480542124396789916e+01
-9.264000000000000057e+01 -8.486330005807297994e+01
-9.215999999999999659e+01 -8.477397692217145675e+01
-9.167999999999999261e+01 -8.480781031628210087e+01
-9.120000000000000284e+01 -8.491048977250486018e+01
-9.071999999999999886e+01 -8.496423634299317484e+01
-9.023999999999999488e+01 -8.492675247613576062e+01
-8.975999999999999091e+01 -8.479410859527865796e+01
-8.928000000000000114e+01 -8.468612436729394233e+01
-8.879999999999999716e+01 -8.457333133000122416e+01
-8.831999999999999318e+01 -8.457888646539328192e+01
-8.784000000000000341e+01 -8.435178056470101637e+01
-8.735999999999999943e+01 -8.423520379843174055e+01
-8.687999999999999545e+01 -8.428693248250081638e+01
-8.639999999999999147e+01 -8.426707355416979794e+01
-8.592000000000000171e+01 -8.413212867650584315e+01
-8.543999999999999773e+01 -8.405850895889221874e+01
-8.495999999999999375e+01 -8.405029003909575636e+01
-8.447999999999998977e+01 -8.393300767664158002e+01
-8.400000000000000000e+01 -8.371289444703391780e+01
-8.351999999999999602e+01 -8.360350866313495999e+01
-8.303999999999999204e+01 -8.362155573078227633e+01
-8.256000000000000227e+01 -8.345817468688670715e+01
-8.207999999999999829e+01 -8.352773210283500305e+01
-8.159999999999999432e+01 -8.349748252326223508e+01
-8.111999999999999034e+01 -8.340879591400468485e+01
-8.064000000000000057e+01 -8.352259087895981793e+01
-8.015999999999999659e+01 -8.352628207546072758e+01
-7.967999999999999261e+01 -8.321204429748650000e+01
-7.920000000000000284e+01 -8.304953943382508896e+01
-7.871999999999999886e+01 -8.301136394844243682e+01
-7.823999999999999488e+01 -8.277288061410308728e+01
-7.775999999999999091e+01 -8.272280165720829359e+01
-7.728000000000000114e+01 -8.296576125176486016e+01
-7.679999999999999716e+01 -8.289815268851216956e+01
-7.631999999999999318e+01 -8.268555823598404686e+01
-7.584000000000000341e+01 -8.239539407410418903e+01
-7.535999999999999943e+01 -8.214350959389221885e+01
-7.487999999999999545e+01 -8.209693629225915856e+01
-7.439999999999999147e+01 -8.234225806686592364e+01
-7.392000000000000171e+01 -8.231136842437243217e+01
-7.343999999999999773e+01 -8.215905003801962891e+01
-7.295999999999999375e+01 -8.194752107467724045e+01
-7.248000000000000398e+01 -8.218601637485177491e+01
-7.200000000000000000e+01 -8.227607157365699209e+01
-7.151999999999999602e+01 -8.208081683876470436e+01
-7.103999999999999204e+01 -8.202274513039984072e+01
-7.056000000000000227e+01 -8.198339461171285336e+01
-7.007999999999999829e+01 -8.175424967604888593e+01
-6.959999999999999432e+01 -8.154821793830235777e+01
-6.912000000000000455e+01 -8.174076289277876128e+01
-6.864000000000000057e+01 -8.172252120569703493e+01
-6.815999999999999659e+01 -8.146674885254898868e+01
-6.767999999999999261e+01 -8.132489766744217263e+01
-6.720000000000000284e+01 -8.126173362949975854e+01
-6.671999999999999886e+01 -8.119122289532523951e+01
-6.623999999999999488e+01 -8.088932359913853531e+01
-6.575999999999999091e+01 -8.086038738185953889e+01
-6.528000000000000114e+01 -8.103467838593756767e+01
-6.479999999999999716e+01 -8.111788723690369807e+01
-6.431999999999999318e+01 -8.109562694541452288e+01
-6.383999999999999631e+01 -8.086314217457714904e+01
-6.335999999999999943e+01 -8.079891266898914637e+01
-6.287999999999999545e+01 -8.081391938372061645e+01
-6.239999999999999858e+01 -8.049567222385664422e+01
-6.191999999999999460e+01 -7.998753438120098735e+01
-6.143999999999999773e+01 -7.977637403756938284e+01
-6.096000000000000085e+01 -7.988306939283882002e+01
-6.047999999999999687e+01 -8.002640054259602209e+01
-6.000000000000000000e+01 -7.993841058768063590e+01
-5.951999999999999602e+01 -7.972264845624391683e+01
-5.903999999999999915e+01 -7.954616071508975494e+01
-5.855999999999999517e+01 -7.940197400626618673e+01
-5.807999999999999829e+01 -7.953458894660570877e+01
-5.759999999999999432e+01 -7.928676220795490792e+01
-5.711999999999999744e+01 -7.912873109066114807e+01
-5.664000000000000057e+01 -7.901010507654454784e+01
-5.615999999999999659e+01 -7.889173190198926022e+01
-5.567999999999999972e+01 -7.872889168683427386e+01
-5.519999999999999574e+01 -7.870680156919317483e+01
-5.471999999999999886e+01 -7.890356057884196161e+01
-5.423999999999999488e+01 -7.872962145551683477e+01
-5.375999999999999801e+01 -7.849571227250558536e+01
-5.328000000000000114e+01 -7.828182044594755951e+01
-5.279999999999999716e+01 -7.791610588689744077e+01
-5.232000000000000028e+01 -7.784544568879067583e+01
-5.183999999999999631e+01 -7.795150069435280216e+01
-5.135999999999999943e+01 -7.757735861350926143e+01
-5.087999999999999545e+01 -7.741619170582913512e+01
-5.039999999999999858e+01 -7.744266703620513681e+01
-4.992000000000000171e+01 -7.711019921302148816e+01
-4.943999999999999773e+01 -7.709122988540788413e+01
-4.896000000000000085e+01 -7.691910003810312446e+01
-4.847999999999999687e+01 -7.675139770623216862e+01
-4.800000000000000000e+01 -7.658096677437829669e+01
-4.751999999999999602e+01 -7.637423053725416366e+01
-4.703999999999999915e+01 -7.615944461233142704e+01
-4.655999999999999517e+01 -7.611392641440946250e+01
-4.607999999999999829e+01 -7.620414996255024676e+01
-4.560000000000000142e+01 -7.614862274824616861e+01
-4.511999999999999744e+01 -7.605256002683717043e+01
-4.464000000000000057e+01 -7.608554960102561893e+01
-4.415999999999999659e+01 -7.609206353382778332e+01
-4.367999999999999972e+01 -7.588823149224619158e+01
-4.319999999999999574e+01 -7.550788062673598233e+01
-4.271999999999999886e+01 -7.514897397051876737e+01
-4.223999999999999488e+01 -7.513205272266834811e+01
-4.175999999999999801e+01 -7.506947887252400164e+01
-4.128000000000000114e+01 -7.492558470918464764e+01
-4.079999999999999716e+01 -7.488865097189682274e+01
-4.032000000000000028e+01 -7.467198374409383632e+01
-3.983999999999999631e+01 -7.465907659048316702e+01
-3.935999999999999943e+01 -7.439492492818338576e+01
-3.887999999999999545e+01 -7.395276034989188929e+01
-3.839999999999999858e+01 -7.380301033204574424e+01
-3.792000000000000171e+01 -7.394399703985378380e+01
-3.743999999999999773e+01 -7.390084217474250750e+01
-3.696000000000000085e+01 -7.365541452923822874e+01
-3.647999999999999687e+01 -7.359548669791678321e+01
-3.600000000000000000e+01 -7.359307372183708651e+01
-3.551999999999999602e+01 -7.325425022939421638e+01
-3.503999999999999915e+01 -7.312077764052388318e+01
-3.456000000000000227e+01 -7.323509707926170620e+01
-3.407999999999999829e+01 -7.344051619025317734e+01
-3.360000000000000142e+01 -7.301532248867660257e+01
-3.311999999999999744e+01 -7.248366108809078412e+01
-3.264000000000000057e+01 -7.230849766706425896e+01
-3.215999999999999659e+01 -7.203981566626055155e+01
-3.167999999999999972e+01 -7.177318681298383751e+01
-3.119999999999999929e+01 -7.149088690259131340e+01
-3.071999999999999886e+01 -7.152642268793516678e+01
-3.023999999999999844e+01 -7.133488688608133543e+01
-2.975999999999999801e+01 -7.111451815240839380e+01
-2.927999999999999758e+01 -7.076075742878470010e+01
-2.879999999999999716e+01 -7.049117785688524407e+01
-2.832000000000000028e+01 -7.029536752511137365e+01
-2.783999999999999986e+01 -7.014713876630709422e+01
-2.735999999999999943e+01 -6.981983626164711154e+01
-2.687999999999999901e+01 -6.907083928409684859e+01
-2.639999999999999858e+01 -6.840502237047277845e+01
-2.591999999999999815e+01 -6.768694643751737772e+01
-2.543999999999999773e+01 -6.696670254909344067e+01
-2.496000000000000085e+01 -6.624745810631777942e+01
-2.448000000000000043e+01 -6.557283042369745374e+01
-2.400000000000000000e+01 -6.500581443430496620e+01
-2.351999999999999957e+01 -6.435180704904426818e+01
-2.303999999999999915e+01 -6.367828531734236464e+01
-2.255999999999999872e+01 -6.309481874853855743e+01
-2.207999999999999829e+01 -6.254836081021127825e+01
-2.159999999999999787e+01 -6.197303518842618075e+01
-2.111999999999999744e+01 -6.108739933726404558e+01
-2.064000000000000057e+01 -6.075130287672485707e+01
-2.016000000000000014e+01 -6.061678127168242725e+01
-1.967999999999999972e+01 -6.056682293439395437e+01
-1.919999999999999929e+01 -6.097533857212614095e+01
-1.871999999999999886e+01 -6.127021564013936228e+01
-1.823999999999999844e+01 -6.164963782639816259e+01
-1.775999999999999801e+01 -6.155123700634216277e+01
-1.728000000000000114e+01 -6.115461420363206457e+01
-1.680000000000000071e+01 -6.060080675766215563e+01
-1.632000000000000028e+01 -6.002971052123218954e+01
-1.583999999999999986e+01 -5.916450164962367353e+01
-1.535999999999999943e+01 -5.826047552484358505e+01
-1.487999999999999901e+01 -5.724980527980218170e+01
-1.439999999999999858e+01 -5.639871450917974016e+01
-1.391999999999999993e+01 -5.583119488397004204e+01
-1.343999999999999950e+01 -5.577662101249576665e+01
-1.295999999999999908e+01 -5.587091619419035027e+01
-1.248000000000000043e+01 -5.657668282976693774e+01
-1.200000000000000000e+01 -5.786013837603007204e+01
-1.151999999999999957e+01 -5.901883268407863881e+01
-1.103999999999999915e+01 -5.908556076553953318e+01
-1.055999999999999872e+01 -5.276275058859852152e+01
-1.008000000000000007e+01 -3.611670553366784020e+01
-9.599999999999999645e+00 -2.774734233486266533e+01
-9.119999999999999218e+00 -2.502115302612473258e+01
-8.640000000000000568e+00 -2.466167145346478762e+01
-8.160000000000000142e+00 -2.452051953411358198e+01
-7.679999999999999716e+00 -2.424839030470292300e+01
-7.199999999999999289e+00 -2.409952181058134713e+01
-6.719999999999999751e+00 -2.424813961482895053e+01
-6.240000000000000213e+00 -2.421131629902159332e+01
-5.759999999999999787e+00 -2.407266635940715460e+01
-5.279999999999999361e+00 -2.412780797811864630e+01
-4.799999999999999822e+00 -2.415803638838462319e+01
-4.320000000000000284e+00 -2.437450084317545418e+01
-3.839999999999999858e+00 -2.449943740967033179e+01
-3.359999999999999876e+00 -2.451839000575807859e+01
-2.879999999999999893e+00 -2.452496440955984625e+01
-2.399999999999999911e+00 -2.441012201340365451e+01
-1.919999999999999929e+00 -2.444117356642271943e+01
-1.439999999999999947e+00 -2.438469174674292717e+01
-9.599999999999999645e-01 -2.429413059812938513e+01
-4.799999999999999822e-01 -2.439188966739860120e+01
0.000000000000000000e+00 -2.443256516671798906e+01
4.799999999999999822e-01 -2.420953844732242644e+01
9.599999999999999645e-01 -2.385253284237293769e+01
1.439999999999999947e+00 -2.423776098901373999e+01
1.919999999999999929e+00 -2.462689869136851684e+01
2.399999999999999911e+00 -2.440898161129207722e+01
2.879999999999999893e+00 -2.423526262991864044e+01
3.359999999999999876e+00 -2.407250707823541447e+01
3.839999999999999858e+00 -2.429916434337353337e+01
4.320000000000000284e+00 -2.457019906298094014e+01
4.799999999999999822e+00 -2.446633990436991013e+01
5.279999999999999361e+00 -2.430243083783519609e+01
5.759999999999999787e+00 -2.427177648288073897e+01
6.240000000000000213e+00 -2.433987402508826392e+01
6.719999999999999751e+00 -2.427153000681007811e+01
7.199999999999999289e+00 -2.416433921916765826e+01
7.679999999999999716e+00 -2.441014645591470966e+01
8.160000000000000142e+00 -2.445634643505919570e+01
8.640000000000000568e+00 -2.450224324312682000e+01
9.119999999999999218e+00 -2.496771575986765157e+01
9.599999999999999645e+00 -2.776867672012922483e+01
1.008000000000000007e+01 -3.626941466353508758e+01
1.055999999999999872e+01 -5.315770838178938362e+01
1.103999999999999915e+01 -5.900861633261639838e+01
1.151999999999999957e+01 -5.806577420357223218e+01
1.200000000000000000e+01 -5.665961433418704019e+01
1.248000000000000043e+01 -5.572892738668151225e+01
1.295999999999999908e+01 -5.498189214690309967e+01
1.343999999999999950e+01 -5.472893112929122594e+01
1.391999999999999993e+01 -5.504558962948720335e+01
1.439999999999999858e+01 -5.587567892466243791e+01
1.487999999999999901e+01 -5.684760386436356328e+01
1.535999999999999943e+01 -5.750982155466950729e+01
1.583999999999999986e+01 -5.828340243726150049e+01
1.632000000000000028e+01 -5.898338616653149558e+01
1.680000000000000071e+01 -5.976496018902168572e+01
1.728000000000000114e+01 -6.022481372055161586e+01
1.775999999999999801e+01 -6.052770519461255105e+01
1.823999999999999844e+01 -6.040046085540186027e+01
1.871999999999999886e+01 -6.007555803458841126e+01
1.919999999999999929e+01 -5.980482108698502941e+01
1.967999999999999972e+01 -5.966556606031417687e+01
2.016000000000000014e+01 -5.973563494490180403e+01
2.064000000000000057e+01 -5.997636635410813000e+01
2.111999999999999744e+01 -6.031996767435821027e+01
2.159999999999999787e+01 -6.049272838389391893e+01
2.207999999999999829e+01 -6.090354306726450773e+01
2.255999999999999872e+01 -6.187744313825242415e+01
2.303999999999999915e+01 -6.246156392848989469e+01
2.351999999999999957e+01 -6.321018893248123760e+01
2.400000000000000000e+01 -6.391917351439954587e+01
2.448000000000000043e+01 -6.458686313017211944e+01
2.496000000000000085e+01 -6.520490537138039144e+01
2.543999999999999773e+01 -6.593013427810299731e+01
2.591999999999999815e+01 -6.665837124301405936e+01
2.639999999999999858e+01 -6.739479621245426699e+01
2.687999999999999901e+01 -6.826722717873261104e+01
2.735999999999999943e+01 -6.883397662817253604e+01
2.783999999999999986e+01 -6.953645238030495079e+01
2.832000000000000028e+01 -6.997733886984693186e+01
2.879999999999999716e+01 -7.022446240468366341e+01
2.927999999999999758e+01 -7.043222350354446348e+01
2.975999999999999801e+01 -7.081848935822364410e+01
3.023999999999999844e+01 -7.103095103323185810e+01
3.071999999999999886e+01 -7.134894501229796049e+01
3.119999999999999929e+01 -7.192832656135487923e+01
3.167999999999999972e+01 -7.210110985646069537e+01
3.215999999999999659e+01 -7.213705678517167996e+01
3.264000000000000057e+01 -7.232056242777332500e+01
3.311999999999999744e+01 -7.270784346400239428e+01
3.360000000000000142e+01 -7.322808640910768929e+01
3.407999999999999829e+01 -7.350851679813787598e+01
3.456000000000000227e+01 -7.370662533822442697e+01
3.503999999999999915e+01 -7.375409679278212138e+01
3.551999999999999602e+01 -7.376773549701188415e+01
3.600000000000000000e+01 -7.392311604445798423e+01
3.647999999999999687e+01 -7.405775841766173073e+01
3.696000000000000085e+01 -7.444389599418808245e+01
3.743999999999999773e+01 -7.468797391333512792e+01
3.792000000000000171e+01 -7.479855957240742725e+01
3.839999999999999858e+01 -7.502088024421671264e+01
3.887999999999999545e+01 -7.537331394159414799e+01
3.935999999999999943e+01 -7.560645269380326283e+01
3.983999999999999631e+01 -7.603272454774322853e+01
4.032000000000000028e+01 -7.617652245899999741e+01
4.079999999999999716e+01 -7.643520717057609204e+01
4.128000000000000114e+01 -7.656922049498008676e+01
4.175999999999999801e+01 -7.634946503449916122e+01
4.223999999999999488e+01 -7.632570992465069537e+01
4.271999999999999886e+01 -7.654868623333621258e+01
4.319999999999999574e+01 -7.682582042798156863e+01
4.367999999999999972e+01 -7.677532027828567607e+01
4.415999999999999659e+01 -7.698914200214051107e+01
4.464000000000000057e+01 -7.738451775438687719e+01
4.511999999999999744e+01 -7.731702220104291712e+01
4.560000000000000142e+01 -7.749209481214793982e+01
4.607999999999999829e+01 -7.771649173769327490e+01
4.655999999999999517e+01 -7.790100976942589739e+01
4.703999999999999915e+01 -7.792525162769359781e+01
4.751999999999999602e+01 -7.802032918204460543e+01
4.800000000000000000e+01 -7.809340077785469703e+01
4.847999999999999687e+01 -7.834304521036635549e+01
4.896000000000000085e+01 -7.859211542231513192e+01
4.943999999999999773e+01 -7.873794004378088118e+01
4.992000000000000171e+01 -7.911277833035801166e+01
5.039999999999999858e+01 -7.913382106802357896e+01
5.087999999999999545e+01 -7.883437807324287405e+01
5.135999999999999943e+01 -7.892042645826707314e+01
5.183999999999999631e+01 -7.895193506505965786e+01
5.232000000000000028e+01 -7.896900506020982391e+01
5.279999999999999716e+01 -7.894001984733854727e+01
5.328000000000000114e+01 -7.895328931443199849e+01
5.375999999999999801e+01 -7.922733971798594155e+01
5.423999999999999488e+01 -7.953719438080601378e+01
5.471999999999999886e+01 -7.975256147816085672e+01
5.519999999999999574e+01 -7.988892282343134355e+01
5.567999999999999972e+01 -8.014970114699687542e+01
5.615999999999999659e+01 -8.052757399907739000e+01
5.664000000000000057e+01 -8.070871863860530482e+01
5.711999999999999744e+01 -8.089049098962473749e+01
5.759999999999999432e+01 -8.064583830960613398e+01
5.807999999999999829e+01 -8.070293465891424489e+01
5.855999999999999517e+01 -8.100310361161322703e+01
5.903999999999999915e+01 -8.104629581592986654e+01
5.951999999999999602e+01 -8.085520865814395108e+01
6.000000000000000000e+01 -8.095288782632634650e+01
6.047999999999999687e+01 -8.084059322162757155e+01
6.096000000000000085e+01 -8.107080959887679228e+01
6.143999999999999773e+01 -8.124215916947711946e+01
6.191999999999999460e+01 -8.139490274013792259e+01
6.239999999999999858e+01 -8.130448329511969519e+01
6.287999999999999545e+01 -8.155592022268317010e+01
6.335999999999999943e+01 -8.213534758730511953e+01
6.383999999999999631e+01 -8.248818268448032143e+01
6.431999999999999318e+01 -8.241817206084155600e+01
6.479999999999999716e+01 -8.211583439880499213e+01
6.528000000000000114e+01 -8.210707650309210237e+01
6.575999999999999091e+01 -8.236699633543757670e+01
6.623999999999999488e+01 -8.249647367979781620e+01
6.671999999999999886e+01 -8.293618163486392802e+01
6.720000000000000284e+01 -8.314646718799886571e+01
6.767999999999999261e+01 -8.309709238176569102e+01
6.815999999999999659e+01 -8.312504523429782921e+01
6.864000000000000057e+01 -8.314916552443693831e+01
6.912000000000000455e+01 -8.314682024392270421e+01
6.959999999999999432e+01 -8.310988046921116279e+01
7.007999999999999829e+01 -8.324965456784036633e+01
7.056000000000000227e+01 -8.340384717741373777e+01
7.103999999999999204e+01 -8.363091674856801205e+01
7.151999999999999602e+01 -8.350382239982926080e+01
7.200000000000000000e+01 -8.361774363660033771e+01
7.248000000000000398e+01 -8.387429067854674258e+01
7.295999999999999375e+01 -8.388035277885995811e+01
7.343999999999999773e+01 -8.380862573827299400e+01
7.392000000000000171e+01 -8.373144883359167068e+01
7.439999999999999147e+01 -8.391764583245050346e+01
7.487999999999999545e+01 -8.430329544164366951e+01
7.535999999999999943e+01 -8.464137575673152014e+01
7.584000000000000341e+01 -8.448220548563594434e+01
7.631999999999999318e+01 -8.433085266651110601e+01
7.679999999999999716e+01 -8.434769125784595190e+01
7.728000000000000114e+01 -8.469018660885305394e+01
7.775999999999999091e+01 -8.444045569924726635e+01
7.823999999999999488e+01 -8.416080221081998047e+01
7.871999999999999886e+01 -8.424359020915311191e+01
7.920000000000000284e+01 -8.413054084816586453e+01
7.967999999999999261e+01 -8.421576172318033571e+01
8.015999999999999659e+01 -8.463202419853841718e+01
8.064000000000000057e+01 -8.487255682982728899e+01
8.111999999999999034e+01 -8.500779213920694133e+01
8.159999999999999432e+01 -8.505607254444015553e+01
8.207999999999999829e+01 -8.527022747818691073e+01
8.256000000000000227e+01 -8.541249133469038668e+01
8.303999999999999204e+01 -8.554613283866936513e+01
8.351999999999999602e+01 -8.535869524046094625e+01
8.400000000000000000e+01 -8.558536813447625491e+01
8.447999999999998977e+01 -8.547274256676244875e+01
8.495999999999999375e+01 -8.534952228197701629e+01
8.543999999999999773e+01 -8.553199033402330542e+01
8.592000000000000171e+01 -8.550690517691705850e+01
8.639999999999999147e+01 -8.533363310582868166e+01
8.687999999999999545e+01 -8.546558183561735689e+01
8.735999999999999943e+01 -8.573571204261931200e+01
8.784000000000000341e+01 -8.557647118469036229e+01
8.831999999999999318e+01 -8.570807105480446353e+01
8.879999999999999716e+01 -8.580044133802431361e+01
8.928000000000000114e+01 -8.592564693635523554e+01
8.975999999999999091e+01 -8.597925001371996245e+01
9.023999999999999488e+01 -8.597706517159336670e+01
9.071999999999999886e+01 -8.583296410599002968e+01
9.120000000000000284e+01 -8.604665183639852444e+01
9.167999999999999261e+01 -8.623802276380575904e+01
9.215999999999999659e+01 -8.648238941997041707e+01
9.264000000000000057e+01 -8.642454598707340097e+01
9.311999999999999034e+01 -8.614478882170566010e+01
9.359999999999999432e+01 -8.591918875276945755e+01
9.407999999999999829e+01 -8.621256836607223306e+01
9.456000000000000227e+01 -8.632103816149898989e+01
9.503999999999999204e+01 -8.640605376059329501e+01
9.551999999999999602e+01 -8.638220296799974562e+01
9.600000000000000000e+01 -8.637318954469347432e+01
9.647999999999998977e+01 -8.651758135435179042e+01
9.695999999999999375e+01 -8.675291542054283411e+01
9.743999999999999773e+01 -8.685068944779351341e+01
9.792000000000000171e+01 -8.667446799667078494e+01
9.839999999999999147e+01 -8.651621514019970505e+01
9.887999999999999545e+01 -8.675275643098380840e+01
9.935999999999999943e+01 -8.659352127340241623e+01
9.984000000000000341e+01 -8.687939263584422633e+01
1.003199999999999932e+02 -8.713993237979374840e+01
1.007999999999999972e+02 -8.687146053422156911e+01
1.012800000000000011e+02 -8.694817266543337553e+01
1.017599999999999909e+02 -8.735593490981543141e+01
1.022399999999999949e+02 -8.768705306361826501e+01
1.027199999999999989e+02 -8.777794750570812710e+01
1.032000000000000028e+02 -8.781295946160163624e+01
1.036799999999999926e+02 -8.829539588386681714e+01
1.041599999999999966e+02 -8.873992986099771940e+01
1.046400000000000006e+02 -8.927734179592903274e+01
1.051199999999999903e+02 -8.997655538109106033e+01
1.055999999999999943e+02 -9.011914275888834425e+01
1.060799999999999983e+02 -8.983654284218303587e+01
1.065600000000000023e+02 -9.108024964796825884e+01
1.070399999999999920e+02 -9.248824920133402827e+01
1.075199999999999960e+02 -9.342236609590484875e+01
1.080000000000000000e+02 -9.441829457475967047e+01
1.084799999999999898e+02 -9.557283792375743303e+01
1.089599999999999937e+02 -9.663888678694539180e+01
1.094399999999999977e+02 -9.757097281451220283e+01
1.099200000000000017e+02 -9.854565021162122207e+01
1.103999999999999915e+02 -9.943146821628229759e+01
1.108799999999999955e+02 -1.001439597693769912e+02
1.113599999999999994e+02 -1.007125715962142181e+02
1.118399999999999892e+02 -1.014149800385869185e+02
1.123199999999999932e+02 -1.017428260068246715e+02
1.127999999999999972e+02 -1.020244354345326485e+02
1.132800000000000011e+02 -1.024600292669928479e+02
1.137599999999999909e+02 -1.026798050880395010e+02
1.142399999999999949e+02 -1.029263306659507151e+02
1.147199999999999989e+02 -1.028087765389582842e+02
1.151999999999999886e+02 -1.029370902119935636e+02
1.156799999999999926e+02 -1.029245562853658527e+02
1.161599999999999966e+02 -1.024642362544500429e+02
1.166400000000000006e+02 -1.019506494592180559e+02
1.171199999999999903e+02 -1.014472050638571119e+02
1.175999999999999943e+02 -1.010317580309215657e+02
1.180799999999999983e+02 -1.008557763808486527e+02
1.185600000000000023e+02 -1.009293141901160880e+02
1.190399999999999920e+02 -1.009624874890355670e+02
1.195199999999999960e+02 -1.012282842538856329e+02
1.200000000000000000e+02 -1.015619719964741421e+02
1.204799999999999898e+02 -1.020966215573652107e+02
1.209599999999999937e+02 -1.024216459369276038e+02
1.214399999999999977e+02 -1.021630394997997513e+02
1.219200000000000017e+02 -1.016162826223237801e+02
1.223999999999999915e+02 -1.002096932803226395e+02
