0.000000000000000000e+00 1.050962364417835637e+00
1.956947162426614373e-03 1.050931001713959034e+00
3.913894324853228746e-03 1.050836951133193642e+00
5.870841487279843118e-03 1.050680325226886591e+00
7.827788649706457491e-03 1.050461311443165791e+00
9.784735812133071864e-03 1.050180171920910954e+00
1.174168297455968624e-02 1.049837243201594994e+00
1.369863013698630061e-02 1.049432935859288651e+00
1.565557729941291498e-02 1.048967734049190748e+00
1.761252446183952935e-02 1.048442194975134578e+00
1.956947162426614373e-02 1.047856948276600475e+00
2.152641878669275810e-02 1.047212695335838495e+00
2.348336594911937247e-02 1.046510208505795569e+00
2.544031311154598685e-02 1.045750330259609839e+00
2.739726027397260122e-02 1.044933972262517496e+00
2.935420743639921559e-02 1.044062114367095839e+00
3.131115459882582996e-02 1.043135803532840189e+00
3.326810176125244434e-02 1.042156152671146696e+00
3.522504892367905871e-02 1.041124339416852562e+00
3.718199608610567308e-02 1.040041604827552035e+00
3.913894324853228746e-02 1.038909252011981144e+00
4.109589041095890183e-02 1.037728644688838964e+00
4.305283757338551620e-02 1.036501205677474946e+00
4.500978473581213057e-02 1.035228415321945761e+00
4.696673189823874495e-02 1.033911809850011077e+00
4.892367906066535932e-02 1.032552979668700077e+00
5.088062622309197369e-02 1.031153567598145804e+00
5.283757338551858806e-02 1.029715267045448801e+00
5.479452054794520244e-02 1.028239820120387282e+00
5.675146771037181681e-02 1.026729015694852976e+00
5.870841487279843118e-02 1.025184687407946216e+00
6.066536203522504556e-02 1.023608711618720912e+00
6.262230919765165993e-02 1.022003005308622869e+00
6.457925636007827430e-02 1.020369523935712230e+00
6.653620352250488867e-02 1.018710259242815663e+00
6.849315068493150305e-02 1.017027237021795427e+00
7.045009784735811742e-02 1.015322514836171974e+00
7.240704500978473179e-02 1.013598179704374713e+00
7.436399217221134617e-02 1.011856345745941077e+00
7.632093933463796054e-02 1.010099151793016459e+00
7.827788649706457491e-02 1.008328758969551320e+00
8.023483365949118928e-02 1.006547348240614870e+00
8.219178082191780366e-02 1.004757117934291566e+00
8.414872798434441803e-02 1.002960281238632456e+00
8.610567514677103240e-02 1.001159063676190453e+00
8.806262230919764677e-02 9.993557005586612974e-01
9.001956947162426115e-02 9.975524344241994967e-01
9.197651663405087552e-02 9.957515124599817247e-01
9.393346379647748989e-02 9.939551839126100630e-01
9.589041095890410427e-02 9.921656974889732084e-01
9.784735812133071864e-02 9.903852987501754468e-01
9.980430528375733301e-02 9.886162275011713962e-01
1.017612524461839474e-01 9.868607151787374132e-01
1.037181996086105618e-01 9.851209822404264349e-01
1.056751467710371761e-01 9.833992355571431476e-01
1.076320939334637905e-01 9.816976658119848098e-01
1.095890410958904049e-01 9.800184449079849536e-01
1.115459882583170192e-01 9.783637233873906380e-01
1.135029354207436336e-01 9.767356278651003754e-01
1.154598825831702480e-01 9.751362584788708654e-01
1.174168297455968624e-01 9.735676863588949015e-01
1.193737769080234767e-01 9.720319511193322715e-01
1.213307240704500911e-01 9.705310583743571584e-01
1.232876712328767055e-01 9.690669772812651184e-01
1.252446183953033199e-01 9.676416381131606181e-01
1.272015655577299342e-01 9.662569298637178061e-01
1.291585127201565486e-01 9.649146978864784341e-01
1.311154598825831630e-01 9.636167415711227591e-01
1.330724070450097773e-01 9.623648120591141719e-01
1.350293542074363917e-01 9.611606100010829934e-01
1.369863013698630061e-01 9.600057833582759104e-01
1.389432485322896205e-01 9.589019252503615531e-01
1.409001956947162348e-01 9.578505718518356415e-01
1.428571428571428492e-01 9.568532003392244967e-01
1.448140900195694636e-01 9.559112268912477450e-01
1.467710371819960780e-01 9.550260047440357614e-01
1.487279843444226923e-01 9.541988223034676420e-01
1.506849315068493067e-01 9.534309013166225588e-01
1.526418786692759211e-01 9.527233951042958227e-01
1.545988258317025354e-01 9.520773868564692544e-01
1.565557729941291498e-01 9.514938879925672888e-01
1.585127201565557642e-01 9.509738365882715039e-01
1.604696673189823786e-01 9.505180958706007655e-01
1.624266144814089929e-01 9.501274527829052241e-01
1.643835616438356073e-01 9.498026166213507926e-01
1.663405088062622217e-01 9.495442177444126663e-01
1.682974559686888361e-01 9.493528063568171804e-01
1.702544031311154504e-01 9.492288513693100116e-01
1.722113502935420648e-01 9.491727393355524622e-01
1.741682974559686792e-01 9.491847734673799497e-01
1.761252446183952935e-01 9.492651727295753350e-01
1.780821917808219079e-01 9.494140710152428886e-01
1.800391389432485223e-01 9.496315164027872013e-01
1.819960861056751367e-01 9.499174704954267412e-01
1.839530332681017510e-01 9.502718078440910432e-01
1.859099804305283654e-01 9.506943154544779118e-01
1.878669275929549798e-01 9.511846923789558650e-01
1.898238747553815942e-01 9.517425493939317693e-01
1.917808219178082085e-01 9.523674087632058027e-01
1.937377690802348229e-01 9.530587040877689375e-01
1.956947162426614373e-01 9.538157802424073184e-01
1.976516634050880517e-01 9.546378933993947546e-01
1.996086105675146660e-01 9.555242111394818272e-01
2.015655577299412804e-01 9.564738126502875248e-01
2.035225048923678948e-01 9.574856890121422603e-01
2.054794520547945091e-01 9.585587435713185389e-01
2.074363992172211235e-01 9.596917924005277101e-01
2.093933463796477379e-01 9.608835648464596479e-01
2.113502935420743523e-01 9.621327041640693745e-01
2.133072407045009666e-01 9.634377682372249341e-01
2.152641878669275810e-01 9.647972303852535569e-01
2.172211350293541954e-01 9.662094802548345518e-01
2.191780821917808098e-01 9.676728247966120966e-01
2.211350293542074241e-01 9.691854893258116110e-01
2.230919765166340385e-01 9.707456186660722297e-01
2.250489236790606529e-01 9.723512783756156352e-01
2.270058708414872672e-01 9.740004560548041201e-01
2.289628180039138816e-01 9.756910627340540376e-01
2.309197651663404960e-01 9.774209343409931972e-01
2.328767123287671104e-01 9.791878332456814826e-01
2.348336594911937247e-01 9.809894498826259301e-01
2.367906066536203391e-01 9.828234044482601073e-01
2.387475538160469535e-01 9.846872486724731477e-01
2.407045009784735679e-01 9.865784676627082916e-01
2.426614481409001822e-01 9.884944818190771754e-01
2.446183953033267966e-01 9.904326488188679445e-01
2.465753424657534110e-01 9.923902656687544344e-01
2.485322896281800253e-01 9.943645708229529312e-01
2.504892367906066397e-01 9.963527463655006411e-01
2.524461839530332541e-01 9.983519202547733729e-01
2.544031311154598685e-01 1.000359168628293993e+00
2.563600782778864828e-01 1.002371518165826370e+00
2.583170254403130972e-01 1.004385948508689896e+00
2.602739726027397116e-01 1.006399394733173303e+00
2.622309197651663260e-01 1.008408749875874699e+00
2.641878669275929403e-01 1.010410867508741539e+00
2.661448140900195547e-01 1.012402564361531310e+00
2.681017612524461691e-01 1.014380622989370151e+00
2.700587084148727834e-01 1.016341794483040628e+00
2.720156555772993978e-01 1.018282801219581035e+00
2.739726027397260122e-01 1.020200339650743082e+00
2.759295499021526266e-01 1.022091083126814182e+00
2.778864970645792409e-01 1.023951684753269920e+00
2.798434442270058553e-01 1.025778780277692759e+00
2.818003913894324697e-01 1.027568991004361498e+00
2.837573385518590841e-01 1.029318926733876483e+00
2.857142857142856984e-01 1.031025188725174013e+00
2.876712328767123128e-01 1.032684372677244111e+00
2.896281800391389272e-01 1.034293071727851121e+00
2.915851272015655415e-01 1.035847879466537780e+00
2.935420743639921559e-01 1.037345392959167389e+00
2.954990215264187703e-01 1.038782215781256291e+00
2.974559686888453847e-01 1.040154961057327299e+00
2.994129158512719990e-01 1.041460254503506766e+00
3.013698630136986134e-01 1.042694737470584831e+00
3.033268101761252278e-01 1.043855069984751305e+00
3.052837573385518422e-01 1.044937933783214534e+00
3.072407045009784565e-01 1.045940035341919261e+00
3.091976516634050709e-01 1.046858108892574357e+00
3.111545988258316853e-01 1.047688919426213339e+00
3.131115459882582996e-01 1.048429265680516531e+00
3.150684931506849140e-01 1.049075983108132437e+00
3.170254403131115284e-01 1.049625946823257605e+00
3.189823874755381428e-01 1.050076074523740521e+00
3.209393346379647571e-01 1.050423329385999027e+00
3.228962818003913715e-01 1.050664722930065853e+00
3.248532289628179859e-01 1.050797317852091517e+00
3.268101761252446003e-01 1.050818230821665811e+00
3.287671232876712146e-01 1.050724635241353289e+00
3.307240704500978290e-01 1.050513763965854386e+00
3.326810176125244434e-01 1.050182911978253308e+00
3.346379647749510577e-01 1.049729439020840704e+00
3.365949119373776721e-01 1.049150772178042201e+00
3.385518590998042865e-01 1.048444408409016759e+00
3.405088062622309009e-01 1.047607917027547852e+00
3.424657534246575152e-01 1.046638942126874472e+00
3.444227005870841296e-01 1.045535204947176000e+00
3.463796477495107440e-01 1.044294506183461424e+00
3.483365949119373584e-01 1.042914728231674415e+00
3.502935420743639727e-01 1.041393837370868658e+00
3.522504892367905871e-01 1.039729885879378202e+00
3.542074363992172015e-01 1.037921014082952009e+00
3.561643835616438158e-01 1.035965452332889170e+00
3.581213307240704302e-01 1.033861522912270514e+00
3.600782778864970446e-01 1.031607641868447445e+00
3.620352250489236590e-01 1.029202320770010282e+00
3.639921722113502733e-01 1.026644168386531275e+00
3.659491193737768877e-01 1.023931892289438261e+00
3.679060665362035021e-01 1.021064300372452660e+00
3.698630136986301165e-01 1.018040302290092347e+00
3.718199608610567308e-01 1.014858910812812987e+00
3.737769080234833452e-01 1.011519243097439125e+00
3.757338551859099596e-01 1.008020521871606512e+00
3.776908023483365739e-01 1.004362076531023940e+00
3.796477495107631883e-01 1.000543344148422387e+00
3.816046966731898027e-01 9.965638703931647413e-01
3.835616438356164171e-01 9.924233103605424322e-01
3.855185909980430314e-01 9.881214293098871115e-01
3.874755381604696458e-01 9.836581033106942540e-01
3.894324853228962602e-01 9.790333197960466860e-01
3.913894324853228746e-01 9.742471780227026645e-01
3.933463796477494889e-01 9.692998894373039409e-01
3.953033268101761033e-01 9.641917779482378492e-01
3.972602739726027177e-01 9.589232801027741671e-01
3.992172211350293320e-01 9.534949451691896449e-01
4.011741682974559464e-01 9.479074351236643770e-01
4.031311154598825608e-01 9.421615245418363260e-01
4.050880626223091752e-01 9.362581003949745906e-01
4.070450097847357895e-01 9.301981617508258138e-01
4.090019569471624039e-01 9.239828193792682942e-01
4.109589041095890183e-01 9.176132952630001727e-01
4.129158512720156327e-01 9.110909220135696707e-01
4.148727984344422470e-01 9.044171421931435084e-01
4.168297455968688614e-01 8.975935075424950060e-01
4.187866927592954758e-01 8.906216781157777485e-01
4.207436399217220901e-01 8.835034213227325184e-01
4.227005870841487045e-01 8.762406108790679049e-01
4.246575342465753189e-01 8.688352256658270489e-01
4.266144814090019333e-01 8.612893484986436921e-01
4.285714285714285476e-01 8.536051648078687437e-01
4.305283757338551620e-01 8.457849612306345133e-01
4.324853228962817764e-01 8.378311241159922540e-01
4.344422700587083908e-01 8.297461379443555884e-01
4.363992172211350051e-01 8.215325836625420042e-01
4.383561643835616195e-01 8.131931369357943140e-01
4.403131115459882339e-01 8.047305663182331426e-01
4.422700587084148482e-01 7.961477313432675507e-01
4.442270058708414626e-01 7.874475805355660718e-01
4.461839530332680770e-01 7.786331493462551601e-01
4.481409001956946914e-01 7.697075580130905426e-01
4.500978473581213057e-01 7.606740093474103626e-01
4.520547945205479201e-01 7.515357864497430596e-01
4.540117416829745345e-01 7.422962503560172065e-01
4.559686888454011489e-01 7.329588376163732599e-01
4.579256360078277632e-01 7.235270578086460125e-01
4.598825831702543776e-01 7.140044909886417157e-01
4.618395303326809920e-01 7.043947850793957910e-01
4.637964774951076063e-01 6.947016532016465629e-01
4.657534246575342207e-01 6.849288709478229542e-01
4.677103718199608351e-01 6.750802736018831629e-01
4.696673189823874495e-01 6.651597533074059543e-01
4.716242661448140638e-01 6.551712561863700657e-01
4.735812133072406782e-01 6.451187794111075124e-01
4.755381604696672926e-01 6.350063682319648795e-01
4.774951076320939070e-01 6.248381129632341047e-01
4.794520547945205213e-01 6.146181459299668859e-01
4.814090019569471357e-01 6.043506383783101565e-01
4.833659491193737501e-01 5.940397973520434860e-01
4.853228962818003644e-01 5.836898625380213534e-01
4.872798434442269788e-01 5.733051030832585493e-01
4.892367906066535932e-01 5.628898143864201620e-01
4.911937377690802076e-01 5.524483148664980359e-01
4.931506849315068219e-01 5.419849427114841189e-01
4.951076320939334363e-01 5.315040526098588902e-01
4.970645792563600507e-01 5.210100124677404798e-01
4.990215264187866651e-01 5.105072001145412042e-01
5.009784735812132794e-01 5.000000000000000000e-01
5.029354207436398383e-01 4.894927998854589624e-01
5.048923679060665082e-01 4.789899875322596312e-01
5.068493150684931781e-01 4.684959473901410543e-01
5.088062622309197369e-01 4.580150572885159921e-01
5.107632093933462958e-01 4.475516851335020196e-01
5.127201565557729657e-01 4.371101856135799490e-01
5.146771037181996356e-01 4.266948969167414507e-01
5.166340508806261944e-01 4.163101374619787021e-01
5.185909980430527533e-01 4.059602026479564030e-01
5.205479452054794232e-01 3.956493616216898435e-01
5.225048923679060930e-01 3.853818540700332806e-01
5.244618395303326519e-01 3.751618870367660064e-01
5.264187866927592108e-01 3.649936317680352316e-01
5.283757338551858806e-01 3.548812205888925431e-01
5.303326810176125505e-01 3.448287438136300453e-01
5.322896281800391094e-01 3.348402466925940457e-01
5.342465753424656683e-01 3.249197263981170036e-01
5.362035225048923381e-01 3.150711290521772123e-01
5.381604696673190080e-01 3.052983467983534926e-01
5.401174168297455669e-01 2.956052149206043755e-01
5.420743639921721257e-01 2.859955090113583398e-01
5.440313111545987956e-01 2.764729421913540430e-01
5.459882583170254655e-01 2.670411623836267956e-01
5.479452054794520244e-01 2.577037496439829045e-01
5.499021526418785832e-01 2.484642135502570237e-01
5.518590998043052531e-01 2.393259906525898040e-01
5.538160469667319230e-01 2.302924419869094019e-01
5.557729941291584819e-01 2.213668506537450342e-01
5.577299412915850407e-01 2.125524194644341225e-01
5.596868884540117106e-01 2.038522686567325604e-01
5.616438356164383805e-01 1.952694336817670240e-01
5.636007827788649394e-01 1.868068630642056582e-01
5.655577299412914982e-01 1.784674163374580791e-01
5.675146771037181681e-01 1.702538620556445226e-01
5.694716242661448380e-01 1.621688758840078848e-01
5.714285714285713969e-01 1.542150387693657088e-01
5.733855185909979557e-01 1.463948351921312008e-01
5.753424657534246256e-01 1.387106515013565577e-01
5.772994129158512955e-01 1.311647743341730066e-01
5.792563600782778543e-01 1.237593891209320951e-01
5.812133072407044132e-01 1.164965786772675649e-01
5.831702544031310831e-01 1.093783218842223348e-01
5.851272015655577530e-01 1.024064924575049385e-01
5.870841487279843118e-01 9.558285780685675526e-02
5.890410958904108707e-01 8.890907798643053750e-02
5.909980430528375406e-01 8.238670473699996610e-02
5.929549902152642105e-01 7.601718062073181681e-02
5.949119373776907693e-01 6.980183824917424174e-02
5.968688845401173282e-01 6.374189960502547880e-02
5.988258317025439981e-01 5.783847545816371560e-02
6.007827788649706680e-01 5.209256487633567856e-02
6.027397260273972268e-01 4.650505483081038283e-02
6.046966731898237857e-01 4.107671989722595784e-02
6.066536203522504556e-01 3.580822205176224793e-02
6.086105675146771254e-01 3.070011056269595154e-02
6.105675146771036843e-01 2.575282197729728689e-02
6.125244618395302432e-01 2.096668020395338339e-02
6.144814090019569131e-01 1.634189668930574602e-02
6.164383561643835829e-01 1.187857069011297173e-02
6.183953033268101418e-01 7.576689639457582538e-03
6.203522504892367007e-01 3.436129606835167626e-03
6.223091976516633705e-01 5.433441484223784125e-04
6.242661448140900404e-01 4.362076531023932613e-03
6.262230919765165993e-01 8.020521871606591663e-03
6.281800391389431582e-01 1.151924309743887140e-02
6.301369863013698280e-01 1.485891081281296398e-02
6.320939334637964979e-01 1.804030229009233668e-02
6.340508806262230568e-01 2.106430037245260109e-02
6.360078277886496156e-01 2.393189228943811558e-02
6.379647749510762855e-01 2.664416838653127506e-02
6.399217221135029554e-01 2.920232077001037527e-02
6.418786692759295143e-01 3.160764186844747248e-02
6.438356164383560731e-01 3.386152291227044475e-02
6.457925636007827430e-01 3.596545233288896831e-02
6.477495107632094129e-01 3.792101408295180803e-02
6.497064579256359718e-01 3.972988587937800048e-02
6.516634050880625306e-01 4.139383737086844289e-02
6.536203522504892005e-01 4.291472823167420680e-02
6.555772994129158704e-01 4.429450618346143786e-02
6.575342465753424293e-01 4.553520494717567396e-02
6.594911937377689881e-01 4.663894212687436092e-02
6.614481409001956580e-01 4.760791702754785942e-02
6.634050880626223279e-01 4.844440840901656498e-02
6.653620352250488867e-01 4.915077217804185439e-02
6.673189823874754456e-01 4.972943902084062812e-02
6.692759295499021155e-01 5.018291197825302391e-02
6.712328767123287854e-01 5.051376396585417067e-02
6.731898238747553442e-01 5.072463524135327473e-02
6.751467710371819031e-01 5.081823082166565114e-02
6.771037181996085730e-01 5.079731785209127409e-02
6.790606653620352429e-01 5.066472293006609590e-02
6.810176125244618017e-01 5.042332938599897868e-02
6.829745596868883606e-01 5.007607452374034096e-02
6.849315068493150305e-01 4.962594682325764672e-02
6.868884540117417004e-01 4.907598310813221509e-02
6.888454011741682592e-01 4.842926568051628827e-02
6.908023483365948181e-01 4.768891942621316521e-02
6.927592954990214880e-01 4.685810889257412126e-02
6.947162426614481578e-01 4.594003534191910126e-02
6.966731898238747167e-01 4.493793378321438853e-02
6.986301369863012756e-01 4.385506998475126317e-02
7.005870841487279455e-01 4.269473747058492169e-02
7.025440313111546153e-01 4.146025450350669661e-02
7.045009784735811742e-01 4.015496105732727083e-02
7.064579256360077331e-01 3.878221578125607555e-02
7.084148727984344029e-01 3.734539295916711882e-02
7.103718199608610728e-01 3.584787946653770346e-02
7.123287671232876317e-01 3.429307172785098223e-02
7.142857142857141906e-01 3.268437267724388223e-02
7.162426614481408604e-01 3.102518872517395082e-02
7.181996086105675303e-01 2.931892673387639231e-02
7.201565557729940892e-01 2.756899100436150177e-02
7.221135029354206480e-01 2.577878027769273106e-02
7.240704500978473179e-01 2.395168475326971830e-02
7.260273972602739878e-01 2.209108312681414346e-02
7.279843444227005467e-01 2.020033965074297805e-02
7.299412915851271055e-01 1.828280121958076113e-02
7.318982387475537754e-01 1.634179448304072177e-02
7.338551859099804453e-01 1.438062298937014052e-02
7.358121330724070042e-01 1.240256436153139817e-02
7.377690802348335630e-01 1.041086750874161901e-02
7.397260273972602329e-01 8.408749875874687099e-03
7.416829745596869028e-01 6.399394733173046669e-03
7.436399217221134617e-01 4.385948508689843477e-03
7.455968688845400205e-01 2.371518165826522195e-03
7.475538160469666904e-01 3.591686282939016476e-04
7.495107632093933603e-01 1.648079745226698270e-03
7.514677103718199191e-01 3.647253634499414421e-03
7.534246575342464780e-01 5.635429177047143398e-03
7.553816046966731479e-01 7.609734331245612479e-03
7.573385518590998178e-01 9.567351181132024290e-03
7.592954990215263766e-01 1.150551818092279167e-02
7.612524461839529355e-01 1.342153233729176560e-02
7.632093933463796054e-01 1.531275132752681241e-02
7.651663405088062753e-01 1.717659555173991354e-02
7.671232876712328341e-01 1.901055011737403169e-02
7.690802348336593930e-01 2.081216675431850349e-02
7.710371819960860629e-01 2.257906565900674040e-02
7.729941291585127328e-01 2.430893726594601095e-02
7.749510763209392916e-01 2.599954394519582088e-02
7.769080234833658505e-01 2.764872162438439598e-02
7.788649706457925204e-01 2.925438133392781540e-02
7.808219178082191902e-01 3.081451067418829876e-02
7.827788649706457491e-01 3.232717520338801442e-02
7.847358121330723080e-01 3.379051974516541351e-02
7.866927592954989779e-01 3.520276961474654714e-02
7.886497064579256477e-01 3.656223176277514919e-02
7.906066536203522066e-01 3.786729583593060472e-02
7.925636007827787655e-01 3.911643515354035205e-02
7.945205479452054353e-01 4.030820759947219972e-02
7.964774951076321052e-01 4.144125642868130843e-02
7.984344422700586641e-01 4.251431098785760782e-02
8.003913894324852230e-01 4.352618734971236414e-02
8.023483365949118928e-01 4.447578886051833935e-02
8.043052837573385627e-01 4.536210660060507188e-02
8.062622309197651216e-01 4.618421975759280651e-02
8.082191780821916804e-01 4.694129591223102776e-02
8.101761252446183503e-01 4.763259123679419033e-02
8.121330724070450202e-01 4.825745060606825843e-02
8.140900195694715791e-01 4.881530762104403093e-02
8.160469667318981379e-01 4.930568454552234497e-02
8.180039138943248078e-01 4.972819215590894987e-02
8.199608610567514777e-01 5.008252950457329350e-02
8.219178082191780366e-01 5.036848359721273621e-02
8.238747553816045954e-01 5.058592898475711142e-02
8.258317025440312653e-01 5.073482727042465112e-02
8.277886497064579352e-01 5.081522653262008499e-02
8.297455968688844941e-01 5.082726066444748225e-02
8.317025440313110529e-01 5.077114863068989126e-02
8.336594911937377228e-01 5.064719364318265998e-02
8.356164383561643927e-01 5.045578225558718793e-02
8.375733855185909515e-01 5.019738337864926986e-02
8.395303326810175104e-01 4.987254721709487304e-02
8.414872798434441803e-01 4.948190412939913047e-02
8.434442270058708502e-01 4.902616341172846143e-02
8.454011741682974090e-01 4.850611200743259327e-02
8.473581213307239679e-01 4.792261314353081503e-02
8.493150684931506378e-01 4.727660489570408020e-02
8.512720156555773077e-01 4.656909868337742037e-02
8.532289628180038665e-01 4.580117769653235804e-02
8.551859099804304254e-01 4.497399525596443987e-02
8.571428571428570953e-01 4.408877310875215783e-02
8.590998043052837652e-01 4.314679966077529516e-02
8.610567514677103240e-01 4.214942814816441397e-02
8.630136986301368829e-01 4.109807474963834278e-02
8.649706457925635528e-01 3.999421664172418678e-02
8.669275929549902227e-01 3.883938999891701355e-02
8.688845401174167815e-01 3.763518794088571706e-02
8.708414872798433404e-01 3.638325842887701889e-02
8.727984344422700103e-01 3.508530211352143408e-02
8.747553816046966801e-01 3.374307013628207591e-02
8.767123287671232390e-01 3.235836188683952758e-02
8.786692759295497979e-01 3.093302271873509673e-02
8.806262230919764677e-01 2.946894162564290751e-02
8.825831702544031376e-01 2.796804888066771813e-02
8.845401174168296965e-01 2.643231364110519219e-02
8.864970645792562554e-01 2.486374152112934624e-02
8.884540117416829252e-01 2.326437213489965933e-02
8.904109589041095951e-01 2.163627661260945911e-02
8.923679060665361540e-01 1.998155509201511235e-02
8.943248532289627128e-01 1.830233418801512427e-02
8.962818003913893827e-01 1.660076444285691483e-02
8.982387475538160526e-01 1.487901775957373336e-02
9.001956947162426115e-01 1.313928482126284006e-02
9.021526418786691703e-01 1.138377249882879458e-02
9.041095890410958402e-01 9.614701249824617393e-03
9.060665362035225101e-01 7.834302511026932161e-03
9.080234833659490690e-01 6.044816087390088820e-03
9.099804305283756278e-01 4.248487540018448805e-03
9.119373776908022977e-01 2.447565575800268647e-03
9.138943248532289676e-01 6.442994413389235018e-04
9.158512720156555265e-01 1.159063676190176442e-03
9.178082191780820853e-01 2.960281238632313933e-03
9.197651663405087552e-01 4.757117934291506083e-03
9.217221135029354251e-01 6.547348240615031949e-03
9.236790606653619840e-01 8.328758969551076918e-03
9.256360078277885428e-01 1.009915179301628871e-02
9.275929549902152127e-01 1.185634574594095735e-02
9.295499021526418826e-01 1.359817970437477049e-02
9.315068493150684414e-01 1.532251483617187542e-02
9.334637964774950003e-01 1.702723702179517046e-02
9.354207436399216702e-01 1.871025924281544128e-02
9.373776908023483401e-01 2.036952393571211245e-02
9.393346379647748989e-01 2.200300530862287288e-02
9.412915851272014578e-01 2.360871161872078045e-02
9.432485322896281277e-01 2.518468740794610472e-02
9.452054794520547976e-01 2.672901569485304149e-02
9.471624266144813564e-01 2.823982012038729270e-02
9.491193737769079153e-01 2.971526704544876982e-02
9.510763209393345852e-01 3.115356759814576215e-02
9.530332681017612551e-01 3.255297966870013271e-02
9.549902152641878139e-01 3.391180985001118753e-02
9.569471624266143728e-01 3.522841532194566361e-02
9.589041095890410427e-01 3.650120567747486278e-02
9.608610567514677125e-01 3.772864468883899147e-02
9.628180039138942714e-01 3.890925201198095623e-02
9.647749510763208303e-01 4.004160482755193817e-02
9.667318982387475002e-01 4.112433941685238875e-02
9.686888454011741700e-01 4.215615267114639075e-02
9.706457925636007289e-01 4.313580353283998081e-02
9.726027397260272878e-01 4.406211436709569357e-02
9.745596868884539576e-01 4.493397226251744092e-02
9.765166340508806275e-01 4.575033025960992955e-02
9.784735812133071864e-01 4.651020850579568738e-02
9.804305283757337452e-01 4.721269533583837691e-02
9.823874755381604151e-01 4.785694827660052358e-02
9.843444227005870850e-01 4.844219497513457817e-02
9.863013698630136439e-01 4.896773404919060185e-02
9.882583170254402027e-01 4.943293585928865141e-02
9.902152641878668726e-01 4.983724320159502869e-02
9.921722113502935425e-01 5.018017192091103751e-02
9.941291585127201014e-01 5.046131144316576278e-02
9.960861056751466602e-01 5.068032522688671604e-02
9.980430528375733301e-01 5.083695113319356557e-02
1.000000000000000000e+00 5.093100171395888859e-02
