-5.000000000000000000e-01 -7.125342402239213868e+01
-4.990234375000000000e-01 -7.128638542327624350e+01
-4.980468750000000000e-01 -7.138699495236733128e+01
-4.970703125000000000e-01 -7.156048669189627276e+01
-4.960937500000000000e-01 -7.181580475254642693e+01
-4.951171875000000000e-01 -7.216603469274861027e+01
-4.941406250000000000e-01 -7.262923524919835927e+01
-4.931640625000000000e-01 -7.322998242206341502e+01
-4.921875000000000000e-01 -7.400222226829897920e+01
-4.912109375000000000e-01 -7.499467136062146722e+01
-4.902343750000000000e-01 -7.628162830136687944e+01
-4.892578125000000000e-01 -7.798675688087510594e+01
-4.882812500000000000e-01 -8.034375934951614795e+01
-4.873046875000000000e-01 -8.389369914600635525e+01
-4.863281250000000000e-01 -9.052139821270554876e+01
-4.853515625000000000e-01 -1.049878658269122553e+02
-4.843750000000000000e-01 -8.758369570867679954e+01
-4.833984375000000000e-01 -8.216071634160216774e+01
-4.824218750000000000e-01 -7.889257933866082340e+01
-4.814453125000000000e-01 -7.659668039437329412e+01
-4.804687500000000000e-01 -7.487273798584162421e+01
-4.794921875000000000e-01 -7.353597339109494158e+01
-4.785156250000000000e-01 -7.248564271091737510e+01
-4.775390625000000000e-01 -7.166071909281919261e+01
-4.765625000000000000e-01 -7.102151077308352001e+01
-4.755859375000000000e-01 -7.054096012053071263e+01
-4.746093750000000000e-01 -7.020015546881539592e+01
-4.736328125000000000e-01 -6.998590291466429392e+01
-4.726562500000000000e-01 -6.988941215389880313e+01
-4.716796875000000000e-01 -6.990565080098630801e+01
-4.707031250000000000e-01 -7.003315600516793893e+01
-4.697265625000000000e-01 -7.027422158089719062e+01
-4.687500000000000000e-01 -7.063547396105906273e+01
-4.677734375000000000e-01 -7.112895531149578687e+01
-4.667968750000000000e-01 -7.177399793522864968e+01
-4.658203125000000000e-01 -7.260049857056689859e+01
-4.648437500000000000e-01 -7.365492894703072579e+01
-4.638671875000000000e-01 -7.501226479950589976e+01
-4.628906250000000000e-01 -7.680242959244915824e+01
-4.619140625000000000e-01 -7.927920587657931151e+01
-4.609375000000000000e-01 -8.305352711583255143e+01
-4.599609375000000000e-01 -9.044336547075732824e+01
-4.589843750000000000e-01 -9.859309430200850954e+01
-4.580078125000000000e-01 -8.528116618617643496e+01
-4.570312500000000000e-01 -8.023855621101547797e+01
-4.560546875000000000e-01 -7.710812001385397707e+01
-4.550781250000000000e-01 -7.488339136731374879e+01
-4.541015625000000000e-01 -7.320810153481430405e+01
-4.531250000000000000e-01 -7.191595862113304349e+01
-4.521484375000000000e-01 -7.091712030721205906e+01
-4.511718750000000000e-01 -7.015872119850874356e+01
-4.501953125000000000e-01 -6.960820523376179381e+01
-4.492187500000000000e-01 -6.924537718228430094e+01
-4.482421875000000000e-01 -6.905834073490471781e+01
-4.472656250000000000e-01 -6.904141361811728927e+01
-4.462890625000000000e-01 -6.919421045765174938e+01
-4.453125000000000000e-01 -6.952157810699324614e+01
-4.443359375000000000e-01 -7.003436136727695782e+01
-4.433593750000000000e-01 -7.075125699854085326e+01
-4.423828125000000000e-01 -7.170245502164934237e+01
-4.414062500000000000e-01 -7.293671363100588678e+01
-4.404296875000000000e-01 -7.453596156148789476e+01
-4.394531250000000000e-01 -7.664902201260284187e+01
-4.384765625000000000e-01 -7.958477051511276557e+01
-4.375000000000000000e-01 -8.416198659482249411e+01
-4.365234375000000000e-01 -9.441738295547867210e+01
-4.355468750000000000e-01 -9.273647631248260836e+01
-4.345703125000000000e-01 -8.392154754025311547e+01
-4.335937500000000000e-01 -7.981378051974641608e+01
-4.326171875000000000e-01 -7.719777690858296637e+01
-4.316406250000000000e-01 -7.534144690288387380e+01
-4.306640625000000000e-01 -7.395669923794513068e+01
-4.296875000000000000e-01 -7.290080677269963871e+01
-4.287109375000000000e-01 -7.209355632189742380e+01
-4.277343750000000000e-01 -7.148660008987475578e+01
-4.267578125000000000e-01 -7.105000579159275276e+01
-4.257812500000000000e-01 -7.076567497709505972e+01
-4.248046875000000000e-01 -7.062392236572370052e+01
-4.238281250000000000e-01 -7.062171328449412044e+01
-4.228515625000000000e-01 -7.076192495378668923e+01
-4.218750000000000000e-01 -7.105341164495786188e+01
-4.208984375000000000e-01 -7.151192760121483616e+01
-4.199218750000000000e-01 -7.216226322267819171e+01
-4.189453125000000000e-01 -7.304247613102498349e+01
-4.179687500000000000e-01 -7.421229426793402695e+01
-4.169921875000000000e-01 -7.577099592420030660e+01
-4.160156250000000000e-01 -7.790048653636192455e+01
-4.150390625000000000e-01 -8.099231285080065845e+01
-4.140625000000000000e-01 -8.618747762315348382e+01
-4.130859375000000000e-01 -1.022621278263510476e+02
-4.121093750000000000e-01 -8.938901550567109666e+01
-4.111328125000000000e-01 -8.250689547862101847e+01
-4.101562500000000000e-01 -7.883315706447075399e+01
-4.091796875000000000e-01 -7.639829324748701822e+01
-4.082031250000000000e-01 -7.464999260035371265e+01
-4.072265625000000000e-01 -7.335408996864167364e+01
-4.062500000000000000e-01 -7.238961805640971647e+01
-4.052734375000000000e-01 -7.168632045675178688e+01
-4.042968750000000000e-01 -7.120025138047037672e+01
-4.033203125000000000e-01 -7.090269597013751479e+01
-4.023437500000000000e-01 -7.077464983821749911e+01
-4.013671875000000000e-01 -7.080396255373472059e+01
-4.003906250000000000e-01 -7.098394359543596011e+01
-3.994140625000000000e-01 -7.131292298651888473e+01
-3.984375000000000000e-01 -7.179460626752286601e+01
-3.974609375000000000e-01 -7.243931224190843920e+01
-3.964843750000000000e-01 -7.326648132575094508e+01
-3.955078125000000000e-01 -7.430939248593479363e+01
-3.945312500000000000e-01 -7.562430722452974408e+01
-3.935546875000000000e-01 -7.730977064373264795e+01
-3.925781250000000000e-01 -7.955332332930228745e+01
-3.916015625000000000e-01 -8.277167067239764719e+01
-3.906250000000000000e-01 -8.823165340319248173e+01
-3.896484375000000000e-01 -1.084682182420427665e+02
-3.886718750000000000e-01 -8.988993966269852365e+01
-3.876953125000000000e-01 -8.330844984174046886e+01
-3.867187500000000000e-01 -7.959630471348921787e+01
-3.857421875000000000e-01 -7.702275377902125797e+01
-3.847656250000000000e-01 -7.508068414893294573e+01
-3.837890625000000000e-01 -7.355338375058690303e+01
-3.828125000000000000e-01 -7.233010413805308758e+01
-3.818359375000000000e-01 -7.134831813869357120e+01
-3.808593750000000000e-01 -7.057077621803688317e+01
-3.798828125000000000e-01 -6.997493921786939097e+01
-3.789062500000000000e-01 -6.954763587603852670e+01
-3.779296875000000000e-01 -6.928223925899224866e+01
-3.769531250000000000e-01 -6.917722087698842870e+01
-3.759765625000000000e-01 -6.923558516183575762e+01
-3.750000000000000000e-01 -6.946500637740182071e+01
-3.740234375000000000e-01 -6.987870871471335477e+01
-3.730468750000000000e-01 -7.049737399098692947e+01
-3.720703125000000000e-01 -7.135277897751612386e+01
-3.710937500000000000e-01 -7.249478374744930420e+01
-3.701171875000000000e-01 -7.400567575251722019e+01
-3.691406250000000000e-01 -7.603315632155444348e+01
-3.681640625000000000e-01 -7.888096683509930074e+01
-3.671875000000000000e-01 -8.334588744024290463e+01
-3.662109375000000000e-01 -9.324580328518450756e+01
-3.652343750000000000e-01 -9.237062572740244093e+01
-3.642578125000000000e-01 -8.327753450835329829e+01
-3.632812500000000000e-01 -7.909713425745609072e+01
-3.623046875000000000e-01 -7.644431504006372791e+01
-3.613281250000000000e-01 -7.456453376099912589e+01
-3.603515625000000000e-01 -7.316094661202632210e+01
-3.593750000000000000e-01 -7.208475231615130951e+01
-3.583984375000000000e-01 -7.125011270293609300e+01
-3.574218750000000000e-01 -7.060287850190734105e+01
-3.564453125000000000e-01 -7.010694465667673114e+01
-3.554687500000000000e-01 -6.973760051337973209e+01
-3.544921875000000000e-01 -6.947804302106936802e+01
-3.535156250000000000e-01 -6.931746199166479983e+01
-3.525390625000000000e-01 -6.924996743727074033e+01
-3.515625000000000000e-01 -6.927400572829807857e+01
-3.505859375000000000e-01 -6.939210029087554688e+01
-3.496093750000000000e-01 -6.961086607059085907e+01
-3.486328125000000000e-01 -6.994133577662776702e+01
-3.476562500000000000e-01 -7.039973391019829307e+01
-3.466796875000000000e-01 -7.100898456430286387e+01
-3.457031250000000000e-01 -7.180152682712220269e+01
-3.447265625000000000e-01 -7.282465094284505369e+01
-3.437500000000000000e-01 -7.415117181205434349e+01
-3.427734375000000000e-01 -7.590287194468231746e+01
-3.417968750000000000e-01 -7.831015301836620779e+01
-3.408203125000000000e-01 -8.190510821604840430e+01
-3.398437500000000000e-01 -8.852393685845349580e+01
-3.388671875000000000e-01 -1.041707115097874521e+02
-3.378906250000000000e-01 -8.605046633319017246e+01
-3.369140625000000000e-01 -8.067142613740597312e+01
-3.359375000000000000e-01 -7.748852126605611090e+01
-3.349609375000000000e-01 -7.529233423750508791e+01
-3.339843750000000000e-01 -7.367547585881581540e+01
-3.330078125000000000e-01 -7.244938963910529139e+01
-3.320312500000000000e-01 -7.151018140322052830e+01
-3.310546875000000000e-01 -7.079353396944598842e+01
-3.300781250000000000e-01 -7.025602592178621819e+01
-3.291015625000000000e-01 -6.986629768371257398e+01
-3.281250000000000000e-01 -6.960051902643778021e+01
-3.271484375000000000e-01 -6.943998262180072345e+01
-3.261718750000000000e-01 -6.936986545302437435e+01
-3.251953125000000000e-01 -6.937869217218081985e+01
-3.242187500000000000e-01 -6.945824881156913477e+01
-3.232421875000000000e-01 -6.960379424896262890e+01
-3.222656250000000000e-01 -6.981446979818966270e+01
-3.212890625000000000e-01 -7.009384995756610692e+01
-3.203125000000000000e-01 -7.045063225537931828e+01
-3.193359375000000000e-01 -7.089954974522895270e+01
-3.183593750000000000e-01 -7.146273057291656983e+01
-3.173828125000000000e-01 -7.217197876573534643e+01
-3.164062500000000000e-01 -7.307295220734610552e+01
-3.154296875000000000e-01 -7.423338194790071043e+01
-3.144531250000000000e-01 -7.576064135125579924e+01
-3.134765625000000000e-01 -7.784418196834299408e+01
-3.125000000000000000e-01 -8.088038440168318743e+01
-3.115234375000000000e-01 -8.599914399582608837e+01
-3.105468750000000000e-01 -1.015164152990728610e+02
-3.095703125000000000e-01 -8.948301745249582950e+01
-3.085937500000000000e-01 -8.259340739992859426e+01
-3.076171875000000000e-01 -7.904647734258703906e+01
-3.066406250000000000e-01 -7.685395825504758704e+01
-3.056640625000000000e-01 -7.549896168967262611e+01
-3.046875000000000000e-01 -7.481334922784127173e+01
-3.037109375000000000e-01 -7.479281879512890896e+01
-3.027343750000000000e-01 -7.559484448024551284e+01
-3.017578125000000000e-01 -7.771386750090823625e+01
-3.007812500000000000e-01 -8.302707428807906354e+01
-2.998046875000000000e-01 -9.557802754604293227e+01
-2.988281250000000000e-01 -7.732132030010535573e+01
-2.978515625000000000e-01 -7.065875867013754430e+01
-2.968750000000000000e-01 -6.613006446826997831e+01
-2.958984375000000000e-01 -6.255619153245600472e+01
-2.949218750000000000e-01 -5.953110004596580751e+01
-2.939453125000000000e-01 -5.686391579601522750e+01
-2.929687500000000000e-01 -5.444872459708222578e+01
-2.919921875000000000e-01 -5.222042852246908495e+01
-2.910156250000000000e-01 -5.013626460621117076e+01
-2.900390625000000000e-01 -4.816688992769283573e+01
-2.890625000000000000e-01 -4.629160165291300189e+01
-2.880859375000000000e-01 -4.449554673063903465e+01
-2.871093750000000000e-01 -4.276797303803185457e+01
-2.861328125000000000e-01 -4.110106637349149139e+01
-2.851562500000000000e-01 -3.948913972635588010e+01
-2.841796875000000000e-01 -3.792804833597167402e+01
-2.832031250000000000e-01 -3.641475831320155976e+01
-2.822265625000000000e-01 -3.494702512641352143e+01
-2.812500000000000000e-01 -3.352315374666065395e+01
-2.802734375000000000e-01 -3.214182098479648886e+01
-2.792968750000000000e-01 -3.080194575312311400e+01
-2.783203125000000000e-01 -2.950259631479877598e+01
-2.773437500000000000e-01 -2.824292590658451729e+01
-2.763671875000000000e-01 -2.702212986989934151e+01
-2.753906250000000000e-01 -2.583941881619018943e+01
-2.744140625000000000e-01 -2.469400349002287953e+01
-2.734375000000000000e-01 -2.358508793052690322e+01
-2.724609375000000000e-01 -2.251186830061374877e+01
-2.714843750000000000e-01 -2.147353537734652207e+01
-2.705078125000000000e-01 -2.046927919685171204e+01
-2.695312500000000000e-01 -1.949829474285904496e+01
-2.685546875000000000e-01 -1.855978787765908322e+01
-2.675781250000000000e-01 -1.765298095449809779e+01
-2.666015625000000000e-01 -1.677711773552495700e+01
-2.656250000000000000e-01 -1.593146738132501028e+01
-2.646484375000000000e-01 -1.511532738647129115e+01
-2.636718750000000000e-01 -1.432802541793951789e+01
-2.626953125000000000e-01 -1.356892007542038137e+01
-2.617187500000000000e-01 -1.283740063881866789e+01
-2.607421875000000000e-01 -1.213288590173356241e+01
-2.597656250000000000e-01 -1.145482221282779989e+01
-2.587890625000000000e-01 -1.080268086150627482e+01
-2.578125000000000000e-01 -1.017595495165021546e+01
-2.568359375000000000e-01 -9.574155908468073406e+00
-2.558593750000000000e-01 -8.996809759860198596e+00
-2.548828125000000000e-01 -8.443453325990095237e+00
-2.539062500000000000e-01 -7.913630439879502987e+00
-2.529296875000000000e-01 -7.406888308603328142e+00
-2.519531250000000000e-01 -6.922774109784667118e+00
-2.509765625000000000e-01 -6.460831902231998214e+00
-2.500000000000000000e-01 -6.020599913279624182e+00
-2.490234375000000000e-01 -5.601608249156571517e+00
-2.480468750000000000e-01 -5.203377058894245621e+00
-2.470703125000000000e-01 -4.825415167185218124e+00
-2.460937500000000000e-01 -4.467219177452297352e+00
-2.451171875000000000e-01 -4.128273033357229949e+00
-2.441406250000000000e-01 -3.808048015218608473e+00
-2.431640625000000000e-01 -3.506003137449733575e+00
-2.421875000000000000e-01 -3.221585904297812331e+00
-2.412109375000000000e-01 -2.954233373998254475e+00
-2.402343750000000000e-01 -2.703373476089664607e+00
-2.392578125000000000e-01 -2.468426523203281597e+00
-2.382812500000000000e-01 -2.248806857267934944e+00
-2.373046875000000000e-01 -2.043924570851247680e+00
-2.363281250000000000e-01 -1.853187247329395326e+00
-2.353515625000000000e-01 -1.676001668708786196e+00
-2.343750000000000000e-01 -1.511775447086105340e+00
-2.333984375000000000e-01 -1.359918544692707565e+00
-2.324218750000000000e-01 -1.219844657872640292e+00
-2.314453125000000000e-01 -1.090972451723373426e+00
-2.304687500000000000e-01 -9.727266439149220290e-01
-2.294921875000000000e-01 -8.645389477482789964e-01
-2.285156250000000000e-01 -7.658488951263275890e-01
-2.275390625000000000e-01 -6.761045690960681975e-01
-2.265625000000000000e-01 -5.947632823351480802e-01
-2.255859375000000000e-01 -5.212922418509935429e-01
-2.246093750000000000e-01 -4.551692408384304667e-01
-2.236328125000000000e-01 -3.958834158932395542e-01
-2.226562500000000000e-01 -3.429361016202622792e-01
-2.216796875000000000e-01 -2.958418053652576152e-01
-2.207031250000000000e-01 -2.541293128451339589e-01
-2.197265625000000000e-01 -2.173429215878930898e-01
-2.187500000000000000e-01 -1.850437842525478882e-01
-2.177734375000000000e-01 -1.568113291506892382e-01
-2.167968750000000000e-01 -1.322447117736351707e-01
-2.158203125000000000e-01 -1.109642399626051129e-01
-2.148437500000000000e-01 -9.261270755551666289e-02
-2.138671875000000000e-01 -7.685656771324342329e-02
-2.128906250000000000e-01 -6.338687819916073718e-02
-2.119140625000000000e-01 -5.191995684180739090e-02
-2.109375000000000000e-01 -4.219769605413929009e-02
-2.099609375000000000e-01 -3.398750003282025034e-02
-2.089843750000000000e-01 -2.708182618472973827e-02
-2.080078125000000000e-01 -2.129733220965748797e-02
-2.070312500000000000e-01 -1.647365070490448488e-02
-2.060546875000000000e-01 -1.247183267637861845e-02
-2.050781250000000000e-01 -9.172518523113071254e-03
-2.041015625000000000e-01 -6.473908664942486062e-03
-2.031250000000000000e-01 -4.289615041717950369e-03
-2.021484375000000000e-01 -2.546478617869447035e-03
-2.011718750000000000e-01 -1.182436568817738388e-03
-2.001953125000000000e-01 -1.445162030384224432e-04
-1.992187500000000000e-01 6.129785366193468569e-04
-1.982421875000000000e-01 1.130037044689398418e-03
-1.972656250000000000e-01 1.442234986103642889e-03
-1.962890625000000000e-01 1.581735359106545844e-03
-1.953125000000000000e-01 1.578001439096747994e-03
-1.943359375000000000e-01 1.458242548530910582e-03
-1.933593750000000000e-01 1.247628259258414841e-03
-1.923828125000000000e-01 9.693178417745542796e-04
-1.914062500000000000e-01 6.443588947306921368e-04
-1.904296875000000000e-01 2.915118049855515729e-04
-1.894531250000000000e-01 -7.294497262398449695e-05
-1.884765625000000000e-01 -4.353795153793982363e-04
-1.875000000000000000e-01 -7.849006870747951125e-04
-1.865234375000000000e-01 -1.113353406055010882e-03
-1.855468750000000000e-01 -1.415199345028559340e-03
-1.845703125000000000e-01 -1.687280902237370088e-03
-1.835937500000000000e-01 -1.928478971860062008e-03
-1.826171875000000000e-01 -2.139286003351018473e-03
-1.816406250000000000e-01 -2.321324259602608551e-03
-1.806640625000000000e-01 -2.476844486078673586e-03
-1.796875000000000000e-01 -2.608242087849560291e-03
-1.787109375000000000e-01 -2.717626369955255996e-03
-1.777343750000000000e-01 -2.806473701872397308e-03
-1.767578125000000000e-01 -2.875388140978546968e-03
-1.757812500000000000e-01 -2.923983812103031314e-03
-1.748046875000000000e-01 -2.950893043600618347e-03
-1.738281250000000000e-01 -2.953893815652335574e-03
-1.728515625000000000e-01 -2.930140379136594430e-03
-1.718750000000000000e-01 -2.876472758908873821e-03
-1.708984375000000000e-01 -2.789774917598874995e-03
-1.699218750000000000e-01 -2.667348076964838090e-03
-1.689453125000000000e-01 -2.507265291015234321e-03
-1.679687500000000000e-01 -2.308675809646745097e-03
-1.669921875000000000e-01 -2.072032794505047383e-03
-1.660156250000000000e-01 -1.799225070173324833e-03
-1.650390625000000000e-01 -1.493602165517733758e-03
-1.640625000000000000e-01 -1.159891165626218820e-03
-1.630859375000000000e-01 -8.040130544271301355e-04
-1.621093750000000000e-01 -4.328145086684381066e-04
-1.611328125000000000e-01 -5.373782379086404644e-05
-1.601562500000000000e-01 3.255437226587407063e-04
-1.591796875000000000e-01 6.974955780847268052e-04
-1.582031250000000000e-01 1.055067581943629380e-03
-1.572265625000000000e-01 1.391989340376122196e-03
-1.562500000000000000e-01 1.702994090024542717e-03
-1.552734375000000000e-01 1.983956565472264760e-03
-1.542968750000000000e-01 2.231938203492259219e-03
-1.533203125000000000e-01 2.445141229957517072e-03
-1.523437500000000000e-01 2.622781068823240753e-03
-1.513671875000000000e-01 2.764893413698642222e-03
-1.503906250000000000e-01 2.872097632684591888e-03
-1.494140625000000000e-01 2.945341500915769559e-03
-1.484375000000000000e-01 2.985653313070636694e-03
-1.474609375000000000e-01 2.993926158474254171e-03
-1.464843750000000000e-01 2.970755681486350261e-03
-1.455078125000000000e-01 2.916347323460724041e-03
-1.445312500000000000e-01 2.830502330614450245e-03
-1.435546875000000000e-01 2.712684308716789040e-03
-1.425781250000000000e-01 2.562160469048650139e-03
-1.416015625000000000e-01 2.378204602974371470e-03
-1.406250000000000000e-01 2.160342857904111891e-03
-1.396484375000000000e-01 1.908619075445548968e-03
-1.386718750000000000e-01 1.623854158885521155e-03
-1.376953125000000000e-01 1.307873853756535499e-03
-1.367187500000000000e-01 9.636814556492983262e-04
-1.357421875000000000e-01 5.955561209565251929e-04
-1.347656250000000000e-01 2.090632964769730180e-04
-1.337890625000000000e-01 -1.890291878514593861e-04
-1.328125000000000000e-01 -5.909281896580950060e-04
-1.318359375000000000e-01 -9.880767196760269471e-04
-1.308593750000000000e-01 -1.371484101472767109e-03
-1.298828125000000000e-01 -1.732103427987477084e-03
-1.289062500000000000e-01 -2.061230923642602773e-03
-1.279296875000000000e-01 -2.350899855378657706e-03
-1.269531250000000000e-01 -2.594241854821045714e-03
-1.259765625000000000e-01 -2.785790891943177097e-03
-1.250000000000000000e-01 -2.921709473834033406e-03
-1.240234375000000000e-01 -2.999922565467146116e-03
-1.230468750000000000e-01 -3.020151748147020462e-03
-1.220703125000000000e-01 -2.983849663521085955e-03
-1.210937500000000000e-01 -2.894042217568074116e-03
-1.201171875000000000e-01 -2.755092735042158000e-03
-1.191406250000000000e-01 -2.572407722389114318e-03
-1.181640625000000000e-01 -2.352107687797687710e-03
-1.171875000000000000e-01 -2.100688298124817228e-03
-1.162109375000000000e-01 -1.824696907713792369e-03
-1.152343750000000000e-01 -1.530447231655703184e-03
-1.142578125000000000e-01 -1.223790880072959594e-03
-1.132812500000000000e-01 -9.099589901529397734e-04
-1.123046875000000000e-01 -5.934807704504300877e-04
-1.113281250000000000e-01 -2.781789594539017633e-04
-1.103515625000000000e-01 3.276442689013063958e-05
-1.093750000000000000e-01 3.366845748126051380e-04
-1.083984375000000000e-01 6.312697685535814023e-04
-1.074218750000000000e-01 9.143769736390040034e-04
-1.064453125000000000e-01 1.183848636333965487e-03
-1.054687500000000000e-01 1.437351582464992377e-03
-1.044921875000000000e-01 1.672256434046911914e-03
-1.035156250000000000e-01 1.885571913444038239e-03
-1.025390625000000000e-01 2.073943139151285080e-03
-1.015625000000000000e-01 2.233716999950291580e-03
-1.005859375000000000e-01 2.361071448668843140e-03
-9.960937500000000000e-02 2.452199619799722789e-03
-9.863281250000000000e-02 2.503534550913111105e-03
-9.765625000000000000e-02 2.511996405563960300e-03
-9.667968750000000000e-02 2.475241774306936263e-03
-9.570312500000000000e-02 2.391894054076473645e-03
-9.472656250000000000e-02 2.261735108315004929e-03
-9.375000000000000000e-02 2.085841274831257749e-03
-9.277343750000000000e-02 1.866651060692481844e-03
-9.179687500000000000e-02 1.607957173039864475e-03
-9.082031250000000000e-02 1.314821429082528928e-03
-8.984375000000000000e-02 9.934170695927641882e-04
-8.886718750000000000e-02 6.508085692883988724e-04
-8.789062500000000000e-02 2.946837342127664960e-04
-8.691406250000000000e-02 -6.694368103305228487e-05
-8.593750000000000000e-02 -4.260406874493526314e-04
-8.496093750000000000e-02 -7.748507104032154166e-04
-8.398437500000000000e-02 -1.106159195130268502e-03
-8.300781250000000000e-02 -1.413513133697590247e-03
-8.203125000000000000e-02 -1.691382673800225205e-03
-8.105468750000000000e-02 -1.935258042511670863e-03
-8.007812500000000000e-02 -2.141680521197140540e-03
-7.910156250000000000e-02 -2.308211661966697286e-03
-7.812500000000000000e-02 -2.433349871315158060e-03
-7.714843750000000000e-02 -2.516407482849049391e-03
-7.617187500000000000e-02 -2.557364164600803812e-03
-7.519531250000000000e-02 -2.556713737470858207e-03
-7.421875000000000000e-02 -2.515321132857859746e-03
-7.324218750000000000e-02 -2.434304341143331447e-03
-7.226562500000000000e-02 -2.314952983770222732e-03
-7.128906250000000000e-02 -2.158690881468245618e-03
-7.031250000000000000e-02 -1.967085080805719248e-03
-6.933593750000000000e-02 -1.741898687031492648e-03
-6.835937500000000000e-02 -1.485179995118243333e-03
-6.738281250000000000e-02 -1.199376252462697060e-03
-6.640625000000000000e-02 -8.874573021783637361e-04
-6.542968750000000000e-02 -5.530326292547072193e-04
-6.445312500000000000e-02 -2.004451269226874711e-04
-6.347656250000000000e-02 1.651737503783238072e-04
-6.250000000000000000e-02 5.378999818840481291e-04
-6.152343750000000000e-02 9.110726388582054535e-04
-6.054687500000000000e-02 1.277412820700294738e-03
-5.957031250000000000e-02 1.629204114272721259e-03
-5.859375000000000000e-02 1.958527443099290170e-03
-5.761718750000000000e-02 2.257538243775076853e-03
-5.664062500000000000e-02 2.518769850982345050e-03
-5.566406250000000000e-02 2.735444140918360384e-03
-5.468750000000000000e-02 2.901769124291886468e-03
-5.371093750000000000e-02 3.013203420914596468e-03
-5.273437500000000000e-02 3.066669381318046315e-03
-5.175781250000000000e-02 3.060699907986403571e-03
-5.078125000000000000e-02 2.995508511801504847e-03
-4.980468750000000000e-02 2.872977460798530926e-03
-4.882812500000000000e-02 2.696564614250520926e-03
-4.785156250000000000e-02 2.471135226848076953e-03
-4.687500000000000000e-02 2.202730201841628880e-03
-4.589843750000000000e-02 1.898286556862032511e-03
-4.492187500000000000e-02 1.565328904608907692e-03
-4.394531250000000000e-02 1.211652309969261107e-03
-4.296875000000000000e-02 8.450168534370822637e-04
-4.199218750000000000e-02 4.728726279661012600e-04
-4.101562500000000000e-02 1.021308716793946261e-04
-4.003906250000000000e-02 -2.610072426007396308e-04
-3.906250000000000000e-02 -6.111576186593172194e-04
-3.808593750000000000e-02 -9.437948599790842250e-04
-3.710937500000000000e-02 -1.255232593839697907e-03
-3.613281250000000000e-02 -1.542551350087721261e-03
-3.515625000000000000e-02 -1.803486708654290392e-03
-3.417968750000000000e-02 -2.036293077099660207e-03
-3.320312500000000000e-02 -2.239599691461641520e-03
-3.222656250000000000e-02 -2.412275171604901913e-03
-3.125000000000000000e-02 -2.553315256509326812e-03
-3.027343750000000000e-02 -2.661765368981727081e-03
-2.929687500000000000e-02 -2.736685694794477146e-03
-2.832031250000000000e-02 -2.777161871804147315e-03
-2.734375000000000000e-02 -2.782359585107612408e-03
-2.636718750000000000e-02 -2.751616783931530932e-03
-2.539062500000000000e-02 -2.684563282179577501e-03
-2.441406250000000000e-02 -2.581254527220975484e-03
-2.343750000000000000e-02 -2.442304583420144837e-03
-2.246093750000000000e-02 -2.269003031710207282e-03
-2.148437500000000000e-02 -2.063401564227581187e-03
-2.050781250000000000e-02 -1.828358459743703373e-03
-1.953125000000000000e-02 -1.567532649714534513e-03
-1.855468750000000000e-02 -1.285323417040777020e-03
-1.757812500000000000e-02 -9.867565291582015060e-04
-1.660156250000000000e-02 -6.773223754589592291e-04
-1.562500000000000000e-02 -3.627760358987763400e-04
-1.464843750000000000e-02 -4.891276776961301785e-05
-1.367187500000000000e-02 2.586651557154255165e-04
-1.269531250000000000e-02 5.547732092765901395e-04
-1.171875000000000000e-02 8.348442652067683892e-04
-1.074218750000000000e-02 1.095088165036490688e-03
-9.765625000000000000e-03 1.332599286762087883e-03
-8.789062500000000000e-03 1.545404253538376280e-03
-7.812500000000000000e-03 1.732446698255730696e-03
-6.835937500000000000e-03 1.893511064560209241e-03
-5.859375000000000000e-03 2.029092362601439894e-03
-4.882812500000000000e-03 2.140223190895602402e-03
-3.906250000000000000e-03 2.228272812034946988e-03
-2.929687500000000000e-03 2.294735333085292425e-03
-1.953125000000000000e-03 2.341024896617424113e-03
-9.765625000000000000e-04 2.368295158067410151e-03
0.000000000000000000e+00 2.377298257486842956e-03
9.765625000000000000e-04 2.368295158067410151e-03
1.953125000000000000e-03 2.341024896617424113e-03
2.929687500000000000e-03 2.294735333085292425e-03
3.906250000000000000e-03 2.228272812034946988e-03
4.882812500000000000e-03 2.140223190895602402e-03
5.859375000000000000e-03 2.029092362601439894e-03
6.835937500000000000e-03 1.893511064560209241e-03
7.812500000000000000e-03 1.732446698255730696e-03
8.789062500000000000e-03 1.545404253540304425e-03
9.765625000000000000e-03 1.332599286764016028e-03
1.074218750000000000e-02 1.095088165036490688e-03
1.171875000000000000e-02 8.348442652067683892e-04
1.269531250000000000e-02 5.547732092785187183e-04
1.367187500000000000e-02 2.586651557154255165e-04
1.464843750000000000e-02 -4.891276777057734792e-05
1.562500000000000000e-02 -3.627760358987763400e-04
1.660156250000000000e-02 -6.773223754579948313e-04
1.757812500000000000e-02 -9.867565291572369997e-04
1.855468750000000000e-02 -1.285323417042706032e-03
1.953125000000000000e-02 -1.567532649714534513e-03
2.050781250000000000e-02 -1.828358459741774361e-03
2.148437500000000000e-02 -2.063401564227581187e-03
2.246093750000000000e-02 -2.269003031710207282e-03
2.343750000000000000e-02 -2.442304583420144837e-03
2.441406250000000000e-02 -2.581254527220010978e-03
2.539062500000000000e-02 -2.684563282178612995e-03
2.636718750000000000e-02 -2.751616783930565559e-03
2.734375000000000000e-02 -2.782359585107612408e-03
2.832031250000000000e-02 -2.777161871804147315e-03
2.929687500000000000e-02 -2.736685694794477146e-03
3.027343750000000000e-02 -2.661765368981727081e-03
3.125000000000000000e-02 -2.553315256510291318e-03
3.222656250000000000e-02 -2.412275171604901913e-03
3.320312500000000000e-02 -2.239599691460677014e-03
3.417968750000000000e-02 -2.036293077100625147e-03
3.515625000000000000e-02 -1.803486708654290392e-03
3.613281250000000000e-02 -1.542551350088685984e-03
3.710937500000000000e-02 -1.255232593841626920e-03
3.808593750000000000e-02 -9.437948599790842250e-04
3.906250000000000000e-02 -6.111576186593172194e-04
4.003906250000000000e-02 -2.610072425997752871e-04
4.101562500000000000e-02 1.021308716793946261e-04
4.199218750000000000e-02 4.728726279641727354e-04
4.296875000000000000e-02 8.450168534351537933e-04
4.394531250000000000e-02 1.211652309969261107e-03
4.492187500000000000e-02 1.565328904606979113e-03
4.589843750000000000e-02 1.898286556860104366e-03
4.687500000000000000e-02 2.202730201839700301e-03
4.785156250000000000e-02 2.471135226848076953e-03
4.882812500000000000e-02 2.696564614252448637e-03
4.980468750000000000e-02 2.872977460796602781e-03
5.078125000000000000e-02 2.995508511801504847e-03
5.175781250000000000e-02 3.060699907986403571e-03
5.273437500000000000e-02 3.066669381316118603e-03
5.371093750000000000e-02 3.013203420914596468e-03
5.468750000000000000e-02 2.901769124291886468e-03
5.566406250000000000e-02 2.735444140918360384e-03
5.664062500000000000e-02 2.518769850984273195e-03
5.761718750000000000e-02 2.257538243775076853e-03
5.859375000000000000e-02 1.958527443099290170e-03
5.957031250000000000e-02 1.629204114272721259e-03
6.054687500000000000e-02 1.277412820700294738e-03
6.152343750000000000e-02 9.110726388582054535e-04
6.250000000000000000e-02 5.378999818840481291e-04
6.347656250000000000e-02 1.651737503783238072e-04
6.445312500000000000e-02 -2.004451269217231275e-04
6.542968750000000000e-02 -5.530326292547072193e-04
6.640625000000000000e-02 -8.874573021793281339e-04
6.738281250000000000e-02 -1.199376252462697060e-03
6.835937500000000000e-02 -1.485179995120172129e-03
6.933593750000000000e-02 -1.741898687031492648e-03
7.031250000000000000e-02 -1.967085080805719248e-03
7.128906250000000000e-02 -2.158690881467281112e-03
7.226562500000000000e-02 -2.314952983769258225e-03
7.324218750000000000e-02 -2.434304341143331447e-03
7.421875000000000000e-02 -2.515321132858824252e-03
7.519531250000000000e-02 -2.556713737471823147e-03
7.617187500000000000e-02 -2.557364164601768318e-03
7.714843750000000000e-02 -2.516407482850978837e-03
7.812500000000000000e-02 -2.433349871315158060e-03
7.910156250000000000e-02 -2.308211661965732780e-03
8.007812500000000000e-02 -2.141680521196176034e-03
8.105468750000000000e-02 -1.935258042511670863e-03
8.203125000000000000e-02 -1.691382673799260699e-03
8.300781250000000000e-02 -1.413513133697590247e-03
8.398437500000000000e-02 -1.106159195131233008e-03
8.496093750000000000e-02 -7.748507104051442123e-04
8.593750000000000000e-02 -4.260406874493526314e-04
8.691406250000000000e-02 -6.694368103401662849e-05
8.789062500000000000e-02 2.946837342127664960e-04
8.886718750000000000e-02 6.508085692864704020e-04
8.984375000000000000e-02 9.934170695927641882e-04
9.082031250000000000e-02 1.314821429084457507e-03
9.179687500000000000e-02 1.607957173039864475e-03
9.277343750000000000e-02 1.866651060692481844e-03
9.375000000000000000e-02 2.085841274831257749e-03
9.472656250000000000e-02 2.261735108313076784e-03
9.570312500000000000e-02 2.391894054078401791e-03
9.667968750000000000e-02 2.475241774305007685e-03
9.765625000000000000e-02 2.511996405563960300e-03
9.863281250000000000e-02 2.503534550913111105e-03
9.960937500000000000e-02 2.452199619797794210e-03
1.005859375000000000e-01 2.361071448668843140e-03
1.015625000000000000e-01 2.233716999952219725e-03
1.025390625000000000e-01 2.073943139153212791e-03
1.035156250000000000e-01 1.885571913445966384e-03
1.044921875000000000e-01 1.672256434046911914e-03
1.054687500000000000e-01 1.437351582464992377e-03
1.064453125000000000e-01 1.183848636335893849e-03
1.074218750000000000e-01 9.143769736390040034e-04
1.083984375000000000e-01 6.312697685516528235e-04
1.093750000000000000e-01 3.366845748126051380e-04
1.103515625000000000e-01 3.276442689013063958e-05
1.113281250000000000e-01 -2.781789594539017633e-04
1.123046875000000000e-01 -5.934807704504300877e-04
1.132812500000000000e-01 -9.099589901529397734e-04
1.142578125000000000e-01 -1.223790880073924317e-03
1.152343750000000000e-01 -1.530447231655703184e-03
1.162109375000000000e-01 -1.824696907715721381e-03
1.171875000000000000e-01 -2.100688298127711181e-03
1.181640625000000000e-01 -2.352107687800581229e-03
1.191406250000000000e-01 -2.572407722390079258e-03
1.201171875000000000e-01 -2.755092735043122507e-03
1.210937500000000000e-01 -2.894042217569039056e-03
1.220703125000000000e-01 -2.983849663521085955e-03
1.230468750000000000e-01 -3.020151748147020462e-03
1.240234375000000000e-01 -2.999922565468110189e-03
1.250000000000000000e-01 -2.921709473834033406e-03
1.259765625000000000e-01 -2.785790891942212157e-03
1.269531250000000000e-01 -2.594241854819116268e-03
1.279296875000000000e-01 -2.350899855376728693e-03
1.289062500000000000e-01 -2.061230923641637833e-03
1.298828125000000000e-01 -1.732103427987477084e-03
1.308593750000000000e-01 -1.371484101472767109e-03
1.318359375000000000e-01 -9.880767196750622240e-04
1.328125000000000000e-01 -5.909281896580950060e-04
1.337890625000000000e-01 -1.890291878514593861e-04
1.347656250000000000e-01 2.090632964789016510e-04
1.357421875000000000e-01 5.955561209565251929e-04
1.367187500000000000e-01 9.636814556492983262e-04
1.376953125000000000e-01 1.307873853758463861e-03
1.386718750000000000e-01 1.623854158887449300e-03
1.396484375000000000e-01 1.908619075445548968e-03
1.406250000000000000e-01 2.160342857906040036e-03
1.416015625000000000e-01 2.378204602974371470e-03
1.425781250000000000e-01 2.562160469048650139e-03
1.435546875000000000e-01 2.712684308714861329e-03
1.445312500000000000e-01 2.830502330614450245e-03
1.455078125000000000e-01 2.916347323462651318e-03
1.464843750000000000e-01 2.970755681484422549e-03
1.474609375000000000e-01 2.993926158474254171e-03
1.484375000000000000e-01 2.985653313068709416e-03
1.494140625000000000e-01 2.945341500915769559e-03
1.503906250000000000e-01 2.872097632684591888e-03
1.513671875000000000e-01 2.764893413696714076e-03
1.523437500000000000e-01 2.622781068823240753e-03
1.533203125000000000e-01 2.445141229957517072e-03
1.542968750000000000e-01 2.231938203494187364e-03
1.552734375000000000e-01 1.983956565470336615e-03
1.562500000000000000e-01 1.702994090024542717e-03
1.572265625000000000e-01 1.391989340374193834e-03
1.582031250000000000e-01 1.055067581945557959e-03
1.591796875000000000e-01 6.974955780847268052e-04
1.601562500000000000e-01 3.255437226606692309e-04
1.611328125000000000e-01 -5.373782379086404644e-05
1.621093750000000000e-01 -4.328145086694025045e-04
1.630859375000000000e-01 -8.040130544271301355e-04
1.640625000000000000e-01 -1.159891165623325518e-03
1.650390625000000000e-01 -1.493602165516769251e-03
1.660156250000000000e-01 -1.799225070172360110e-03
1.669921875000000000e-01 -2.072032794506011889e-03
1.679687500000000000e-01 -2.308675809644816085e-03
1.689453125000000000e-01 -2.507265291015234321e-03
1.699218750000000000e-01 -2.667348076964838090e-03
1.708984375000000000e-01 -2.789774917598874995e-03
1.718750000000000000e-01 -2.876472758906944375e-03
1.728515625000000000e-01 -2.930140379136594430e-03
1.738281250000000000e-01 -2.953893815651371501e-03
1.748046875000000000e-01 -2.950893043598689335e-03
1.757812500000000000e-01 -2.923983812103031314e-03
1.767578125000000000e-01 -2.875388140978546968e-03
1.777343750000000000e-01 -2.806473701874326321e-03
1.787109375000000000e-01 -2.717626369956220936e-03
1.796875000000000000e-01 -2.608242087850524363e-03
1.806640625000000000e-01 -2.476844486078673586e-03
1.816406250000000000e-01 -2.321324259600679538e-03
1.826171875000000000e-01 -2.139286003351018473e-03
1.835937500000000000e-01 -1.928478971859097502e-03
1.845703125000000000e-01 -1.687280902237370088e-03
1.855468750000000000e-01 -1.415199345028559340e-03
1.865234375000000000e-01 -1.113353406052117580e-03
1.875000000000000000e-01 -7.849006870747951125e-04
1.884765625000000000e-01 -4.353795153793982363e-04
1.894531250000000000e-01 -7.294497262398449695e-05
1.904296875000000000e-01 2.915118049836229398e-04
1.914062500000000000e-01 6.443588947287636664e-04
1.923828125000000000e-01 9.693178417745542796e-04
1.933593750000000000e-01 1.247628259256486479e-03
1.943359375000000000e-01 1.458242548528982220e-03
1.953125000000000000e-01 1.578001439096747994e-03
1.962890625000000000e-01 1.581735359106545844e-03
1.972656250000000000e-01 1.442234986105571035e-03
1.982421875000000000e-01 1.130037044687470056e-03
1.992187500000000000e-01 6.129785366174183864e-04
2.001953125000000000e-01 -1.445162030374580995e-04
2.011718750000000000e-01 -1.182436568819667400e-03
2.021484375000000000e-01 -2.546478617870411541e-03
2.031250000000000000e-01 -4.289615041717950369e-03
2.041015625000000000e-01 -6.473908664942486062e-03
2.050781250000000000e-01 -9.172518523113071254e-03
2.060546875000000000e-01 -1.247183267637958295e-02
2.070312500000000000e-01 -1.647365070490351691e-02
2.080078125000000000e-01 -2.129733220965941698e-02
2.089843750000000000e-01 -2.708182618473263872e-02
2.099609375000000000e-01 -3.398750003282122178e-02
2.109375000000000000e-01 -4.219769605413929009e-02
2.119140625000000000e-01 -5.191995684180836235e-02
2.128906250000000000e-01 -6.338687819916170862e-02
2.138671875000000000e-01 -7.685656771324342329e-02
2.148437500000000000e-01 -9.261270755551666289e-02
2.158203125000000000e-01 -1.109642399626051129e-01
2.167968750000000000e-01 -1.322447117736361699e-01
2.177734375000000000e-01 -1.568113291506892382e-01
2.187500000000000000e-01 -1.850437842525478882e-01
2.197265625000000000e-01 -2.173429215878930898e-01
2.207031250000000000e-01 -2.541293128451339589e-01
2.216796875000000000e-01 -2.958418053652586144e-01
2.226562500000000000e-01 -3.429361016202632229e-01
2.236328125000000000e-01 -3.958834158932406089e-01
2.246093750000000000e-01 -4.551692408384334643e-01
2.255859375000000000e-01 -5.212922418509925437e-01
2.265625000000000000e-01 -5.947632823351480802e-01
2.275390625000000000e-01 -6.761045690960681975e-01
2.285156250000000000e-01 -7.658488951263275890e-01
2.294921875000000000e-01 -8.645389477482789964e-01
2.304687500000000000e-01 -9.727266439149230282e-01
2.314453125000000000e-01 -1.090972451723374537e+00
2.324218750000000000e-01 -1.219844657872640292e+00
2.333984375000000000e-01 -1.359918544692708897e+00
2.343750000000000000e-01 -1.511775447086104229e+00
2.353515625000000000e-01 -1.676001668708786196e+00
2.363281250000000000e-01 -1.853187247329396659e+00
2.373046875000000000e-01 -2.043924570851247680e+00
2.382812500000000000e-01 -2.248806857267934944e+00
2.392578125000000000e-01 -2.468426523203282485e+00
2.402343750000000000e-01 -2.703373476089665495e+00
2.412109375000000000e-01 -2.954233373998253143e+00
2.421875000000000000e-01 -3.221585904297814107e+00
2.431640625000000000e-01 -3.506003137449734908e+00
2.441406250000000000e-01 -3.808048015218608473e+00
2.451171875000000000e-01 -4.128273033357229949e+00
2.460937500000000000e-01 -4.467219177452299128e+00
2.470703125000000000e-01 -4.825415167185218124e+00
2.480468750000000000e-01 -5.203377058894247398e+00
2.490234375000000000e-01 -5.601608249156571517e+00
2.500000000000000000e-01 -6.020599913279624182e+00
2.509765625000000000e-01 -6.460831902231998214e+00
2.519531250000000000e-01 -6.922774109784668894e+00
2.529296875000000000e-01 -7.406888308603328142e+00
2.539062500000000000e-01 -7.913630439879504763e+00
2.548828125000000000e-01 -8.443453325990098790e+00
2.558593750000000000e-01 -8.996809759860203926e+00
2.568359375000000000e-01 -9.574155908468073406e+00
2.578125000000000000e-01 -1.017595495165021902e+01
2.587890625000000000e-01 -1.080268086150627838e+01
2.597656250000000000e-01 -1.145482221282779989e+01
2.607421875000000000e-01 -1.213288590173356241e+01
2.617187500000000000e-01 -1.283740063881866966e+01
2.626953125000000000e-01 -1.356892007542037959e+01
2.636718750000000000e-01 -1.432802541793952322e+01
2.646484375000000000e-01 -1.511532738647128937e+01
2.656250000000000000e-01 -1.593146738132500850e+01
2.666015625000000000e-01 -1.677711773552496410e+01
2.675781250000000000e-01 -1.765298095449810134e+01
2.685546875000000000e-01 -1.855978787765909388e+01
2.695312500000000000e-01 -1.949829474285904851e+01
2.705078125000000000e-01 -2.046927919685172270e+01
2.714843750000000000e-01 -2.147353537734654338e+01
2.724609375000000000e-01 -2.251186830061374167e+01
2.734375000000000000e-01 -2.358508793052690322e+01
2.744140625000000000e-01 -2.469400349002288664e+01
2.753906250000000000e-01 -2.583941881619018588e+01
2.763671875000000000e-01 -2.702212986989934862e+01
2.773437500000000000e-01 -2.824292590658454571e+01
2.783203125000000000e-01 -2.950259631479877953e+01
2.792968750000000000e-01 -3.080194575312312111e+01
2.802734375000000000e-01 -3.214182098479648886e+01
2.812500000000000000e-01 -3.352315374666065395e+01
2.822265625000000000e-01 -3.494702512641354275e+01
2.832031250000000000e-01 -3.641475831320158818e+01
2.841796875000000000e-01 -3.792804833597167402e+01
2.851562500000000000e-01 -3.948913972635586589e+01
2.861328125000000000e-01 -4.110106637349164771e+01
2.871093750000000000e-01 -4.276797303803212458e+01
2.880859375000000000e-01 -4.449554673063902044e+01
2.890625000000000000e-01 -4.629160165291300189e+01
2.900390625000000000e-01 -4.816688992769328337e+01
2.910156250000000000e-01 -5.013626460621125602e+01
2.919921875000000000e-01 -5.222042852246923417e+01
2.929687500000000000e-01 -5.444872459708250290e+01
2.939453125000000000e-01 -5.686391579601596646e+01
2.949218750000000000e-01 -5.953110004596682359e+01
2.958984375000000000e-01 -6.255619153245591235e+01
2.968750000000000000e-01 -6.613006446826997831e+01
2.978515625000000000e-01 -7.065875867013934908e+01
2.988281250000000000e-01 -7.732132030011223378e+01
2.998046875000000000e-01 -9.557802754599410378e+01
3.007812500000000000e-01 -8.302707428807167389e+01
3.017578125000000000e-01 -7.771386750089826023e+01
3.027343750000000000e-01 -7.559484448023869163e+01
3.037109375000000000e-01 -7.479281879513608544e+01
3.046875000000000000e-01 -7.481334922784127173e+01
3.056640625000000000e-01 -7.549896168966247956e+01
3.066406250000000000e-01 -7.685395825504429013e+01
3.076171875000000000e-01 -7.904647734258851699e+01
3.085937500000000000e-01 -8.259340739992032354e+01
3.095703125000000000e-01 -8.948301745247562167e+01
3.105468750000000000e-01 -1.015164152991524986e+02
3.115234375000000000e-01 -8.599914399582608837e+01
3.125000000000000000e-01 -8.088038440168318743e+01
3.134765625000000000e-01 -7.784418196833524917e+01
3.144531250000000000e-01 -7.576064135125662347e+01
3.154296875000000000e-01 -7.423338194789721456e+01
3.164062500000000000e-01 -7.307295220734278018e+01
3.173828125000000000e-01 -7.217197876573867177e+01
3.183593750000000000e-01 -7.146273057291638509e+01
3.193359375000000000e-01 -7.089954974522775899e+01
3.203125000000000000e-01 -7.045063225538159202e+01
3.212890625000000000e-01 -7.009384995757200443e+01
3.222656250000000000e-01 -6.981446979818906584e+01
3.232421875000000000e-01 -6.960379424895916145e+01
3.242187500000000000e-01 -6.945824881156616470e+01
3.251953125000000000e-01 -6.937869217217753715e+01
3.261718750000000000e-01 -6.936986545302517015e+01
3.271484375000000000e-01 -6.943998262179819392e+01
3.281250000000000000e-01 -6.960051902643340327e+01
3.291015625000000000e-01 -6.986629768371301452e+01
3.300781250000000000e-01 -7.025602592178535133e+01
3.310546875000000000e-01 -7.079353396944623000e+01
3.320312500000000000e-01 -7.151018140321509975e+01
3.330078125000000000e-01 -7.244938963911093310e+01
3.339843750000000000e-01 -7.367547585881786176e+01
3.349609375000000000e-01 -7.529233423749616350e+01
3.359375000000000000e-01 -7.748852126604589330e+01
3.369140625000000000e-01 -8.067142613741394541e+01
3.378906250000000000e-01 -8.605046633317307680e+01
3.388671875000000000e-01 -1.041707115096869813e+02
3.398437500000000000e-01 -8.852393685846580240e+01
3.408203125000000000e-01 -8.190510821606150671e+01
3.417968750000000000e-01 -7.831015301838161236e+01
3.427734375000000000e-01 -7.590287194468345433e+01
3.437500000000000000e-01 -7.415117181205926045e+01
3.447265625000000000e-01 -7.282465094284179941e+01
3.457031250000000000e-01 -7.180152682712532908e+01
3.466796875000000000e-01 -7.100898456430046224e+01
3.476562500000000000e-01 -7.039973391020129156e+01
3.486328125000000000e-01 -6.994133577662354639e+01
3.496093750000000000e-01 -6.961086607058643949e+01
3.505859375000000000e-01 -6.939210029088039278e+01
3.515625000000000000e-01 -6.927400572829608905e+01
3.525390625000000000e-01 -6.924996743726737236e+01
3.535156250000000000e-01 -6.931746199166659039e+01
3.544921875000000000e-01 -6.947804302107557817e+01
3.554687500000000000e-01 -6.973760051338005894e+01
3.564453125000000000e-01 -7.010694465667336317e+01
3.574218750000000000e-01 -7.060287850190508152e+01
3.583984375000000000e-01 -7.125011270293970256e+01
3.593750000000000000e-01 -7.208475231616294820e+01
3.603515625000000000e-01 -7.316094661202568261e+01
3.613281250000000000e-01 -7.456453376100627395e+01
3.623046875000000000e-01 -7.644431504007317812e+01
3.632812500000000000e-01 -7.909713425745525228e+01
3.642578125000000000e-01 -8.327753450835501781e+01
3.652343750000000000e-01 -9.237062572739657185e+01
3.662109375000000000e-01 -9.324580328512067240e+01
3.671875000000000000e-01 -8.334588744026297036e+01
3.681640625000000000e-01 -7.888096683510502771e+01
3.691406250000000000e-01 -7.603315632153828574e+01
3.701171875000000000e-01 -7.400567575250963159e+01
3.710937500000000000e-01 -7.249478374744737152e+01
3.720703125000000000e-01 -7.135277897750609100e+01
3.730468750000000000e-01 -7.049737399098559365e+01
3.740234375000000000e-01 -6.987870871471069734e+01
3.750000000000000000e-01 -6.946500637740182071e+01
3.759765625000000000e-01 -6.923558516183790346e+01
3.769531250000000000e-01 -6.917722087699034716e+01
3.779296875000000000e-01 -6.928223925899402502e+01
3.789062500000000000e-01 -6.954763587603932251e+01
3.798828125000000000e-01 -6.997493921787392424e+01
3.808593750000000000e-01 -7.057077621804199907e+01
3.818359375000000000e-01 -7.134831813869755024e+01
3.828125000000000000e-01 -7.233010413805872929e+01
3.837890625000000000e-01 -7.355338375060000544e+01
3.847656250000000000e-01 -7.508068414892784403e+01
3.857421875000000000e-01 -7.702275377902415698e+01
3.867187500000000000e-01 -7.959630471348496883e+01
3.876953125000000000e-01 -8.330844984175934087e+01
3.886718750000000000e-01 -8.988993966271941360e+01
3.896484375000000000e-01 -1.084682182421094296e+02
3.906250000000000000e-01 -8.823165340316759853e+01
3.916015625000000000e-01 -8.277167067238397635e+01
3.925781250000000000e-01 -7.955332332929975792e+01
3.935546875000000000e-01 -7.730977064373090002e+01
3.945312500000000000e-01 -7.562430722452984355e+01
3.955078125000000000e-01 -7.430939248592245860e+01
3.964843750000000000e-01 -7.326648132574636918e+01
3.974609375000000000e-01 -7.243931224191081242e+01
3.984375000000000000e-01 -7.179460626752552344e+01
3.994140625000000000e-01 -7.131292298651179351e+01
4.003906250000000000e-01 -7.098394359543797805e+01
4.013671875000000000e-01 -7.080396255373338477e+01
4.023437500000000000e-01 -7.077464983821660383e+01
4.033203125000000000e-01 -7.090269597013514158e+01
4.042968750000000000e-01 -7.120025138046939617e+01
4.052734375000000000e-01 -7.168632045675329323e+01
4.062500000000000000e-01 -7.238961805640971647e+01
4.072265625000000000e-01 -7.335408996864069309e+01
4.082031250000000000e-01 -7.464999260035082784e+01
4.091796875000000000e-01 -7.639829324749352679e+01
4.101562500000000000e-01 -7.883315706447156401e+01
4.111328125000000000e-01 -8.250689547858898720e+01
4.121093750000000000e-01 -8.938901550563906540e+01
4.130859375000000000e-01 -1.022621278263215459e+02
4.140625000000000000e-01 -8.618747762312567318e+01
4.150390625000000000e-01 -8.099231285083402554e+01
4.160156250000000000e-01 -7.790048653635375331e+01
4.169921875000000000e-01 -7.577099592419088481e+01
4.179687500000000000e-01 -7.421229426793173900e+01
4.189453125000000000e-01 -7.304247613102468506e+01
4.199218750000000000e-01 -7.216226322267711168e+01
4.208984375000000000e-01 -7.151192760121284664e+01
4.218750000000000000e-01 -7.105341164495615658e+01
4.228515625000000000e-01 -7.076192495379171987e+01
4.238281250000000000e-01 -7.062171328449321095e+01
4.248046875000000000e-01 -7.062392236572220838e+01
4.257812500000000000e-01 -7.076567497709908139e+01
4.267578125000000000e-01 -7.105000579159772656e+01
4.277343750000000000e-01 -7.148660008987830849e+01
4.287109375000000000e-01 -7.209355632189159735e+01
4.296875000000000000e-01 -7.290080677270265141e+01
4.306640625000000000e-01 -7.395669923794682177e+01
4.316406250000000000e-01 -7.534144690287779156e+01
4.326171875000000000e-01 -7.719777690857864627e+01
4.335937500000000000e-01 -7.981378051975242727e+01
4.345703125000000000e-01 -8.392154754026377361e+01
4.355468750000000000e-01 -9.273647631244786282e+01
4.365234375000000000e-01 -9.441738295550662485e+01
4.375000000000000000e-01 -8.416198659482249411e+01
4.384765625000000000e-01 -7.958477051510942601e+01
4.394531250000000000e-01 -7.664902201260284187e+01
4.404296875000000000e-01 -7.453596156148825003e+01
4.414062500000000000e-01 -7.293671363100753524e+01
4.423828125000000000e-01 -7.170245502164215168e+01
4.433593750000000000e-01 -7.075125699853644790e+01
4.443359375000000000e-01 -7.003436136727803785e+01
4.453125000000000000e-01 -6.952157810699324614e+01
4.462890625000000000e-01 -6.919421045764545397e+01
4.472656250000000000e-01 -6.904141361811716138e+01
4.482421875000000000e-01 -6.905834073490771630e+01
4.492187500000000000e-01 -6.924537718228430094e+01
4.501953125000000000e-01 -6.960820523375974744e+01
4.511718750000000000e-01 -7.015872119851002253e+01
4.521484375000000000e-01 -7.091712030721505755e+01
4.531250000000000000e-01 -7.191595862112544069e+01
4.541015625000000000e-01 -7.320810153480975657e+01
4.550781250000000000e-01 -7.488339136730782286e+01
4.560546875000000000e-01 -7.710812001385663450e+01
4.570312500000000000e-01 -8.023855621100634039e+01
4.580078125000000000e-01 -8.528116618613105970e+01
4.589843750000000000e-01 -9.859309430184364942e+01
4.599609375000000000e-01 -9.044336547069218568e+01
4.609375000000000000e-01 -8.305352711583255143e+01
4.619140625000000000e-01 -7.927920587659629348e+01
4.628906250000000000e-01 -7.680242959244620238e+01
4.638671875000000000e-01 -7.501226479950794612e+01
4.648437500000000000e-01 -7.365492894703626803e+01
4.658203125000000000e-01 -7.260049857057008182e+01
4.667968750000000000e-01 -7.177399793522917548e+01
4.677734375000000000e-01 -7.112895531149730743e+01
4.687500000000000000e-01 -7.063547396106071119e+01
4.697265625000000000e-01 -7.027422158089811433e+01
4.707031250000000000e-01 -7.003315600516708628e+01
4.716796875000000000e-01 -6.990565080098650697e+01
4.726562500000000000e-01 -6.988941215389770889e+01
4.736328125000000000e-01 -6.998590291466588553e+01
4.746093750000000000e-01 -7.020015546881815283e+01
4.755859375000000000e-01 -7.054096012052698939e+01
4.765625000000000000e-01 -7.102151077308352001e+01
4.775390625000000000e-01 -7.166071909282537433e+01
4.785156250000000000e-01 -7.248564271091160549e+01
4.794921875000000000e-01 -7.353597339108526398e+01
4.804687500000000000e-01 -7.487273798583915152e+01
4.814453125000000000e-01 -7.659668039437833897e+01
4.824218750000000000e-01 -7.889257933866316819e+01
4.833984375000000000e-01 -8.216071634158852532e+01
4.843750000000000000e-01 -8.758369570866526033e+01
4.853515625000000000e-01 -1.049878658270885694e+02
4.863281250000000000e-01 -9.052139821269207687e+01
4.873046875000000000e-01 -8.389369914602282563e+01
4.882812500000000000e-01 -8.034375934951519582e+01
4.892578125000000000e-01 -7.798675688087092794e+01
4.902343750000000000e-01 -7.628162830136379569e+01
4.912109375000000000e-01 -7.499467136063549333e+01
4.921875000000000000e-01 -7.400222226830240402e+01
4.931640625000000000e-01 -7.322998242206041652e+01
4.941406250000000000e-01 -7.262923524921069429e+01
4.951171875000000000e-01 -7.216603469275271721e+01
4.960937500000000000e-01 -7.181580475254570217e+01
4.970703125000000000e-01 -7.156048669189627276e+01
4.980468750000000000e-01 -7.138699495236880921e+01
4.990234375000000000e-01 -7.128638542328158678e+01
