-5.000000000000000000e-01 -7.125342426529354611e+01
-4.990234375000000000e-01 -7.128638565517945835e+01
-4.980468750000000000e-01 -7.138699515195794731e+01
-4.970703125000000000e-01 -7.156048683985946468e+01
-4.960937500000000000e-01 -7.181580483265696557e+01
-4.951171875000000000e-01 -7.216603469266999582e+01
-4.941406250000000000e-01 -7.262923516094889465e+01
-4.931640625000000000e-01 -7.322998224211821139e+01
-4.921875000000000000e-01 -7.400222199740926499e+01
-4.912109375000000000e-01 -7.499467100331747815e+01
-4.902343750000000000e-01 -7.628162786526766581e+01
-4.892578125000000000e-01 -7.798675637569580488e+01
-4.882812500000000000e-01 -8.034375878539432847e+01
-4.873046875000000000e-01 -8.389369852912159331e+01
-4.863281250000000000e-01 -9.052139751877783169e+01
-4.853515625000000000e-01 -1.049878657971868563e+02
-4.843750000000000000e-01 -8.758369520433890898e+01
-4.833984375000000000e-01 -8.216071582893336256e+01
-4.824218750000000000e-01 -7.889257885416213867e+01
-4.814453125000000000e-01 -7.659667995676292662e+01
-4.804687500000000000e-01 -7.487273760824140822e+01
-4.794921875000000000e-01 -7.353597308308241054e+01
-4.785156250000000000e-01 -7.248564247891050627e+01
-4.775390625000000000e-01 -7.166071894006402943e+01
-4.765625000000000000e-01 -7.102151069959118956e+01
-4.755859375000000000e-01 -7.054096012299714857e+01
-4.746093750000000000e-01 -7.020015554062946705e+01
-4.736328125000000000e-01 -6.998590304599063927e+01
-4.726562500000000000e-01 -6.988941233191123104e+01
-4.716796875000000000e-01 -6.990565101022737338e+01
-4.707031250000000000e-01 -7.003315622802870166e+01
-4.697265625000000000e-01 -7.027422179819082260e+01
-4.687500000000000000e-01 -7.063547415263640517e+01
-4.677734375000000000e-01 -7.112895545682880538e+01
-4.667968750000000000e-01 -7.177399801381343991e+01
-4.658203125000000000e-01 -7.260049856192071616e+01
-4.648437500000000000e-01 -7.365492882996775847e+01
-4.638671875000000000e-01 -7.501226454972017166e+01
-4.628906250000000000e-01 -7.680242917613891507e+01
-4.619140625000000000e-01 -7.927920523148698351e+01
-4.609375000000000000e-01 -8.305352607684818622e+01
-4.599609375000000000e-01 -9.044336318060564395e+01
-4.589843750000000000e-01 -9.859309919903498098e+01
-4.580078125000000000e-01 -8.528116692906883145e+01
-4.570312500000000000e-01 -8.023855640693895452e+01
-4.560546875000000000e-01 -7.710811998181665672e+01
-4.550781250000000000e-01 -7.488339121302257695e+01
-4.541015625000000000e-01 -7.320810131246359731e+01
-4.531250000000000000e-01 -7.191595836597664970e+01
-4.521484375000000000e-01 -7.091712004550528547e+01
-4.511718750000000000e-01 -7.015872095120758445e+01
-4.501953125000000000e-01 -6.960820501810113115e+01
-4.492187500000000000e-01 -6.924537701244152288e+01
-4.482421875000000000e-01 -6.905834062224683123e+01
-4.472656250000000000e-01 -6.904141357127473100e+01
-4.462890625000000000e-01 -6.919421048245290251e+01
-4.453125000000000000e-01 -6.952157820635501650e+01
-4.443359375000000000e-01 -7.003436154101211741e+01
-4.433593750000000000e-01 -7.075125724307301311e+01
-4.423828125000000000e-01 -7.170245532963754442e+01
-4.414062500000000000e-01 -7.293671399058676741e+01
-4.404296875000000000e-01 -7.453596195479967434e+01
-4.394531250000000000e-01 -7.664902241207164479e+01
-4.384765625000000000e-01 -7.958477087202125233e+01
-4.375000000000000000e-01 -8.416198678757916696e+01
-4.365234375000000000e-01 -9.441738215731236039e+01
-4.355468750000000000e-01 -9.273647809447649593e+01
-4.345703125000000000e-01 -8.392154853253101976e+01
-4.335937500000000000e-01 -7.981378129278412814e+01
-4.326171875000000000e-01 -7.719777753703216661e+01
-4.316406250000000000e-01 -7.534144740357082526e+01
-4.306640625000000000e-01 -7.395669961414118632e+01
-4.296875000000000000e-01 -7.290080702519173883e+01
-4.287109375000000000e-01 -7.209355645306941085e+01
-4.277343750000000000e-01 -7.148660010553564348e+01
-4.267578125000000000e-01 -7.105000570180335728e+01
-4.257812500000000000e-01 -7.076567479639238911e+01
-4.248046875000000000e-01 -7.062392211299760447e+01
-4.238281250000000000e-01 -7.062171298252090423e+01
-4.228515625000000000e-01 -7.076192462867221877e+01
-4.218750000000000000e-01 -7.105341132554028150e+01
-4.208984375000000000e-01 -7.151192731859681828e+01
-4.199218750000000000e-01 -7.216226301018434697e+01
-4.189453125000000000e-01 -7.304247602495230751e+01
-4.179687500000000000e-01 -7.421229431004275057e+01
-4.169921875000000000e-01 -7.577099616829501372e+01
-4.160156250000000000e-01 -7.790048706650333088e+01
-4.150390625000000000e-01 -8.099231384249591770e+01
-4.140625000000000000e-01 -8.618747966501102553e+01
-4.130859375000000000e-01 -1.022621409428226400e+02
-4.121093750000000000e-01 -8.938901282488816946e+01
-4.111328125000000000e-01 -8.250689453639552084e+01
-4.101562500000000000e-01 -7.883315669676643722e+01
-4.091796875000000000e-01 -7.639829319266777929e+01
-4.082031250000000000e-01 -7.464999274642761407e+01
-4.072265625000000000e-01 -7.335409024813471035e+01
-4.062500000000000000e-01 -7.238961841881220494e+01
-4.052734375000000000e-01 -7.168632085909885632e+01
-4.042968750000000000e-01 -7.120025178379844988e+01
-4.033203125000000000e-01 -7.090269633840760832e+01
-4.023437500000000000e-01 -7.077465013835501395e+01
-4.013671875000000000e-01 -7.080396275636472581e+01
-4.003906250000000000e-01 -7.098394367599583177e+01
-3.994140625000000000e-01 -7.131292292666098831e+01
-3.984375000000000000e-01 -7.179460605662914929e+01
-3.974609375000000000e-01 -7.243931187865018728e+01
-3.964843750000000000e-01 -7.326648081965194592e+01
-3.955078125000000000e-01 -7.430939185904664157e+01
-3.945312500000000000e-01 -7.562430651370455337e+01
-3.935546875000000000e-01 -7.730976990512050406e+01
-3.925781250000000000e-01 -7.955332265052254570e+01
-3.916015625000000000e-01 -8.277167021664527624e+01
-3.906250000000000000e-01 -8.823165366129683207e+01
-3.896484375000000000e-01 -1.084682322643152190e+02
-3.886718750000000000e-01 -8.988993684081654578e+01
-3.876953125000000000e-01 -8.330844811821313556e+01
-3.867187500000000000e-01 -7.959630345875535795e+01
-3.857421875000000000e-01 -7.702275286081234640e+01
-3.847656250000000000e-01 -7.508068351704463339e+01
-3.837890625000000000e-01 -7.355338337394951509e+01
-3.828125000000000000e-01 -7.233010398784357164e+01
-3.818359375000000000e-01 -7.134831818300077089e+01
-3.808593750000000000e-01 -7.057077642040621868e+01
-3.798828125000000000e-01 -6.997493953748991657e+01
-3.789062500000000000e-01 -6.954763626878461480e+01
-3.779296875000000000e-01 -6.928223967879459622e+01
-3.769531250000000000e-01 -6.917722127739719440e+01
-3.759765625000000000e-01 -6.923558549763862402e+01
-3.750000000000000000e-01 -6.946500660619750533e+01
-3.740234375000000000e-01 -6.987870879842009231e+01
-3.730468750000000000e-01 -7.049737389715684799e+01
-3.720703125000000000e-01 -7.135277868040023463e+01
-3.710937500000000000e-01 -7.249478322856634804e+01
-3.701171875000000000e-01 -7.400567500028014933e+01
-3.691406250000000000e-01 -7.603315532851402736e+01
-3.681640625000000000e-01 -7.888096558777024825e+01
-3.671875000000000000e-01 -8.334588587239302626e+01
-3.662109375000000000e-01 -9.324580073728799334e+01
-3.652343750000000000e-01 -9.237062552281393835e+01
-3.642578125000000000e-01 -8.327753354613959402e+01
-3.632812500000000000e-01 -7.909713318731733978e+01
-3.623046875000000000e-01 -7.644431401048551322e+01
-3.613281250000000000e-01 -7.456453285809652698e+01
-3.603515625000000000e-01 -7.316094589695168793e+01
-3.593750000000000000e-01 -7.208475183006552811e+01
-3.583984375000000000e-01 -7.125011246586056757e+01
-3.574218750000000000e-01 -7.060287851078575727e+01
-3.564453125000000000e-01 -7.010694488454142004e+01
-3.554687500000000000e-01 -6.973760091064174560e+01
-3.544921875000000000e-01 -6.947804351939892342e+01
-3.535156250000000000e-01 -6.931746251058677899e+01
-3.525390625000000000e-01 -6.924996789303101252e+01
-3.515625000000000000e-01 -6.927400604416013152e+01
-3.505859375000000000e-01 -6.939210040764123733e+01
-3.496093750000000000e-01 -6.961086595606550986e+01
-3.486328125000000000e-01 -6.994133543280733534e+01
-3.476562500000000000e-01 -7.039973337720732616e+01
-3.466796875000000000e-01 -7.100898392055987074e+01
-3.457031250000000000e-01 -7.180152618586160429e+01
-3.447265625000000000e-01 -7.282465044579490154e+01
-3.437500000000000000e-01 -7.415117162236207093e+01
-3.427734375000000000e-01 -7.590287224443004277e+01
-3.417968750000000000e-01 -7.831015402681585158e+01
-3.408203125000000000e-01 -8.190511030151981231e+01
-3.398437500000000000e-01 -8.852394139717785038e+01
-3.388671875000000000e-01 -1.041706908589365668e+02
-3.378906250000000000e-01 -8.605046532411152782e+01
-3.369140625000000000e-01 -8.067142657863209365e+01
-3.359375000000000000e-01 -7.748852214439384056e+01
-3.349609375000000000e-01 -7.529233512316059773e+01
-3.339843750000000000e-01 -7.367547649096727014e+01
-3.330078125000000000e-01 -7.244938988679626846e+01
-3.320312500000000000e-01 -7.151018127633383870e+01
-3.310546875000000000e-01 -7.079353361625868502e+01
-3.300781250000000000e-01 -7.025602557976911555e+01
-3.291015625000000000e-01 -6.986629756545484327e+01
-3.281250000000000000e-01 -6.960051916110843706e+01
-3.271484375000000000e-01 -6.943998276754827259e+01
-3.261718750000000000e-01 -6.936986539789883466e+01
-3.251953125000000000e-01 -6.937869313043577790e+01
-3.242187500000000000e-01 -6.945825732717240442e+01
-3.232421875000000000e-01 -6.960383125426189110e+01
-3.222656250000000000e-01 -6.981458963190095801e+01
-3.212890625000000000e-01 -7.009417798024695401e+01
-3.203125000000000000e-01 -7.045143677977794994e+01
-3.193359375000000000e-01 -7.090137772675966232e+01
-3.183593750000000000e-01 -7.146666465073106167e+01
-3.173828125000000000e-01 -7.218013473179705386e+01
-3.164062500000000000e-01 -7.308948105505197645e+01
-3.154296875000000000e-01 -7.426661861579097490e+01
-3.144531250000000000e-01 -7.582816785140941818e+01
-3.134765625000000000e-01 -7.798662494189021288e+01
-3.125000000000000000e-01 -8.120932904006274100e+01
-3.115234375000000000e-01 -8.696729875278451516e+01
-3.105468750000000000e-01 -1.322239948491624091e+02
-3.095703125000000000e-01 -8.676336335966567503e+01
-3.085937500000000000e-01 -8.067292667855029720e+01
-3.076171875000000000e-01 -7.717199721601825502e+01
-3.066406250000000000e-01 -7.477774819296490705e+01
-3.056640625000000000e-01 -7.302960395872439392e+01
-3.046875000000000000e-01 -7.172466308880279939e+01
-3.037109375000000000e-01 -7.075622566241131040e+01
-3.027343750000000000e-01 -7.006166984774587547e+01
-3.017578125000000000e-01 -6.960127480192579696e+01
-3.007812500000000000e-01 -6.934817744639626369e+01
-2.998046875000000000e-01 -6.928298070023036814e+01
-2.988281250000000000e-01 -6.939048501030291050e+01
-2.978515625000000000e-01 -6.965741212655507297e+01
-2.968750000000000000e-01 -7.007055262012760011e+01
-2.958984375000000000e-01 -7.061503045570246684e+01
-2.949218750000000000e-01 -7.127254245518285813e+01
-2.939453125000000000e-01 -7.201960286195597405e+01
-2.929687500000000000e-01 -7.282607628799215149e+01
-2.919921875000000000e-01 -7.365464829451875062e+01
-2.910156250000000000e-01 -7.446227483212852860e+01
-2.900390625000000000e-01 -7.520474306887170712e+01
-2.890625000000000000e-01 -7.584472200544327336e+01
-2.880859375000000000e-01 -7.636182575705154818e+01
-2.871093750000000000e-01 -7.676118664262469338e+01
-2.861328125000000000e-01 -7.707691435318166384e+01
-2.851562500000000000e-01 -7.736968361160394636e+01
-2.841796875000000000e-01 -7.772174234788111846e+01
-2.832031250000000000e-01 -7.823513841874810737e+01
-2.822265625000000000e-01 -7.904022212566400185e+01
-2.812500000000000000e-01 -8.032690891138869915e+01
-2.802734375000000000e-01 -8.243911145395151152e+01
-2.792968750000000000e-01 -8.623422217935043932e+01
-2.783203125000000000e-01 -9.591887147621446275e+01
-2.773437500000000000e-01 -9.295375053384802300e+01
-2.763671875000000000e-01 -8.361808766310863916e+01
-2.753906250000000000e-01 -7.893423107289140717e+01
-2.744140625000000000e-01 -7.579436372069125127e+01
-2.734375000000000000e-01 -7.348300977941187284e+01
-2.724609375000000000e-01 -7.171868520343920750e+01
-2.714843750000000000e-01 -7.036232762602334390e+01
-2.705078125000000000e-01 -6.933597513094240128e+01
-2.695312500000000000e-01 -6.859260333581340774e+01
-2.685546875000000000e-01 -6.810286312466635650e+01
-2.675781250000000000e-01 -6.784857130291172211e+01
-2.666015625000000000e-01 -6.781929507593032724e+01
-2.656250000000000000e-01 -6.801052424156242182e+01
-2.646484375000000000e-01 -6.842275636466605704e+01
-2.636718750000000000e-01 -6.906118526786889333e+01
-2.626953125000000000e-01 -6.993586830453307357e+01
-2.617187500000000000e-01 -7.106236483038041740e+01
-2.607421875000000000e-01 -7.246294167381674356e+01
-2.597656250000000000e-01 -7.416857249966136578e+01
-2.587890625000000000e-01 -7.622217175405123157e+01
-2.578125000000000000e-01 -7.868390687931024274e+01
-2.568359375000000000e-01 -8.164027169996067812e+01
-2.558593750000000000e-01 -8.522052541410282345e+01
-2.548828125000000000e-01 -8.962902250395927695e+01
-2.539062500000000000e-01 -9.521656352240404431e+01
-2.529296875000000000e-01 -1.026675235924990517e+02
-2.519531250000000000e-01 -1.136599994116843959e+02
-2.509765625000000000e-01 -1.358816794462691462e+02
-2.500000000000000000e-01 -inf
-2.490234375000000000e-01 -1.358816794484470734e+02
-2.480468750000000000e-01 -1.136599994120067123e+02
-2.470703125000000000e-01 -1.026675235925406326e+02
-2.460937500000000000e-01 -9.521656352240404431e+01
-2.451171875000000000e-01 -8.962902250396284387e+01
-2.441406250000000000e-01 -8.522052541410111814e+01
-2.431640625000000000e-01 -8.164027169997882538e+01
-2.421875000000000000e-01 -7.868390687931024274e+01
-2.412109375000000000e-01 -7.622217175404499301e+01
-2.402343750000000000e-01 -7.416857249966160737e+01
-2.392578125000000000e-01 -7.246294167381211082e+01
-2.382812500000000000e-01 -7.106236483038432539e+01
-2.373046875000000000e-01 -6.993586830452801451e+01
-2.363281250000000000e-01 -6.906118526786852385e+01
-2.353515625000000000e-01 -6.842275636466483490e+01
-2.343750000000000000e-01 -6.801052424155878384e+01
-2.333984375000000000e-01 -6.781929507593225992e+01
-2.324218750000000000e-01 -6.784857130291007365e+01
-2.314453125000000000e-01 -6.810286312466669756e+01
-2.304687500000000000e-01 -6.859260333581195823e+01
-2.294921875000000000e-01 -6.933597513094360920e+01
-2.285156250000000000e-01 -7.036232762602271862e+01
-2.275390625000000000e-01 -7.171868520343329578e+01
-2.265625000000000000e-01 -7.348300977941508449e+01
-2.255859375000000000e-01 -7.579436372069142180e+01
-2.246093750000000000e-01 -7.893423107289264351e+01
-2.236328125000000000e-01 -8.361808766311483510e+01
-2.226562500000000000e-01 -9.295375053388082165e+01
-2.216796875000000000e-01 -9.591887147625686794e+01
-2.207031250000000000e-01 -8.623422217938603751e+01
-2.197265625000000000e-01 -8.243911145393798279e+01
-2.187500000000000000e-01 -8.032690891138869915e+01
-2.177734375000000000e-01 -7.904022212566212602e+01
-2.167968750000000000e-01 -7.823513841876228980e+01
-2.158203125000000000e-01 -7.772174234788059266e+01
-2.148437500000000000e-01 -7.736968361160008101e+01
-2.138671875000000000e-01 -7.707691435318834294e+01
-2.128906250000000000e-01 -7.676118664262175173e+01
-2.119140625000000000e-01 -7.636182575704427222e+01
-2.109375000000000000e-01 -7.584472200546863974e+01
-2.099609375000000000e-01 -7.520474306887497562e+01
-2.089843750000000000e-01 -7.446227483212877019e+01
-2.080078125000000000e-01 -7.365464829451920536e+01
-2.070312500000000000e-01 -7.282607628799215149e+01
-2.060546875000000000e-01 -7.201960286195327399e+01
-2.050781250000000000e-01 -7.127254245518383868e+01
-2.041015625000000000e-01 -7.061503045570810855e+01
-2.031250000000000000e-01 -7.007055262012760011e+01
-2.021484375000000000e-01 -6.965741212655171921e+01
-2.011718750000000000e-01 -6.939048501029935778e+01
-2.001953125000000000e-01 -6.928298070023076605e+01
-1.992187500000000000e-01 -6.934817744639211412e+01
-1.982421875000000000e-01 -6.960127480192586802e+01
-1.972656250000000000e-01 -7.006166984774874607e+01
-1.962890625000000000e-01 -7.075622566242002165e+01
-1.953125000000000000e-01 -7.172466308880805741e+01
-1.943359375000000000e-01 -7.302960395872020172e+01
-1.933593750000000000e-01 -7.477774819297034981e+01
-1.923828125000000000e-01 -7.717199721602449358e+01
-1.914062500000000000e-01 -8.067292667855329569e+01
-1.904296875000000000e-01 -8.676336335964276714e+01
-1.894531250000000000e-01 -1.322239948491624091e+02
-1.884765625000000000e-01 -8.696729875277733868e+01
-1.875000000000000000e-01 -8.120932904006274100e+01
-1.865234375000000000e-01 -7.798662494187922789e+01
-1.855468750000000000e-01 -7.582816785140526861e+01
-1.845703125000000000e-01 -7.426661861579131596e+01
-1.835937500000000000e-01 -7.308948105505149329e+01
-1.826171875000000000e-01 -7.218013473179938444e+01
-1.816406250000000000e-01 -7.146666465072786423e+01
-1.806640625000000000e-01 -7.090137772676413874e+01
-1.796875000000000000e-01 -7.045143677978477115e+01
-1.787109375000000000e-01 -7.009417798024550450e+01
-1.777343750000000000e-01 -6.981458963189992062e+01
-1.767578125000000000e-01 -6.960383125426298534e+01
-1.757812500000000000e-01 -6.945825732717108281e+01
-1.748046875000000000e-01 -6.937869313043287889e+01
-1.738281250000000000e-01 -6.936986539790080997e+01
-1.728515625000000000e-01 -6.943998276754764731e+01
-1.718750000000000000e-01 -6.960051916110552384e+01
-1.708984375000000000e-01 -6.986629756545792702e+01
-1.699218750000000000e-01 -7.025602557976955609e+01
-1.689453125000000000e-01 -7.079353361625761920e+01
-1.679687500000000000e-01 -7.151018127632707433e+01
-1.669921875000000000e-01 -7.244938988679788849e+01
-1.660156250000000000e-01 -7.367547649096430007e+01
-1.650390625000000000e-01 -7.529233512315119015e+01
-1.640625000000000000e-01 -7.748852214437341956e+01
-1.630859375000000000e-01 -8.067142657863422528e+01
-1.621093750000000000e-01 -8.605046532409348004e+01
-1.611328125000000000e-01 -1.041706908589250986e+02
-1.601562500000000000e-01 -8.852394139719712030e+01
-1.591796875000000000e-01 -8.190511030154134176e+01
-1.582031250000000000e-01 -7.831015402682906767e+01
-1.572265625000000000e-01 -7.590287224442323577e+01
-1.562500000000000000e-01 -7.415117162235961246e+01
-1.552734375000000000e-01 -7.282465044578883351e+01
-1.542968750000000000e-01 -7.180152618586733126e+01
-1.533203125000000000e-01 -7.100898392055349007e+01
-1.523437500000000000e-01 -7.039973337720579138e+01
-1.513671875000000000e-01 -6.994133543280756271e+01
-1.503906250000000000e-01 -6.961086595606136029e+01
-1.494140625000000000e-01 -6.939210040764098153e+01
-1.484375000000000000e-01 -6.927400604415814200e+01
-1.474609375000000000e-01 -6.924996789303233413e+01
-1.464843750000000000e-01 -6.931746251058110886e+01
-1.455078125000000000e-01 -6.947804351940220613e+01
-1.445312500000000000e-01 -6.973760091063627442e+01
-1.435546875000000000e-01 -7.010694488453783890e+01
-1.425781250000000000e-01 -7.060287851078075505e+01
-1.416015625000000000e-01 -7.125011246586159075e+01
-1.406250000000000000e-01 -7.208475183007523412e+01
-1.396484375000000000e-01 -7.316094589695283901e+01
-1.386718750000000000e-01 -7.456453285810081866e+01
-1.376953125000000000e-01 -7.644431401048392161e+01
-1.367187500000000000e-01 -7.909713318730182152e+01
-1.357421875000000000e-01 -8.327753354613398074e+01
-1.347656250000000000e-01 -9.237062552284541539e+01
-1.337890625000000000e-01 -9.324580073730366792e+01
-1.328125000000000000e-01 -8.334588587241306357e+01
-1.318359375000000000e-01 -7.888096558776550182e+01
-1.308593750000000000e-01 -7.603315532851672742e+01
-1.298828125000000000e-01 -7.400567500028303414e+01
-1.289062500000000000e-01 -7.249478322857009971e+01
-1.279296875000000000e-01 -7.135277868039383975e+01
-1.269531250000000000e-01 -7.049737389715728852e+01
-1.259765625000000000e-01 -6.987870879842139971e+01
-1.250000000000000000e-01 -6.946500660619463474e+01
-1.240234375000000000e-01 -6.923558549763964720e+01
-1.230468750000000000e-01 -6.917722127739759230e+01
-1.220703125000000000e-01 -6.928223967879371514e+01
-1.210937500000000000e-01 -6.954763626877949889e+01
-1.201171875000000000e-01 -6.997493953749165030e+01
-1.191406250000000000e-01 -7.057077642040668763e+01
-1.181640625000000000e-01 -7.134831818301313433e+01
-1.171875000000000000e-01 -7.233010398785204131e+01
-1.162109375000000000e-01 -7.355338337395639314e+01
-1.152343750000000000e-01 -7.508068351703953169e+01
-1.142578125000000000e-01 -7.702275286081200534e+01
-1.132812500000000000e-01 -7.959630345874860780e+01
-1.123046875000000000e-01 -8.330844811821215501e+01
-1.113281250000000000e-01 -8.988993684080404023e+01
-1.103515625000000000e-01 -1.084682322643818821e+02
-1.093750000000000000e-01 -8.823165366132170107e+01
-1.083984375000000000e-01 -8.277167021663643709e+01
-1.074218750000000000e-01 -7.955332265054032348e+01
-1.064453125000000000e-01 -7.730976990512549207e+01
-1.054687500000000000e-01 -7.562430651371755630e+01
-1.044921875000000000e-01 -7.430939185904688316e+01
-1.035156250000000000e-01 -7.326648081965129222e+01
-1.025390625000000000e-01 -7.243931187865614163e+01
-1.015625000000000000e-01 -7.179460605663444994e+01
-1.005859375000000000e-01 -7.131292292666348942e+01
-9.960937500000000000e-02 -7.098394367600069188e+01
-9.863281250000000000e-02 -7.080396275636297787e+01
-9.765625000000000000e-02 -7.077465013835931984e+01
-9.667968750000000000e-02 -7.090269633841130315e+01
-9.570312500000000000e-02 -7.120025178380039677e+01
-9.472656250000000000e-02 -7.168632085909638363e+01
-9.375000000000000000e-02 -7.238961841882023407e+01
-9.277343750000000000e-02 -7.335409024813705514e+01
-9.179687500000000000e-02 -7.464999274642110549e+01
-9.082031250000000000e-02 -7.639829319267383312e+01
-8.984375000000000000e-02 -7.883315669676092341e+01
-8.886718750000000000e-02 -8.250689453636928761e+01
-8.789062500000000000e-02 -8.938901282488541256e+01
-8.691406250000000000e-02 -1.022621409430067132e+02
-8.593750000000000000e-02 -8.618747966495540425e+01
-8.496093750000000000e-02 -8.099231384251083909e+01
-8.398437500000000000e-02 -7.790048706649515964e+01
-8.300781250000000000e-02 -7.577099616829487161e+01
-8.203125000000000000e-02 -7.421229431004550747e+01
-8.105468750000000000e-02 -7.304247602495033220e+01
-8.007812500000000000e-02 -7.216226301018325273e+01
-7.910156250000000000e-02 -7.151192731859629248e+01
-7.812500000000000000e-02 -7.105341132554028150e+01
-7.714843750000000000e-02 -7.076192462867675204e+01
-7.617187500000000000e-02 -7.062171298251864471e+01
-7.519531250000000000e-02 -7.062392211299760447e+01
-7.421875000000000000e-02 -7.076567479639675184e+01
-7.324218750000000000e-02 -7.105000570180301622e+01
-7.226562500000000000e-02 -7.148660010553315658e+01
-7.128906250000000000e-02 -7.209355645306541760e+01
-7.031250000000000000e-02 -7.290080702519775002e+01
-6.933593750000000000e-02 -7.395669961413410931e+01
-6.835937500000000000e-02 -7.534144740357442060e+01
-6.738281250000000000e-02 -7.719777753703529299e+01
-6.640625000000000000e-02 -7.981378129279194411e+01
-6.542968750000000000e-02 -8.392154853253687463e+01
-6.445312500000000000e-02 -9.273647809441277445e+01
-6.347656250000000000e-02 -9.441738215731236039e+01
-6.250000000000000000e-02 -8.416198678757916696e+01
-6.152343750000000000e-02 -7.958477087202298605e+01
-6.054687500000000000e-02 -7.664902241207799705e+01
-5.957031250000000000e-02 -7.453596195480038489e+01
-5.859375000000000000e-02 -7.293671399058915483e+01
-5.761718750000000000e-02 -7.170245532963920709e+01
-5.664062500000000000e-02 -7.075125724307335418e+01
-5.566406250000000000e-02 -7.003436154100806732e+01
-5.468750000000000000e-02 -6.952157820635501650e+01
-5.371093750000000000e-02 -6.919421048244922190e+01
-5.273437500000000000e-02 -6.904141357127326728e+01
-5.175781250000000000e-02 -6.905834062224695913e+01
-5.078125000000000000e-02 -6.924537701244361187e+01
-4.980468750000000000e-02 -6.960820501809888583e+01
-4.882812500000000000e-02 -7.015872095120845131e+01
-4.785156250000000000e-02 -7.091712004550414861e+01
-4.687500000000000000e-02 -7.191595836597093694e+01
-4.589843750000000000e-02 -7.320810131246328467e+01
-4.492187500000000000e-02 -7.488339121301514467e+01
-4.394531250000000000e-02 -7.710811998182541060e+01
-4.296875000000000000e-02 -8.023855640694085878e+01
-4.199218750000000000e-02 -8.528116692906002072e+01
-4.101562500000000000e-02 -9.859309919891833829e+01
-4.003906250000000000e-02 -9.044336318053768764e+01
-3.906250000000000000e-02 -8.305352607684818622e+01
-3.808593750000000000e-02 -7.927920523147497534e+01
-3.710937500000000000e-02 -7.680242917613955456e+01
-3.613281250000000000e-02 -7.501226454973071611e+01
-3.515625000000000000e-02 -7.365492882996561264e+01
-3.417968750000000000e-02 -7.260049856192101458e+01
-3.320312500000000000e-02 -7.177399801381343991e+01
-3.222656250000000000e-02 -7.112895545683555554e+01
-3.125000000000000000e-02 -7.063547415264297058e+01
-3.027343750000000000e-02 -7.027422179819069470e+01
-2.929687500000000000e-02 -7.003315622802742269e+01
-2.832031250000000000e-02 -6.990565101023203454e+01
-2.734375000000000000e-02 -6.988941233191209790e+01
-2.636718750000000000e-02 -6.998590304598918976e+01
-2.539062500000000000e-02 -7.020015554063527929e+01
-2.441406250000000000e-02 -7.054096012299963547e+01
-2.343750000000000000e-02 -7.102151069958875951e+01
-2.246093750000000000e-02 -7.166071894006684317e+01
-2.148437500000000000e-02 -7.248564247890712409e+01
-2.050781250000000000e-02 -7.353597308307750779e+01
-1.953125000000000000e-02 -7.487273760825034685e+01
-1.855468750000000000e-02 -7.659667995676292662e+01
-1.757812500000000000e-02 -7.889257885417977434e+01
-1.660156250000000000e-02 -8.216071582893157199e+01
-1.562500000000000000e-02 -8.758369520431583055e+01
-1.464843750000000000e-02 -1.049878657970354254e+02
-1.367187500000000000e-02 -9.052139751875537854e+01
-1.269531250000000000e-02 -8.389369852913326042e+01
-1.171875000000000000e-02 -8.034375878540069493e+01
-1.074218750000000000e-02 -7.798675637569172636e+01
-9.765625000000000000e-03 -7.628162786526766581e+01
-8.789062500000000000e-03 -7.499467100332655889e+01
-7.812500000000000000e-03 -7.400222199741268980e+01
-6.835937500000000000e-03 -7.322998224212211937e+01
-5.859375000000000000e-03 -7.262923516095335685e+01
-4.882812500000000000e-03 -7.216603469266610205e+01
-3.906250000000000000e-03 -7.181580483264787063e+01
-2.929687500000000000e-03 -7.156048683986088577e+01
-1.953125000000000000e-03 -7.138699515195943945e+01
-9.765625000000000000e-04 -7.128638565518284054e+01
0.000000000000000000e+00 -7.125342426529002182e+01
9.765625000000000000e-04 -7.128638565517996994e+01
1.953125000000000000e-03 -7.138699515195547463e+01
2.929687500000000000e-03 -7.156048683986088577e+01
3.906250000000000000e-03 -7.181580483265769033e+01
4.882812500000000000e-03 -7.216603469266999582e+01
5.859375000000000000e-03 -7.262923516094889465e+01
6.835937500000000000e-03 -7.322998224212211937e+01
7.812500000000000000e-03 -7.400222199740585438e+01
8.789062500000000000e-03 -7.499467100331922609e+01
9.765625000000000000e-03 -7.628162786526766581e+01
1.074218750000000000e-02 -7.798675637569199637e+01
1.171875000000000000e-02 -8.034375878539336213e+01
1.269531250000000000e-02 -8.389369852912159331e+01
1.367187500000000000e-02 -9.052139751875537854e+01
1.464843750000000000e-02 -1.049878657971744502e+02
1.562500000000000000e-02 -8.758369520431583055e+01
1.660156250000000000e-02 -8.216071582893336256e+01
1.757812500000000000e-02 -7.889257885416566296e+01
1.855468750000000000e-02 -7.659667995676292662e+01
1.953125000000000000e-02 -7.487273760823842395e+01
2.050781250000000000e-02 -7.353597308308695801e+01
2.148437500000000000e-02 -7.248564247891050627e+01
2.246093750000000000e-02 -7.166071894006446996e+01
2.343750000000000000e-02 -7.102151069958875951e+01
2.441406250000000000e-02 -7.054096012299677909e+01
2.539062500000000000e-02 -7.020015554062946705e+01
2.636718750000000000e-02 -6.998590304599215983e+01
2.734375000000000000e-02 -6.988941233191093261e+01
2.832031250000000000e-02 -6.990565101022737338e+01
2.929687500000000000e-02 -7.003315622802742269e+01
3.027343750000000000e-02 -7.027422179819234316e+01
3.125000000000000000e-02 -7.063547415263640517e+01
3.222656250000000000e-02 -7.112895545683021226e+01
3.320312500000000000e-02 -7.177399801381655209e+01
3.417968750000000000e-02 -7.260049856191783135e+01
3.515625000000000000e-02 -7.365492882996990431e+01
3.613281250000000000e-02 -7.501226454972557178e+01
3.710937500000000000e-02 -7.680242917613891507e+01
3.808593750000000000e-02 -7.927920523149481369e+01
3.906250000000000000e-02 -8.305352607684818622e+01
4.003906250000000000e-02 -9.044336318060942403e+01
4.101562500000000000e-02 -9.859309919907519770e+01
4.199218750000000000e-02 -8.528116692907765639e+01
4.296875000000000000e-02 -8.023855640693895452e+01
4.394531250000000000e-02 -7.710811998182103366e+01
4.492187500000000000e-02 -7.488339121302702495e+01
4.589843750000000000e-02 -7.320810131246392416e+01
4.687500000000000000e-02 -7.191595836597474545e+01
4.785156250000000000e-02 -7.091712004550365123e+01
4.882812500000000000e-02 -7.015872095120414542e+01
4.980468750000000000e-02 -6.960820501810113115e+01
5.078125000000000000e-02 -6.924537701244254606e+01
5.175781250000000000e-02 -6.905834062224683123e+01
5.273437500000000000e-02 -6.904141357127340939e+01
5.371093750000000000e-02 -6.919421048245101247e+01
5.468750000000000000e-02 -6.952157820635501650e+01
5.566406250000000000e-02 -7.003436154101004263e+01
5.664062500000000000e-02 -7.075125724307301311e+01
5.761718750000000000e-02 -7.170245532963569701e+01
5.859375000000000000e-02 -7.293671399058833060e+01
5.957031250000000000e-02 -7.453596195480363917e+01
6.054687500000000000e-02 -7.664902241207255429e+01
6.152343750000000000e-02 -7.958477087202565770e+01
6.250000000000000000e-02 -8.416198678757916696e+01
6.347656250000000000e-02 -9.441738215730501338e+01
6.445312500000000000e-02 -9.273647809448226553e+01
6.542968750000000000e-02 -8.392154853253687463e+01
6.640625000000000000e-02 -7.981378129277450739e+01
6.738281250000000000e-02 -7.719777753703564827e+01
6.835937500000000000e-02 -7.534144740356805414e+01
6.933593750000000000e-02 -7.395669961413636884e+01
7.031250000000000000e-02 -7.290080702519775002e+01
7.128906250000000000e-02 -7.209355645307158511e+01
7.226562500000000000e-02 -7.148660010553386712e+01
7.324218750000000000e-02 -7.105000570180335728e+01
7.421875000000000000e-02 -7.076567479639238911e+01
7.519531250000000000e-02 -7.062392211299760447e+01
7.617187500000000000e-02 -7.062171298251955420e+01
7.714843750000000000e-02 -7.076192462867405197e+01
7.812500000000000000e-02 -7.105341132554028150e+01
7.910156250000000000e-02 -7.151192731860081153e+01
8.007812500000000000e-02 -7.216226301018325273e+01
8.105468750000000000e-02 -7.304247602495092906e+01
8.203125000000000000e-02 -7.421229431004550747e+01
8.300781250000000000e-02 -7.577099616829501372e+01
8.398437500000000000e-02 -7.790048706650333088e+01
8.496093750000000000e-02 -8.099231384249243604e+01
8.593750000000000000e-02 -8.618747966501102553e+01
8.691406250000000000e-02 -1.022621409428373909e+02
8.789062500000000000e-02 -8.938901282488816946e+01
8.886718750000000000e-02 -8.250689453639552084e+01
8.984375000000000000e-02 -7.883315669676254345e+01
9.082031250000000000e-02 -7.639829319266574714e+01
9.179687500000000000e-02 -7.464999274642543980e+01
9.277343750000000000e-02 -7.335409024813471035e+01
9.375000000000000000e-02 -7.238961841881220494e+01
9.472656250000000000e-02 -7.168632085909939633e+01
9.570312500000000000e-02 -7.120025178379844988e+01
9.667968750000000000e-02 -7.090269633840654251e+01
9.765625000000000000e-02 -7.077465013835379182e+01
9.863281250000000000e-02 -7.080396275636304892e+01
9.960937500000000000e-02 -7.098394367599750865e+01
1.005859375000000000e-01 -7.131292292665870036e+01
1.015625000000000000e-01 -7.179460605662914929e+01
1.025390625000000000e-01 -7.243931187864615140e+01
1.035156250000000000e-01 -7.326648081964758319e+01
1.044921875000000000e-01 -7.430939185904664157e+01
1.054687500000000000e-01 -7.562430651370455337e+01
1.064453125000000000e-01 -7.730976990511553026e+01
1.074218750000000000e-01 -7.955332265052508944e+01
1.083984375000000000e-01 -8.277167021665796653e+01
1.093750000000000000e-01 -8.823165366132170107e+01
1.103515625000000000e-01 -1.084682322642114372e+02
1.113281250000000000e-01 -8.988993684078729984e+01
1.123046875000000000e-01 -8.330844811820318796e+01
1.132812500000000000e-01 -7.959630345874684565e+01
1.142578125000000000e-01 -7.702275286081234640e+01
1.152343750000000000e-01 -7.508068351705000509e+01
1.162109375000000000e-01 -7.355338337395099302e+01
1.171875000000000000e-01 -7.233010398784075790e+01
1.181640625000000000e-01 -7.134831818300433781e+01
1.191406250000000000e-01 -7.057077642040621868e+01
1.201171875000000000e-01 -6.997493953748839601e+01
1.210937500000000000e-01 -6.954763626878329319e+01
1.220703125000000000e-01 -6.928223967879549150e+01
1.230468750000000000e-01 -6.917722127739527593e+01
1.240234375000000000e-01 -6.923558549763882297e+01
1.250000000000000000e-01 -6.946500660619463474e+01
1.259765625000000000e-01 -6.987870879842053284e+01
1.269531250000000000e-01 -7.049737389715907909e+01
1.279296875000000000e-01 -7.135277868040161309e+01
1.289062500000000000e-01 -7.249478322856558066e+01
1.298828125000000000e-01 -7.400567500027774770e+01
1.308593750000000000e-01 -7.603315532851702585e+01
1.318359375000000000e-01 -7.888096558777297673e+01
1.328125000000000000e-01 -8.334588587241306357e+01
1.337890625000000000e-01 -9.324580073728277796e+01
1.347656250000000000e-01 -9.237062552285323136e+01
1.357421875000000000e-01 -8.327753354614658576e+01
1.367187500000000000e-01 -7.909713318731650133e+01
1.376953125000000000e-01 -7.644431401048800012e+01
1.386718750000000000e-01 -7.456453285809223530e+01
1.396484375000000000e-01 -7.316094589695347850e+01
1.406250000000000000e-01 -7.208475183007135456e+01
1.416015625000000000e-01 -7.125011246586056757e+01
1.425781250000000000e-01 -7.060287851078619781e+01
1.435546875000000000e-01 -7.010694488454261375e+01
1.445312500000000000e-01 -6.973760091064447408e+01
1.455078125000000000e-01 -6.947804351939892342e+01
1.464843750000000000e-01 -6.931746251058677899e+01
1.474609375000000000e-01 -6.924996789303101252e+01
1.484375000000000000e-01 -6.927400604416210683e+01
1.494140625000000000e-01 -6.939210040764282894e+01
1.503906250000000000e-01 -6.961086595606408878e+01
1.513671875000000000e-01 -6.994133543280733534e+01
1.523437500000000000e-01 -7.039973337721056623e+01
1.533203125000000000e-01 -7.100898392056096498e+01
1.542968750000000000e-01 -7.180152618586316748e+01
1.552734375000000000e-01 -7.282465044579691948e+01
1.562500000000000000e-01 -7.415117162235961246e+01
1.572265625000000000e-01 -7.590287224443335390e+01
1.582031250000000000e-01 -7.831015402681585158e+01
1.591796875000000000e-01 -8.190511030152444505e+01
1.601562500000000000e-01 -8.852394139718727217e+01
1.611328125000000000e-01 -1.041706908589365668e+02
1.621093750000000000e-01 -8.605046532411152782e+01
1.630859375000000000e-01 -8.067142657863668376e+01
1.640625000000000000e-01 -7.748852214439384056e+01
1.650390625000000000e-01 -7.529233512315879295e+01
1.660156250000000000e-01 -7.367547649096498219e+01
1.669921875000000000e-01 -7.244938988679425051e+01
1.679687500000000000e-01 -7.151018127633585664e+01
1.689453125000000000e-01 -7.079353361625761920e+01
1.699218750000000000e-01 -7.025602557976780815e+01
1.708984375000000000e-01 -6.986629756545505643e+01
1.718750000000000000e-01 -6.960051916110843706e+01
1.728515625000000000e-01 -6.943998276754847154e+01
1.738281250000000000e-01 -6.936986539789924677e+01
1.748046875000000000e-01 -6.937869313043468367e+01
1.757812500000000000e-01 -6.945825732717052858e+01
1.767578125000000000e-01 -6.960383125426334061e+01
1.777343750000000000e-01 -6.981458963190240752e+01
1.787109375000000000e-01 -7.009417798024423973e+01
1.796875000000000000e-01 -7.045143677978022367e+01
1.806640625000000000e-01 -7.090137772676115446e+01
1.816406250000000000e-01 -7.146666465073106167e+01
1.826171875000000000e-01 -7.218013473179900075e+01
1.835937500000000000e-01 -7.308948105505399440e+01
1.845703125000000000e-01 -7.426661861579131596e+01
1.855468750000000000e-01 -7.582816785141189087e+01
1.865234375000000000e-01 -7.798662494189387928e+01
1.875000000000000000e-01 -8.120932904006274100e+01
1.884765625000000000e-01 -8.696729875277111432e+01
1.894531250000000000e-01 -1.322239948491624091e+02
1.904296875000000000e-01 -8.676336335965899593e+01
1.914062500000000000e-01 -8.067292667855130617e+01
1.923828125000000000e-01 -7.717199721601132012e+01
1.933593750000000000e-01 -7.477774819296490705e+01
1.943359375000000000e-01 -7.302960395872298704e+01
1.953125000000000000e-01 -7.172466308880805741e+01
1.962890625000000000e-01 -7.075622566241239042e+01
1.972656250000000000e-01 -7.006166984774587547e+01
1.982421875000000000e-01 -6.960127480192579696e+01
1.992187500000000000e-01 -6.934817744639626369e+01
2.001953125000000000e-01 -6.928298070023036814e+01
2.011718750000000000e-01 -6.939048501030329419e+01
2.021484375000000000e-01 -6.965741212655368031e+01
2.031250000000000000e-01 -7.007055262012760011e+01
2.041015625000000000e-01 -7.061503045570403003e+01
2.050781250000000000e-01 -7.127254245517795539e+01
2.060546875000000000e-01 -7.201960286195570404e+01
2.070312500000000000e-01 -7.282607628799215149e+01
2.080078125000000000e-01 -7.365464829451875062e+01
2.089843750000000000e-01 -7.446227483213102971e+01
2.099609375000000000e-01 -7.520474306887726357e+01
2.109375000000000000e-01 -7.584472200545172882e+01
2.119140625000000000e-01 -7.636182575705285558e+01
2.128906250000000000e-01 -7.676118664262142488e+01
2.138671875000000000e-01 -7.707691435318166384e+01
2.148437500000000000e-01 -7.736968361160394636e+01
2.158203125000000000e-01 -7.772174234787590308e+01
2.167968750000000000e-01 -7.823513841874699892e+01
2.177734375000000000e-01 -7.904022212566337657e+01
2.187500000000000000e-01 -8.032690891138869915e+01
2.197265625000000000e-01 -8.243911145394355344e+01
2.207031250000000000e-01 -8.623422217936415279e+01
2.216796875000000000e-01 -9.591887147621028475e+01
2.226562500000000000e-01 -9.295375053384802300e+01
2.236328125000000000e-01 -8.361808766311590091e+01
2.246093750000000000e-01 -7.893423107289140717e+01
2.255859375000000000e-01 -7.579436372069386607e+01
2.265625000000000000e-01 -7.348300977941508449e+01
2.275390625000000000e-01 -7.171868520344007436e+01
2.285156250000000000e-01 -7.036232762602334390e+01
2.294921875000000000e-01 -6.933597513094382236e+01
2.304687500000000000e-01 -6.859260333581485725e+01
2.314453125000000000e-01 -6.810286312466446645e+01
2.324218750000000000e-01 -6.784857130291402427e+01
2.333984375000000000e-01 -6.781929507593032724e+01
2.343750000000000000e-01 -6.801052424156121390e+01
2.353515625000000000e-01 -6.842275636466726496e+01
2.363281250000000000e-01 -6.906118526786927703e+01
2.373046875000000000e-01 -6.993586830453460834e+01
2.382812500000000000e-01 -7.106236483038168217e+01
2.392578125000000000e-01 -7.246294167381674356e+01
2.402343750000000000e-01 -7.416857249966619747e+01
2.412109375000000000e-01 -7.622217175405195633e+01
2.421875000000000000e-01 -7.868390687931609762e+01
2.431640625000000000e-01 -8.164027169996580824e+01
2.441406250000000000e-01 -8.522052541410282345e+01
2.451171875000000000e-01 -8.962902250395927695e+01
2.460937500000000000e-01 -9.521656352240404431e+01
2.470703125000000000e-01 -1.026675235924990517e+02
2.480468750000000000e-01 -1.136599994116843959e+02
2.490234375000000000e-01 -1.358816794462691462e+02
2.500000000000000000e-01 -inf
2.509765625000000000e-01 -1.358816794484470734e+02
2.519531250000000000e-01 -1.136599994120067123e+02
2.529296875000000000e-01 -1.026675235925406326e+02
2.539062500000000000e-01 -9.521656352240404431e+01
2.548828125000000000e-01 -8.962902250396284387e+01
2.558593750000000000e-01 -8.522052541410972992e+01
2.568359375000000000e-01 -8.164027169996992939e+01
2.578125000000000000e-01 -7.868390687930731531e+01
2.587890625000000000e-01 -7.622217175404573197e+01
2.597656250000000000e-01 -7.416857249966160737e+01
2.607421875000000000e-01 -7.246294167381412876e+01
2.617187500000000000e-01 -7.106236483038239271e+01
2.626953125000000000e-01 -6.993586830452977665e+01
2.636718750000000000e-01 -6.906118526786700329e+01
2.646484375000000000e-01 -6.842275636466483490e+01
2.656250000000000000e-01 -6.801052424155999176e+01
2.666015625000000000e-01 -6.781929507593225992e+01
2.675781250000000000e-01 -6.784857130291206317e+01
2.685546875000000000e-01 -6.810286312466669756e+01
2.695312500000000000e-01 -6.859260333581291036e+01
2.705078125000000000e-01 -6.933597513094079545e+01
2.714843750000000000e-01 -7.036232762602116964e+01
2.724609375000000000e-01 -7.171868520343493003e+01
2.734375000000000000e-01 -7.348300977941187284e+01
2.744140625000000000e-01 -7.579436372069142180e+01
2.753906250000000000e-01 -7.893423107288428753e+01
2.763671875000000000e-01 -8.361808766310755914e+01
2.773437500000000000e-01 -9.295375053390061737e+01
2.783203125000000000e-01 -9.591887147625686794e+01
2.792968750000000000e-01 -8.623422217937509515e+01
2.802734375000000000e-01 -8.243911145395020412e+01
2.812500000000000000e-01 -8.032690891139368716e+01
2.822265625000000000e-01 -7.904022212566501082e+01
2.832031250000000000e-01 -7.823513841875791286e+01
2.841796875000000000e-01 -7.772174234788582226e+01
2.851562500000000000e-01 -7.736968361160406005e+01
2.861328125000000000e-01 -7.707691435318149331e+01
2.871093750000000000e-01 -7.676118664262175173e+01
2.880859375000000000e-01 -7.636182575704427222e+01
2.890625000000000000e-01 -7.584472200546018428e+01
2.900390625000000000e-01 -7.520474306887808780e+01
2.910156250000000000e-01 -7.446227483212877019e+01
2.919921875000000000e-01 -7.365464829451920536e+01
2.929687500000000000e-01 -7.282607628799019039e+01
2.939453125000000000e-01 -7.201960286195327399e+01
2.949218750000000000e-01 -7.127254245518089704e+01
2.958984375000000000e-01 -7.061503045570654535e+01
2.968750000000000000e-01 -7.007055262012760011e+01
2.978515625000000000e-01 -6.965741212655410664e+01
2.988281250000000000e-01 -6.939048501030053728e+01
2.998046875000000000e-01 -6.928298070023254240e+01
3.007812500000000000e-01 -6.934817744639211412e+01
3.017578125000000000e-01 -6.960127480192731753e+01
3.027343750000000000e-01 -7.006166984774723971e+01
3.037109375000000000e-01 -7.075622566242002165e+01
3.046875000000000000e-01 -7.172466308880805741e+01
3.056640625000000000e-01 -7.302960395872261756e+01
3.066406250000000000e-01 -7.477774819296774922e+01
3.076171875000000000e-01 -7.717199721602102613e+01
3.085937500000000000e-01 -8.067292667855329569e+01
3.095703125000000000e-01 -8.676336335964276714e+01
3.105468750000000000e-01 -1.322239948497058322e+02
3.115234375000000000e-01 -8.696729875277577548e+01
3.125000000000000000e-01 -8.120932904006274100e+01
3.134765625000000000e-01 -7.798662494188289429e+01
3.144531250000000000e-01 -7.582816785140940397e+01
3.154296875000000000e-01 -7.426661861578905643e+01
3.164062500000000000e-01 -7.308948105505149329e+01
3.173828125000000000e-01 -7.218013473179743755e+01
3.183593750000000000e-01 -7.146666465072964058e+01
3.193359375000000000e-01 -7.090137772676453665e+01
3.203125000000000000e-01 -7.045143677978022367e+01
3.212890625000000000e-01 -7.009417798024622925e+01
3.222656250000000000e-01 -6.981458963190138434e+01
3.232421875000000000e-01 -6.960383125426153583e+01
3.242187500000000000e-01 -6.945825732717081280e+01
3.251953125000000000e-01 -6.937869313043287889e+01
3.261718750000000000e-01 -6.936986539790001416e+01
3.271484375000000000e-01 -6.943998276754764731e+01
3.281250000000000000e-01 -6.960051916110552384e+01
3.291015625000000000e-01 -6.986629756545650594e+01
3.300781250000000000e-01 -7.025602557977086349e+01
3.310546875000000000e-01 -7.079353361625891239e+01
3.320312500000000000e-01 -7.151018127632839594e+01
3.330078125000000000e-01 -7.244938988679386682e+01
3.339843750000000000e-01 -7.367547649096658802e+01
3.349609375000000000e-01 -7.529233512315548182e+01
3.359375000000000000e-01 -7.748852214438363717e+01
3.369140625000000000e-01 -8.067142657863882960e+01
3.378906250000000000e-01 -8.605046532409348004e+01
3.388671875000000000e-01 -1.041706908590026615e+02
3.398437500000000000e-01 -8.852394139719712030e+01
3.408203125000000000e-01 -8.190511030153670902e+01
3.417968750000000000e-01 -7.831015402683127036e+01
3.427734375000000000e-01 -7.590287224442079150e+01
3.437500000000000000e-01 -7.415117162236207093e+01
3.447265625000000000e-01 -7.282465044579085145e+01
3.457031250000000000e-01 -7.180152618586733126e+01
3.466796875000000000e-01 -7.100898392055481168e+01
3.476562500000000000e-01 -7.039973337720608981e+01
3.486328125000000000e-01 -6.994133543280756271e+01
3.496093750000000000e-01 -6.961086595606136029e+01
3.505859375000000000e-01 -6.939210040764098153e+01
3.515625000000000000e-01 -6.927400604416210683e+01
3.525390625000000000e-01 -6.924996789303233413e+01
3.535156250000000000e-01 -6.931746251058386576e+01
3.544921875000000000e-01 -6.947804351940077083e+01
3.554687500000000000e-01 -6.973760091063627442e+01
3.564453125000000000e-01 -7.010694488454001316e+01
3.574218750000000000e-01 -7.060287851078211929e+01
3.583984375000000000e-01 -7.125011246586326763e+01
3.593750000000000000e-01 -7.208475183007523412e+01
3.603515625000000000e-01 -7.316094589695315165e+01
3.613281250000000000e-01 -7.456453285809938336e+01
3.623046875000000000e-01 -7.644431401048842645e+01
3.632812500000000000e-01 -7.909713318730582898e+01
3.642578125000000000e-01 -8.327753354614097248e+01
3.652343750000000000e-01 -9.237062552282577599e+01
3.662109375000000000e-01 -9.324580073730366792e+01
3.671875000000000000e-01 -8.334588587242308222e+01
3.681640625000000000e-01 -7.888096558776176437e+01
3.691406250000000000e-01 -7.603315532851073044e+01
3.701171875000000000e-01 -7.400567500028061829e+01
3.710937500000000000e-01 -7.249478322857009971e+01
3.720703125000000000e-01 -7.135277868039521820e+01
3.730468750000000000e-01 -7.049737389715684799e+01
3.740234375000000000e-01 -6.987870879841996441e+01
3.750000000000000000e-01 -6.946500660619750533e+01
3.759765625000000000e-01 -6.923558549763851033e+01
3.769531250000000000e-01 -6.917722127739951077e+01
3.779296875000000000e-01 -6.928223967879459622e+01
3.789062500000000000e-01 -6.954763626878005311e+01
3.798828125000000000e-01 -6.997493953748862339e+01
3.808593750000000000e-01 -7.057077642040509602e+01
3.818359375000000000e-01 -7.134831818300999373e+01
3.828125000000000000e-01 -7.233010398784639960e+01
3.837890625000000000e-01 -7.355338337395383519e+01
3.847656250000000000e-01 -7.508068351704490340e+01
3.857421875000000000e-01 -7.702275286081200534e+01
3.867187500000000000e-01 -7.959630345875285684e+01
3.876953125000000000e-01 -8.330844811822754536e+01
3.886718750000000000e-01 -8.988993684082906555e+01
3.896484375000000000e-01 -1.084682322643818821e+02
3.906250000000000000e-01 -8.823165366129683207e+01
3.916015625000000000e-01 -8.277167021664816104e+01
3.925781250000000000e-01 -7.955332265053397123e+01
3.935546875000000000e-01 -7.730976990512324676e+01
3.945312500000000000e-01 -7.562430651371217039e+01
3.955078125000000000e-01 -7.430939185904438204e+01
3.964843750000000000e-01 -7.326648081964910375e+01
3.974609375000000000e-01 -7.243931187865565846e+01
3.984375000000000000e-01 -7.179460605663180672e+01
3.994140625000000000e-01 -7.131292292666108779e+01
4.003906250000000000e-01 -7.098394367600069188e+01
4.013671875000000000e-01 -7.080396275636131520e+01
4.023437500000000000e-01 -7.077465013835931984e+01
4.033203125000000000e-01 -7.090269633840999575e+01
4.042968750000000000e-01 -7.120025178380232944e+01
4.052734375000000000e-01 -7.168632085909993634e+01
4.062500000000000000e-01 -7.238961841882023407e+01
4.072265625000000000e-01 -7.335409024813770884e+01
4.082031250000000000e-01 -7.464999274642110549e+01
4.091796875000000000e-01 -7.639829319267181518e+01
4.101562500000000000e-01 -7.883315669676092341e+01
4.111328125000000000e-01 -8.250689453638209159e+01
4.121093750000000000e-01 -8.938901282488541256e+01
4.130859375000000000e-01 -1.022621409430618797e+02
4.140625000000000000e-01 -8.618747966495540425e+01
4.150390625000000000e-01 -8.099231384251338284e+01
4.160156250000000000e-01 -7.790048706649886867e+01
4.169921875000000000e-01 -7.577099616829487161e+01
4.179687500000000000e-01 -7.421229431004599064e+01
4.189453125000000000e-01 -7.304247602495200908e+01
4.199218750000000000e-01 -7.216226301018434697e+01
4.208984375000000000e-01 -7.151192731859455876e+01
4.218750000000000000e-01 -7.105341132553854777e+01
4.228515625000000000e-01 -7.076192462867516042e+01
4.238281250000000000e-01 -7.062171298252044949e+01
4.248046875000000000e-01 -7.062392211299403755e+01
4.257812500000000000e-01 -7.076567479639706448e+01
4.267578125000000000e-01 -7.105000570180301622e+01
4.277343750000000000e-01 -7.148660010553315658e+01
4.287109375000000000e-01 -7.209355645306541760e+01
4.296875000000000000e-01 -7.290080702519473732e+01
4.306640625000000000e-01 -7.395669961413524618e+01
4.316406250000000000e-01 -7.534144740356887837e+01
4.326171875000000000e-01 -7.719777753703529299e+01
4.335937500000000000e-01 -7.981378129278758138e+01
4.345703125000000000e-01 -8.392154853253580882e+01
4.355468750000000000e-01 -9.273647809440114997e+01
4.365234375000000000e-01 -9.441738215731236039e+01
4.375000000000000000e-01 -8.416198678757916696e+01
4.384765625000000000e-01 -7.958477087202605560e+01
4.394531250000000000e-01 -7.664902241206890210e+01
4.404296875000000000e-01 -7.453596195479839537e+01
4.414062500000000000e-01 -7.293671399059194016e+01
4.423828125000000000e-01 -7.170245532963551227e+01
4.433593750000000000e-01 -7.075125724307171993e+01
4.443359375000000000e-01 -7.003436154100941735e+01
4.453125000000000000e-01 -6.952157820635909502e+01
4.462890625000000000e-01 -6.919421048245011718e+01
4.472656250000000000e-01 -6.904141357127193146e+01
4.482421875000000000e-01 -6.905834062224695913e+01
4.492187500000000000e-01 -6.924537701244206289e+01
4.501953125000000000e-01 -6.960820501809888583e+01
4.511718750000000000e-01 -7.015872095120889185e+01
4.521484375000000000e-01 -7.091712004550414861e+01
4.531250000000000000e-01 -7.191595836597093694e+01
4.541015625000000000e-01 -7.320810131246359731e+01
4.550781250000000000e-01 -7.488339121301514467e+01
4.560546875000000000e-01 -7.710811998182589377e+01
4.570312500000000000e-01 -8.023855640694085878e+01
4.580078125000000000e-01 -8.528116692906883145e+01
4.589843750000000000e-01 -9.859309919891833829e+01
4.599609375000000000e-01 -9.044336318055562174e+01
4.609375000000000000e-01 -8.305352607684818622e+01
4.619140625000000000e-01 -7.927920523148097232e+01
4.628906250000000000e-01 -7.680242917613628606e+01
4.638671875000000000e-01 -7.501226454973071611e+01
4.648437500000000000e-01 -7.365492882996606738e+01
4.658203125000000000e-01 -7.260049856192071616e+01
4.667968750000000000e-01 -7.177399801381447730e+01
4.677734375000000000e-01 -7.112895545683529974e+01
4.687500000000000000e-01 -7.063547415263968787e+01
4.697265625000000000e-01 -7.027422179818941572e+01
4.707031250000000000e-01 -7.003315622802954010e+01
4.716796875000000000e-01 -6.990565101022991712e+01
4.726562500000000000e-01 -6.988941233191209790e+01
4.736328125000000000e-01 -6.998590304599221668e+01
4.746093750000000000e-01 -7.020015554063527929e+01
4.755859375000000000e-01 -7.054096012299963547e+01
4.765625000000000000e-01 -7.102151069959118956e+01
4.775390625000000000e-01 -7.166071894006847742e+01
4.785156250000000000e-01 -7.248564247890712409e+01
4.794921875000000000e-01 -7.353597308307979574e+01
4.804687500000000000e-01 -7.487273760825085844e+01
4.814453125000000000e-01 -7.659667995676292662e+01
4.824218750000000000e-01 -7.889257885417625005e+01
4.833984375000000000e-01 -8.216071582893157199e+01
4.843750000000000000e-01 -8.758369520432736977e+01
4.853515625000000000e-01 -1.049878657971297855e+02
4.863281250000000000e-01 -9.052139751875537854e+01
4.873046875000000000e-01 -8.389369852912261649e+01
4.882812500000000000e-01 -8.034375878540069493e+01
4.892578125000000000e-01 -7.798675637569932917e+01
4.902343750000000000e-01 -7.628162786526780792e+01
4.912109375000000000e-01 -7.499467100332591940e+01
4.921875000000000000e-01 -7.400222199740585438e+01
4.931640625000000000e-01 -7.322998224212264518e+01
4.941406250000000000e-01 -7.262923516095335685e+01
4.951171875000000000e-01 -7.216603469266800630e+01
4.960937500000000000e-01 -7.181580483265032910e+01
4.970703125000000000e-01 -7.156048683985972048e+01
4.980468750000000000e-01 -7.138699515195943945e+01
4.990234375000000000e-01 -7.128638565518480164e+01
