-5.000000000000000000e-01 -2.223211099935826951e+02
-4.990234375000000000e-01 -2.227565363658686408e+02
-4.980468750000000000e-01 -2.241604780806085842e+02
-4.970703125000000000e-01 -2.269336984726702156e+02
-4.960937500000000000e-01 -2.325182969645082665e+02
-4.951171875000000000e-01 -2.930331918417423367e+02
-4.941406250000000000e-01 -2.324912811973533167e+02
-4.931640625000000000e-01 -2.269034632667980986e+02
-4.921875000000000000e-01 -2.241226579656074591e+02
-4.912109375000000000e-01 -2.227102000831635564e+02
-4.902343750000000000e-01 -2.222662079485135962e+02
-4.892578125000000000e-01 -2.226941318533380922e+02
-4.882812500000000000e-01 -2.240925868784933641e+02
-4.873046875000000000e-01 -2.268659039443288634e+02
-4.863281250000000000e-01 -2.324713995268421058e+02
-4.853515625000000000e-01 -2.743015788738327956e+02
-4.843750000000000000e-01 -2.323055496883948763e+02
-4.833984375000000000e-01 -2.267402646025967670e+02
-4.824218750000000000e-01 -2.239630132181989381e+02
-4.814453125000000000e-01 -2.225512140714792793e+02
-4.804687500000000000e-01 -2.221083793154322734e+02
-4.794921875000000000e-01 -2.225408916670956216e+02
-4.785156250000000000e-01 -2.239519120545329542e+02
-4.775390625000000000e-01 -2.267570872818410237e+02
-4.765625000000000000e-01 -2.324729561321197195e+02
-4.755859375000000000e-01 -2.614758595742266607e+02
-4.746093750000000000e-01 -2.318522508889219012e+02
-4.736328125000000000e-01 -2.263951523722001866e+02
-4.726562500000000000e-01 -2.236566922366010601e+02
-4.716796875000000000e-01 -2.222689988018702820e+02
-4.707031250000000000e-01 -2.218487704320011744e+02
-4.697265625000000000e-01 -2.223095676043550100e+02
-4.687500000000000000e-01 -2.237648771436091693e+02
-4.677734375000000000e-01 -2.266579558790600117e+02
-4.667968750000000000e-01 -2.326435139463720816e+02
-4.658203125000000000e-01 -2.526403026471689373e+02
-4.648437500000000000e-01 -2.310628250236942733e+02
-4.638671875000000000e-01 -2.258371981322459305e+02
-4.628906250000000000e-01 -2.231903736319668496e+02
-4.619140625000000000e-01 -2.218630540688016026e+02
-4.609375000000000000e-01 -2.214976324962125602e+02
-4.599609375000000000e-01 -2.220223655015524855e+02
-4.589843750000000000e-01 -2.235707338346855693e+02
-4.580078125000000000e-01 -2.266389343831294809e+02
-4.570312500000000000e-01 -2.331731133689662556e+02
-4.560546875000000000e-01 -2.457712814868804685e+02
-4.550781250000000000e-01 -2.298928547650827454e+02
-4.541015625000000000e-01 -2.250436177466328047e+02
-4.531250000000000000e-01 -2.225561153415606270e+02
-4.521484375000000000e-01 -2.213371068156226329e+02
-4.511718750000000000e-01 -2.210704847479793784e+02
-4.501953125000000000e-01 -2.217090725118988530e+02
-4.492187500000000000e-01 -2.234207216304749863e+02
-4.482421875000000000e-01 -2.267993942306967483e+02
-4.472656250000000000e-01 -2.344048880812678419e+02
-4.462890625000000000e-01 -2.400810588396655021e+02
-4.453125000000000000e-01 -2.283534782630280517e+02
-4.443359375000000000e-01 -2.240128930577827191e+02
-4.433593750000000000e-01 -2.217608235603648836e+02
-4.423828125000000000e-01 -2.207080600763956681e+02
-4.414062500000000000e-01 -2.205970681812077601e+02
-4.404296875000000000e-01 -2.214175088384063770e+02
-4.394531250000000000e-01 -2.233956508373787813e+02
-4.384765625000000000e-01 -2.273099190745820124e+02
-4.375000000000000000e-01 -2.372380841450702746e+02
-4.365234375000000000e-01 -2.351518009468546779e+02
-4.355468750000000000e-01 -2.264946391533714518e+02
-4.345703125000000000e-01 -2.227651677428789299e+02
-4.335937500000000000e-01 -2.208260533706979345e+02
-4.326171875000000000e-01 -2.200086599059901289e+02
-4.316406250000000000e-01 -2.201264079307114798e+02
-4.306640625000000000e-01 -2.212247006485515044e+02
-4.296875000000000000e-01 -2.236321376106629089e+02
-4.287109375000000000e-01 -2.285130196525733481e+02
-4.277343750000000000e-01 -2.463665607403409581e+02
-4.267578125000000000e-01 -2.307617905052303797e+02
-4.257812500000000000e-01 -2.244026700838692818e+02
-4.248046875000000000e-01 -2.213472064164542985e+02
-4.238281250000000000e-01 -2.197986309164248269e+02
-4.228515625000000000e-01 -2.192974847080987502e+02
-4.218750000000000000e-01 -2.197425208059332817e+02
-4.208984375000000000e-01 -2.212642166806018054e+02
-4.199218750000000000e-01 -2.243916218083791705e+02
-4.189453125000000000e-01 -2.313066911615634069e+02
-4.179687500000000000e-01 -2.405011384744048826e+02
-4.169921875000000000e-01 -2.267961149115143087e+02
-4.160156250000000000e-01 -2.221889384469104982e+02
-4.150390625000000000e-01 -2.198410346416187338e+02
-4.140625000000000000e-01 -2.187632560448929553e+02
-4.130859375000000000e-01 -2.186820800647039391e+02
-4.121093750000000000e-01 -2.196000673450181466e+02
-4.111328125000000000e-01 -2.218000841748522305e+02
-4.101562500000000000e-01 -2.262994683233487763e+02
-4.091796875000000000e-01 -2.403959170436906447e+02
-4.082031250000000000e-01 -2.301348264392396175e+02
-4.072265625000000000e-01 -2.232029563430658072e+02
-4.062500000000000000e-01 -2.199820812860332069e+02
-4.052734375000000000e-01 -2.183705899821660239e+02
-4.042968750000000000e-01 -2.178633685997274654e+02
-4.033203125000000000e-01 -2.183556530465204730e+02
-4.023437500000000000e-01 -2.200045306396204126e+02
-4.013671875000000000e-01 -2.234461738134695565e+02
-4.003906250000000000e-01 -2.316378544881443418e+02
-3.994140625000000000e-01 -2.345467797142000848e+02
-3.984375000000000000e-01 -2.240896192503901716e+02
-3.974609375000000000e-01 -2.200112884874559711e+02
-3.964843750000000000e-01 -2.179580575145652404e+02
-3.955078125000000000e-01 -2.171418768952992480e+02
-3.945312500000000000e-01 -2.173653368491581546e+02
-3.935546875000000000e-01 -2.187177276151203102e+02
-3.925781250000000000e-01 -2.216950316500159488e+02
-3.916015625000000000e-01 -2.283733779505270149e+02
-3.906250000000000000e-01 -2.387720332961374652e+02
-3.896484375000000000e-01 -2.243081433786591106e+02
-3.886718750000000000e-01 -2.196554474585273624e+02
-3.876953125000000000e-01 -2.173563716121924472e+02
-3.867187500000000000e-01 -2.164015577851889702e+02
-3.857421875000000000e-01 -2.165402093908657832e+02
-3.847656250000000000e-01 -2.178441634989558793e+02
-3.837890625000000000e-01 -2.208112008737989811e+02
-3.828125000000000000e-01 -2.275724414247632694e+02
-3.818359375000000000e-01 -2.371951172631712268e+02
-3.808593750000000000e-01 -2.232241688547212561e+02
-3.798828125000000000e-01 -2.186585322854992626e+02
-3.789062500000000000e-01 -2.164416849925539736e+02
-3.779296875000000000e-01 -2.155976281313643312e+02
-3.769531250000000000e-01 -2.159034353646064233e+02
-3.759765625000000000e-01 -2.174901833924598691e+02
-3.750000000000000000e-01 -2.210523362489781221e+02
-3.740234375000000000e-01 -2.301997860080541614e+02
-3.730468750000000000e-01 -2.298268169713707891e+02
-3.720703125000000000e-01 -2.206705475441971771e+02
-3.710937500000000000e-01 -2.169696814086093184e+02
-3.701171875000000000e-01 -2.152548669469705089e+02
-3.691406250000000000e-01 -2.148701034806084067e+02
-3.681640625000000000e-01 -2.157376316053073140e+02
-3.671875000000000000e-01 -2.182160831431844201e+02
-3.662109375000000000e-01 -2.238984525178121885e+02
-3.652343750000000000e-01 -2.449292873649983733e+02
-3.642578125000000000e-01 -2.223883895328378912e+02
-3.632812500000000000e-01 -2.172846179842329946e+02
-3.623046875000000000e-01 -2.149674138400127390e+02
-3.613281250000000000e-01 -2.142280013860709857e+02
-3.603515625000000000e-01 -2.148502049420329172e+02
-3.593750000000000000e-01 -2.171267798080759235e+02
-3.583984375000000000e-01 -2.225286644869890438e+02
-3.574218750000000000e-01 -2.504124658456666452e+02
-3.564453125000000000e-01 -2.217296903932123655e+02
-3.554687500000000000e-01 -2.165323458836838313e+02
-3.544921875000000000e-01 -2.143039963939427821e+02
-3.535156250000000000e-01 -2.137917072433829730e+02
-3.525390625000000000e-01 -2.148515244328649203e+02
-3.515625000000000000e-01 -2.180603429144190102e+02
-3.505859375000000000e-01 -2.268220813855223810e+02
-3.496093750000000000e-01 -2.272091193192918013e+02
-3.486328125000000000e-01 -2.179909881744872280e+02
-3.476562500000000000e-01 -2.146416227606925418e+02
-3.466796875000000000e-01 -2.136110200154608663e+02
-3.457031250000000000e-01 -2.144371215630768575e+02
-3.447265625000000000e-01 -2.176729324532317946e+02
-3.437500000000000000e-01 -2.273664648359595617e+02
-3.427734375000000000e-01 -2.251440402618739540e+02
-3.417968750000000000e-01 -2.170133551826926919e+02
-3.408203125000000000e-01 -2.142973106246579960e+02
-3.398437500000000000e-01 -2.141615491172242685e+02
-3.388671875000000000e-01 -2.166482283048813144e+02
-3.378906250000000000e-01 -2.247482516481603909e+02
-3.369140625000000000e-01 -2.265544882490053737e+02
-3.359375000000000000e-01 -2.173915769218140781e+02
-3.349609375000000000e-01 -2.151233240995431117e+02
-3.339843750000000000e-01 -2.164353395392214168e+02
-3.330078125000000000e-01 -2.233474718165758759e+02
-3.320312500000000000e-01 -2.282181456928612420e+02
-3.310546875000000000e-01 -2.186097179619574717e+02
-3.300781250000000000e-01 -2.183513553526392741e+02
-3.291015625000000000e-01 -2.271859923517031632e+02
-3.281250000000000000e-01 -2.257913449742613921e+02
-3.271484375000000000e-01 -2.249442440921162927e+02
-3.261718750000000000e-01 -2.333190940074422599e+02
-3.251953125000000000e-01 -2.085253572930479891e+02
-3.242187500000000000e-01 -1.896302308049724843e+02
-3.232421875000000000e-01 -1.770148204767506002e+02
-3.222656250000000000e-01 -1.670192356583663127e+02
-3.212890625000000000e-01 -1.585522226341938392e+02
-3.203125000000000000e-01 -1.511165362659332345e+02
-3.193359375000000000e-01 -1.444373137900670372e+02
-3.183593750000000000e-01 -1.383441247600667907e+02
-3.173828125000000000e-01 -1.327228343701629001e+02
-3.164062500000000000e-01 -1.274926498965614741e+02
-3.154296875000000000e-01 -1.225939315714545046e+02
-3.144531250000000000e-01 -1.179811840437863850e+02
-3.134765625000000000e-01 -1.136187716394903333e+02
-3.125000000000000000e-01 -1.094781675628689186e+02
-3.115234375000000000e-01 -1.055361159150959196e+02
-3.105468750000000000e-01 -1.017733620694876748e+02
-3.095703125000000000e-01 -9.817375059242795032e+01
-3.085937500000000000e-01 -9.472356863321246578e+01
-3.076171875000000000e-01 -9.141105786224440521e+01
-3.066406250000000000e-01 -8.822604496600833102e+01
-3.056640625000000000e-01 -8.515965732436151825e+01
-3.046875000000000000e-01 -8.220410104935760387e+01
-3.037109375000000000e-01 -7.935248545137307019e+01
-3.027343750000000000e-01 -7.659868259191286199e+01
-3.017578125000000000e-01 -7.393721371631242789e+01
-3.007812500000000000e-01 -7.136315653335941533e+01
-2.998046875000000000e-01 -6.887206884592798417e+01
-2.988281250000000000e-01 -6.645992513850808336e+01
-2.978515625000000000e-01 -6.412306352928786168e+01
-2.968750000000000000e-01 -6.185814108565554648e+01
-2.958984375000000000e-01 -5.966209594267364480e+01
-2.949218750000000000e-01 -5.753211499658107186e+01
-2.939453125000000000e-01 -5.546560619877415377e+01
-2.929687500000000000e-01 -5.346017467058216965e+01
-2.919921875000000000e-01 -5.151360201040181153e+01
-2.910156250000000000e-01 -4.962382828315736560e+01
-2.900390625000000000e-01 -4.778893627539089550e+01
-2.890625000000000000e-01 -4.600713767346789496e+01
-2.880859375000000000e-01 -4.427676088171065771e+01
-2.871093750000000000e-01 -4.259624024504124407e+01
-2.861328125000000000e-01 -4.096410647940712124e+01
-2.851562500000000000e-01 -3.937897814477673819e+01
-2.841796875000000000e-01 -3.783955402132657042e+01
-2.832031250000000000e-01 -3.634460627069189798e+01
-2.822265625000000000e-01 -3.489297428174909044e+01
-2.812500000000000000e-01 -3.348355911502471827e+01
-2.802734375000000000e-01 -3.211531847204012280e+01
-2.792968750000000000e-01 -3.078726212614228075e+01
-2.783203125000000000e-01 -2.949844776000209379e+01
-2.773437500000000000e-01 -2.824797716225369726e+01
-2.763671875000000000e-01 -2.703499274194312463e+01
-2.753906250000000000e-01 -2.585867432473190419e+01
-2.744140625000000000e-01 -2.471823619931460314e+01
-2.734375000000000000e-01 -2.361292438638792035e+01
-2.724609375000000000e-01 -2.254201410585135079e+01
-2.714843750000000000e-01 -2.150480742081191110e+01
-2.705078125000000000e-01 -2.050063103948338750e+01
-2.695312500000000000e-01 -1.952883425826577124e+01
-2.685546875000000000e-01 -1.858878703122193343e+01
-2.675781250000000000e-01 -1.767987815286947750e+01
-2.666015625000000000e-01 -1.680151354271953323e+01
-2.656250000000000000e-01 -1.595311462134602110e+01
-2.646484375000000000e-01 -1.513411676898821945e+01
-2.636718750000000000e-01 -1.434396785879667569e+01
-2.626953125000000000e-01 -1.358212685784887519e+01
-2.617187500000000000e-01 -1.284806249000182099e+01
-2.607421875000000000e-01 -1.214125195553019232e+01
-2.597656250000000000e-01 -1.146117970333232705e+01
-2.587890625000000000e-01 -1.080733625228387496e+01
-2.578125000000000000e-01 -1.017921705908987740e+01
-2.568359375000000000e-01 -9.576321430738047980e+00
-2.558593750000000000e-01 -8.998151480395634394e+00
-2.548828125000000000e-01 -8.444211126325114947e+00
-2.539062500000000000e-01 -7.914005134122281682e+00
-2.529296875000000000e-01 -7.407038203307766189e+00
-2.519531250000000000e-01 -6.922814100027530060e+00
-2.509765625000000000e-01 -6.460834838339842179e+00
-2.500000000000000000e-01 -6.020599913279624182e+00
-2.490234375000000000e-01 -5.601605589591133416e+00
-2.480468750000000000e-01 -5.203344250696863682e+00
-2.470703125000000000e-01 -4.825303813113504425e+00
-2.460937500000000000e-01 -4.466967212120059649e+00
-2.451171875000000000e-01 -4.127811965011963125e+00
-2.441406250000000000e-01 -3.807309818718223049e+00
-2.431640625000000000e-01 -3.504926488893518766e+00
-2.421875000000000000e-01 -3.220121497799032007e+00
-2.412109375000000000e-01 -2.952348118327848159e+00
-2.402343750000000000e-01 -2.701053431384801140e+00
-2.392578125000000000e-01 -2.465678503469359129e+00
-2.382812500000000000e-01 -2.245658690706042293e+00
-2.373046875000000000e-01 -2.040424074696366219e+00
-2.363281250000000000e-01 -1.849400034409395488e+00
-2.353515625000000000e-01 -1.672007956871400580e+00
-2.343750000000000000e-01 -1.507666087654220499e+00
-2.333984375000000000e-01 -1.355790520102241992e+00
-2.324218750000000000e-01 -1.215796319897962663e+00
-2.314453125000000000e-01 -1.087098778978697666e+00
-2.304687500000000000e-01 -9.691147900301423368e-01
-2.294921875000000000e-01 -8.612643298609944376e-01
-2.285156250000000000e-01 -7.629720369866950236e-01
-2.275390625000000000e-01 -6.736688658144880382e-01
-2.265625000000000000e-01 -5.927937970332805007e-01
-2.255859375000000000e-01 -5.197955812851698942e-01
-2.246093750000000000e-01 -4.541344910497971399e-01
-2.236328125000000000e-01 -3.952840540235422750e-01
-2.226562500000000000e-01 -3.427327402304346515e-01
-2.216796875000000000e-01 -2.959855747511458968e-01
-2.207031250000000000e-01 -2.545656483688569227e-01
-2.197265625000000000e-01 -2.180154996455566374e-01
-2.187500000000000000e-01 -1.858983439648712044e-01
-2.177734375000000000e-01 -1.577991278770816963e-01
-2.167968750000000000e-01 -1.333253905896574498e-01
-2.158203125000000000e-01 -1.121079185582828930e-01
-2.148437500000000000e-01 -9.380118371228571283e-02
-2.138671875000000000e-01 -7.808356073322551827e-02
-2.128906250000000000e-01 -6.465732381682313956e-02
-2.119140625000000000e-01 -5.324842830047898240e-02
-2.109375000000000000e-01 -4.360608724758190113e-02
-2.099609375000000000e-01 -3.550215737501569851e-02
-2.089843750000000000e-01 -2.873035244319779510e-02
-2.080078125000000000e-01 -2.310530527998469474e-02
-2.070312500000000000e-01 -1.846150189637345632e-02
-2.060546875000000000e-01 -1.465211262815369238e-02
-2.050781250000000000e-01 -1.154774589543153610e-02
-2.041015625000000000e-01 -9.035150040836681731e-03
-2.031250000000000000e-01 -7.015887848699863157e-03
-2.021484375000000000e-01 -5.405006849681589370e-03
-2.011718750000000000e-01 -4.129726486554180856e-03
-2.001953125000000000e-01 -3.128160777688169560e-03
-1.992187500000000000e-01 -2.348092391405063283e-03
-1.982421875000000000e-01 -1.745811161318024801e-03
-1.972656250000000000e-01 -1.285027147428113555e-03
-1.962890625000000000e-01 -9.358654853482851338e-04
-1.953125000000000000e-01 -6.739475565389723951e-04
-1.943359375000000000e-01 -4.795605280194667149e-04
-1.933593750000000000e-01 -3.369151044242070427e-04
-1.923828125000000000e-01 -2.334894440401629021e-04
-1.914062500000000000e-01 -1.594556314432125747e-04
-1.904296875000000000e-01 -1.071838757334921859e-04
-1.894531250000000000e-01 -7.081870386241102182e-05
-1.884765625000000000e-01 -4.592082260665616685e-05
-1.875000000000000000e-01 -2.916800045065421926e-05
-1.865234375000000000e-01 -1.810823732597306244e-05
-1.855468750000000000e-01 -1.095860766322489143e-05
-1.845703125000000000e-01 -6.443441493942461864e-06
-1.835937500000000000e-01 -3.665910888576849369e-06
-1.826171875000000000e-01 -2.007578974759778619e-06
-1.816406250000000000e-01 -1.051013016771226855e-06
-1.806640625000000000e-01 -5.211330685129600497e-07
-1.796875000000000000e-01 -2.415391309374887586e-07
-1.787109375000000000e-01 -1.026131866045337740e-07
-1.777343750000000000e-01 -3.871261475328019737e-08
-1.767578125000000000e-01 -1.224822981746345895e-08
-1.757812500000000000e-01 -2.866176025217504760e-09
-1.748046875000000000e-01 -3.254971644115623226e-10
-1.738281250000000000e-01 1.874266863990946824e-11
-1.728515625000000000e-01 -4.916044991755913736e-11
-1.718750000000000000e-01 -4.459146638100501657e-11
-1.708984375000000000e-01 3.797521563278543132e-11
-1.699218750000000000e-01 1.050133324520850483e-10
-1.689453125000000000e-01 1.019371278338167091e-10
-1.679687500000000000e-01 3.372060285036989024e-11
-1.669921875000000000e-01 -5.907952223858805952e-11
-1.660156250000000000e-01 -1.309315617722593840e-10
-1.650390625000000000e-01 -1.522817718820972217e-10
-1.640625000000000000e-01 -1.172824708104691590e-10
-1.630859375000000000e-01 -4.084119686356083359e-11
-1.621093750000000000e-01 5.028196276087595519e-11
-1.611328125000000000e-01 1.277618173877722566e-10
-1.601562500000000000e-01 1.701131510631333301e-10
-1.591796875000000000e-01 1.674747511146947962e-10
-1.582031250000000000e-01 1.225023753852663994e-10
-1.572265625000000000e-01 4.803893707368570452e-11
-1.562500000000000000e-01 -3.719603903997303714e-11
-1.552734375000000000e-01 -1.135466662049920668e-10
-1.542968750000000000e-01 -1.647997067256539510e-10
-1.533203125000000000e-01 -1.812453473405812807e-10
-1.523437500000000000e-01 -1.609674693734993116e-10
-1.513671875000000000e-01 -1.094608107291533429e-10
-1.503906250000000000e-01 -3.787588990389603848e-11
-1.494140625000000000e-01 3.959914308645391319e-11
-1.484375000000000000e-01 1.085929160078868309e-10
-1.474609375000000000e-01 1.571236600889052323e-10
-1.464843750000000000e-01 1.775114713863821053e-10
-1.455078125000000000e-01 1.673436025792460831e-10
-1.445312500000000000e-01 1.294763916232786197e-10
-1.435546875000000000e-01 7.117508165107339874e-11
-1.425781250000000000e-01 2.619113399158332901e-12
-1.416015625000000000e-01 -6.492141803100956481e-11
-1.406250000000000000e-01 -1.209141280495586175e-10
-1.396484375000000000e-01 -1.571468039509452282e-10
-1.386718750000000000e-01 -1.688170949513921030e-10
-1.376953125000000000e-01 -1.550407127639549970e-10
-1.367187500000000000e-01 -1.187386052849843854e-10
-1.357421875000000000e-01 -6.597832093435994329e-11
-1.347656250000000000e-01 -4.924820371689034131e-12
-1.337890625000000000e-01 5.544690067170393238e-11
-1.328125000000000000e-01 1.066623324198710874e-10
-1.318359375000000000e-01 1.418834288077594137e-10
-1.308593750000000000e-01 1.567861454756177110e-10
-1.298828125000000000e-01 1.499914941464032267e-10
-1.289062500000000000e-01 1.231176163089187204e-10
-1.279296875000000000e-01 8.040369550590783281e-11
-1.269531250000000000e-01 2.801949886812711751e-11
-1.259765625000000000e-01 -2.684398368648533272e-11
-1.250000000000000000e-01 -7.694754586649381991e-11
-1.240234375000000000e-01 -1.159584491988736927e-10
-1.230468750000000000e-01 -1.392006697980824276e-10
-1.220703125000000000e-01 -1.441891357826439353e-10
-1.210937500000000000e-01 -1.308351290256026196e-10
-1.201171875000000000e-01 -1.013643173198736803e-10
-1.191406250000000000e-01 -5.992330877182796870e-11
-1.181640625000000000e-01 -1.199816233886428415e-11
-1.171875000000000000e-01 3.632428701005326558e-11
-1.162109375000000000e-01 7.911535401060446880e-11
-1.152343750000000000e-01 1.113296773579304273e-10
-1.142578125000000000e-01 1.293606723272939456e-10
-1.132812500000000000e-01 1.314416910000847223e-10
-1.123046875000000000e-01 1.177598129048229486e-10
-1.113281250000000000e-01 9.037291285503772391e-11
-1.103515625000000000e-01 5.289336154028674885e-11
-1.093750000000000000e-01 1.000586179295114342e-11
-1.083984375000000000e-01 -3.312368414870201796e-11
-1.074218750000000000e-01 -7.145762959935905750e-11
-1.064453125000000000e-01 -1.006757875087466301e-10
-1.054687500000000000e-01 -1.176363789906989783e-10
-1.044921875000000000e-01 -1.207029403343804972e-10
-1.035156250000000000e-01 -1.098783645221761909e-10
-1.025390625000000000e-01 -8.674511292676754260e-11
-1.015625000000000000e-01 -5.424052701139209820e-11
-1.005859375000000000e-01 -1.627206167063540835e-11
-9.960937500000000000e-02 2.274848493596225553e-11
-9.863281250000000000e-02 5.841124330386930423e-11
-9.765625000000000000e-02 8.681454450349237426e-11
-9.667968750000000000e-02 1.049631874238248729e-10
-9.570312500000000000e-02 1.110828095264959414e-10
-9.472656250000000000e-02 1.047799652051819682e-10
-9.375000000000000000e-02 8.704019713066358993e-11
-9.277343750000000000e-02 6.007181520126273649e-11
-9.179687500000000000e-02 2.704359947197828226e-11
-9.082031250000000000e-02 -8.299966504628107660e-12
-8.984375000000000000e-02 -4.205817812635688857e-11
-8.886718750000000000e-02 -7.060034248158617871e-11
-8.789062500000000000e-02 -9.095054500844944758e-11
-8.691406250000000000e-02 -1.010923769743024894e-10
-8.593750000000000000e-02 -1.001473360570693212e-10
-8.496093750000000000e-02 -8.846258014471626970e-11
-8.398437500000000000e-02 -6.750870862379176200e-11
-8.300781250000000000e-02 -3.972064834742072225e-11
-8.203125000000000000e-02 -8.200640775573025053e-12
-8.105468750000000000e-02 2.363180889532270786e-11
-8.007812500000000000e-02 5.238805394781588994e-11
-7.910156250000000000e-02 7.509217982017986663e-11
-7.812500000000000000e-02 8.947223100128626999e-11
-7.714843750000000000e-02 9.417622038308346559e-11
-7.617187500000000000e-02 8.889556317629332267e-11
-7.519531250000000000e-02 7.438050614986966966e-11
-7.421875000000000000e-02 5.232055102515756885e-11
-7.324218750000000000e-02 2.516123225727192480e-11
-7.226562500000000000e-02 -4.171680620310521872e-12
-7.128906250000000000e-02 -3.259619702449537488e-11
-7.031250000000000000e-02 -5.717593981959913212e-11
-6.933593750000000000e-02 -7.543451607145844086e-11
-6.835937500000000000e-02 -8.560334920635711717e-11
-6.738281250000000000e-02 -8.677307842329785976e-11
-6.640625000000000000e-02 -7.897938383853983879e-11
-6.542968750000000000e-02 -6.317598531653525098e-11
-6.445312500000000000e-02 -4.112278048379572736e-11
-6.347656250000000000e-02 -1.517851432356199880e-11
-6.250000000000000000e-02 1.193837403592148903e-11
-6.152343750000000000e-02 3.743712090645103058e-11
-6.054687500000000000e-02 5.875454388195995987e-11
-5.957031250000000000e-02 7.377876581074554899e-11
-5.859375000000000000e-02 8.108836800715430067e-11
-5.761718750000000000e-02 8.006039492781803020e-11
-5.664062500000000000e-02 7.092049919990542001e-11
-5.566406250000000000e-02 5.472172641686045561e-11
-5.468750000000000000e-02 3.320179467336621682e-11
-5.371093750000000000e-02 8.605658311517271206e-12
-5.273437500000000000e-02 -1.654014470633772995e-11
-5.175781250000000000e-02 -3.970521910795579789e-11
-5.078125000000000000e-02 -5.858385792077630872e-11
-4.980468750000000000e-02 -7.134480328577140756e-11
-4.882812500000000000e-02 -7.678843183451111901e-11
-4.785156250000000000e-02 -7.446729562249715933e-11
-4.687500000000000000e-02 -6.471505195316562556e-11
-4.589843750000000000e-02 -4.859921133202197018e-11
-4.492187500000000000e-02 -2.780831115304165432e-11
-4.394531250000000000e-02 -4.468693480009082270e-12
-4.296875000000000000e-02 1.906282535880446279e-11
-4.199218750000000000e-02 4.044582260208379610e-11
-4.101562500000000000e-02 5.757999302770592248e-11
-4.003906250000000000e-02 6.881633666790306225e-11
-3.906250000000000000e-02 7.310180792923086799e-11
-3.808593750000000000e-02 7.009310623360941157e-11
-3.710937500000000000e-02 6.015860467325194000e-11
-3.613281250000000000e-02 4.435520615147174432e-11
-3.515625000000000000e-02 2.430490946697504325e-11
-3.417968750000000000e-02 2.027016334694772742e-12
-3.320312500000000000e-02 -2.026052007230819296e-11
-3.222656250000000000e-02 -4.035903313028193608e-11
-3.125000000000000000e-02 -5.630900942716205935e-11
-3.027343750000000000e-02 -6.657813261856065891e-11
-2.929687500000000000e-02 -7.020689687522924725e-11
-2.832031250000000000e-02 -6.689153904519288773e-11
-2.734375000000000000e-02 -5.701489713268366868e-11
-2.636718750000000000e-02 -4.159722959734219824e-11
-2.539062500000000000e-02 -2.219399664275225784e-11
-2.441406250000000000e-02 -7.348175295136357945e-13
-2.343750000000000000e-02 2.066168029834615277e-11
-2.246093750000000000e-02 3.989808460108406401e-11
-2.148437500000000000e-02 5.510938605841243031e-11
-2.050781250000000000e-02 6.482787826626936192e-11
-1.953125000000000000e-02 6.813552147652180927e-11
-1.855468750000000000e-02 6.475266072387876282e-11
-1.757812500000000000e-02 5.503609717095483932e-11
-1.660156250000000000e-02 3.997523079840797495e-11
-1.562500000000000000e-02 2.106476917936446386e-11
-1.464843750000000000e-02 1.677929791802703275e-13
-1.367187500000000000e-02 -2.066553760826152841e-11
-1.269531250000000000e-02 -3.940242028345668402e-11
-1.171875000000000000e-02 -5.422316911699403002e-11
-1.074218750000000000e-02 -6.369575782101126396e-11
-9.765625000000000000e-03 -6.691275424945721769e-11
-8.789062500000000000e-03 -6.357810987009090634e-11
-7.812500000000000000e-03 -5.403608958848152895e-11
-6.835937500000000000e-03 -3.923173432187597971e-11
-5.859375000000000000e-03 -2.061828556240030297e-11
-4.882812500000000000e-03 -2.121520426417234104e-14
-3.906250000000000000e-03 2.055174696715934301e-11
-2.929687500000000000e-03 3.909576414891538384e-11
-1.953125000000000000e-03 5.379982935884127253e-11
-9.765625000000000000e-04 6.323866660140124924e-11
0.000000000000000000e+00 6.649037881859465199e-11
9.765625000000000000e-04 6.323866660140124924e-11
1.953125000000000000e-03 5.379982935884127253e-11
2.929687500000000000e-03 3.909576414891538384e-11
3.906250000000000000e-03 2.055367562209244159e-11
4.882812500000000000e-03 -2.025087679761905253e-14
5.859375000000000000e-03 -2.061828556240030297e-11
6.835937500000000000e-03 -3.923173432187597971e-11
7.812500000000000000e-03 -5.403608958848152895e-11
8.789062500000000000e-03 -6.357907419755746855e-11
9.765625000000000000e-03 -6.691082559452409326e-11
1.074218750000000000e-02 -6.369575782101126396e-11
1.171875000000000000e-02 -5.422316911699403002e-11
1.269531250000000000e-02 -3.940145595599012826e-11
1.367187500000000000e-02 -2.066650193572808093e-11
1.464843750000000000e-02 1.677929791802703275e-13
1.562500000000000000e-02 2.106476917936446386e-11
1.660156250000000000e-02 3.997523079840797495e-11
1.757812500000000000e-02 5.503802582588793144e-11
1.855468750000000000e-02 6.475073206894566424e-11
1.953125000000000000e-02 6.813937878638799351e-11
2.050781250000000000e-02 6.482787826626936192e-11
2.148437500000000000e-02 5.510745740347933173e-11
2.246093750000000000e-02 3.989808460108406401e-11
2.343750000000000000e-02 2.066168029834615277e-11
2.441406250000000000e-02 -7.328888745805292364e-13
2.539062500000000000e-02 -2.219110366035259058e-11
2.636718750000000000e-02 -4.159722959734219824e-11
2.734375000000000000e-02 -5.701393280521710647e-11
2.832031250000000000e-02 -6.688961039025976330e-11
2.929687500000000000e-02 -7.020689687522924725e-11
3.027343750000000000e-02 -6.657909694602722112e-11
3.125000000000000000e-02 -5.630804509969549713e-11
3.222656250000000000e-02 -4.035806880281538033e-11
3.320312500000000000e-02 -2.026052007230819296e-11
3.417968750000000000e-02 2.027016334694772742e-12
3.515625000000000000e-02 2.430298081204194144e-11
3.613281250000000000e-02 4.435520615147174432e-11
3.710937500000000000e-02 6.015667601831884142e-11
3.808593750000000000e-02 7.009117757867632592e-11
3.906250000000000000e-02 7.310180792923086799e-11
4.003906250000000000e-02 6.881633666790306225e-11
4.101562500000000000e-02 5.758192168263901460e-11
4.199218750000000000e-02 4.044582260208379610e-11
4.296875000000000000e-02 1.906089670387135775e-11
4.394531250000000000e-02 -4.469657807475635600e-12
4.492187500000000000e-02 -2.780831115304165432e-11
4.589843750000000000e-02 -4.860017565948852593e-11
4.687500000000000000e-02 -6.471601628063218778e-11
4.785156250000000000e-02 -7.446729562249715933e-11
4.882812500000000000e-02 -7.678843183451111901e-11
4.980468750000000000e-02 -7.134480328577140756e-11
5.078125000000000000e-02 -5.858385792077630872e-11
5.175781250000000000e-02 -3.970521910795579789e-11
5.273437500000000000e-02 -1.654207336127083822e-11
5.371093750000000000e-02 8.605658311517271206e-12
5.468750000000000000e-02 3.320179467336621682e-11
5.566406250000000000e-02 5.472172641686045561e-11
5.664062500000000000e-02 7.092242785483850567e-11
5.761718750000000000e-02 8.005846627288494454e-11
5.859375000000000000e-02 8.108836800715430067e-11
5.957031250000000000e-02 7.378069446567864757e-11
6.054687500000000000e-02 5.875261522702686129e-11
6.152343750000000000e-02 3.743712090645103058e-11
6.250000000000000000e-02 1.193837403592148903e-11
6.347656250000000000e-02 -1.517947865102855778e-11
6.445312500000000000e-02 -4.112278048379572736e-11
6.542968750000000000e-02 -6.317598531653525098e-11
6.640625000000000000e-02 -7.897938383853983879e-11
6.738281250000000000e-02 -8.677307842329785976e-11
6.835937500000000000e-02 -8.560431353382367938e-11
6.933593750000000000e-02 -7.543548039892501600e-11
7.031250000000000000e-02 -5.717593981959913212e-11
7.128906250000000000e-02 -3.259716135196193063e-11
7.226562500000000000e-02 -4.171680620310521872e-12
7.324218750000000000e-02 2.516123225727192480e-11
7.421875000000000000e-02 5.232055102515756885e-11
7.519531250000000000e-02 7.437857749493657108e-11
7.617187500000000000e-02 8.889556317629332267e-11
7.714843750000000000e-02 9.417429172815037994e-11
7.812500000000000000e-02 8.947223100128626999e-11
7.910156250000000000e-02 7.509217982017986663e-11
8.007812500000000000e-02 5.238805394781588994e-11
8.105468750000000000e-02 2.363180889532270786e-11
8.203125000000000000e-02 -8.199676448106470915e-12
8.300781250000000000e-02 -3.972064834742072225e-11
8.398437500000000000e-02 -6.751063727872488643e-11
8.496093750000000000e-02 -8.846354447218283192e-11
8.593750000000000000e-02 -1.001502290394690078e-10
8.691406250000000000e-02 -1.010914126468359142e-10
8.789062500000000000e-02 -9.094958068098288536e-11
8.886718750000000000e-02 -7.060034248158617871e-11
8.984375000000000000e-02 -4.205817812635688857e-11
9.082031250000000000e-02 -8.299002177161553523e-12
9.179687500000000000e-02 2.704359947197828226e-11
9.277343750000000000e-02 6.006988654632965084e-11
9.375000000000000000e-02 8.703826847573049135e-11
9.472656250000000000e-02 1.047799652051819682e-10
9.570312500000000000e-02 1.110828095264959414e-10
9.667968750000000000e-02 1.049612587688918002e-10
9.765625000000000000e-02 8.681261584855930153e-11
9.863281250000000000e-02 5.841124330386930423e-11
9.960937500000000000e-02 2.274655628102915049e-11
1.005859375000000000e-01 -1.627399032556851986e-11
1.015625000000000000e-01 -5.424052701139209820e-11
1.025390625000000000e-01 -8.674704158170066703e-11
1.035156250000000000e-01 -1.098774001947096158e-10
1.044921875000000000e-01 -1.207039046618470723e-10
1.054687500000000000e-01 -1.176383076456321286e-10
1.064453125000000000e-01 -1.006767518362131923e-10
1.074218750000000000e-01 -7.145955825429218193e-11
1.083984375000000000e-01 -3.312368414870201796e-11
1.093750000000000000e-01 1.000586179295114342e-11
1.103515625000000000e-01 5.289336154028674885e-11
1.113281250000000000e-01 9.037484150997079664e-11
1.123046875000000000e-01 1.177598129048229486e-10
1.132812500000000000e-01 1.314416910000847223e-10
1.142578125000000000e-01 1.293606723272939456e-10
1.152343750000000000e-01 1.113277487029973287e-10
1.162109375000000000e-01 7.911342535567137022e-11
1.171875000000000000e-01 3.632428701005326558e-11
1.181640625000000000e-01 -1.199816233886428415e-11
1.191406250000000000e-01 -5.992330877182796870e-11
1.201171875000000000e-01 -1.013643173198736803e-10
1.210937500000000000e-01 -1.308370576805357440e-10
1.220703125000000000e-01 -1.441891357826439353e-10
1.230468750000000000e-01 -1.392006697980824276e-10
1.240234375000000000e-01 -1.159594135263402808e-10
1.250000000000000000e-01 -7.694754586649381991e-11
1.259765625000000000e-01 -2.684301935901877696e-11
1.269531250000000000e-01 2.801949886812711751e-11
1.279296875000000000e-01 8.040562416084093139e-11
1.289062500000000000e-01 1.231195449638517932e-10
1.298828125000000000e-01 1.499914941464032267e-10
1.308593750000000000e-01 1.567861454756177110e-10
1.318359375000000000e-01 1.418834288077594137e-10
1.328125000000000000e-01 1.066623324198710874e-10
1.337890625000000000e-01 5.544690067170393238e-11
1.347656250000000000e-01 -4.922891716755925857e-12
1.357421875000000000e-01 -6.597639227942681886e-11
1.367187500000000000e-01 -1.187366766300512610e-10
1.376953125000000000e-01 -1.550397484364884219e-10
1.386718750000000000e-01 -1.688170949513921030e-10
1.396484375000000000e-01 -1.571468039509452282e-10
1.406250000000000000e-01 -1.209131637220920682e-10
1.416015625000000000e-01 -6.492045370354301552e-11
1.425781250000000000e-01 2.619113399158332901e-12
1.435546875000000000e-01 7.117508165107339874e-11
1.445312500000000000e-01 1.294783202782116924e-10
1.455078125000000000e-01 1.673455312341791817e-10
1.464843750000000000e-01 1.775114713863821053e-10
1.474609375000000000e-01 1.571217314339721595e-10
1.484375000000000000e-01 1.085929160078868309e-10
1.494140625000000000e-01 3.960107174138701177e-11
1.503906250000000000e-01 -3.787396124896292051e-11
1.513671875000000000e-01 -1.094617750566199051e-10
1.523437500000000000e-01 -1.609655407185661613e-10
1.533203125000000000e-01 -1.812434186856481822e-10
1.542968750000000000e-01 -1.648006710531205261e-10
1.552734375000000000e-01 -1.135457018775255046e-10
1.562500000000000000e-01 -3.719603903997303714e-11
1.572265625000000000e-01 4.804086572861880311e-11
1.582031250000000000e-01 1.225023753852663994e-10
1.591796875000000000e-01 1.674747511146947962e-10
1.601562500000000000e-01 1.701131510631333301e-10
1.611328125000000000e-01 1.277618173877722566e-10
1.621093750000000000e-01 5.028003410594286307e-11
1.630859375000000000e-01 -4.084119686356083359e-11
1.640625000000000000e-01 -1.172824708104691590e-10
1.650390625000000000e-01 -1.522827362095638227e-10
1.660156250000000000e-01 -1.309315617722593840e-10
1.669921875000000000e-01 -5.907952223858805952e-11
1.679687500000000000e-01 3.372060285036989024e-11
1.689453125000000000e-01 1.019371278338167091e-10
1.699218750000000000e-01 1.050133324520850483e-10
1.708984375000000000e-01 3.797521563278543132e-11
1.718750000000000000e-01 -4.459050205353845435e-11
1.728515625000000000e-01 -4.915948559009258807e-11
1.738281250000000000e-01 1.874266863990946824e-11
1.748046875000000000e-01 -3.254962000840957217e-10
1.757812500000000000e-01 -2.866176025217504760e-09
1.767578125000000000e-01 -1.224822981746345895e-08
1.777343750000000000e-01 -3.871261668193513564e-08
1.787109375000000000e-01 -1.026131866045337740e-07
1.796875000000000000e-01 -2.415391309374887586e-07
1.806640625000000000e-01 -5.211330675486324151e-07
1.816406250000000000e-01 -1.051013015806899326e-06
1.826171875000000000e-01 -2.007578974759778619e-06
1.835937500000000000e-01 -3.665910888576849369e-06
1.845703125000000000e-01 -6.443441493942461864e-06
1.855468750000000000e-01 -1.095860766418921980e-05
1.865234375000000000e-01 -1.810823732597306244e-05
1.875000000000000000e-01 -2.916800045065421926e-05
1.884765625000000000e-01 -4.592082260665616685e-05
1.894531250000000000e-01 -7.081870386241102182e-05
1.904296875000000000e-01 -1.071838757334921859e-04
1.914062500000000000e-01 -1.594556314441769184e-04
1.923828125000000000e-01 -2.334894440420916435e-04
1.933593750000000000e-01 -3.369151044280645256e-04
1.943359375000000000e-01 -4.795605280194667149e-04
1.953125000000000000e-01 -6.739475565389723951e-04
1.962890625000000000e-01 -9.358654853502139295e-04
1.972656250000000000e-01 -1.285027147429078278e-03
1.982421875000000000e-01 -1.745811161318989524e-03
1.992187500000000000e-01 -2.348092391404098776e-03
2.001953125000000000e-01 -3.128160777687204186e-03
2.011718750000000000e-01 -4.129726486554180856e-03
2.021484375000000000e-01 -5.405006849681589370e-03
2.031250000000000000e-01 -7.015887848699863157e-03
2.041015625000000000e-01 -9.035150040837646238e-03
2.050781250000000000e-01 -1.154774589543250234e-02
2.060546875000000000e-01 -1.465211262815465688e-02
2.070312500000000000e-01 -1.846150189637248834e-02
2.080078125000000000e-01 -2.310530527998663070e-02
2.089843750000000000e-01 -2.873035244319973106e-02
2.099609375000000000e-01 -3.550215737501569851e-02
2.109375000000000000e-01 -4.360608724758480853e-02
2.119140625000000000e-01 -5.324842830047898240e-02
2.128906250000000000e-01 -6.465732381682313956e-02
2.138671875000000000e-01 -7.808356073322648971e-02
2.148437500000000000e-01 -9.380118371228571283e-02
2.158203125000000000e-01 -1.121079185582828930e-01
2.167968750000000000e-01 -1.333253905896603919e-01
2.177734375000000000e-01 -1.577991278770816963e-01
2.187500000000000000e-01 -1.858983439648712044e-01
2.197265625000000000e-01 -2.180154996455566374e-01
2.207031250000000000e-01 -2.545656483688588656e-01
2.216796875000000000e-01 -2.959855747511468960e-01
2.226562500000000000e-01 -3.427327402304346515e-01
2.236328125000000000e-01 -3.952840540235433298e-01
2.246093750000000000e-01 -4.541344910497981946e-01
2.255859375000000000e-01 -5.197955812851698942e-01
2.265625000000000000e-01 -5.927937970332805007e-01
2.275390625000000000e-01 -6.736688658144901476e-01
2.285156250000000000e-01 -7.629720369866950236e-01
2.294921875000000000e-01 -8.612643298609944376e-01
2.304687500000000000e-01 -9.691147900301445572e-01
2.314453125000000000e-01 -1.087098778978698554e+00
2.324218750000000000e-01 -1.215796319897963773e+00
2.333984375000000000e-01 -1.355790520102241992e+00
2.343750000000000000e-01 -1.507666087654220499e+00
2.353515625000000000e-01 -1.672007956871400580e+00
2.363281250000000000e-01 -1.849400034409396598e+00
2.373046875000000000e-01 -2.040424074696367551e+00
2.382812500000000000e-01 -2.245658690706042293e+00
2.392578125000000000e-01 -2.465678503469361793e+00
2.402343750000000000e-01 -2.701053431384803805e+00
2.412109375000000000e-01 -2.952348118327848159e+00
2.421875000000000000e-01 -3.220121497799033339e+00
2.431640625000000000e-01 -3.504926488893518766e+00
2.441406250000000000e-01 -3.807309818718223937e+00
2.451171875000000000e-01 -4.127811965011963125e+00
2.460937500000000000e-01 -4.466967212120061426e+00
2.470703125000000000e-01 -4.825303813113504425e+00
2.480468750000000000e-01 -5.203344250696863682e+00
2.490234375000000000e-01 -5.601605589591133416e+00
2.500000000000000000e-01 -6.020599913279624182e+00
2.509765625000000000e-01 -6.460834838339842179e+00
2.519531250000000000e-01 -6.922814100027529172e+00
2.529296875000000000e-01 -7.407038203307765301e+00
2.539062500000000000e-01 -7.914005134122285234e+00
2.548828125000000000e-01 -8.444211126325114947e+00
2.558593750000000000e-01 -8.998151480395639723e+00
2.568359375000000000e-01 -9.576321430738044427e+00
2.578125000000000000e-01 -1.017921705908987917e+01
2.587890625000000000e-01 -1.080733625228387851e+01
2.597656250000000000e-01 -1.146117970333232705e+01
2.607421875000000000e-01 -1.214125195553019232e+01
2.617187500000000000e-01 -1.284806249000182099e+01
2.626953125000000000e-01 -1.358212685784888052e+01
2.636718750000000000e-01 -1.434396785879668457e+01
2.646484375000000000e-01 -1.513411676898821945e+01
2.656250000000000000e-01 -1.595311462134602465e+01
2.666015625000000000e-01 -1.680151354271953679e+01
2.675781250000000000e-01 -1.767987815286947750e+01
2.685546875000000000e-01 -1.858878703122193699e+01
2.695312500000000000e-01 -1.952883425826577835e+01
2.705078125000000000e-01 -2.050063103948340171e+01
2.714843750000000000e-01 -2.150480742081194308e+01
2.724609375000000000e-01 -2.254201410585135434e+01
2.734375000000000000e-01 -2.361292438638792035e+01
2.744140625000000000e-01 -2.471823619931461380e+01
2.753906250000000000e-01 -2.585867432473191840e+01
2.763671875000000000e-01 -2.703499274194313529e+01
2.773437500000000000e-01 -2.824797716225369371e+01
2.783203125000000000e-01 -2.949844776000211866e+01
2.792968750000000000e-01 -3.078726212614233404e+01
2.802734375000000000e-01 -3.211531847204012280e+01
2.812500000000000000e-01 -3.348355911502473958e+01
2.822265625000000000e-01 -3.489297428174911886e+01
2.832031250000000000e-01 -3.634460627069200456e+01
2.841796875000000000e-01 -3.783955402132662016e+01
2.851562500000000000e-01 -3.937897814477673109e+01
2.861328125000000000e-01 -4.096410647940727756e+01
2.871093750000000000e-01 -4.259624024504144302e+01
2.880859375000000000e-01 -4.427676088171046587e+01
2.890625000000000000e-01 -4.600713767346843497e+01
2.900390625000000000e-01 -4.778893627539158473e+01
2.910156250000000000e-01 -4.962382828315746508e+01
2.919921875000000000e-01 -5.151360201040199627e+01
2.929687500000000000e-01 -5.346017467058220518e+01
2.939453125000000000e-01 -5.546560619877438114e+01
2.949218750000000000e-01 -5.753211499658148398e+01
2.958984375000000000e-01 -5.966209594267472482e+01
2.968750000000000000e-01 -6.185814108565554648e+01
2.978515625000000000e-01 -6.412306352928820274e+01
2.988281250000000000e-01 -6.645992513850836758e+01
2.998046875000000000e-01 -6.887206884592779943e+01
3.007812500000000000e-01 -7.136315653335611842e+01
3.017578125000000000e-01 -7.393721371632138073e+01
3.027343750000000000e-01 -7.659868259192340645e+01
3.037109375000000000e-01 -7.935248545138439624e+01
3.046875000000000000e-01 -8.220410104937516849e+01
3.056640625000000000e-01 -8.515965732438515090e+01
3.066406250000000000e-01 -8.822604496603392477e+01
3.076171875000000000e-01 -9.141105786225259067e+01
3.085937500000000000e-01 -9.472356863326099585e+01
3.095703125000000000e-01 -9.817375059239773805e+01
3.105468750000000000e-01 -1.017733620695533858e+02
3.115234375000000000e-01 -1.055361159151699582e+02
3.125000000000000000e-01 -1.094781675628689186e+02
3.134765625000000000e-01 -1.136187716394567673e+02
3.144531250000000000e-01 -1.179811840438932649e+02
3.154296875000000000e-01 -1.225939315710421624e+02
3.164062500000000000e-01 -1.274926498950688227e+02
3.173828125000000000e-01 -1.327228343732926703e+02
3.183593750000000000e-01 -1.383441247628088888e+02
3.193359375000000000e-01 -1.444373137612280402e+02
3.203125000000000000e-01 -1.511165362659332345e+02
3.212890625000000000e-01 -1.585522228095151718e+02
3.222656250000000000e-01 -1.670192355839206755e+02
3.232421875000000000e-01 -1.770148197459138828e+02
3.242187500000000000e-01 -1.896302294070408720e+02
3.251953125000000000e-01 -2.085253537259960126e+02
3.261718750000000000e-01 -2.333191565040809223e+02
3.271484375000000000e-01 -2.249441305052830842e+02
3.281250000000000000e-01 -2.257912510539677271e+02
3.291015625000000000e-01 -2.271860818758273410e+02
3.300781250000000000e-01 -2.183514218231830739e+02
3.310546875000000000e-01 -2.186097179619574717e+02
3.320312500000000000e-01 -2.282181456928612420e+02
3.330078125000000000e-01 -2.233477540046702075e+02
3.339843750000000000e-01 -2.164353771509946966e+02
3.349609375000000000e-01 -2.151232868810189132e+02
3.359375000000000000e-01 -2.173915769218140781e+02
3.369140625000000000e-01 -2.265545124186158148e+02
3.378906250000000000e-01 -2.247482435237870106e+02
3.388671875000000000e-01 -2.166482983686648538e+02
3.398437500000000000e-01 -2.141615357934209385e+02
3.408203125000000000e-01 -2.142972947604247906e+02
3.417968750000000000e-01 -2.170133551826926919e+02
3.427734375000000000e-01 -2.251443411448432244e+02
3.437500000000000000e-01 -2.273662396495642497e+02
3.447265625000000000e-01 -2.176729185709669423e+02
3.457031250000000000e-01 -2.144371568115515174e+02
3.466796875000000000e-01 -2.136109842915704178e+02
3.476562500000000000e-01 -2.146415539183456076e+02
3.486328125000000000e-01 -2.179911005270221551e+02
3.496093750000000000e-01 -2.272091408890739217e+02
3.505859375000000000e-01 -2.268224609000837972e+02
3.515625000000000000e-01 -2.180602338322026981e+02
3.525390625000000000e-01 -2.148514350645030504e+02
3.535156250000000000e-01 -2.137917858676573530e+02
3.544921875000000000e-01 -2.143040723377582708e+02
3.554687500000000000e-01 -2.165324726680971708e+02
3.564453125000000000e-01 -2.217296157373448011e+02
3.574218750000000000e-01 -2.504137953502777520e+02
3.583984375000000000e-01 -2.225286308438506921e+02
3.593750000000000000e-01 -2.171267451716823587e+02
3.603515625000000000e-01 -2.148502304449780240e+02
3.613281250000000000e-01 -2.142279600382353806e+02
3.623046875000000000e-01 -2.149673586861943875e+02
3.632812500000000000e-01 -2.172845314069877247e+02
3.642578125000000000e-01 -2.223883864217119140e+02
3.652343750000000000e-01 -2.449300386032652739e+02
3.662109375000000000e-01 -2.238987235646658007e+02
3.671875000000000000e-01 -2.182161386715747824e+02
3.681640625000000000e-01 -2.157375326386504639e+02
3.691406250000000000e-01 -2.148702160914015167e+02
3.701171875000000000e-01 -2.152549598871667627e+02
3.710937500000000000e-01 -2.169697768050230593e+02
3.720703125000000000e-01 -2.206706941578433145e+02
3.730468750000000000e-01 -2.298269412467559221e+02
3.740234375000000000e-01 -2.301995234762543134e+02
3.750000000000000000e-01 -2.210523362489781221e+02
3.759765625000000000e-01 -2.174902420310017703e+02
3.769531250000000000e-01 -2.159034269505785630e+02
3.779296875000000000e-01 -2.155976649838273147e+02
3.789062500000000000e-01 -2.164418032848836901e+02
3.798828125000000000e-01 -2.186586906815539351e+02
3.808593750000000000e-01 -2.232244362225083307e+02
3.818359375000000000e-01 -2.371940901468265395e+02
3.828125000000000000e-01 -2.275722783722363260e+02
3.837890625000000000e-01 -2.208109984336473417e+02
3.847656250000000000e-01 -2.178442372908472748e+02
3.857421875000000000e-01 -2.165401787588313880e+02
3.867187500000000000e-01 -2.164015699781489843e+02
3.876953125000000000e-01 -2.173563490504333231e+02
3.886718750000000000e-01 -2.196554217125905097e+02
3.896484375000000000e-01 -2.243081433786591106e+02
3.906250000000000000e-01 -2.387711961422995728e+02
3.916015625000000000e-01 -2.283736933368543021e+02
3.925781250000000000e-01 -2.216952101805058533e+02
3.935546875000000000e-01 -2.187177803953747457e+02
3.945312500000000000e-01 -2.173654287107685832e+02
3.955078125000000000e-01 -2.171420167154415992e+02
3.964843750000000000e-01 -2.179580874615230641e+02
3.974609375000000000e-01 -2.200113622653217931e+02
3.984375000000000000e-01 -2.240896192503901716e+02
3.994140625000000000e-01 -2.345478246293611733e+02
4.003906250000000000e-01 -2.316375472180621387e+02
4.013671875000000000e-01 -2.234462627362205467e+02
4.023437500000000000e-01 -2.200043800553145843e+02
4.033203125000000000e-01 -2.183555407352204440e+02
4.042968750000000000e-01 -2.178632640123433646e+02
4.052734375000000000e-01 -2.183705992239134730e+02
4.062500000000000000e-01 -2.199818888201375273e+02
4.072265625000000000e-01 -2.232028330316834115e+02
4.082031250000000000e-01 -2.301350412376233407e+02
4.091796875000000000e-01 -2.403955269710110656e+02
4.101562500000000000e-01 -2.262993191659659260e+02
4.111328125000000000e-01 -2.218002554637851347e+02
4.121093750000000000e-01 -2.196001621608775736e+02
4.130859375000000000e-01 -2.186819021043064595e+02
4.140625000000000000e-01 -2.187633743232528616e+02
4.150390625000000000e-01 -2.198411739392491597e+02
4.160156250000000000e-01 -2.221888776034923580e+02
4.169921875000000000e-01 -2.267957846238619197e+02
4.179687500000000000e-01 -2.404999992363011643e+02
4.189453125000000000e-01 -2.313066911615634069e+02
4.199218750000000000e-01 -2.243916662217350790e+02
4.208984375000000000e-01 -2.212642085859504846e+02
4.218750000000000000e-01 -2.197425208059332817e+02
4.228515625000000000e-01 -2.192974292438786961e+02
4.238281250000000000e-01 -2.197986440928548291e+02
4.248046875000000000e-01 -2.213471349766319918e+02
4.257812500000000000e-01 -2.244027007150272652e+02
4.267578125000000000e-01 -2.307612772618656436e+02
4.277343750000000000e-01 -2.463699056609257525e+02
4.287109375000000000e-01 -2.285128985253225835e+02
4.296875000000000000e-01 -2.236321376106629089e+02
4.306640625000000000e-01 -2.212248770867615235e+02
4.316406250000000000e-01 -2.201263360864041942e+02
4.326171875000000000e-01 -2.200085567465190195e+02
4.335937500000000000e-01 -2.208260820689461923e+02
4.345703125000000000e-01 -2.227652189866860510e+02
4.355468750000000000e-01 -2.264948369948540119e+02
4.365234375000000000e-01 -2.351514968636209346e+02
4.375000000000000000e-01 -2.372380841450702746e+02
4.384765625000000000e-01 -2.273097212199041337e+02
4.394531250000000000e-01 -2.233957103763074201e+02
4.404296875000000000e-01 -2.214175448488231552e+02
4.414062500000000000e-01 -2.205969826320472009e+02
4.423828125000000000e-01 -2.207079141527641752e+02
4.433593750000000000e-01 -2.217607134865460807e+02
4.443359375000000000e-01 -2.240130821640599379e+02
4.453125000000000000e-01 -2.283531214797197890e+02
4.462890625000000000e-01 -2.400798266856540693e+02
4.472656250000000000e-01 -2.344043914569255094e+02
4.482421875000000000e-01 -2.267991739540267133e+02
4.492187500000000000e-01 -2.234207489877753687e+02
4.501953125000000000e-01 -2.217090643748213097e+02
4.511718750000000000e-01 -2.210704847479793784e+02
4.521484375000000000e-01 -2.213369698490128883e+02
4.531250000000000000e-01 -2.225561800561092411e+02
4.541015625000000000e-01 -2.250437951824201264e+02
4.550781250000000000e-01 -2.298927710978600487e+02
4.560546875000000000e-01 -2.457730649073266136e+02
4.570312500000000000e-01 -2.331726233315493175e+02
4.580078125000000000e-01 -2.266384039292909733e+02
4.589843750000000000e-01 -2.235706483100154287e+02
4.599609375000000000e-01 -2.220224228779662781e+02
4.609375000000000000e-01 -2.214976324962125602e+02
4.619140625000000000e-01 -2.218627447077454349e+02
4.628906250000000000e-01 -2.231903804226964780e+02
4.638671875000000000e-01 -2.258374939094758247e+02
4.648437500000000000e-01 -2.310622871475348461e+02
4.658203125000000000e-01 -2.526371084723760418e+02
4.667968750000000000e-01 -2.326434569142995485e+02
4.677734375000000000e-01 -2.266576579655069850e+02
4.687500000000000000e-01 -2.237648027669719397e+02
4.697265625000000000e-01 -2.223096606048594310e+02
4.707031250000000000e-01 -2.218487041493029039e+02
4.716796875000000000e-01 -2.222689020060473126e+02
4.726562500000000000e-01 -2.236565962619725383e+02
4.736328125000000000e-01 -2.263951523722001866e+02
4.746093750000000000e-01 -2.318518807184537991e+02
4.755859375000000000e-01 -2.614540350194931193e+02
4.765625000000000000e-01 -2.324729561321197195e+02
4.775390625000000000e-01 -2.267569883212603372e+02
4.785156250000000000e-01 -2.239520014166729140e+02
4.794921875000000000e-01 -2.225410908710531999e+02
4.804687500000000000e-01 -2.221086534988859000e+02
4.814453125000000000e-01 -2.225511140786777275e+02
4.824218750000000000e-01 -2.239632240198030786e+02
4.833984375000000000e-01 -2.267404651088763785e+02
4.843750000000000000e-01 -2.323055496883948763e+02
4.853515625000000000e-01 -2.742336587160122576e+02
4.863281250000000000e-01 -2.324712869378703033e+02
4.873046875000000000e-01 -2.268656869254836295e+02
4.882812500000000000e-01 -2.240927000369330813e+02
4.892578125000000000e-01 -2.226942643339460801e+02
4.902343750000000000e-01 -2.222662723887641505e+02
4.912109375000000000e-01 -2.227100643601610273e+02
4.921875000000000000e-01 -2.241224387522808854e+02
4.931640625000000000e-01 -2.269038211917051626e+02
4.941406250000000000e-01 -2.324905041662866267e+02
4.951171875000000000e-01 -2.923817673895223948e+02
4.960937500000000000e-01 -2.325189396985905717e+02
4.970703125000000000e-01 -2.269336836245474274e+02
4.980468750000000000e-01 -2.241604777851640335e+02
4.990234375000000000e-01 -2.227565363658686408e+02
