5.808105468750000000e-01 -3.060000000000046327e+01
5.424804687500000000e-01 -4.470000000000066365e+01
5.180664062500000000e-01 -4.460000000000066223e+01
5.185546875000000000e-01 -3.710000000000055564e+01
5.366210937500000000e-01 -4.350000000000064659e+01
5.524902343750000000e-01 -3.950000000000058975e+01
5.075683593750000000e-01 -4.930000000000072902e+01
5.441894531250000000e-01 -3.980000000000059401e+01
5.573730468750000000e-01 -3.720000000000055707e+01
4.499511718750000000e-01 -4.280000000000063665e+01
5.405273437500000000e-01 -4.360000000000064801e+01
5.241699218750000000e-01 -4.910000000000072617e+01
5.407714843750000000e-01 -3.260000000000049170e+01
5.217285156250000000e-01 -4.170000000000062101e+01
5.202636718750000000e-01 -5.130000000000075744e+01
5.468750000000000000e-01 -3.900000000000058265e+01
5.427246093750000000e-01 -4.130000000000061533e+01
5.668945312500000000e-01 -3.940000000000058833e+01
5.148925781250000000e-01 -4.260000000000063380e+01
5.749511718750000000e-01 -4.300000000000063949e+01
5.402832031250000000e-01 -3.540000000000053149e+01
4.985351562500000000e-01 -5.330000000000078586e+01
5.468750000000000000e-01 -3.950000000000058975e+01
5.366210937500000000e-01 -3.520000000000052864e+01
5.278320312500000000e-01 -4.340000000000064517e+01
5.080566406250000000e-01 -5.450000000000080291e+01
5.546875000000000000e-01 -3.110000000000047038e+01
5.629882812500000000e-01 -3.430000000000051585e+01
5.563964843750000000e-01 -3.500000000000052580e+01
5.407714843750000000e-01 -4.210000000000062670e+01
5.439453125000000000e-01 -4.420000000000065654e+01
5.749511718750000000e-01 -3.190000000000048175e+01
5.488281250000000000e-01 -4.160000000000061959e+01
5.600585937500000000e-01 -3.560000000000053433e+01
5.859375000000000000e-01 -4.620000000000068496e+01
5.720214843750000000e-01 -4.360000000000064801e+01
5.734863281250000000e-01 -3.460000000000052012e+01
5.478515625000000000e-01 -4.520000000000067075e+01
5.546875000000000000e-01 -4.380000000000065086e+01
5.532226562500000000e-01 -4.610000000000068354e+01
5.708007812500000000e-01 -3.420000000000051443e+01
5.629882812500000000e-01 -3.840000000000057412e+01
5.612792968750000000e-01 -4.300000000000063949e+01
6.889648437500000000e-01 -3.950000000000058975e+01
7.922363281250000000e-01 -1.290000000000026681e+01
5.522460937500000000e-01 -4.150000000000061817e+01
6.923828125000000000e-01 -4.090000000000060965e+01
6.022949218750000000e-01 -3.560000000000053433e+01
5.656738281250000000e-01 -3.720000000000055707e+01
6.467285156250000000e-01 -3.920000000000058549e+01
6.555175781250000000e-01 -4.000000000000059686e+01
8.217773437500000000e-01 -1.450000000000026112e+01
6.674804687500000000e-01 -3.180000000000048033e+01
5.688476562500000000e-01 -4.460000000000066223e+01
8.027343750000000000e-01 -2.280000000000035243e+01
7.746582031250000000e-01 -2.010000000000031406e+01
6.281738281250000000e-01 -4.290000000000063807e+01
6.455078125000000000e-01 -3.580000000000053717e+01
5.979003906250000000e-01 -4.370000000000064944e+01
5.920410156250000000e-01 -4.130000000000061533e+01
7.995605468750000000e-01 -1.920000000000030127e+01
5.930175781250000000e-01 -3.570000000000053575e+01
6.037597656250000000e-01 -4.670000000000069207e+01
6.750488281250000000e-01 -4.380000000000065086e+01
5.871582031250000000e-01 -4.440000000000065938e+01
6.247558593750000000e-01 -4.680000000000069349e+01
5.944824218750000000e-01 -4.780000000000070770e+01
6.230468750000000000e-01 -3.980000000000059401e+01
6.352539062500000000e-01 -3.250000000000049027e+01
6.074218750000000000e-01 -4.470000000000066365e+01
6.550292968750000000e-01 -4.720000000000069917e+01
5.683593750000000000e-01 -4.530000000000067217e+01
6.188964843750000000e-01 -3.510000000000052722e+01
5.876464843750000000e-01 -4.920000000000072760e+01
6.132812500000000000e-01 -4.310000000000064091e+01
5.935058593750000000e-01 -5.280000000000077875e+01
5.920410156250000000e-01 -4.260000000000063380e+01
6.164550781250000000e-01 -4.380000000000065086e+01
6.154785156250000000e-01 -4.500000000000066791e+01
6.577148437500000000e-01 -4.300000000000063949e+01
6.142578125000000000e-01 -3.560000000000053433e+01
6.154785156250000000e-01 -3.640000000000054570e+01
6.281738281250000000e-01 -4.250000000000063238e+01
6.071777343750000000e-01 -4.710000000000069775e+01
5.986328125000000000e-01 -4.250000000000063238e+01
6.162109375000000000e-01 -4.210000000000062670e+01
6.142578125000000000e-01 -4.010000000000059828e+01
6.423339843750000000e-01 -3.360000000000050591e+01
6.215820312500000000e-01 -4.720000000000069917e+01
6.379394531250000000e-01 -4.500000000000066791e+01
6.403808593750000000e-01 -3.290000000000049596e+01
6.132812500000000000e-01 -4.710000000000069775e+01
5.148925781250000000e-01 -4.600000000000068212e+01
6.020507812500000000e-01 -3.920000000000058549e+01
6.520996093750000000e-01 -4.920000000000072760e+01
6.367187500000000000e-01 -3.890000000000058122e+01
6.210937500000000000e-01 -4.220000000000062812e+01
6.298828125000000000e-01 -4.180000000000062244e+01
6.240234375000000000e-01 -3.650000000000054712e+01
5.920410156250000000e-01 -4.610000000000068354e+01
5.161132812500000000e-01 -5.860000000000086118e+01
6.091308593750000000e-01 -4.370000000000064944e+01
6.362304687500000000e-01 -3.830000000000057270e+01
6.022949218750000000e-01 -4.670000000000069207e+01
6.235351562500000000e-01 -4.150000000000061817e+01
6.313476562500000000e-01 -4.020000000000059970e+01
5.261230468750000000e-01 -4.750000000000070344e+01
6.044921875000000000e-01 -4.080000000000060822e+01
6.284179687500000000e-01 -3.990000000000059543e+01
5.942382812500000000e-01 -4.940000000000073044e+01
6.450195312500000000e-01 -4.220000000000062812e+01
6.240234375000000000e-01 -4.230000000000062954e+01
6.215820312500000000e-01 -3.870000000000057838e+01
6.235351562500000000e-01 -4.550000000000067502e+01
6.091308593750000000e-01 -5.580000000000082139e+01
6.333007812500000000e-01 -5.300000000000078160e+01
6.540527343750000000e-01 -4.690000000000069491e+01
6.174316406250000000e-01 -5.600000000000082423e+01
6.311035156250000000e-01 -5.020000000000074181e+01
6.411132812500000000e-01 -4.370000000000064944e+01
6.579589843750000000e-01 -4.430000000000065796e+01
6.406250000000000000e-01 -4.990000000000073754e+01
6.750488281250000000e-01 -4.340000000000064517e+01
6.416015625000000000e-01 -5.180000000000076454e+01
6.528320312500000000e-01 -4.920000000000072760e+01
6.359863281250000000e-01 -4.720000000000069917e+01
6.640625000000000000e-01 -3.890000000000058122e+01
6.682128906250000000e-01 -3.940000000000058833e+01
6.320800781250000000e-01 -4.930000000000072902e+01
6.843261718750000000e-01 -4.830000000000071481e+01
6.618652343750000000e-01 -4.820000000000071338e+01
6.616210937500000000e-01 -4.130000000000061533e+01
6.398925781250000000e-01 -5.470000000000080576e+01
6.926269531250000000e-01 -3.540000000000053149e+01
6.777343750000000000e-01 -4.870000000000072049e+01
7.102050781250000000e-01 -3.270000000000049312e+01
6.918945312500000000e-01 -3.980000000000059401e+01
6.760253906250000000e-01 -5.240000000000077307e+01
6.359863281250000000e-01 -5.190000000000076597e+01
6.713867187500000000e-01 -4.250000000000063238e+01
6.403808593750000000e-01 -3.660000000000054854e+01
6.711425781250000000e-01 -4.980000000000073612e+01
6.828613281250000000e-01 -4.130000000000061533e+01
6.843261718750000000e-01 -4.320000000000064233e+01
6.708984375000000000e-01 -4.640000000000068781e+01
7.016601562500000000e-01 -3.530000000000053006e+01
6.843261718750000000e-01 -4.680000000000069349e+01
6.784667968750000000e-01 -4.610000000000068354e+01
7.175292968750000000e-01 -3.850000000000057554e+01
6.728515625000000000e-01 -5.240000000000077307e+01
6.818847656250000000e-01 -4.720000000000069917e+01
6.882324218750000000e-01 -4.590000000000068070e+01
6.960449218750000000e-01 -4.380000000000065086e+01
6.884765625000000000e-01 -4.810000000000071196e+01
6.889648437500000000e-01 -4.390000000000065228e+01
7.189941406250000000e-01 -3.960000000000059117e+01
6.896972656250000000e-01 -4.890000000000072333e+01
6.850585937500000000e-01 -5.760000000000084697e+01
7.033691406250000000e-01 -3.840000000000057412e+01
6.984863281250000000e-01 -4.240000000000063096e+01
6.760253906250000000e-01 -5.670000000000083418e+01
6.982421875000000000e-01 -4.520000000000067075e+01
7.102050781250000000e-01 -3.920000000000058549e+01
6.977539062500000000e-01 -3.950000000000058975e+01
7.062988281250000000e-01 -3.750000000000056133e+01
6.977539062500000000e-01 -4.060000000000060538e+01
7.080078125000000000e-01 -4.120000000000061391e+01
6.811523437500000000e-01 -4.410000000000065512e+01
7.092285156250000000e-01 -3.630000000000054428e+01
6.884765625000000000e-01 -5.010000000000074039e+01
6.701660156250000000e-01 -5.560000000000081855e+01
7.060546875000000000e-01 -3.830000000000057270e+01
7.080078125000000000e-01 -3.560000000000053433e+01
6.896972656250000000e-01 -6.070000000000089102e+01
7.214355468750000000e-01 -3.260000000000049170e+01
7.119140625000000000e-01 -3.750000000000056133e+01
6.884765625000000000e-01 -4.270000000000063523e+01
6.643066406250000000e-01 -5.860000000000086118e+01
7.043457031250000000e-01 -4.970000000000073470e+01
6.918945312500000000e-01 -3.640000000000054570e+01
7.084960937500000000e-01 -4.770000000000070628e+01
6.923828125000000000e-01 -4.660000000000069065e+01
7.077636718750000000e-01 -3.270000000000049312e+01
6.960449218750000000e-01 -5.380000000000079297e+01
7.058105468750000000e-01 -3.530000000000053006e+01
7.180175781250000000e-01 -3.930000000000058691e+01
7.102050781250000000e-01 -4.800000000000071054e+01
7.111816406250000000e-01 -5.150000000000076028e+01
6.577148437500000000e-01 -5.520000000000081286e+01
8.703613281250000000e-01 -3.270000000000049312e+01
6.843261718750000000e-01 -5.930000000000087113e+01
6.542968750000000000e-01 -7.590000000000026148e+01
7.099609375000000000e-01 -3.560000000000053433e+01
8.134765625000000000e-01 -5.350000000000078870e+01
6.789550781250000000e-01 -6.760000000000073328e+01
6.699218750000000000e-01 -6.090000000000089386e+01
6.743164062500000000e-01 -7.160000000000050591e+01
7.121582031250000000e-01 -5.330000000000078586e+01
7.998046875000000000e-01 -4.510000000000066933e+01
7.673339843750000000e-01 -4.860000000000071907e+01
7.597656250000000000e-01 -5.140000000000075886e+01
7.963867187500000000e-01 -4.550000000000067502e+01
7.868652343750000000e-01 -4.650000000000068923e+01
7.175292968750000000e-01 -6.240000000000091518e+01
7.692871093750000000e-01 -4.530000000000067217e+01
7.792968750000000000e-01 -4.730000000000070060e+01
7.570800781250000000e-01 -4.830000000000071481e+01
7.971191406250000000e-01 -5.270000000000077733e+01
8.889160156250000000e-01 -2.790000000000042490e+01
7.021484375000000000e-01 -6.200000000000090949e+01
7.871093750000000000e-01 -4.710000000000069775e+01
7.497558593750000000e-01 -5.380000000000079297e+01
7.534179687500000000e-01 -5.290000000000078018e+01
7.639160156250000000e-01 -4.880000000000072191e+01
7.561035156250000000e-01 -4.820000000000071338e+01
7.729492187500000000e-01 -5.190000000000076597e+01
7.893066406250000000e-01 -4.710000000000069775e+01
7.719726562500000000e-01 -4.870000000000072049e+01
7.783203125000000000e-01 -4.730000000000070060e+01
7.766113281250000000e-01 -5.020000000000074181e+01
7.690429687500000000e-01 -5.260000000000077591e+01
7.675781250000000000e-01 -4.850000000000071765e+01
7.749023437500000000e-01 -5.160000000000076170e+01
7.890625000000000000e-01 -4.560000000000067644e+01
7.570800781250000000e-01 -4.950000000000073186e+01
7.719726562500000000e-01 -4.790000000000070912e+01
7.761230468750000000e-01 -5.020000000000074181e+01
7.883300781250000000e-01 -4.440000000000065938e+01
7.705078125000000000e-01 -4.800000000000071054e+01
7.651367187500000000e-01 -4.870000000000072049e+01
7.651367187500000000e-01 -4.870000000000072049e+01
7.712402343750000000e-01 -4.800000000000071054e+01
7.783203125000000000e-01 -4.730000000000070060e+01
7.731933593750000000e-01 -4.780000000000070770e+01
7.751464843750000000e-01 -4.760000000000070486e+01
7.817382812500000000e-01 -4.700000000000069633e+01
7.746582031250000000e-01 -4.770000000000070628e+01
7.812500000000000000e-01 -4.710000000000069775e+01
7.819824218750000000e-01 -4.690000000000069491e+01
7.802734375000000000e-01 -4.710000000000069775e+01
7.836914062500000000e-01 -4.730000000000070060e+01
7.844238281250000000e-01 -4.720000000000069917e+01
7.836914062500000000e-01 -4.740000000000070202e+01
7.836914062500000000e-01 -4.730000000000070060e+01
7.849121093750000000e-01 -4.730000000000070060e+01
7.836914062500000000e-01 -4.740000000000070202e+01
7.839355468750000000e-01 -4.770000000000070628e+01
7.851562500000000000e-01 -4.770000000000070628e+01
7.849121093750000000e-01 -4.760000000000070486e+01
7.866210937500000000e-01 -4.750000000000070344e+01
7.871093750000000000e-01 -4.740000000000070202e+01
7.880859375000000000e-01 -4.720000000000069917e+01
7.890625000000000000e-01 -4.710000000000069775e+01
7.905273437500000000e-01 -4.690000000000069491e+01
7.915039062500000000e-01 -4.680000000000069349e+01
7.919921875000000000e-01 -4.670000000000069207e+01
7.929687500000000000e-01 -4.660000000000069065e+01
7.941894531250000000e-01 -4.650000000000068923e+01
7.949218750000000000e-01 -4.640000000000068781e+01
7.956542968750000000e-01 -4.630000000000068638e+01
7.963867187500000000e-01 -4.610000000000068354e+01
7.854003906250000000e-01 -4.430000000000065796e+01
7.866210937500000000e-01 -4.450000000000066080e+01
7.866210937500000000e-01 -4.290000000000063807e+01
7.854003906250000000e-01 -4.380000000000065086e+01
7.866210937500000000e-01 -4.390000000000065228e+01
7.868652343750000000e-01 -4.420000000000065654e+01
7.883300781250000000e-01 -4.430000000000065796e+01
7.849121093750000000e-01 -4.470000000000066365e+01
7.849121093750000000e-01 -4.510000000000066933e+01
7.866210937500000000e-01 -4.510000000000066933e+01
7.871093750000000000e-01 -4.530000000000067217e+01
7.788085937500000000e-01 -4.390000000000065228e+01
7.792968750000000000e-01 -4.420000000000065654e+01
7.792968750000000000e-01 -4.460000000000066223e+01
7.785644531250000000e-01 -4.540000000000067359e+01
7.785644531250000000e-01 -4.590000000000068070e+01
7.785644531250000000e-01 -4.630000000000068638e+01
7.800292968750000000e-01 -4.670000000000069207e+01
7.812500000000000000e-01 -4.680000000000069349e+01
7.844238281250000000e-01 -4.680000000000069349e+01
7.836914062500000000e-01 -4.730000000000070060e+01
7.844238281250000000e-01 -4.770000000000070628e+01
7.856445312500000000e-01 -4.790000000000070912e+01
7.868652343750000000e-01 -4.810000000000071196e+01
7.883300781250000000e-01 -4.830000000000071481e+01
7.905273437500000000e-01 -4.820000000000071338e+01
7.927246093750000000e-01 -4.810000000000071196e+01
7.944335937500000000e-01 -4.830000000000071481e+01
7.946777343750000000e-01 -4.920000000000072760e+01
7.956542968750000000e-01 -4.840000000000071623e+01
7.963867187500000000e-01 -4.860000000000071907e+01
7.976074218750000000e-01 -4.870000000000072049e+01
7.980957031250000000e-01 -4.890000000000072333e+01
7.998046875000000000e-01 -4.900000000000072475e+01
8.005371093750000000e-01 -4.920000000000072760e+01
8.017578125000000000e-01 -4.940000000000073044e+01
7.866210937500000000e-01 -4.710000000000069775e+01
7.854003906250000000e-01 -4.820000000000071338e+01
7.854003906250000000e-01 -4.880000000000072191e+01
7.854003906250000000e-01 -4.960000000000073328e+01
7.746582031250000000e-01 -5.130000000000075744e+01
7.775878906250000000e-01 -5.130000000000075744e+01
7.790527343750000000e-01 -5.170000000000076312e+01
7.814941406250000000e-01 -5.160000000000076170e+01
7.849121093750000000e-01 -5.150000000000076028e+01
7.873535156250000000e-01 -5.140000000000075886e+01
7.895507812500000000e-01 -5.120000000000075602e+01
7.919921875000000000e-01 -5.110000000000075460e+01
7.961425781250000000e-01 -5.060000000000074749e+01
7.993164062500000000e-01 -5.020000000000074181e+01
8.017578125000000000e-01 -4.990000000000073754e+01
8.024902343750000000e-01 -4.970000000000073470e+01
8.044433593750000000e-01 -4.960000000000073328e+01
8.054199218750000000e-01 -4.950000000000073186e+01
8.059082031250000000e-01 -5.000000000000073896e+01
7.937011718750000000e-01 -4.980000000000073612e+01
7.956542968750000000e-01 -4.960000000000073328e+01
7.966308593750000000e-01 -4.900000000000072475e+01
7.980957031250000000e-01 -4.890000000000072333e+01
7.917480468750000000e-01 -4.860000000000071907e+01
7.944335937500000000e-01 -4.890000000000072333e+01
7.956542968750000000e-01 -4.920000000000072760e+01
7.990722656250000000e-01 -4.930000000000072902e+01
7.353515625000000000e-01 -5.190000000000076597e+01
7.351074218750000000e-01 -5.230000000000077165e+01
7.866210937500000000e-01 -5.010000000000074039e+01
7.883300781250000000e-01 -5.070000000000074891e+01
7.868652343750000000e-01 -5.170000000000076312e+01
7.883300781250000000e-01 -5.270000000000077733e+01
7.812500000000000000e-01 -5.560000000000081855e+01
7.844238281250000000e-01 -5.650000000000083134e+01
7.910156250000000000e-01 -5.640000000000082991e+01
7.963867187500000000e-01 -5.630000000000082849e+01
7.980957031250000000e-01 -5.680000000000083560e+01
8.002929687500000000e-01 -5.730000000000084270e+01
8.017578125000000000e-01 -5.790000000000085123e+01
8.039550781250000000e-01 -5.770000000000084839e+01
8.059082031250000000e-01 -5.720000000000084128e+01
8.015136718750000000e-01 -5.550000000000081712e+01
8.039550781250000000e-01 -5.500000000000081002e+01
7.961425781250000000e-01 -5.300000000000078160e+01
8.005371093750000000e-01 -5.270000000000077733e+01
8.049316406250000000e-01 -5.180000000000076454e+01
8.049316406250000000e-01 -5.220000000000077023e+01
8.063964843750000000e-01 -5.200000000000076739e+01
8.085937500000000000e-01 -5.180000000000076454e+01
8.100585937500000000e-01 -5.160000000000076170e+01
8.117675781250000000e-01 -5.130000000000075744e+01
8.132324218750000000e-01 -5.110000000000075460e+01
8.154296875000000000e-01 -5.090000000000075175e+01
8.166503906250000000e-01 -5.050000000000074607e+01
8.183593750000000000e-01 -5.010000000000074039e+01
8.198242187500000000e-01 -4.960000000000073328e+01
8.225097656250000000e-01 -4.800000000000071054e+01
8.239746093750000000e-01 -4.760000000000070486e+01
8.227539062500000000e-01 -4.680000000000069349e+01
8.244628906250000000e-01 -4.510000000000066933e+01
8.256835937500000000e-01 -4.480000000000066507e+01
8.215332031250000000e-01 -4.450000000000066080e+01
8.227539062500000000e-01 -4.450000000000066080e+01
8.244628906250000000e-01 -4.450000000000066080e+01
8.254394531250000000e-01 -4.440000000000065938e+01
8.264160156250000000e-01 -4.450000000000066080e+01
8.281250000000000000e-01 -4.560000000000067644e+01
8.286132812500000000e-01 -4.590000000000068070e+01
8.293457031250000000e-01 -4.620000000000068496e+01
8.308105468750000000e-01 -4.650000000000068923e+01
8.244628906250000000e-01 -4.690000000000069491e+01
8.249511718750000000e-01 -4.730000000000070060e+01
8.215332031250000000e-01 -4.800000000000071054e+01
8.225097656250000000e-01 -4.890000000000072333e+01
8.078613281250000000e-01 -5.020000000000074181e+01
8.081054687500000000e-01 -5.140000000000075886e+01
8.078613281250000000e-01 -5.290000000000078018e+01
8.107910156250000000e-01 -5.440000000000080149e+01
8.142089843750000000e-01 -5.490000000000080860e+01
8.166503906250000000e-01 -5.540000000000081570e+01
8.188476562500000000e-01 -5.600000000000082423e+01
8.210449218750000000e-01 -5.660000000000083276e+01
8.227539062500000000e-01 -5.700000000000083844e+01
8.251953125000000000e-01 -5.720000000000084128e+01
8.283691406250000000e-01 -5.500000000000081002e+01
8.286132812500000000e-01 -5.240000000000077307e+01
8.312988281250000000e-01 -5.180000000000076454e+01
8.347167968750000000e-01 -4.940000000000073044e+01
8.366699218750000000e-01 -4.850000000000071765e+01
8.383789062500000000e-01 -4.760000000000070486e+01
8.332519531250000000e-01 -4.800000000000071054e+01
8.281250000000000000e-01 -4.740000000000070202e+01
8.300781250000000000e-01 -4.720000000000069917e+01
8.322753906250000000e-01 -4.690000000000069491e+01
8.342285156250000000e-01 -4.650000000000068923e+01
8.361816406250000000e-01 -4.630000000000068638e+01
8.371582031250000000e-01 -4.600000000000068212e+01
8.386230468750000000e-01 -4.570000000000067786e+01
8.403320312500000000e-01 -4.540000000000067359e+01
8.415527343750000000e-01 -4.490000000000066649e+01
8.432617187500000000e-01 -4.460000000000066223e+01
8.439941406250000000e-01 -4.380000000000065086e+01
8.447265625000000000e-01 -4.120000000000061391e+01
8.457031250000000000e-01 -4.100000000000061107e+01
8.466796875000000000e-01 -4.100000000000061107e+01
8.486328125000000000e-01 -4.080000000000060822e+01
8.503417968750000000e-01 -4.060000000000060538e+01
8.515625000000000000e-01 -4.040000000000060254e+01
8.505859375000000000e-01 -4.060000000000060538e+01
8.410644531250000000e-01 -4.200000000000062528e+01
8.432617187500000000e-01 -4.180000000000062244e+01
8.452148437500000000e-01 -4.160000000000061959e+01
8.469238281250000000e-01 -4.140000000000061675e+01
8.491210937500000000e-01 -4.120000000000061391e+01
8.618164062500000000e-01 -4.090000000000060965e+01
8.625488281250000000e-01 -4.100000000000061107e+01
8.637695312500000000e-01 -4.110000000000061249e+01
8.615722656250000000e-01 -4.180000000000062244e+01
8.625488281250000000e-01 -4.180000000000062244e+01
8.627929687500000000e-01 -4.160000000000061959e+01
8.642578125000000000e-01 -4.130000000000061533e+01
8.649902343750000000e-01 -4.130000000000061533e+01
8.657226562500000000e-01 -4.120000000000061391e+01
8.664550781250000000e-01 -4.120000000000061391e+01
8.674316406250000000e-01 -4.100000000000061107e+01
8.657226562500000000e-01 -4.170000000000062101e+01
8.664550781250000000e-01 -4.180000000000062244e+01
8.666992187500000000e-01 -4.180000000000062244e+01
8.679199218750000000e-01 -4.020000000000059970e+01
8.686523437500000000e-01 -4.020000000000059970e+01
8.691406250000000000e-01 -4.010000000000059828e+01
8.696289062500000000e-01 -4.020000000000059970e+01
8.654785156250000000e-01 -4.220000000000062812e+01
8.654785156250000000e-01 -4.190000000000062386e+01
8.649902343750000000e-01 -4.260000000000063380e+01
8.637695312500000000e-01 -4.290000000000063807e+01
8.645019531250000000e-01 -4.330000000000064375e+01
8.652343750000000000e-01 -4.370000000000064944e+01
8.586425781250000000e-01 -4.630000000000068638e+01
8.581542968750000000e-01 -4.700000000000069633e+01
8.598632812500000000e-01 -4.680000000000069349e+01
8.615722656250000000e-01 -4.670000000000069207e+01
8.637695312500000000e-01 -4.720000000000069917e+01
8.645019531250000000e-01 -4.760000000000070486e+01
8.647460937500000000e-01 -4.820000000000071338e+01
8.659667968750000000e-01 -4.820000000000071338e+01
8.674316406250000000e-01 -4.830000000000071481e+01
8.674316406250000000e-01 -4.880000000000072191e+01
8.686523437500000000e-01 -4.880000000000072191e+01
8.696289062500000000e-01 -4.850000000000071765e+01
8.703613281250000000e-01 -4.860000000000071907e+01
8.701171875000000000e-01 -4.550000000000067502e+01
8.515625000000000000e-01 -4.950000000000073186e+01
8.549804687500000000e-01 -5.040000000000074465e+01
8.586425781250000000e-01 -5.010000000000074039e+01
8.615722656250000000e-01 -4.940000000000073044e+01
8.642578125000000000e-01 -4.920000000000072760e+01
8.593750000000000000e-01 -5.100000000000075318e+01
8.620605468750000000e-01 -5.060000000000074749e+01
8.647460937500000000e-01 -5.040000000000074465e+01
8.666992187500000000e-01 -5.000000000000073896e+01
8.686523437500000000e-01 -4.960000000000073328e+01
8.693847656250000000e-01 -4.870000000000072049e+01
8.762207031250000000e-01 -4.860000000000071907e+01
8.771972656250000000e-01 -4.860000000000071907e+01
8.771972656250000000e-01 -4.690000000000069491e+01
8.776855468750000000e-01 -4.670000000000069207e+01
8.762207031250000000e-01 -4.620000000000068496e+01
8.771972656250000000e-01 -4.600000000000068212e+01
8.781738281250000000e-01 -4.570000000000067786e+01
8.793945312500000000e-01 -4.550000000000067502e+01
8.801269531250000000e-01 -4.230000000000062954e+01
8.801269531250000000e-01 -4.250000000000063238e+01
8.811035156250000000e-01 -4.230000000000062954e+01
8.820800781250000000e-01 -4.210000000000062670e+01
8.825683593750000000e-01 -4.190000000000062386e+01
8.833007812500000000e-01 -4.100000000000061107e+01
8.842773437500000000e-01 -4.100000000000061107e+01
8.842773437500000000e-01 -4.120000000000061391e+01
8.842773437500000000e-01 -4.010000000000059828e+01
8.879394531250000000e-01 -3.920000000000058549e+01
8.881835937500000000e-01 -3.920000000000058549e+01
8.889160156250000000e-01 -3.930000000000058691e+01
8.891601562500000000e-01 -3.930000000000058691e+01
8.947753906250000000e-01 -3.860000000000057696e+01
8.928222656250000000e-01 -3.930000000000058691e+01
8.933105468750000000e-01 -3.930000000000058691e+01
8.940429687500000000e-01 -3.900000000000058265e+01
8.947753906250000000e-01 -3.890000000000058122e+01
8.962402343750000000e-01 -3.750000000000056133e+01
8.962402343750000000e-01 -3.740000000000055991e+01
8.984375000000000000e-01 -3.810000000000056986e+01
8.986816406250000000e-01 -3.810000000000056986e+01
8.991699218750000000e-01 -3.820000000000057128e+01
8.996582031250000000e-01 -3.830000000000057270e+01
