5.810546875000000000e-01 -2.790000000000042490e+01
5.568847656250000000e-01 -3.710000000000055564e+01
5.375976562500000000e-01 -4.180000000000062244e+01
5.546875000000000000e-01 -3.250000000000049027e+01
5.715332031250000000e-01 -3.320000000000050022e+01
5.546875000000000000e-01 -3.530000000000053006e+01
5.168457031250000000e-01 -4.260000000000063380e+01
5.402832031250000000e-01 -3.970000000000059259e+01
5.490722656250000000e-01 -4.020000000000059970e+01
5.720214843750000000e-01 -3.060000000000046327e+01
5.534667968750000000e-01 -3.610000000000054143e+01
5.490722656250000000e-01 -3.690000000000055280e+01
5.407714843750000000e-01 -3.180000000000048033e+01
5.639648437500000000e-01 -3.080000000000046612e+01
5.202636718750000000e-01 -5.010000000000074039e+01
5.656738281250000000e-01 -3.090000000000046754e+01
5.920410156250000000e-01 -2.310000000000035669e+01
5.683593750000000000e-01 -3.890000000000058122e+01
4.609375000000000000e-01 -3.110000000000047038e+01
5.659179687500000000e-01 -4.250000000000063238e+01
5.402832031250000000e-01 -3.340000000000050306e+01
5.673828125000000000e-01 -3.420000000000051443e+01
5.605468750000000000e-01 -3.460000000000052012e+01
5.520019531250000000e-01 -3.500000000000052580e+01
5.278320312500000000e-01 -4.280000000000063665e+01
5.153808593750000000e-01 -4.390000000000065228e+01
5.656738281250000000e-01 -2.770000000000042206e+01
5.656738281250000000e-01 -2.820000000000042917e+01
5.786132812500000000e-01 -2.900000000000044054e+01
5.490722656250000000e-01 -4.020000000000059970e+01
5.488281250000000000e-01 -4.380000000000065086e+01
5.734863281250000000e-01 -3.230000000000048743e+01
5.705566406250000000e-01 -3.590000000000053859e+01
6.074218750000000000e-01 -2.690000000000041069e+01
6.025390625000000000e-01 -3.880000000000057980e+01
5.737304687500000000e-01 -4.290000000000063807e+01
5.732421875000000000e-01 -2.990000000000045333e+01
5.490722656250000000e-01 -4.460000000000066223e+01
5.666503906250000000e-01 -4.070000000000060680e+01
5.625000000000000000e-01 -4.000000000000059686e+01
5.761718750000000000e-01 -3.210000000000048459e+01
5.612792968750000000e-01 -3.870000000000057838e+01
5.598144531250000000e-01 -4.350000000000064659e+01
6.887207031250000000e-01 -3.760000000000056275e+01
7.910156250000000000e-01 -1.290000000000026681e+01
5.805664062500000000e-01 -3.630000000000054428e+01
7.500000000000000000e-01 -3.120000000000047180e+01
5.991210937500000000e-01 -3.600000000000054001e+01
5.651855468750000000e-01 -3.650000000000054712e+01
6.401367187500000000e-01 -3.360000000000050591e+01
6.552734375000000000e-01 -4.080000000000060822e+01
8.151855468750000000e-01 -1.590000000000025615e+01
6.677246093750000000e-01 -3.120000000000047180e+01
5.754394531250000000e-01 -3.930000000000058691e+01
8.022460937500000000e-01 -2.300000000000035527e+01
7.746582031250000000e-01 -2.010000000000031406e+01
6.408691406250000000e-01 -3.510000000000052722e+01
6.452636718750000000e-01 -3.520000000000052864e+01
6.062011718750000000e-01 -4.220000000000062812e+01
6.335449218750000000e-01 -3.480000000000052296e+01
8.000488281250000000e-01 -1.900000000000029843e+01
6.093750000000000000e-01 -3.350000000000050449e+01
6.293945312500000000e-01 -3.950000000000058975e+01
7.026367187500000000e-01 -3.530000000000053006e+01
6.052246093750000000e-01 -3.520000000000052864e+01
6.386718750000000000e-01 -4.070000000000060680e+01
6.030273437500000000e-01 -4.490000000000066649e+01
6.186523437500000000e-01 -3.040000000000046043e+01
6.313476562500000000e-01 -2.670000000000040785e+01
6.311035156250000000e-01 -3.590000000000053859e+01
6.530761718750000000e-01 -4.770000000000070628e+01
5.974121093750000000e-01 -3.900000000000058265e+01
6.481933593750000000e-01 -2.900000000000044054e+01
5.876464843750000000e-01 -4.940000000000073044e+01
6.091308593750000000e-01 -4.440000000000065938e+01
6.196289062500000000e-01 -4.270000000000063523e+01
6.357421875000000000e-01 -3.570000000000053575e+01
6.367187500000000000e-01 -3.640000000000054570e+01
6.313476562500000000e-01 -4.000000000000059686e+01
6.560058593750000000e-01 -4.320000000000064233e+01
6.174316406250000000e-01 -3.470000000000052154e+01
6.223144531250000000e-01 -3.460000000000052012e+01
6.340332031250000000e-01 -4.190000000000062386e+01
6.066894531250000000e-01 -4.630000000000068638e+01
6.059570312500000000e-01 -4.110000000000061249e+01
6.162109375000000000e-01 -4.240000000000063096e+01
6.408691406250000000e-01 -3.570000000000053575e+01
6.413574218750000000e-01 -3.330000000000050164e+01
6.279296875000000000e-01 -4.510000000000066933e+01
6.474609375000000000e-01 -3.870000000000057838e+01
6.423339843750000000e-01 -3.210000000000048459e+01
6.450195312500000000e-01 -3.680000000000055138e+01
6.296386718750000000e-01 -3.710000000000055564e+01
6.284179687500000000e-01 -3.480000000000052296e+01
6.601562500000000000e-01 -4.640000000000068781e+01
6.406250000000000000e-01 -3.760000000000056275e+01
6.274414062500000000e-01 -3.970000000000059259e+01
6.455078125000000000e-01 -3.550000000000053291e+01
6.518554687500000000e-01 -3.020000000000045759e+01
5.998535156250000000e-01 -4.460000000000066223e+01
6.105957031250000000e-01 -4.630000000000068638e+01
6.166992187500000000e-01 -4.220000000000062812e+01
6.401367187500000000e-01 -3.680000000000055138e+01
6.247558593750000000e-01 -3.910000000000058407e+01
6.252441406250000000e-01 -3.980000000000059401e+01
6.320800781250000000e-01 -3.950000000000058975e+01
6.389160156250000000e-01 -3.760000000000056275e+01
6.040039062500000000e-01 -4.100000000000061107e+01
5.168457031250000000e-01 -4.090000000000060965e+01
6.132812500000000000e-01 -4.650000000000068923e+01
6.489257812500000000e-01 -3.990000000000059543e+01
6.286621093750000000e-01 -3.840000000000057412e+01
6.105957031250000000e-01 -3.890000000000058122e+01
6.367187500000000000e-01 -4.150000000000061817e+01
6.142578125000000000e-01 -5.250000000000077449e+01
6.359863281250000000e-01 -5.070000000000074891e+01
6.889648437500000000e-01 -3.270000000000049312e+01
6.235351562500000000e-01 -5.170000000000076312e+01
6.474609375000000000e-01 -4.320000000000064233e+01
6.411132812500000000e-01 -4.360000000000064801e+01
6.599121093750000000e-01 -4.410000000000065512e+01
6.574707031250000000e-01 -3.940000000000058833e+01
6.850585937500000000e-01 -3.830000000000057270e+01
6.533203125000000000e-01 -4.770000000000070628e+01
6.645507812500000000e-01 -4.380000000000065086e+01
6.235351562500000000e-01 -4.490000000000066649e+01
6.657714843750000000e-01 -3.650000000000054712e+01
6.655273437500000000e-01 -3.940000000000058833e+01
6.679687500000000000e-01 -4.120000000000061391e+01
6.577148437500000000e-01 -4.500000000000066791e+01
6.728515625000000000e-01 -4.350000000000064659e+01
6.723632812500000000e-01 -3.950000000000058975e+01
6.823730468750000000e-01 -4.540000000000067359e+01
7.036132812500000000e-01 -2.980000000000045191e+01
6.706542968750000000e-01 -4.420000000000065654e+01
7.028808593750000000e-01 -3.110000000000047038e+01
6.918945312500000000e-01 -4.010000000000059828e+01
6.606445312500000000e-01 -4.950000000000073186e+01
6.967773437500000000e-01 -3.510000000000052722e+01
7.241210937500000000e-01 -2.620000000000040075e+01
6.975097656250000000e-01 -2.750000000000041922e+01
6.923828125000000000e-01 -4.790000000000070912e+01
6.979980468750000000e-01 -3.560000000000053433e+01
7.241210937500000000e-01 -2.680000000000040927e+01
6.884765625000000000e-01 -4.590000000000068070e+01
6.987304687500000000e-01 -3.580000000000053717e+01
6.848144531250000000e-01 -4.640000000000068781e+01
7.209472656250000000e-01 -2.640000000000040359e+01
7.204589843750000000e-01 -3.840000000000057412e+01
6.684570312500000000e-01 -4.980000000000073612e+01
6.926269531250000000e-01 -4.190000000000062386e+01
7.006835937500000000e-01 -3.740000000000055991e+01
7.058105468750000000e-01 -3.650000000000054712e+01
6.884765625000000000e-01 -4.830000000000071481e+01
7.280273437500000000e-01 -3.710000000000055564e+01
7.214355468750000000e-01 -3.940000000000058833e+01
6.887207031250000000e-01 -4.920000000000072760e+01
6.843261718750000000e-01 -5.640000000000082991e+01
7.175292968750000000e-01 -3.210000000000048459e+01
6.960449218750000000e-01 -4.220000000000062812e+01
6.762695312500000000e-01 -6.060000000000088960e+01
7.502441406250000000e-01 -2.630000000000040217e+01
7.089843750000000000e-01 -3.960000000000059117e+01
7.211914062500000000e-01 -3.670000000000054996e+01
7.121582031250000000e-01 -3.710000000000055564e+01
7.070312500000000000e-01 -4.000000000000059686e+01
7.363281250000000000e-01 -2.970000000000045048e+01
7.033691406250000000e-01 -3.610000000000054143e+01
7.102050781250000000e-01 -3.610000000000054143e+01
7.395019531250000000e-01 -3.490000000000052438e+01
6.711425781250000000e-01 -5.410000000000079723e+01
7.141113281250000000e-01 -3.500000000000052580e+01
6.892089843750000000e-01 -2.670000000000040785e+01
6.894531250000000000e-01 -5.390000000000079439e+01
7.558593750000000000e-01 -2.590000000000039648e+01
6.989746093750000000e-01 -3.970000000000059259e+01
7.055664062500000000e-01 -3.560000000000053433e+01
6.987304687500000000e-01 -5.260000000000077591e+01
7.102050781250000000e-01 -4.440000000000065938e+01
7.207031250000000000e-01 -3.550000000000053291e+01
7.211914062500000000e-01 -4.110000000000061249e+01
7.072753906250000000e-01 -3.680000000000055138e+01
7.175292968750000000e-01 -2.910000000000044196e+01
7.114257812500000000e-01 -4.680000000000069349e+01
7.399902343750000000e-01 -2.770000000000042206e+01
7.170410156250000000e-01 -3.970000000000059259e+01
7.207031250000000000e-01 -4.470000000000066365e+01
7.290039062500000000e-01 -4.440000000000065938e+01
7.126464843750000000e-01 -4.750000000000070344e+01
8.757324218750000000e-01 -3.120000000000047180e+01
7.187500000000000000e-01 -5.140000000000075886e+01
6.608886718750000000e-01 -5.510000000000081144e+01
7.058105468750000000e-01 -3.710000000000055564e+01
8.176269531250000000e-01 -4.540000000000067359e+01
7.331542968750000000e-01 -4.820000000000071338e+01
6.557617187500000000e-01 -6.140000000000090097e+01
7.363281250000000000e-01 -4.710000000000069775e+01
7.045898437500000000e-01 -4.640000000000068781e+01
8.090820312500000000e-01 -4.110000000000061249e+01
8.002929687500000000e-01 -3.880000000000057980e+01
7.604980468750000000e-01 -5.050000000000074607e+01
8.054199218750000000e-01 -4.350000000000064659e+01
8.073730468750000000e-01 -3.920000000000058549e+01
7.351074218750000000e-01 -5.040000000000074465e+01
7.719726562500000000e-01 -4.530000000000067217e+01
8.024902343750000000e-01 -3.920000000000058549e+01
7.966308593750000000e-01 -3.900000000000058265e+01
8.054199218750000000e-01 -4.660000000000069065e+01
8.881835937500000000e-01 -2.800000000000042633e+01
7.351074218750000000e-01 -4.650000000000068923e+01
8.034667968750000000e-01 -4.050000000000060396e+01
7.812500000000000000e-01 -4.240000000000063096e+01
7.558593750000000000e-01 -5.200000000000076739e+01
7.993164062500000000e-01 -3.870000000000057838e+01
7.871093750000000000e-01 -3.900000000000058265e+01
7.890625000000000000e-01 -4.160000000000061959e+01
8.054199218750000000e-01 -4.050000000000060396e+01
7.773437500000000000e-01 -4.690000000000069491e+01
8.024902343750000000e-01 -3.910000000000058407e+01
7.951660156250000000e-01 -3.900000000000058265e+01
7.875976562500000000e-01 -4.180000000000062244e+01
8.017578125000000000e-01 -3.840000000000057412e+01
7.905273437500000000e-01 -4.150000000000061817e+01
7.963867187500000000e-01 -4.450000000000066080e+01
7.958984375000000000e-01 -3.860000000000057696e+01
8.017578125000000000e-01 -3.870000000000057838e+01
7.951660156250000000e-01 -3.900000000000058265e+01
8.024902343750000000e-01 -4.150000000000061817e+01
8.017578125000000000e-01 -3.860000000000057696e+01
7.998046875000000000e-01 -3.880000000000057980e+01
7.998046875000000000e-01 -3.880000000000057980e+01
8.017578125000000000e-01 -3.860000000000057696e+01
8.022460937500000000e-01 -3.910000000000058407e+01
8.017578125000000000e-01 -3.890000000000058122e+01
8.020019531250000000e-01 -3.900000000000058265e+01
8.054199218750000000e-01 -3.910000000000058407e+01
8.017578125000000000e-01 -3.900000000000058265e+01
8.051757812500000000e-01 -3.900000000000058265e+01
8.054199218750000000e-01 -3.910000000000058407e+01
8.039550781250000000e-01 -3.900000000000058265e+01
8.032226562500000000e-01 -3.970000000000059259e+01
8.039550781250000000e-01 -3.970000000000059259e+01
8.020019531250000000e-01 -4.030000000000060112e+01
8.032226562500000000e-01 -3.970000000000059259e+01
8.022460937500000000e-01 -4.040000000000060254e+01
8.022460937500000000e-01 -4.030000000000060112e+01
8.022460937500000000e-01 -4.020000000000059970e+01
8.027343750000000000e-01 -4.020000000000059970e+01
8.024902343750000000e-01 -4.020000000000059970e+01
8.032226562500000000e-01 -4.030000000000060112e+01
8.039550781250000000e-01 -4.040000000000060254e+01
8.039550781250000000e-01 -4.050000000000060396e+01
8.049316406250000000e-01 -4.050000000000060396e+01
8.054199218750000000e-01 -4.060000000000060538e+01
8.054199218750000000e-01 -4.060000000000060538e+01
8.063964843750000000e-01 -4.050000000000060396e+01
8.063964843750000000e-01 -4.080000000000060822e+01
8.071289062500000000e-01 -4.080000000000060822e+01
8.073730468750000000e-01 -4.090000000000060965e+01
8.076171875000000000e-01 -4.100000000000061107e+01
8.078613281250000000e-01 -4.100000000000061107e+01
8.020019531250000000e-01 -4.120000000000061391e+01
8.024902343750000000e-01 -4.130000000000061533e+01
8.020019531250000000e-01 -4.080000000000060822e+01
8.020019531250000000e-01 -4.110000000000061249e+01
8.022460937500000000e-01 -4.120000000000061391e+01
8.022460937500000000e-01 -4.140000000000061675e+01
8.022460937500000000e-01 -4.160000000000061959e+01
7.946777343750000000e-01 -4.310000000000064091e+01
7.946777343750000000e-01 -4.340000000000064517e+01
7.946777343750000000e-01 -4.370000000000064944e+01
7.951660156250000000e-01 -4.390000000000065228e+01
7.866210937500000000e-01 -4.290000000000063807e+01
7.868652343750000000e-01 -4.320000000000064233e+01
7.866210937500000000e-01 -4.360000000000064801e+01
7.854003906250000000e-01 -4.430000000000065796e+01
7.854003906250000000e-01 -4.470000000000066365e+01
7.792968750000000000e-01 -4.590000000000068070e+01
7.788085937500000000e-01 -4.650000000000068923e+01
7.788085937500000000e-01 -4.700000000000069633e+01
7.719726562500000000e-01 -4.910000000000072617e+01
7.788085937500000000e-01 -4.870000000000072049e+01
7.785644531250000000e-01 -4.940000000000073044e+01
7.812500000000000000e-01 -4.940000000000073044e+01
7.839355468750000000e-01 -4.960000000000073328e+01
7.866210937500000000e-01 -4.950000000000073186e+01
7.890625000000000000e-01 -4.920000000000072760e+01
7.915039062500000000e-01 -4.900000000000072475e+01
7.939453125000000000e-01 -4.870000000000072049e+01
7.944335937500000000e-01 -4.940000000000073044e+01
7.956542968750000000e-01 -4.830000000000071481e+01
7.968750000000000000e-01 -4.810000000000071196e+01
7.990722656250000000e-01 -4.780000000000070770e+01
8.002929687500000000e-01 -4.770000000000070628e+01
8.017578125000000000e-01 -4.760000000000070486e+01
8.022460937500000000e-01 -4.740000000000070202e+01
8.034667968750000000e-01 -4.720000000000069917e+01
7.854003906250000000e-01 -4.700000000000069633e+01
7.866210937500000000e-01 -4.750000000000070344e+01
7.883300781250000000e-01 -4.760000000000070486e+01
7.917480468750000000e-01 -4.740000000000070202e+01
7.834472656250000000e-01 -4.830000000000071481e+01
7.856445312500000000e-01 -4.820000000000071338e+01
7.873535156250000000e-01 -4.810000000000071196e+01
7.893066406250000000e-01 -4.790000000000070912e+01
7.919921875000000000e-01 -4.790000000000070912e+01
7.944335937500000000e-01 -4.760000000000070486e+01
7.951660156250000000e-01 -4.760000000000070486e+01
7.966308593750000000e-01 -4.750000000000070344e+01
7.998046875000000000e-01 -4.700000000000069633e+01
8.002929687500000000e-01 -4.760000000000070486e+01
8.017578125000000000e-01 -4.740000000000070202e+01
8.024902343750000000e-01 -4.730000000000070060e+01
8.034667968750000000e-01 -4.720000000000069917e+01
8.054199218750000000e-01 -4.700000000000069633e+01
8.063964843750000000e-01 -4.680000000000069349e+01
8.029785156250000000e-01 -4.350000000000064659e+01
8.054199218750000000e-01 -4.330000000000064375e+01
8.063964843750000000e-01 -4.320000000000064233e+01
8.078613281250000000e-01 -4.300000000000063949e+01
8.115234375000000000e-01 -4.150000000000061817e+01
8.117675781250000000e-01 -4.140000000000061675e+01
8.139648437500000000e-01 -4.120000000000061391e+01
8.159179687500000000e-01 -4.100000000000061107e+01
8.073730468750000000e-01 -4.270000000000063523e+01
8.081054687500000000e-01 -4.280000000000063665e+01
8.107910156250000000e-01 -4.150000000000061817e+01
8.115234375000000000e-01 -4.140000000000061675e+01
8.139648437500000000e-01 -4.120000000000061391e+01
8.117675781250000000e-01 -4.200000000000062528e+01
8.139648437500000000e-01 -4.180000000000062244e+01
8.149414062500000000e-01 -4.170000000000062101e+01
8.154296875000000000e-01 -4.170000000000062101e+01
8.093261718750000000e-01 -4.150000000000061817e+01
8.115234375000000000e-01 -4.130000000000061533e+01
8.117675781250000000e-01 -4.120000000000061391e+01
8.139648437500000000e-01 -4.110000000000061249e+01
8.149414062500000000e-01 -4.100000000000061107e+01
8.159179687500000000e-01 -4.090000000000060965e+01
8.166503906250000000e-01 -4.070000000000060680e+01
8.181152343750000000e-01 -4.060000000000060538e+01
8.186035156250000000e-01 -4.050000000000060396e+01
8.198242187500000000e-01 -4.040000000000060254e+01
8.212890625000000000e-01 -4.020000000000059970e+01
8.190917968750000000e-01 -4.060000000000060538e+01
8.210449218750000000e-01 -4.030000000000060112e+01
8.215332031250000000e-01 -4.040000000000060254e+01
8.220214843750000000e-01 -4.030000000000060112e+01
8.227539062500000000e-01 -4.040000000000060254e+01
8.232421875000000000e-01 -4.030000000000060112e+01
8.249511718750000000e-01 -4.010000000000059828e+01
8.251953125000000000e-01 -4.000000000000059686e+01
8.261718750000000000e-01 -3.990000000000059543e+01
8.264160156250000000e-01 -3.990000000000059543e+01
8.271484375000000000e-01 -3.960000000000059117e+01
8.281250000000000000e-01 -3.950000000000058975e+01
8.266601562500000000e-01 -3.630000000000054428e+01
8.264160156250000000e-01 -3.620000000000054285e+01
8.266601562500000000e-01 -3.620000000000054285e+01
8.261718750000000000e-01 -3.560000000000053433e+01
8.281250000000000000e-01 -3.530000000000053006e+01
8.522949218750000000e-01 -3.600000000000054001e+01
8.525390625000000000e-01 -3.610000000000054143e+01
8.532714843750000000e-01 -3.610000000000054143e+01
8.535156250000000000e-01 -3.840000000000057412e+01
8.537597656250000000e-01 -3.850000000000057554e+01
8.540039062500000000e-01 -3.850000000000057554e+01
8.540039062500000000e-01 -3.860000000000057696e+01
8.544921875000000000e-01 -3.870000000000057838e+01
8.544921875000000000e-01 -3.890000000000058122e+01
8.532714843750000000e-01 -3.930000000000058691e+01
8.532714843750000000e-01 -3.940000000000058833e+01
8.518066406250000000e-01 -3.970000000000059259e+01
8.518066406250000000e-01 -3.980000000000059401e+01
8.522949218750000000e-01 -3.990000000000059543e+01
8.515625000000000000e-01 -4.020000000000059970e+01
8.515625000000000000e-01 -4.030000000000060112e+01
8.518066406250000000e-01 -4.030000000000060112e+01
8.522949218750000000e-01 -4.040000000000060254e+01
8.527832031250000000e-01 -4.040000000000060254e+01
8.532714843750000000e-01 -4.050000000000060396e+01
8.532714843750000000e-01 -4.060000000000060538e+01
8.537597656250000000e-01 -4.070000000000060680e+01
8.537597656250000000e-01 -4.010000000000059828e+01
8.540039062500000000e-01 -4.010000000000059828e+01
8.544921875000000000e-01 -4.020000000000059970e+01
8.549804687500000000e-01 -4.020000000000059970e+01
8.552246093750000000e-01 -4.020000000000059970e+01
8.544921875000000000e-01 -4.000000000000059686e+01
8.549804687500000000e-01 -3.870000000000057838e+01
8.554687500000000000e-01 -3.870000000000057838e+01
8.532714843750000000e-01 -3.920000000000058549e+01
8.535156250000000000e-01 -3.920000000000058549e+01
8.540039062500000000e-01 -3.920000000000058549e+01
8.540039062500000000e-01 -3.930000000000058691e+01
8.549804687500000000e-01 -3.930000000000058691e+01
8.552246093750000000e-01 -3.930000000000058691e+01
8.552246093750000000e-01 -3.940000000000058833e+01
8.557128906250000000e-01 -3.940000000000058833e+01
8.557128906250000000e-01 -3.960000000000059117e+01
8.559570312500000000e-01 -3.930000000000058691e+01
8.564453125000000000e-01 -3.930000000000058691e+01
8.564453125000000000e-01 -3.940000000000058833e+01
8.549804687500000000e-01 -3.910000000000058407e+01
8.552246093750000000e-01 -3.910000000000058407e+01
8.557128906250000000e-01 -3.900000000000058265e+01
8.552246093750000000e-01 -3.910000000000058407e+01
8.540039062500000000e-01 -3.870000000000057838e+01
8.586425781250000000e-01 -3.790000000000056701e+01
8.586425781250000000e-01 -3.800000000000056843e+01
8.588867187500000000e-01 -3.810000000000056986e+01
8.593750000000000000e-01 -3.810000000000056986e+01
8.679199218750000000e-01 -3.930000000000058691e+01
8.684082031250000000e-01 -3.930000000000058691e+01
8.686523437500000000e-01 -3.950000000000058975e+01
8.674316406250000000e-01 -3.990000000000059543e+01
8.679199218750000000e-01 -4.000000000000059686e+01
8.679199218750000000e-01 -3.990000000000059543e+01
8.679199218750000000e-01 -3.990000000000059543e+01
8.684082031250000000e-01 -4.000000000000059686e+01
8.686523437500000000e-01 -4.010000000000059828e+01
8.688964843750000000e-01 -4.020000000000059970e+01
8.691406250000000000e-01 -4.020000000000059970e+01
8.666992187500000000e-01 -4.170000000000062101e+01
8.674316406250000000e-01 -4.170000000000062101e+01
8.674316406250000000e-01 -4.170000000000062101e+01
8.679199218750000000e-01 -4.020000000000059970e+01
8.686523437500000000e-01 -4.020000000000059970e+01
8.691406250000000000e-01 -4.010000000000059828e+01
8.696289062500000000e-01 -4.010000000000059828e+01
8.654785156250000000e-01 -4.150000000000061817e+01
8.654785156250000000e-01 -4.140000000000061675e+01
8.637695312500000000e-01 -4.220000000000062812e+01
8.615722656250000000e-01 -4.240000000000063096e+01
8.618164062500000000e-01 -4.280000000000063665e+01
8.625488281250000000e-01 -4.310000000000064091e+01
8.581542968750000000e-01 -4.420000000000065654e+01
8.574218750000000000e-01 -4.460000000000066223e+01
8.586425781250000000e-01 -4.460000000000066223e+01
8.598632812500000000e-01 -4.430000000000065796e+01
8.615722656250000000e-01 -4.400000000000065370e+01
8.615722656250000000e-01 -4.400000000000065370e+01
8.637695312500000000e-01 -4.360000000000064801e+01
8.652343750000000000e-01 -4.340000000000064517e+01
8.664550781250000000e-01 -4.310000000000064091e+01
8.674316406250000000e-01 -4.270000000000063523e+01
8.684082031250000000e-01 -4.260000000000063380e+01
8.686523437500000000e-01 -4.260000000000063380e+01
8.696289062500000000e-01 -4.240000000000063096e+01
8.718261718750000000e-01 -3.820000000000057128e+01
8.642578125000000000e-01 -3.990000000000059543e+01
8.649902343750000000e-01 -3.980000000000059401e+01
8.664550781250000000e-01 -3.960000000000059117e+01
8.679199218750000000e-01 -3.940000000000058833e+01
8.762207031250000000e-01 -3.830000000000057270e+01
8.732910156250000000e-01 -3.910000000000058407e+01
8.654785156250000000e-01 -4.160000000000061959e+01
8.662109375000000000e-01 -4.180000000000062244e+01
8.679199218750000000e-01 -4.170000000000062101e+01
8.688964843750000000e-01 -4.170000000000062101e+01
8.706054687500000000e-01 -4.150000000000061817e+01
8.750000000000000000e-01 -4.050000000000060396e+01
8.757324218750000000e-01 -4.050000000000060396e+01
8.762207031250000000e-01 -4.000000000000059686e+01
8.764648437500000000e-01 -4.010000000000059828e+01
8.762207031250000000e-01 -3.900000000000058265e+01
8.901367187500000000e-01 -3.860000000000057696e+01
8.903808593750000000e-01 -3.860000000000057696e+01
8.911132812500000000e-01 -3.860000000000057696e+01
8.923339843750000000e-01 -3.650000000000054712e+01
8.923339843750000000e-01 -3.670000000000054996e+01
8.928222656250000000e-01 -3.650000000000054712e+01
8.923339843750000000e-01 -3.680000000000055138e+01
8.928222656250000000e-01 -3.680000000000055138e+01
8.933105468750000000e-01 -3.630000000000054428e+01
8.933105468750000000e-01 -3.630000000000054428e+01
8.933105468750000000e-01 -3.660000000000054854e+01
8.928222656250000000e-01 -3.710000000000055564e+01
8.947753906250000000e-01 -3.760000000000056275e+01
8.947753906250000000e-01 -3.740000000000055991e+01
8.945312500000000000e-01 -3.760000000000056275e+01
8.947753906250000000e-01 -3.770000000000056417e+01
9.013671875000000000e-01 -3.550000000000053291e+01
9.006347656250000000e-01 -3.590000000000053859e+01
9.006347656250000000e-01 -3.600000000000054001e+01
9.008789062500000000e-01 -3.590000000000053859e+01
9.011230468750000000e-01 -3.590000000000053859e+01
9.013671875000000000e-01 -3.590000000000053859e+01
9.013671875000000000e-01 -3.570000000000053575e+01
9.025878906250000000e-01 -3.660000000000054854e+01
9.028320312500000000e-01 -3.660000000000054854e+01
9.033203125000000000e-01 -3.670000000000054996e+01
9.033203125000000000e-01 -3.670000000000054996e+01
