4.738769531250000000e-01 -3.710000000000055564e+01
5.146484375000000000e-01 -3.060000000000046327e+01
4.902343750000000000e-01 -3.390000000000051017e+01
5.075683593750000000e-01 -3.770000000000056417e+01
5.336914062500000000e-01 -3.000000000000045475e+01
4.924316406250000000e-01 -4.030000000000060112e+01
6.022949218750000000e-01 -2.290000000000035385e+01
5.312500000000000000e-01 -2.630000000000040217e+01
5.595703125000000000e-01 -3.470000000000052154e+01
5.722656250000000000e-01 -2.830000000000043059e+01
5.134277343750000000e-01 -3.570000000000053575e+01
5.078125000000000000e-01 -3.670000000000054996e+01
5.417480468750000000e-01 -3.300000000000049738e+01
5.253906250000000000e-01 -2.520000000000038654e+01
5.380859375000000000e-01 -2.490000000000038227e+01
5.339355468750000000e-01 -3.800000000000056843e+01
5.136718750000000000e-01 -3.190000000000048175e+01
5.168457031250000000e-01 -3.300000000000049738e+01
5.480957031250000000e-01 -3.520000000000052864e+01
5.354003906250000000e-01 -2.540000000000038938e+01
5.229492187500000000e-01 -3.450000000000051870e+01
5.270996093750000000e-01 -3.270000000000049312e+01
5.432128906250000000e-01 -3.720000000000055707e+01
5.192871093750000000e-01 -3.400000000000051159e+01
5.297851562500000000e-01 -3.250000000000049027e+01
5.786132812500000000e-01 -2.860000000000043485e+01
5.874023437500000000e-01 -3.200000000000048317e+01
5.375976562500000000e-01 -3.530000000000053006e+01
5.339355468750000000e-01 -3.720000000000055707e+01
5.444335937500000000e-01 -2.940000000000044622e+01
5.607910156250000000e-01 -3.110000000000047038e+01
5.400390625000000000e-01 -3.010000000000045617e+01
5.432128906250000000e-01 -3.210000000000048459e+01
5.432128906250000000e-01 -4.060000000000060538e+01
5.683593750000000000e-01 -2.580000000000039506e+01
5.427246093750000000e-01 -3.460000000000052012e+01
5.939941406250000000e-01 -3.670000000000054996e+01
5.205078125000000000e-01 -4.320000000000064233e+01
5.566406250000000000e-01 -2.790000000000042490e+01
5.527343750000000000e-01 -3.390000000000051017e+01
5.854492187500000000e-01 -2.930000000000044480e+01
5.500488281250000000e-01 -4.040000000000060254e+01
5.632324218750000000e-01 -2.460000000000037801e+01
5.539550781250000000e-01 -3.460000000000052012e+01
5.400390625000000000e-01 -3.870000000000057838e+01
5.700683593750000000e-01 -3.500000000000052580e+01
5.505371093750000000e-01 -3.230000000000048743e+01
5.427246093750000000e-01 -3.700000000000055422e+01
5.932617187500000000e-01 -3.180000000000048033e+01
6.330566406250000000e-01 -2.920000000000044338e+01
5.964355468750000000e-01 -3.620000000000054285e+01
5.834960937500000000e-01 -3.220000000000048601e+01
5.744628906250000000e-01 -3.860000000000057696e+01
6.240234375000000000e-01 -3.270000000000049312e+01
5.808105468750000000e-01 -4.270000000000063523e+01
5.834960937500000000e-01 -3.370000000000050733e+01
6.787109375000000000e-01 -2.920000000000044338e+01
5.996093750000000000e-01 -2.500000000000038369e+01
5.842285156250000000e-01 -3.860000000000057696e+01
5.693359375000000000e-01 -3.980000000000059401e+01
5.998535156250000000e-01 -3.010000000000045617e+01
6.018066406250000000e-01 -3.070000000000046469e+01
6.005859375000000000e-01 -3.040000000000046043e+01
5.729980468750000000e-01 -4.850000000000071765e+01
6.008300781250000000e-01 -3.000000000000045475e+01
6.308593750000000000e-01 -2.960000000000044906e+01
6.008300781250000000e-01 -3.780000000000056559e+01
6.003417968750000000e-01 -3.690000000000055280e+01
5.998535156250000000e-01 -3.170000000000047891e+01
5.927734375000000000e-01 -3.750000000000056133e+01
5.966796875000000000e-01 -4.060000000000060538e+01
6.154785156250000000e-01 -3.580000000000053717e+01
5.908203125000000000e-01 -4.100000000000061107e+01
6.140136718750000000e-01 -3.410000000000051301e+01
6.352539062500000000e-01 -2.950000000000044764e+01
6.308593750000000000e-01 -3.670000000000054996e+01
6.052246093750000000e-01 -3.840000000000057412e+01
6.196289062500000000e-01 -3.190000000000048175e+01
6.459960937500000000e-01 -3.280000000000049454e+01
6.169433593750000000e-01 -3.730000000000055849e+01
6.088867187500000000e-01 -3.410000000000051301e+01
7.053222656250000000e-01 -2.430000000000037375e+01
6.396484375000000000e-01 -3.550000000000053291e+01
6.406250000000000000e-01 -3.310000000000049880e+01
6.276855468750000000e-01 -3.400000000000051159e+01
6.276855468750000000e-01 -3.130000000000047322e+01
6.330566406250000000e-01 -3.630000000000054428e+01
6.367187500000000000e-01 -4.140000000000061675e+01
6.384277343750000000e-01 -3.400000000000051159e+01
6.606445312500000000e-01 -2.790000000000042490e+01
6.315917968750000000e-01 -3.550000000000053291e+01
6.318359375000000000e-01 -3.700000000000055422e+01
8.154296875000000000e-01 -1.400000000000026290e+01
6.362304687500000000e-01 -3.330000000000050164e+01
6.474609375000000000e-01 -2.920000000000044338e+01
6.384277343750000000e-01 -3.410000000000051301e+01
6.450195312500000000e-01 -4.110000000000061249e+01
6.455078125000000000e-01 -3.100000000000046896e+01
6.623535156250000000e-01 -3.960000000000059117e+01
6.616210937500000000e-01 -3.070000000000046469e+01
7.148437500000000000e-01 -2.740000000000041780e+01
6.918945312500000000e-01 -2.200000000000034106e+01
6.582031250000000000e-01 -2.690000000000041069e+01
6.311035156250000000e-01 -4.080000000000060822e+01
6.450195312500000000e-01 -3.460000000000052012e+01
6.359863281250000000e-01 -3.200000000000048317e+01
6.352539062500000000e-01 -3.830000000000057270e+01
6.330566406250000000e-01 -3.600000000000054001e+01
6.464843750000000000e-01 -3.850000000000057554e+01
6.477050781250000000e-01 -3.500000000000052580e+01
6.555175781250000000e-01 -4.130000000000061533e+01
6.477050781250000000e-01 -3.900000000000058265e+01
6.369628906250000000e-01 -4.100000000000061107e+01
7.211914062500000000e-01 -3.310000000000049880e+01
7.209472656250000000e-01 -3.260000000000049170e+01
6.682128906250000000e-01 -3.280000000000049454e+01
6.799316406250000000e-01 -3.240000000000048885e+01
6.630859375000000000e-01 -3.570000000000053575e+01
6.562500000000000000e-01 -4.210000000000062670e+01
6.420898437500000000e-01 -4.770000000000070628e+01
6.730957031250000000e-01 -3.560000000000053433e+01
7.106933593750000000e-01 -3.810000000000056986e+01
6.950683593750000000e-01 -3.850000000000057554e+01
7.443847656250000000e-01 -3.860000000000057696e+01
6.652832031250000000e-01 -3.530000000000053006e+01
6.936035156250000000e-01 -3.700000000000055422e+01
6.831054687500000000e-01 -3.750000000000056133e+01
6.730957031250000000e-01 -3.460000000000052012e+01
6.638183593750000000e-01 -4.700000000000069633e+01
6.870117187500000000e-01 -4.020000000000059970e+01
6.931152343750000000e-01 -3.530000000000053006e+01
6.899414062500000000e-01 -3.850000000000057554e+01
6.791992187500000000e-01 -4.510000000000066933e+01
7.006835937500000000e-01 -2.850000000000043343e+01
6.901855468750000000e-01 -3.460000000000052012e+01
6.818847656250000000e-01 -3.350000000000050449e+01
6.999511718750000000e-01 -3.630000000000054428e+01
7.197265625000000000e-01 -3.350000000000050449e+01
6.833496093750000000e-01 -4.190000000000062386e+01
6.999511718750000000e-01 -3.000000000000045475e+01
6.975097656250000000e-01 -3.080000000000046612e+01
6.860351562500000000e-01 -4.360000000000064801e+01
7.514648437500000000e-01 -2.860000000000043485e+01
7.287597656250000000e-01 -3.100000000000046896e+01
6.843261718750000000e-01 -4.780000000000070770e+01
6.994628906250000000e-01 -3.550000000000053291e+01
6.894531250000000000e-01 -4.270000000000063523e+01
7.211914062500000000e-01 -3.830000000000057270e+01
7.229003906250000000e-01 -3.680000000000055138e+01
7.102050781250000000e-01 -3.880000000000057980e+01
7.128906250000000000e-01 -3.830000000000057270e+01
7.253417968750000000e-01 -3.880000000000057980e+01
7.092285156250000000e-01 -5.040000000000074465e+01
7.053222656250000000e-01 -4.600000000000068212e+01
6.279296875000000000e-01 -4.680000000000069349e+01
7.160644531250000000e-01 -3.880000000000057980e+01
7.253417968750000000e-01 -3.440000000000051728e+01
7.329101562500000000e-01 -4.080000000000060822e+01
7.070312500000000000e-01 -4.360000000000064801e+01
7.385253906250000000e-01 -3.860000000000057696e+01
7.285156250000000000e-01 -4.230000000000062954e+01
7.155761718750000000e-01 -4.370000000000064944e+01
7.580566406250000000e-01 -3.020000000000045759e+01
7.346191406250000000e-01 -3.830000000000057270e+01
8.024902343750000000e-01 -3.750000000000056133e+01
7.514648437500000000e-01 -2.850000000000043343e+01
7.307128906250000000e-01 -4.270000000000063523e+01
8.449707031250000000e-01 -3.420000000000051443e+01
7.248535156250000000e-01 -3.170000000000047891e+01
7.556152343750000000e-01 -3.550000000000053291e+01
7.404785156250000000e-01 -2.580000000000039506e+01
7.526855468750000000e-01 -3.380000000000050875e+01
7.458496093750000000e-01 -3.690000000000055280e+01
7.495117187500000000e-01 -3.080000000000046612e+01
7.343750000000000000e-01 -3.630000000000054428e+01
7.404785156250000000e-01 -4.220000000000062812e+01
7.446289062500000000e-01 -3.570000000000053575e+01
7.746582031250000000e-01 -4.470000000000066365e+01
7.326660156250000000e-01 -3.670000000000054996e+01
7.514648437500000000e-01 -3.770000000000056417e+01
7.375488281250000000e-01 -3.150000000000047606e+01
7.326660156250000000e-01 -4.060000000000060538e+01
7.546386718750000000e-01 -2.950000000000044764e+01
7.304687500000000000e-01 -3.870000000000057838e+01
7.412109375000000000e-01 -5.150000000000076028e+01
7.631835937500000000e-01 -3.140000000000047464e+01
7.412109375000000000e-01 -3.150000000000047606e+01
7.602539062500000000e-01 -3.620000000000054285e+01
7.341308593750000000e-01 -3.620000000000054285e+01
7.500000000000000000e-01 -3.830000000000057270e+01
7.565917968750000000e-01 -4.070000000000060680e+01
7.409667968750000000e-01 -3.970000000000059259e+01
7.326660156250000000e-01 -5.990000000000087965e+01
7.978515625000000000e-01 -3.490000000000052438e+01
7.768554687500000000e-01 -3.030000000000045901e+01
8.718261718750000000e-01 -2.200000000000034106e+01
8.769531250000000000e-01 -2.260000000000034959e+01
7.709960937500000000e-01 -3.630000000000054428e+01
7.849121093750000000e-01 -4.300000000000063949e+01
8.881835937500000000e-01 -4.080000000000060822e+01
9.116210937500000000e-01 -2.570000000000039364e+01
7.377929687500000000e-01 -4.660000000000069065e+01
7.885742187500000000e-01 -3.930000000000058691e+01
8.037109375000000000e-01 -4.450000000000066080e+01
8.007812500000000000e-01 -3.570000000000053575e+01
7.741699218750000000e-01 -3.850000000000057554e+01
7.871093750000000000e-01 -3.590000000000053859e+01
7.778320312500000000e-01 -4.830000000000071481e+01
7.880859375000000000e-01 -5.260000000000077591e+01
8.073730468750000000e-01 -2.560000000000039222e+01
7.966308593750000000e-01 -3.610000000000054143e+01
8.002929687500000000e-01 -3.620000000000054285e+01
7.917480468750000000e-01 -4.550000000000067502e+01
7.944335937500000000e-01 -3.770000000000056417e+01
7.927246093750000000e-01 -5.060000000000074749e+01
7.841796875000000000e-01 -4.890000000000072333e+01
7.797851562500000000e-01 -3.540000000000053149e+01
7.707519531250000000e-01 -4.900000000000072475e+01
7.895507812500000000e-01 -3.970000000000059259e+01
7.961425781250000000e-01 -4.760000000000070486e+01
8.347167968750000000e-01 -4.320000000000064233e+01
7.839355468750000000e-01 -5.210000000000076881e+01
7.961425781250000000e-01 -3.290000000000049596e+01
8.039550781250000000e-01 -3.490000000000052438e+01
7.700195312500000000e-01 -4.670000000000069207e+01
8.024902343750000000e-01 -3.480000000000052296e+01
8.125000000000000000e-01 -3.120000000000047180e+01
8.217773437500000000e-01 -4.750000000000070344e+01
8.034667968750000000e-01 -3.770000000000056417e+01
8.007812500000000000e-01 -3.480000000000052296e+01
7.907714843750000000e-01 -5.350000000000078870e+01
7.966308593750000000e-01 -3.660000000000054854e+01
7.983398437500000000e-01 -4.950000000000073186e+01
8.071289062500000000e-01 -3.530000000000053006e+01
8.073730468750000000e-01 -4.430000000000065796e+01
7.910156250000000000e-01 -5.070000000000074891e+01
8.125000000000000000e-01 -3.610000000000054143e+01
7.927246093750000000e-01 -5.320000000000078444e+01
7.983398437500000000e-01 -3.390000000000051017e+01
7.966308593750000000e-01 -3.760000000000056275e+01
7.922363281250000000e-01 -5.090000000000075175e+01
7.502441406250000000e-01 -4.760000000000070486e+01
8.000488281250000000e-01 -4.190000000000062386e+01
8.078613281250000000e-01 -3.720000000000055707e+01
8.125000000000000000e-01 -3.500000000000052580e+01
8.037109375000000000e-01 -3.990000000000059543e+01
7.893066406250000000e-01 -5.080000000000075033e+01
8.061523437500000000e-01 -3.810000000000056986e+01
8.786621093750000000e-01 -4.630000000000068638e+01
8.117675781250000000e-01 -3.600000000000054001e+01
8.120117187500000000e-01 -3.390000000000051017e+01
8.085937500000000000e-01 -3.620000000000054285e+01
8.085937500000000000e-01 -4.310000000000064091e+01
9.362792968750000000e-01 -2.320000000000035811e+01
7.973632812500000000e-01 -5.390000000000079439e+01
8.813476562500000000e-01 -4.230000000000062954e+01
8.337402343750000000e-01 -4.660000000000069065e+01
9.313964843750000000e-01 -2.510000000000038511e+01
7.468261718750000000e-01 -4.750000000000070344e+01
7.922363281250000000e-01 -5.470000000000080576e+01
9.367675781250000000e-01 -2.310000000000035669e+01
9.396972656250000000e-01 -2.260000000000034959e+01
8.325195312500000000e-01 -5.160000000000076170e+01
8.391113281250000000e-01 -4.290000000000063807e+01
8.381347656250000000e-01 -4.860000000000071907e+01
8.771972656250000000e-01 -4.430000000000065796e+01
8.503417968750000000e-01 -4.510000000000066933e+01
8.503417968750000000e-01 -4.530000000000067217e+01
7.502441406250000000e-01 -4.750000000000070344e+01
8.510742187500000000e-01 -5.240000000000077307e+01
8.564453125000000000e-01 -4.590000000000068070e+01
8.566894531250000000e-01 -4.600000000000068212e+01
8.603515625000000000e-01 -4.530000000000067217e+01
7.446289062500000000e-01 -4.790000000000070912e+01
8.520507812500000000e-01 -5.240000000000077307e+01
8.554687500000000000e-01 -4.590000000000068070e+01
8.615722656250000000e-01 -4.530000000000067217e+01
8.552246093750000000e-01 -4.540000000000067359e+01
8.571777343750000000e-01 -4.600000000000068212e+01
8.579101562500000000e-01 -4.610000000000068354e+01
8.552246093750000000e-01 -4.550000000000067502e+01
8.566894531250000000e-01 -4.600000000000068212e+01
8.569335937500000000e-01 -4.590000000000068070e+01
8.574218750000000000e-01 -4.610000000000068354e+01
8.564453125000000000e-01 -4.590000000000068070e+01
8.579101562500000000e-01 -4.620000000000068496e+01
8.559570312500000000e-01 -4.650000000000068923e+01
8.583984375000000000e-01 -4.570000000000067786e+01
8.601074218750000000e-01 -4.520000000000067075e+01
8.603515625000000000e-01 -4.520000000000067075e+01
8.601074218750000000e-01 -4.520000000000067075e+01
8.613281250000000000e-01 -4.530000000000067217e+01
8.618164062500000000e-01 -4.530000000000067217e+01
8.623046875000000000e-01 -4.540000000000067359e+01
8.554687500000000000e-01 -4.590000000000068070e+01
8.281250000000000000e-01 -4.840000000000071623e+01
8.303222656250000000e-01 -4.850000000000071765e+01
8.344726562500000000e-01 -4.850000000000071765e+01
8.381347656250000000e-01 -4.840000000000071623e+01
8.300781250000000000e-01 -5.030000000000074323e+01
8.308105468750000000e-01 -5.090000000000075175e+01
8.322753906250000000e-01 -5.100000000000075318e+01
8.327636718750000000e-01 -5.190000000000076597e+01
8.347167968750000000e-01 -5.220000000000077023e+01
8.383789062500000000e-01 -5.200000000000076739e+01
8.410644531250000000e-01 -5.190000000000076597e+01
8.432617187500000000e-01 -5.250000000000077449e+01
8.457031250000000000e-01 -5.240000000000077307e+01
8.474121093750000000e-01 -5.250000000000077449e+01
8.515625000000000000e-01 -5.190000000000076597e+01
8.540039062500000000e-01 -5.140000000000075886e+01
8.557128906250000000e-01 -5.030000000000074323e+01
8.566894531250000000e-01 -5.060000000000074749e+01
8.576660156250000000e-01 -5.090000000000075175e+01
8.583984375000000000e-01 -5.120000000000075602e+01
8.579101562500000000e-01 -5.110000000000075460e+01
8.513183593750000000e-01 -4.790000000000070912e+01
8.461914062500000000e-01 -4.860000000000071907e+01
8.491210937500000000e-01 -4.830000000000071481e+01
8.513183593750000000e-01 -4.800000000000071054e+01
8.535156250000000000e-01 -4.810000000000071196e+01
8.557128906250000000e-01 -4.810000000000071196e+01
8.574218750000000000e-01 -4.780000000000070770e+01
8.642578125000000000e-01 -4.630000000000068638e+01
8.647460937500000000e-01 -4.900000000000072475e+01
8.654785156250000000e-01 -4.910000000000072617e+01
8.664550781250000000e-01 -4.660000000000069065e+01
8.669433593750000000e-01 -4.720000000000069917e+01
8.679199218750000000e-01 -4.690000000000069491e+01
8.684082031250000000e-01 -4.690000000000069491e+01
8.698730468750000000e-01 -4.670000000000069207e+01
8.708496093750000000e-01 -4.640000000000068781e+01
8.737792968750000000e-01 -4.340000000000064517e+01
8.745117187500000000e-01 -4.260000000000063380e+01
8.754882812500000000e-01 -4.250000000000063238e+01
8.735351562500000000e-01 -4.250000000000063238e+01
8.742675781250000000e-01 -4.240000000000063096e+01
8.747558593750000000e-01 -4.240000000000063096e+01
8.762207031250000000e-01 -4.140000000000061675e+01
8.767089843750000000e-01 -4.100000000000061107e+01
8.771972656250000000e-01 -4.090000000000060965e+01
8.776855468750000000e-01 -4.100000000000061107e+01
8.781738281250000000e-01 -4.090000000000060965e+01
8.718261718750000000e-01 -4.250000000000063238e+01
8.725585937500000000e-01 -4.230000000000062954e+01
8.723144531250000000e-01 -4.270000000000063523e+01
8.710937500000000000e-01 -4.050000000000060396e+01
8.725585937500000000e-01 -4.030000000000060112e+01
8.732910156250000000e-01 -4.010000000000059828e+01
8.742675781250000000e-01 -3.990000000000059543e+01
8.796386718750000000e-01 -3.880000000000057980e+01
8.806152343750000000e-01 -3.890000000000058122e+01
8.813476562500000000e-01 -3.890000000000058122e+01
8.813476562500000000e-01 -3.900000000000058265e+01
8.815917968750000000e-01 -3.910000000000058407e+01
8.879394531250000000e-01 -3.900000000000058265e+01
8.872070312500000000e-01 -3.700000000000055422e+01
8.879394531250000000e-01 -3.670000000000054996e+01
8.886718750000000000e-01 -3.670000000000054996e+01
8.854980468750000000e-01 -3.730000000000055849e+01
8.859863281250000000e-01 -3.730000000000055849e+01
8.864746093750000000e-01 -3.730000000000055849e+01
8.872070312500000000e-01 -3.730000000000055849e+01
8.876953125000000000e-01 -3.720000000000055707e+01
8.881835937500000000e-01 -3.720000000000055707e+01
8.906250000000000000e-01 -3.760000000000056275e+01
8.903808593750000000e-01 -3.790000000000056701e+01
8.906250000000000000e-01 -3.740000000000055991e+01
8.864746093750000000e-01 -3.850000000000057554e+01
8.857421875000000000e-01 -3.880000000000057980e+01
8.859863281250000000e-01 -3.840000000000057412e+01
8.867187500000000000e-01 -3.820000000000057128e+01
8.879394531250000000e-01 -3.810000000000056986e+01
8.876953125000000000e-01 -3.840000000000057412e+01
8.906250000000000000e-01 -3.710000000000055564e+01
8.886718750000000000e-01 -3.780000000000056559e+01
8.886718750000000000e-01 -3.800000000000056843e+01
8.906250000000000000e-01 -3.760000000000056275e+01
8.906250000000000000e-01 -3.790000000000056701e+01
8.886718750000000000e-01 -3.790000000000056701e+01
8.906250000000000000e-01 -3.760000000000056275e+01
8.906250000000000000e-01 -3.790000000000056701e+01
8.908691406250000000e-01 -3.770000000000056417e+01
8.916015625000000000e-01 -3.760000000000056275e+01
8.906250000000000000e-01 -3.690000000000055280e+01
8.906250000000000000e-01 -3.700000000000055422e+01
8.876953125000000000e-01 -3.750000000000056133e+01
8.886718750000000000e-01 -3.750000000000056133e+01
8.906250000000000000e-01 -3.710000000000055564e+01
8.906250000000000000e-01 -3.740000000000055991e+01
8.908691406250000000e-01 -3.730000000000055849e+01
8.913574218750000000e-01 -3.610000000000054143e+01
8.925781250000000000e-01 -3.590000000000053859e+01
8.872070312500000000e-01 -3.590000000000053859e+01
8.908691406250000000e-01 -3.520000000000052864e+01
8.923339843750000000e-01 -3.380000000000050875e+01
8.923339843750000000e-01 -3.410000000000051301e+01
8.923339843750000000e-01 -3.430000000000051585e+01
8.923339843750000000e-01 -3.450000000000051870e+01
8.913574218750000000e-01 -3.440000000000051728e+01
8.913574218750000000e-01 -3.450000000000051870e+01
8.911132812500000000e-01 -3.450000000000051870e+01
8.923339843750000000e-01 -3.360000000000050591e+01
8.913574218750000000e-01 -3.390000000000051017e+01
8.913574218750000000e-01 -3.410000000000051301e+01
9.118652343750000000e-01 -3.250000000000049027e+01
9.125976562500000000e-01 -3.240000000000048885e+01
9.125976562500000000e-01 -3.240000000000048885e+01
9.125976562500000000e-01 -3.240000000000048885e+01
9.116210937500000000e-01 -3.280000000000049454e+01
9.108886718750000000e-01 -3.320000000000050022e+01
9.111328125000000000e-01 -3.310000000000049880e+01
9.130859375000000000e-01 -3.430000000000051585e+01
9.135742187500000000e-01 -3.430000000000051585e+01
9.125976562500000000e-01 -3.410000000000051301e+01
9.125976562500000000e-01 -3.410000000000051301e+01
9.245605468750000000e-01 -3.470000000000052154e+01
9.245605468750000000e-01 -3.470000000000052154e+01
9.245605468750000000e-01 -3.500000000000052580e+01
9.260253906250000000e-01 -3.400000000000051159e+01
9.257812500000000000e-01 -3.400000000000051159e+01
9.257812500000000000e-01 -3.410000000000051301e+01
9.257812500000000000e-01 -3.430000000000051585e+01
