4.980468750000000000e-01 -3.780000000000056559e+01
5.146484375000000000e-01 -3.770000000000056417e+01
4.792480468750000000e-01 -4.030000000000060112e+01
5.073242187500000000e-01 -3.740000000000055991e+01
5.268554687500000000e-01 -3.390000000000051017e+01
4.895019531250000000e-01 -4.820000000000071338e+01
5.065917968750000000e-01 -3.740000000000055991e+01
5.612792968750000000e-01 -3.490000000000052438e+01
5.693359375000000000e-01 -3.110000000000047038e+01
5.119628906250000000e-01 -4.170000000000062101e+01
4.960937500000000000e-01 -4.290000000000063807e+01
5.461425781250000000e-01 -3.580000000000053717e+01
5.180664062500000000e-01 -2.740000000000041780e+01
5.012207031250000000e-01 -3.760000000000056275e+01
5.334472656250000000e-01 -3.870000000000057838e+01
5.078125000000000000e-01 -3.490000000000052438e+01
5.102539062500000000e-01 -3.630000000000054428e+01
5.380859375000000000e-01 -3.760000000000056275e+01
4.953613281250000000e-01 -3.580000000000053717e+01
5.153808593750000000e-01 -3.530000000000053006e+01
5.270996093750000000e-01 -3.320000000000050022e+01
5.427246093750000000e-01 -3.780000000000056559e+01
5.068359375000000000e-01 -4.120000000000061391e+01
5.180664062500000000e-01 -3.890000000000058122e+01
5.742187500000000000e-01 -3.190000000000048175e+01
5.822753906250000000e-01 -3.550000000000053291e+01
5.253906250000000000e-01 -3.890000000000058122e+01
5.268554687500000000e-01 -3.750000000000056133e+01
5.444335937500000000e-01 -2.940000000000044622e+01
5.480957031250000000e-01 -3.710000000000055564e+01
5.239257812500000000e-01 -4.470000000000066365e+01
5.173339843750000000e-01 -4.570000000000067786e+01
5.434570312500000000e-01 -4.050000000000060396e+01
5.380859375000000000e-01 -3.470000000000052154e+01
5.454101562500000000e-01 -3.730000000000055849e+01
5.910644531250000000e-01 -3.860000000000057696e+01
5.175781250000000000e-01 -4.410000000000065512e+01
5.324707031250000000e-01 -3.650000000000054712e+01
5.266113281250000000e-01 -3.810000000000056986e+01
5.847167968750000000e-01 -3.160000000000047748e+01
5.485839843750000000e-01 -4.090000000000060965e+01
5.490722656250000000e-01 -3.420000000000051443e+01
5.485839843750000000e-01 -4.130000000000061533e+01
5.380859375000000000e-01 -4.340000000000064517e+01
5.617675781250000000e-01 -3.650000000000054712e+01
5.439453125000000000e-01 -3.750000000000056133e+01
5.517578125000000000e-01 -4.810000000000071196e+01
5.419921875000000000e-01 -4.660000000000069065e+01
5.427246093750000000e-01 -3.720000000000055707e+01
5.861816406250000000e-01 -3.380000000000050875e+01
6.301269531250000000e-01 -3.220000000000048601e+01
5.878906250000000000e-01 -3.780000000000056559e+01
5.507812500000000000e-01 -4.630000000000068638e+01
5.612792968750000000e-01 -4.750000000000070344e+01
6.164550781250000000e-01 -4.120000000000061391e+01
5.612792968750000000e-01 -5.280000000000077875e+01
5.742187500000000000e-01 -3.430000000000051585e+01
6.826171875000000000e-01 -2.650000000000040501e+01
5.886230468750000000e-01 -4.140000000000061675e+01
5.710449218750000000e-01 -4.180000000000062244e+01
5.676269531250000000e-01 -4.220000000000062812e+01
5.979003906250000000e-01 -3.230000000000048743e+01
5.844726562500000000e-01 -4.090000000000060965e+01
5.874023437500000000e-01 -3.550000000000053291e+01
5.786132812500000000e-01 -4.660000000000069065e+01
5.996093750000000000e-01 -3.130000000000047322e+01
6.127929687500000000e-01 -3.420000000000051443e+01
5.180664062500000000e-01 -4.670000000000069207e+01
5.903320312500000000e-01 -4.150000000000061817e+01
5.891113281250000000e-01 -4.010000000000059828e+01
5.932617187500000000e-01 -4.670000000000069207e+01
5.944824218750000000e-01 -4.120000000000061391e+01
6.171875000000000000e-01 -3.360000000000050591e+01
5.678710937500000000e-01 -4.220000000000062812e+01
6.142578125000000000e-01 -3.940000000000058833e+01
5.927734375000000000e-01 -4.530000000000067217e+01
6.237792968750000000e-01 -3.670000000000054996e+01
5.961914062500000000e-01 -4.130000000000061533e+01
6.003417968750000000e-01 -3.860000000000057696e+01
6.342773437500000000e-01 -3.620000000000054285e+01
6.162109375000000000e-01 -3.800000000000056843e+01
5.925292968750000000e-01 -3.840000000000057412e+01
7.060546875000000000e-01 -2.380000000000036664e+01
6.137695312500000000e-01 -4.140000000000061675e+01
6.228027343750000000e-01 -3.470000000000052154e+01
6.147460937500000000e-01 -4.250000000000063238e+01
6.293945312500000000e-01 -3.390000000000051017e+01
6.313476562500000000e-01 -3.620000000000054285e+01
6.166992187500000000e-01 -5.200000000000076739e+01
6.296386718750000000e-01 -3.870000000000057838e+01
6.330566406250000000e-01 -4.120000000000061391e+01
6.286621093750000000e-01 -3.890000000000058122e+01
6.887207031250000000e-01 -3.970000000000059259e+01
6.179199218750000000e-01 -4.450000000000066080e+01
8.146972656250000000e-01 -1.420000000000026219e+01
6.381835937500000000e-01 -3.210000000000048459e+01
6.262207031250000000e-01 -3.750000000000056133e+01
6.345214843750000000e-01 -3.660000000000054854e+01
6.442871093750000000e-01 -4.200000000000062528e+01
6.472167968750000000e-01 -3.800000000000056843e+01
6.472167968750000000e-01 -4.780000000000070770e+01
6.330566406250000000e-01 -4.140000000000061675e+01
7.119140625000000000e-01 -2.890000000000043912e+01
6.899414062500000000e-01 -2.290000000000035385e+01
6.328125000000000000e-01 -3.300000000000049738e+01
6.230468750000000000e-01 -4.410000000000065512e+01
6.433105468750000000e-01 -3.630000000000054428e+01
6.237792968750000000e-01 -3.810000000000056986e+01
6.271972656250000000e-01 -4.220000000000062812e+01
6.274414062500000000e-01 -4.150000000000061817e+01
6.462402343750000000e-01 -4.120000000000061391e+01
6.472167968750000000e-01 -3.570000000000053575e+01
6.276855468750000000e-01 -5.540000000000081570e+01
6.428222656250000000e-01 -4.330000000000064375e+01
6.357421875000000000e-01 -4.650000000000068923e+01
7.241210937500000000e-01 -3.120000000000047180e+01
6.447753906250000000e-01 -3.770000000000056417e+01
7.255859375000000000e-01 -3.090000000000046754e+01
6.511230468750000000e-01 -3.840000000000057412e+01
6.828613281250000000e-01 -3.390000000000051017e+01
6.628417968750000000e-01 -3.680000000000055138e+01
6.499023437500000000e-01 -4.500000000000066791e+01
6.306152343750000000e-01 -5.260000000000077591e+01
6.752929687500000000e-01 -3.990000000000059543e+01
7.001953125000000000e-01 -4.400000000000065370e+01
6.918945312500000000e-01 -4.530000000000067217e+01
7.395019531250000000e-01 -4.140000000000061675e+01
6.496582031250000000e-01 -3.860000000000057696e+01
6.635742187500000000e-01 -5.500000000000081002e+01
6.716308593750000000e-01 -3.940000000000058833e+01
6.662597656250000000e-01 -4.120000000000061391e+01
6.542968750000000000e-01 -5.020000000000074181e+01
6.870117187500000000e-01 -3.980000000000059401e+01
6.936035156250000000e-01 -3.690000000000055280e+01
6.791992187500000000e-01 -4.000000000000059686e+01
6.870117187500000000e-01 -4.160000000000061959e+01
6.694335937500000000e-01 -5.380000000000079297e+01
6.831054687500000000e-01 -3.380000000000050875e+01
6.794433593750000000e-01 -3.990000000000059543e+01
6.818847656250000000e-01 -3.990000000000059543e+01
6.774902343750000000e-01 -4.300000000000063949e+01
6.730957031250000000e-01 -4.380000000000065086e+01
7.072753906250000000e-01 -3.960000000000059117e+01
6.813964843750000000e-01 -4.390000000000065228e+01
6.970214843750000000e-01 -3.090000000000046754e+01
6.948242187500000000e-01 -3.230000000000048743e+01
6.892089843750000000e-01 -4.560000000000067644e+01
7.507324218750000000e-01 -2.860000000000043485e+01
7.272949218750000000e-01 -3.310000000000049880e+01
6.816406250000000000e-01 -5.050000000000074607e+01
6.953125000000000000e-01 -3.680000000000055138e+01
6.894531250000000000e-01 -4.420000000000065654e+01
7.158203125000000000e-01 -4.000000000000059686e+01
7.075195312500000000e-01 -4.040000000000060254e+01
7.194824218750000000e-01 -3.710000000000055564e+01
6.945800781250000000e-01 -5.400000000000079581e+01
6.789550781250000000e-01 -4.800000000000071054e+01
7.160644531250000000e-01 -4.080000000000060822e+01
7.099609375000000000e-01 -5.110000000000075460e+01
6.894531250000000000e-01 -5.780000000000084981e+01
6.828613281250000000e-01 -5.470000000000080576e+01
6.726074218750000000e-01 -5.190000000000076597e+01
7.106933593750000000e-01 -4.880000000000072191e+01
7.309570312500000000e-01 -4.170000000000062101e+01
7.043457031250000000e-01 -4.440000000000065938e+01
7.329101562500000000e-01 -4.070000000000060680e+01
7.270507812500000000e-01 -4.590000000000068070e+01
7.099609375000000000e-01 -4.590000000000068070e+01
7.390136718750000000e-01 -4.180000000000062244e+01
7.309570312500000000e-01 -4.170000000000062101e+01
7.941894531250000000e-01 -3.960000000000059117e+01
7.392578125000000000e-01 -3.450000000000051870e+01
7.258300781250000000e-01 -4.920000000000072760e+01
8.435058593750000000e-01 -3.650000000000054712e+01
7.258300781250000000e-01 -4.060000000000060538e+01
7.114257812500000000e-01 -4.960000000000073328e+01
7.336425781250000000e-01 -3.600000000000054001e+01
7.368164062500000000e-01 -4.110000000000061249e+01
7.241210937500000000e-01 -4.890000000000072333e+01
7.382812500000000000e-01 -3.480000000000052296e+01
7.258300781250000000e-01 -4.770000000000070628e+01
7.309570312500000000e-01 -4.890000000000072333e+01
7.424316406250000000e-01 -3.960000000000059117e+01
7.614746093750000000e-01 -5.250000000000077449e+01
7.351074218750000000e-01 -3.790000000000056701e+01
7.436523437500000000e-01 -4.140000000000061675e+01
7.424316406250000000e-01 -3.630000000000054428e+01
7.346191406250000000e-01 -4.040000000000060254e+01
7.246093750000000000e-01 -3.310000000000049880e+01
7.277832031250000000e-01 -4.060000000000060538e+01
7.646484375000000000e-01 -5.240000000000077307e+01
7.502441406250000000e-01 -3.580000000000053717e+01
7.368164062500000000e-01 -4.050000000000060396e+01
7.441406250000000000e-01 -4.100000000000061107e+01
7.375488281250000000e-01 -3.690000000000055280e+01
7.272949218750000000e-01 -5.650000000000083134e+01
7.448730468750000000e-01 -4.500000000000066791e+01
7.351074218750000000e-01 -4.940000000000073044e+01
7.326660156250000000e-01 -6.060000000000088960e+01
7.683105468750000000e-01 -4.570000000000067786e+01
7.536621093750000000e-01 -4.460000000000066223e+01
8.708496093750000000e-01 -2.280000000000035243e+01
8.774414062500000000e-01 -2.260000000000034959e+01
7.390136718750000000e-01 -6.010000000000088249e+01
7.683105468750000000e-01 -5.000000000000073896e+01
8.916015625000000000e-01 -4.030000000000060112e+01
9.116210937500000000e-01 -2.570000000000039364e+01
7.504882812500000000e-01 -4.690000000000069491e+01
7.766113281250000000e-01 -4.750000000000070344e+01
7.565917968750000000e-01 -6.960000000000061959e+01
7.822265625000000000e-01 -4.270000000000063523e+01
7.731933593750000000e-01 -3.930000000000058691e+01
7.819824218750000000e-01 -3.880000000000057980e+01
7.729492187500000000e-01 -5.810000000000085407e+01
7.575683593750000000e-01 -6.590000000000082991e+01
7.895507812500000000e-01 -2.840000000000043201e+01
7.858886718750000000e-01 -4.110000000000061249e+01
7.866210937500000000e-01 -4.250000000000063238e+01
7.858886718750000000e-01 -4.800000000000071054e+01
7.944335937500000000e-01 -3.910000000000058407e+01
7.775878906250000000e-01 -5.930000000000087113e+01
7.504882812500000000e-01 -5.940000000000087255e+01
7.753906250000000000e-01 -4.220000000000062812e+01
7.709960937500000000e-01 -5.580000000000082139e+01
7.849121093750000000e-01 -4.200000000000062528e+01
7.905273437500000000e-01 -5.630000000000082849e+01
8.103027343750000000e-01 -6.240000000000091518e+01
7.785644531250000000e-01 -5.730000000000084270e+01
7.746582031250000000e-01 -4.500000000000066791e+01
8.032226562500000000e-01 -3.590000000000053859e+01
7.675781250000000000e-01 -4.700000000000069633e+01
7.971191406250000000e-01 -4.010000000000059828e+01
7.900390625000000000e-01 -4.140000000000061675e+01
7.946777343750000000e-01 -6.330000000000092797e+01
8.024902343750000000e-01 -3.820000000000057128e+01
8.034667968750000000e-01 -3.600000000000054001e+01
7.839355468750000000e-01 -5.720000000000084128e+01
7.836914062500000000e-01 -4.640000000000068781e+01
7.922363281250000000e-01 -5.560000000000081855e+01
7.976074218750000000e-01 -4.150000000000061817e+01
7.973632812500000000e-01 -4.920000000000072760e+01
7.841796875000000000e-01 -5.150000000000076028e+01
7.768554687500000000e-01 -4.420000000000065654e+01
7.900390625000000000e-01 -5.510000000000081144e+01
8.015136718750000000e-01 -3.550000000000053291e+01
7.978515625000000000e-01 -4.330000000000064375e+01
7.927246093750000000e-01 -5.120000000000075602e+01
8.029785156250000000e-01 -5.080000000000075033e+01
7.941894531250000000e-01 -4.520000000000067075e+01
8.002929687500000000e-01 -4.210000000000062670e+01
7.946777343750000000e-01 -4.500000000000066791e+01
8.024902343750000000e-01 -3.990000000000059543e+01
7.590332031250000000e-01 -5.760000000000084697e+01
7.922363281250000000e-01 -4.710000000000069775e+01
8.767089843750000000e-01 -4.740000000000070202e+01
8.024902343750000000e-01 -4.290000000000063807e+01
7.963867187500000000e-01 -4.140000000000061675e+01
7.961425781250000000e-01 -4.050000000000060396e+01
8.083496093750000000e-01 -4.430000000000065796e+01
9.333496093750000000e-01 -2.460000000000037801e+01
7.885742187500000000e-01 -5.860000000000086118e+01
8.786621093750000000e-01 -4.720000000000069917e+01
7.841796875000000000e-01 -6.360000000000093223e+01
9.262695312500000000e-01 -2.770000000000042206e+01
8.271484375000000000e-01 -4.850000000000071765e+01
7.927246093750000000e-01 -6.140000000000090097e+01
9.345703125000000000e-01 -2.450000000000037659e+01
9.409179687500000000e-01 -2.220000000000034390e+01
8.322753906250000000e-01 -5.300000000000078160e+01
8.071289062500000000e-01 -6.750000000000073896e+01
8.300781250000000000e-01 -5.270000000000077733e+01
8.769531250000000000e-01 -4.570000000000067786e+01
8.271484375000000000e-01 -5.080000000000075033e+01
8.271484375000000000e-01 -5.110000000000075460e+01
8.122558593750000000e-01 -4.990000000000073754e+01
8.417968750000000000e-01 -5.650000000000083134e+01
8.417968750000000000e-01 -5.170000000000076312e+01
8.439941406250000000e-01 -5.140000000000075886e+01
8.520507812500000000e-01 -5.050000000000074607e+01
8.271484375000000000e-01 -5.000000000000073896e+01
8.457031250000000000e-01 -5.570000000000081997e+01
8.229980468750000000e-01 -5.170000000000076312e+01
8.398437500000000000e-01 -5.080000000000075033e+01
8.376464843750000000e-01 -5.140000000000075886e+01
8.444824218750000000e-01 -5.150000000000076028e+01
8.454589843750000000e-01 -5.170000000000076312e+01
8.381347656250000000e-01 -5.140000000000075886e+01
8.439941406250000000e-01 -5.150000000000076028e+01
8.439941406250000000e-01 -5.140000000000075886e+01
8.454589843750000000e-01 -5.150000000000076028e+01
8.432617187500000000e-01 -5.140000000000075886e+01
8.459472656250000000e-01 -5.160000000000076170e+01
8.454589843750000000e-01 -5.120000000000075602e+01
8.483886718750000000e-01 -4.930000000000072902e+01
8.496093750000000000e-01 -5.040000000000074465e+01
8.498535156250000000e-01 -5.040000000000074465e+01
8.515625000000000000e-01 -5.050000000000074607e+01
8.525390625000000000e-01 -5.060000000000074749e+01
8.398437500000000000e-01 -5.080000000000075033e+01
8.415527343750000000e-01 -5.080000000000075033e+01
8.227539062500000000e-01 -5.170000000000076312e+01
8.234863281250000000e-01 -5.200000000000076739e+01
8.242187500000000000e-01 -5.250000000000077449e+01
8.271484375000000000e-01 -5.250000000000077449e+01
8.291015625000000000e-01 -5.250000000000077449e+01
8.242187500000000000e-01 -5.490000000000080860e+01
8.247070312500000000e-01 -5.560000000000081855e+01
8.264160156250000000e-01 -5.570000000000081997e+01
8.281250000000000000e-01 -5.610000000000082565e+01
8.198242187500000000e-01 -5.890000000000086544e+01
8.264160156250000000e-01 -5.780000000000084981e+01
8.303222656250000000e-01 -5.720000000000084128e+01
8.269042968750000000e-01 -5.800000000000085265e+01
8.308105468750000000e-01 -5.750000000000084555e+01
8.356933593750000000e-01 -5.700000000000083844e+01
8.422851562500000000e-01 -5.680000000000083560e+01
8.464355468750000000e-01 -5.610000000000082565e+01
8.452148437500000000e-01 -5.640000000000082991e+01
8.471679687500000000e-01 -5.680000000000083560e+01
8.498535156250000000e-01 -5.700000000000083844e+01
8.520507812500000000e-01 -5.700000000000083844e+01
8.510742187500000000e-01 -5.660000000000083276e+01
8.454589843750000000e-01 -5.550000000000081712e+01
8.469238281250000000e-01 -5.210000000000076881e+01
8.500976562500000000e-01 -5.170000000000076312e+01
8.515625000000000000e-01 -5.150000000000076028e+01
8.547363281250000000e-01 -5.140000000000075886e+01
8.508300781250000000e-01 -5.380000000000079297e+01
8.532714843750000000e-01 -5.350000000000078870e+01
8.552246093750000000e-01 -5.170000000000076312e+01
8.571777343750000000e-01 -5.130000000000075744e+01
8.588867187500000000e-01 -5.090000000000075175e+01
8.605957031250000000e-01 -5.050000000000074607e+01
8.627929687500000000e-01 -5.070000000000074891e+01
8.647460937500000000e-01 -4.990000000000073754e+01
8.649902343750000000e-01 -4.950000000000073186e+01
8.664550781250000000e-01 -4.920000000000072760e+01
8.679199218750000000e-01 -4.880000000000072191e+01
8.701171875000000000e-01 -4.640000000000068781e+01
8.713378906250000000e-01 -4.550000000000067502e+01
8.720703125000000000e-01 -4.560000000000067644e+01
8.708496093750000000e-01 -4.530000000000067217e+01
8.713378906250000000e-01 -4.540000000000067359e+01
8.725585937500000000e-01 -4.530000000000067217e+01
8.732910156250000000e-01 -4.540000000000067359e+01
8.737792968750000000e-01 -4.470000000000066365e+01
8.745117187500000000e-01 -4.480000000000066507e+01
8.754882812500000000e-01 -4.490000000000066649e+01
8.767089843750000000e-01 -4.450000000000066080e+01
8.781738281250000000e-01 -4.370000000000064944e+01
8.789062500000000000e-01 -4.330000000000064375e+01
8.767089843750000000e-01 -4.270000000000063523e+01
8.774414062500000000e-01 -4.240000000000063096e+01
8.786621093750000000e-01 -4.230000000000062954e+01
8.732910156250000000e-01 -4.370000000000064944e+01
8.742675781250000000e-01 -4.370000000000064944e+01
8.759765625000000000e-01 -4.340000000000064517e+01
8.769531250000000000e-01 -4.340000000000064517e+01
8.786621093750000000e-01 -4.310000000000064091e+01
8.789062500000000000e-01 -4.320000000000064233e+01
8.796386718750000000e-01 -4.320000000000064233e+01
8.811035156250000000e-01 -4.300000000000063949e+01
8.815917968750000000e-01 -4.020000000000059970e+01
8.820800781250000000e-01 -4.020000000000059970e+01
8.813476562500000000e-01 -4.030000000000060112e+01
8.786621093750000000e-01 -4.050000000000060396e+01
8.791503906250000000e-01 -4.060000000000060538e+01
8.806152343750000000e-01 -4.060000000000060538e+01
8.876953125000000000e-01 -4.030000000000060112e+01
8.879394531250000000e-01 -4.040000000000060254e+01
8.889160156250000000e-01 -4.050000000000060396e+01
8.901367187500000000e-01 -4.060000000000060538e+01
8.901367187500000000e-01 -4.100000000000061107e+01
8.874511718750000000e-01 -4.260000000000063380e+01
8.906250000000000000e-01 -4.260000000000063380e+01
8.879394531250000000e-01 -4.390000000000065228e+01
8.879394531250000000e-01 -4.350000000000064659e+01
8.876953125000000000e-01 -4.420000000000065654e+01
8.881835937500000000e-01 -4.450000000000066080e+01
8.881835937500000000e-01 -4.530000000000067217e+01
8.906250000000000000e-01 -4.360000000000064801e+01
8.879394531250000000e-01 -4.490000000000066649e+01
8.879394531250000000e-01 -4.570000000000067786e+01
8.889160156250000000e-01 -4.590000000000068070e+01
8.901367187500000000e-01 -4.630000000000068638e+01
8.872070312500000000e-01 -4.800000000000071054e+01
8.859863281250000000e-01 -4.770000000000070628e+01
8.857421875000000000e-01 -4.890000000000072333e+01
8.864746093750000000e-01 -4.950000000000073186e+01
8.854980468750000000e-01 -5.130000000000075744e+01
8.869628906250000000e-01 -5.140000000000075886e+01
8.828125000000000000e-01 -5.430000000000080007e+01
8.840332031250000000e-01 -5.530000000000081428e+01
8.859863281250000000e-01 -5.590000000000082281e+01
8.796386718750000000e-01 -5.520000000000081286e+01
8.767089843750000000e-01 -5.750000000000084555e+01
8.815917968750000000e-01 -5.600000000000082423e+01
8.840332031250000000e-01 -5.550000000000081712e+01
8.879394531250000000e-01 -5.140000000000075886e+01
8.903808593750000000e-01 -5.140000000000075886e+01
8.886718750000000000e-01 -5.130000000000075744e+01
8.903808593750000000e-01 -5.080000000000075033e+01
8.906250000000000000e-01 -5.090000000000075175e+01
8.928222656250000000e-01 -4.920000000000072760e+01
8.947753906250000000e-01 -4.810000000000071196e+01
8.935546875000000000e-01 -4.640000000000068781e+01
8.950195312500000000e-01 -4.620000000000068496e+01
8.920898437500000000e-01 -4.650000000000068923e+01
8.918457031250000000e-01 -4.430000000000065796e+01
8.930664062500000000e-01 -4.450000000000066080e+01
8.950195312500000000e-01 -4.410000000000065512e+01
8.955078125000000000e-01 -4.380000000000065086e+01
8.969726562500000000e-01 -4.400000000000065370e+01
8.962402343750000000e-01 -4.380000000000065086e+01
8.986816406250000000e-01 -4.330000000000064375e+01
8.999023437500000000e-01 -4.330000000000064375e+01
8.991699218750000000e-01 -4.370000000000064944e+01
9.035644531250000000e-01 -4.200000000000062528e+01
9.108886718750000000e-01 -4.260000000000063380e+01
9.116210937500000000e-01 -4.260000000000063380e+01
9.121093750000000000e-01 -4.270000000000063523e+01
9.128417968750000000e-01 -4.230000000000062954e+01
9.130859375000000000e-01 -4.210000000000062670e+01
9.125976562500000000e-01 -4.260000000000063380e+01
9.130859375000000000e-01 -4.270000000000063523e+01
9.138183593750000000e-01 -4.390000000000065228e+01
9.123535156250000000e-01 -4.400000000000065370e+01
9.108886718750000000e-01 -4.580000000000067928e+01
9.116210937500000000e-01 -4.630000000000068638e+01
