4.943847656250000000e-01 -3.200000000000048317e+01
5.146484375000000000e-01 -3.030000000000045901e+01
5.007324218750000000e-01 -3.340000000000050306e+01
5.175781250000000000e-01 -3.430000000000051585e+01
5.339355468750000000e-01 -2.980000000000045191e+01
4.929199218750000000e-01 -3.510000000000052722e+01
5.339355468750000000e-01 -2.590000000000039648e+01
5.578613281250000000e-01 -3.490000000000052438e+01
5.632324218750000000e-01 -3.040000000000046043e+01
5.131835937500000000e-01 -3.670000000000054996e+01
5.312500000000000000e-01 -2.590000000000039648e+01
5.422363281250000000e-01 -3.270000000000049312e+01
5.278320312500000000e-01 -2.440000000000037517e+01
5.270996093750000000e-01 -3.010000000000045617e+01
5.427246093750000000e-01 -3.140000000000047464e+01
5.202636718750000000e-01 -2.660000000000040643e+01
5.185546875000000000e-01 -2.730000000000041638e+01
5.603027343750000000e-01 -3.360000000000050591e+01
5.339355468750000000e-01 -2.670000000000040785e+01
5.261230468750000000e-01 -3.270000000000049312e+01
4.687500000000000000e-01 -3.590000000000053859e+01
5.375976562500000000e-01 -2.960000000000044906e+01
5.175781250000000000e-01 -3.360000000000050591e+01
5.297851562500000000e-01 -2.680000000000040927e+01
5.810546875000000000e-01 -2.750000000000041922e+01
5.908203125000000000e-01 -2.550000000000039080e+01
5.610351562500000000e-01 -2.620000000000040075e+01
5.427246093750000000e-01 -2.870000000000043627e+01
5.446777343750000000e-01 -2.900000000000044054e+01
5.427246093750000000e-01 -2.590000000000039648e+01
5.480957031250000000e-01 -2.750000000000041922e+01
5.417480468750000000e-01 -3.140000000000047464e+01
5.439453125000000000e-01 -3.780000000000056559e+01
5.678710937500000000e-01 -2.290000000000035385e+01
5.595703125000000000e-01 -2.570000000000039364e+01
5.966796875000000000e-01 -3.500000000000052580e+01
5.000000000000000000e-01 -4.130000000000061533e+01
5.607910156250000000e-01 -2.650000000000040501e+01
5.522460937500000000e-01 -3.090000000000046754e+01
5.847167968750000000e-01 -2.950000000000044764e+01
5.546875000000000000e-01 -3.480000000000052296e+01
5.632324218750000000e-01 -2.460000000000037801e+01
5.676269531250000000e-01 -2.520000000000038654e+01
5.507812500000000000e-01 -3.430000000000051585e+01
5.693359375000000000e-01 -3.590000000000053859e+01
5.522460937500000000e-01 -3.180000000000048033e+01
5.388183593750000000e-01 -3.420000000000051443e+01
5.974121093750000000e-01 -3.110000000000047038e+01
6.296386718750000000e-01 -3.200000000000048317e+01
6.081542968750000000e-01 -3.100000000000046896e+01
5.998535156250000000e-01 -2.700000000000041211e+01
5.253906250000000000e-01 -4.110000000000061249e+01
6.313476562500000000e-01 -2.930000000000044480e+01
5.808105468750000000e-01 -4.100000000000061107e+01
5.871582031250000000e-01 -3.230000000000048743e+01
6.074218750000000000e-01 -2.460000000000037801e+01
5.834960937500000000e-01 -3.870000000000057838e+01
5.788574218750000000e-01 -3.610000000000054143e+01
6.003417968750000000e-01 -3.020000000000045759e+01
6.022949218750000000e-01 -3.070000000000046469e+01
6.030273437500000000e-01 -2.920000000000044338e+01
6.008300781250000000e-01 -3.400000000000051159e+01
5.932617187500000000e-01 -3.050000000000046185e+01
6.284179687500000000e-01 -2.620000000000040075e+01
6.030273437500000000e-01 -3.550000000000053291e+01
6.044921875000000000e-01 -3.550000000000053291e+01
5.871582031250000000e-01 -2.530000000000038796e+01
6.206054687500000000e-01 -2.520000000000038654e+01
6.030273437500000000e-01 -3.920000000000058549e+01
6.230468750000000000e-01 -3.120000000000047180e+01
5.988769531250000000e-01 -3.990000000000059543e+01
6.140136718750000000e-01 -3.400000000000051159e+01
6.298828125000000000e-01 -2.760000000000042064e+01
6.330566406250000000e-01 -3.330000000000050164e+01
6.284179687500000000e-01 -2.720000000000041496e+01
6.220703125000000000e-01 -3.130000000000047322e+01
6.132812500000000000e-01 -3.450000000000051870e+01
6.193847656250000000e-01 -2.740000000000041780e+01
7.045898437500000000e-01 -2.480000000000038085e+01
6.350097656250000000e-01 -3.130000000000047322e+01
6.406250000000000000e-01 -3.340000000000050306e+01
6.289062500000000000e-01 -3.320000000000050022e+01
6.369628906250000000e-01 -2.840000000000043201e+01
6.369628906250000000e-01 -3.260000000000049170e+01
6.328125000000000000e-01 -4.160000000000061959e+01
6.586914062500000000e-01 -2.430000000000037375e+01
6.677246093750000000e-01 -2.400000000000036948e+01
6.313476562500000000e-01 -3.560000000000053433e+01
6.354980468750000000e-01 -3.600000000000054001e+01
8.171386718750000000e-01 -1.360000000000026432e+01
6.462402343750000000e-01 -3.030000000000045901e+01
6.477050781250000000e-01 -2.810000000000042775e+01
6.396484375000000000e-01 -3.370000000000050733e+01
6.452636718750000000e-01 -4.090000000000060965e+01
6.433105468750000000e-01 -3.030000000000045901e+01
6.643066406250000000e-01 -3.840000000000057412e+01
6.611328125000000000e-01 -3.050000000000046185e+01
7.148437500000000000e-01 -2.590000000000039648e+01
6.936035156250000000e-01 -2.100000000000032685e+01
6.586914062500000000e-01 -2.680000000000040927e+01
6.511230468750000000e-01 -3.410000000000051301e+01
6.450195312500000000e-01 -3.390000000000051017e+01
6.579589843750000000e-01 -2.760000000000042064e+01
6.357421875000000000e-01 -3.820000000000057128e+01
6.420898437500000000e-01 -3.420000000000051443e+01
6.472167968750000000e-01 -3.830000000000057270e+01
6.494140625000000000e-01 -3.550000000000053291e+01
6.728515625000000000e-01 -3.210000000000048459e+01
6.569824218750000000e-01 -3.500000000000052580e+01
6.494140625000000000e-01 -3.580000000000053717e+01
7.185058593750000000e-01 -3.010000000000045617e+01
7.209472656250000000e-01 -3.200000000000048317e+01
6.682128906250000000e-01 -3.280000000000049454e+01
6.816406250000000000e-01 -3.180000000000048033e+01
6.704101562500000000e-01 -3.380000000000050875e+01
6.433105468750000000e-01 -4.150000000000061817e+01
6.477050781250000000e-01 -4.540000000000067359e+01
6.755371093750000000e-01 -3.260000000000049170e+01
7.124023437500000000e-01 -3.650000000000054712e+01
6.950683593750000000e-01 -3.840000000000057412e+01
7.514648437500000000e-01 -2.500000000000038369e+01
6.730957031250000000e-01 -3.260000000000049170e+01
6.921386718750000000e-01 -3.520000000000052864e+01
6.789550781250000000e-01 -3.570000000000053575e+01
6.718750000000000000e-01 -3.470000000000052154e+01
7.026367187500000000e-01 -3.490000000000052438e+01
6.855468750000000000e-01 -4.040000000000060254e+01
7.009277343750000000e-01 -3.260000000000049170e+01
6.704101562500000000e-01 -4.030000000000060112e+01
6.933593750000000000e-01 -4.230000000000062954e+01
7.019042968750000000e-01 -2.830000000000043059e+01
6.899414062500000000e-01 -3.730000000000055849e+01
6.818847656250000000e-01 -3.290000000000049596e+01
6.987304687500000000e-01 -3.610000000000054143e+01
7.194824218750000000e-01 -2.990000000000045333e+01
6.879882812500000000e-01 -3.900000000000058265e+01
6.999511718750000000e-01 -3.040000000000046043e+01
6.984863281250000000e-01 -3.060000000000046327e+01
6.884765625000000000e-01 -4.160000000000061959e+01
7.536621093750000000e-01 -2.790000000000042490e+01
7.309570312500000000e-01 -2.820000000000042917e+01
6.889648437500000000e-01 -3.370000000000050733e+01
6.994628906250000000e-01 -3.540000000000053149e+01
6.936035156250000000e-01 -3.520000000000052864e+01
7.241210937500000000e-01 -3.550000000000053291e+01
7.192382812500000000e-01 -3.630000000000054428e+01
7.084960937500000000e-01 -4.020000000000059970e+01
7.309570312500000000e-01 -3.170000000000047891e+01
7.272949218750000000e-01 -3.450000000000051870e+01
7.092285156250000000e-01 -4.990000000000073754e+01
7.084960937500000000e-01 -4.360000000000064801e+01
6.169433593750000000e-01 -4.520000000000067075e+01
7.160644531250000000e-01 -3.880000000000057980e+01
7.246093750000000000e-01 -2.720000000000041496e+01
7.556152343750000000e-01 -3.630000000000054428e+01
7.121582031250000000e-01 -3.990000000000059543e+01
7.385253906250000000e-01 -3.850000000000057554e+01
7.463378906250000000e-01 -3.260000000000049170e+01
7.338867187500000000e-01 -3.760000000000056275e+01
7.595214843750000000e-01 -2.960000000000044906e+01
7.351074218750000000e-01 -3.700000000000055422e+01
7.946777343750000000e-01 -3.880000000000057980e+01
7.578125000000000000e-01 -2.580000000000039506e+01
7.497558593750000000e-01 -2.930000000000044480e+01
8.444824218750000000e-01 -3.430000000000051585e+01
7.473144531250000000e-01 -2.570000000000039364e+01
7.556152343750000000e-01 -3.540000000000053149e+01
7.402343750000000000e-01 -2.590000000000039648e+01
7.551269531250000000e-01 -3.330000000000050164e+01
7.656250000000000000e-01 -3.120000000000047180e+01
7.482910156250000000e-01 -2.880000000000043769e+01
7.482910156250000000e-01 -3.060000000000046327e+01
7.397460937500000000e-01 -3.460000000000052012e+01
7.526855468750000000e-01 -2.500000000000038369e+01
7.788085937500000000e-01 -4.230000000000062954e+01
7.329101562500000000e-01 -3.650000000000054712e+01
7.519531250000000000e-01 -3.770000000000056417e+01
7.375488281250000000e-01 -3.100000000000046896e+01
7.329101562500000000e-01 -4.010000000000059828e+01
7.587890625000000000e-01 -3.150000000000047606e+01
7.412109375000000000e-01 -2.910000000000044196e+01
7.341308593750000000e-01 -5.270000000000077733e+01
7.629394531250000000e-01 -3.150000000000047606e+01
7.458496093750000000e-01 -2.810000000000042775e+01
7.707519531250000000e-01 -3.080000000000046612e+01
7.502441406250000000e-01 -2.990000000000045333e+01
7.536621093750000000e-01 -3.680000000000055138e+01
7.446289062500000000e-01 -3.950000000000058975e+01
7.412109375000000000e-01 -3.960000000000059117e+01
7.446289062500000000e-01 -4.760000000000070486e+01
7.966308593750000000e-01 -3.040000000000046043e+01
7.917480468750000000e-01 -2.660000000000040643e+01
8.713378906250000000e-01 -2.270000000000035101e+01
8.767089843750000000e-01 -2.260000000000034959e+01
7.687988281250000000e-01 -3.790000000000056701e+01
7.910156250000000000e-01 -4.150000000000061817e+01
8.950195312500000000e-01 -3.700000000000055422e+01
9.145507812500000000e-01 -2.470000000000037943e+01
7.846679687500000000e-01 -4.070000000000060680e+01
7.946777343750000000e-01 -3.890000000000058122e+01
8.139648437500000000e-01 -4.030000000000060112e+01
8.007812500000000000e-01 -3.620000000000054285e+01
7.885742187500000000e-01 -3.440000000000051728e+01
7.946777343750000000e-01 -3.380000000000050875e+01
7.827148437500000000e-01 -4.650000000000068923e+01
8.007812500000000000e-01 -4.230000000000062954e+01
8.078613281250000000e-01 -2.640000000000040359e+01
7.973632812500000000e-01 -3.630000000000054428e+01
8.010253906250000000e-01 -3.660000000000054854e+01
8.046875000000000000e-01 -4.050000000000060396e+01
7.941894531250000000e-01 -3.770000000000056417e+01
8.017578125000000000e-01 -4.450000000000066080e+01
7.805175781250000000e-01 -5.020000000000074181e+01
7.895507812500000000e-01 -3.480000000000052296e+01
7.700195312500000000e-01 -4.160000000000061959e+01
7.900390625000000000e-01 -4.020000000000059970e+01
7.980957031250000000e-01 -4.570000000000067786e+01
8.520507812500000000e-01 -3.910000000000058407e+01
7.844238281250000000e-01 -4.840000000000071623e+01
8.000488281250000000e-01 -3.190000000000048175e+01
8.056640625000000000e-01 -3.440000000000051728e+01
8.068847656250000000e-01 -3.680000000000055138e+01
8.024902343750000000e-01 -3.490000000000052438e+01
8.146972656250000000e-01 -3.030000000000045901e+01
8.273925781250000000e-01 -3.950000000000058975e+01
8.049316406250000000e-01 -3.700000000000055422e+01
8.024902343750000000e-01 -3.440000000000051728e+01
7.910156250000000000e-01 -5.260000000000077591e+01
8.051757812500000000e-01 -3.520000000000052864e+01
8.005371093750000000e-01 -4.790000000000070912e+01
8.063964843750000000e-01 -3.650000000000054712e+01
8.085937500000000000e-01 -4.360000000000064801e+01
7.937011718750000000e-01 -4.660000000000069065e+01
8.029785156250000000e-01 -3.810000000000056986e+01
7.929687500000000000e-01 -5.260000000000077591e+01
7.998046875000000000e-01 -3.300000000000049738e+01
7.995605468750000000e-01 -3.720000000000055707e+01
7.995605468750000000e-01 -4.660000000000069065e+01
7.512207031250000000e-01 -4.750000000000070344e+01
8.044433593750000000e-01 -4.190000000000062386e+01
8.159179687500000000e-01 -3.480000000000052296e+01
8.049316406250000000e-01 -3.490000000000052438e+01
8.095703125000000000e-01 -3.630000000000054428e+01
8.032226562500000000e-01 -4.610000000000068354e+01
7.966308593750000000e-01 -3.590000000000053859e+01
8.776855468750000000e-01 -3.990000000000059543e+01
8.176269531250000000e-01 -3.420000000000051443e+01
8.132324218750000000e-01 -3.370000000000050733e+01
8.107910156250000000e-01 -3.580000000000053717e+01
8.112792968750000000e-01 -4.200000000000062528e+01
9.350585937500000000e-01 -2.370000000000036522e+01
8.303222656250000000e-01 -4.050000000000060396e+01
8.925781250000000000e-01 -3.660000000000054854e+01
8.525390625000000000e-01 -3.920000000000058549e+01
9.311523437500000000e-01 -2.520000000000038654e+01
7.504882812500000000e-01 -4.710000000000069775e+01
8.032226562500000000e-01 -4.850000000000071765e+01
9.353027343750000000e-01 -2.370000000000036522e+01
9.387207031250000000e-01 -2.380000000000036664e+01
8.562011718750000000e-01 -4.110000000000061249e+01
8.540039062500000000e-01 -3.940000000000058833e+01
8.457031250000000000e-01 -4.260000000000063380e+01
8.903808593750000000e-01 -3.740000000000055991e+01
8.454589843750000000e-01 -4.480000000000066507e+01
8.454589843750000000e-01 -4.500000000000066791e+01
7.504882812500000000e-01 -4.750000000000070344e+01
8.625488281250000000e-01 -4.000000000000059686e+01
8.522949218750000000e-01 -4.540000000000067359e+01
8.537597656250000000e-01 -4.520000000000067075e+01
8.559570312500000000e-01 -4.470000000000066365e+01
8.454589843750000000e-01 -4.420000000000065654e+01
8.630371093750000000e-01 -3.990000000000059543e+01
8.583984375000000000e-01 -4.130000000000061533e+01
8.579101562500000000e-01 -4.430000000000065796e+01
8.503417968750000000e-01 -4.550000000000067502e+01
8.540039062500000000e-01 -4.510000000000066933e+01
8.552246093750000000e-01 -4.380000000000065086e+01
8.503417968750000000e-01 -4.550000000000067502e+01
8.537597656250000000e-01 -4.520000000000067075e+01
8.535156250000000000e-01 -4.520000000000067075e+01
8.552246093750000000e-01 -4.380000000000065086e+01
8.522949218750000000e-01 -4.530000000000067217e+01
8.554687500000000000e-01 -4.370000000000064944e+01
8.564453125000000000e-01 -4.360000000000064801e+01
8.574218750000000000e-01 -4.350000000000064659e+01
8.579101562500000000e-01 -4.380000000000065086e+01
8.579101562500000000e-01 -4.380000000000065086e+01
8.557128906250000000e-01 -4.470000000000066365e+01
8.569335937500000000e-01 -4.450000000000066080e+01
8.579101562500000000e-01 -4.430000000000065796e+01
8.583984375000000000e-01 -4.420000000000065654e+01
8.583984375000000000e-01 -4.130000000000061533e+01
8.388671875000000000e-01 -4.310000000000064091e+01
8.437500000000000000e-01 -4.260000000000063380e+01
8.437500000000000000e-01 -4.280000000000063665e+01
8.454589843750000000e-01 -4.270000000000063523e+01
8.513183593750000000e-01 -4.110000000000061249e+01
8.522949218750000000e-01 -4.100000000000061107e+01
8.540039062500000000e-01 -4.080000000000060822e+01
8.549804687500000000e-01 -4.080000000000060822e+01
8.552246093750000000e-01 -4.090000000000060965e+01
8.562011718750000000e-01 -4.080000000000060822e+01
8.574218750000000000e-01 -4.070000000000060680e+01
8.583984375000000000e-01 -4.070000000000060680e+01
8.593750000000000000e-01 -4.050000000000060396e+01
8.598632812500000000e-01 -4.030000000000060112e+01
8.625488281250000000e-01 -3.990000000000059543e+01
8.630371093750000000e-01 -3.990000000000059543e+01
8.579101562500000000e-01 -4.190000000000062386e+01
8.579101562500000000e-01 -4.220000000000062812e+01
8.583984375000000000e-01 -4.210000000000062670e+01
8.593750000000000000e-01 -4.210000000000062670e+01
8.627929687500000000e-01 -4.160000000000061959e+01
8.610839843750000000e-01 -4.040000000000060254e+01
8.549804687500000000e-01 -4.090000000000060965e+01
8.562011718750000000e-01 -4.090000000000060965e+01
8.579101562500000000e-01 -4.090000000000060965e+01
8.586425781250000000e-01 -4.090000000000060965e+01
8.503417968750000000e-01 -4.170000000000062101e+01
8.513183593750000000e-01 -4.170000000000062101e+01
8.549804687500000000e-01 -4.120000000000061391e+01
8.596191406250000000e-01 -4.090000000000060965e+01
8.610839843750000000e-01 -4.090000000000060965e+01
8.627929687500000000e-01 -4.080000000000060822e+01
8.630371093750000000e-01 -4.100000000000061107e+01
8.645019531250000000e-01 -4.090000000000060965e+01
8.647460937500000000e-01 -4.080000000000060822e+01
8.654785156250000000e-01 -4.070000000000060680e+01
8.659667968750000000e-01 -4.060000000000060538e+01
8.701171875000000000e-01 -3.900000000000058265e+01
8.706054687500000000e-01 -3.890000000000058122e+01
8.901367187500000000e-01 -3.660000000000054854e+01
8.889160156250000000e-01 -3.670000000000054996e+01
8.889160156250000000e-01 -3.620000000000054285e+01
8.894042968750000000e-01 -3.620000000000054285e+01
8.901367187500000000e-01 -3.570000000000053575e+01
8.901367187500000000e-01 -3.570000000000053575e+01
8.901367187500000000e-01 -3.590000000000053859e+01
8.901367187500000000e-01 -3.590000000000053859e+01
8.903808593750000000e-01 -3.590000000000053859e+01
8.879394531250000000e-01 -3.710000000000055564e+01
8.879394531250000000e-01 -3.710000000000055564e+01
8.876953125000000000e-01 -3.730000000000055849e+01
8.859863281250000000e-01 -3.720000000000055707e+01
8.859863281250000000e-01 -3.720000000000055707e+01
8.864746093750000000e-01 -3.720000000000055707e+01
8.864746093750000000e-01 -3.720000000000055707e+01
8.911132812500000000e-01 -3.580000000000053717e+01
8.913574218750000000e-01 -3.590000000000053859e+01
8.913574218750000000e-01 -3.580000000000053717e+01
8.908691406250000000e-01 -3.610000000000054143e+01
8.908691406250000000e-01 -3.620000000000054285e+01
8.969726562500000000e-01 -3.550000000000053291e+01
8.959960937500000000e-01 -3.500000000000052580e+01
8.959960937500000000e-01 -3.500000000000052580e+01
8.962402343750000000e-01 -3.500000000000052580e+01
8.937988281250000000e-01 -3.560000000000053433e+01
8.942871093750000000e-01 -3.560000000000053433e+01
8.945312500000000000e-01 -3.560000000000053433e+01
8.947753906250000000e-01 -3.570000000000053575e+01
8.950195312500000000e-01 -3.570000000000053575e+01
8.950195312500000000e-01 -3.580000000000053717e+01
8.957519531250000000e-01 -3.730000000000055849e+01
8.957519531250000000e-01 -3.730000000000055849e+01
8.959960937500000000e-01 -3.730000000000055849e+01
8.950195312500000000e-01 -3.760000000000056275e+01
8.950195312500000000e-01 -3.650000000000054712e+01
8.950195312500000000e-01 -3.650000000000054712e+01
8.952636718750000000e-01 -3.660000000000054854e+01
8.933105468750000000e-01 -3.710000000000055564e+01
8.935546875000000000e-01 -3.720000000000055707e+01
8.937988281250000000e-01 -3.720000000000055707e+01
8.945312500000000000e-01 -3.720000000000055707e+01
8.950195312500000000e-01 -3.710000000000055564e+01
8.937988281250000000e-01 -3.780000000000056559e+01
8.945312500000000000e-01 -3.770000000000056417e+01
8.930664062500000000e-01 -3.810000000000056986e+01
8.923339843750000000e-01 -3.840000000000057412e+01
8.928222656250000000e-01 -3.840000000000057412e+01
8.930664062500000000e-01 -3.820000000000057128e+01
8.933105468750000000e-01 -3.810000000000056986e+01
8.940429687500000000e-01 -3.650000000000054712e+01
8.942871093750000000e-01 -3.660000000000054854e+01
8.918457031250000000e-01 -3.710000000000055564e+01
8.925781250000000000e-01 -3.710000000000055564e+01
8.930664062500000000e-01 -3.710000000000055564e+01
8.930664062500000000e-01 -3.710000000000055564e+01
8.935546875000000000e-01 -3.690000000000055280e+01
8.940429687500000000e-01 -3.570000000000053575e+01
8.950195312500000000e-01 -3.550000000000053291e+01
8.908691406250000000e-01 -3.570000000000053575e+01
8.908691406250000000e-01 -3.590000000000053859e+01
8.923339843750000000e-01 -3.430000000000051585e+01
8.913574218750000000e-01 -3.470000000000052154e+01
8.923339843750000000e-01 -3.470000000000052154e+01
8.930664062500000000e-01 -3.460000000000052012e+01
8.923339843750000000e-01 -3.460000000000052012e+01
8.913574218750000000e-01 -3.480000000000052296e+01
8.913574218750000000e-01 -3.470000000000052154e+01
8.913574218750000000e-01 -3.390000000000051017e+01
8.913574218750000000e-01 -3.400000000000051159e+01
8.911132812500000000e-01 -3.420000000000051443e+01
9.118652343750000000e-01 -3.250000000000049027e+01
9.121093750000000000e-01 -3.250000000000049027e+01
9.123535156250000000e-01 -3.250000000000049027e+01
9.125976562500000000e-01 -3.250000000000049027e+01
9.111328125000000000e-01 -3.290000000000049596e+01
9.101562500000000000e-01 -3.350000000000050449e+01
9.101562500000000000e-01 -3.340000000000050306e+01
9.130859375000000000e-01 -3.410000000000051301e+01
9.133300781250000000e-01 -3.400000000000051159e+01
9.123535156250000000e-01 -3.380000000000050875e+01
9.125976562500000000e-01 -3.380000000000050875e+01
9.245605468750000000e-01 -3.450000000000051870e+01
9.245605468750000000e-01 -3.450000000000051870e+01
9.250488281250000000e-01 -3.430000000000051585e+01
9.260253906250000000e-01 -3.410000000000051301e+01
9.260253906250000000e-01 -3.400000000000051159e+01
9.260253906250000000e-01 -3.410000000000051301e+01
9.260253906250000000e-01 -3.430000000000051585e+01
