3.977050781250000000e-01 -1.609999999999954241e+02
3.986816406250000000e-01 -1.604999999999954525e+02
3.996582031250000000e-01 -1.601999999999954696e+02
4.006347656250000000e-01 -1.596999999999954980e+02
4.016113281250000000e-01 -1.597999999999954923e+02
4.025878906250000000e-01 -1.591999999999955264e+02
4.035644531250000000e-01 -1.588999999999955435e+02
4.045410156250000000e-01 -1.584999999999955662e+02
4.055175781250000000e-01 -1.580999999999955890e+02
4.064941406250000000e-01 -1.578999999999956003e+02
4.074707031250000000e-01 -1.575999999999956174e+02
4.084472656250000000e-01 -1.570999999999956458e+02
4.094238281250000000e-01 -1.563999999999956856e+02
4.104003906250000000e-01 -1.560999999999957026e+02
4.113769531250000000e-01 -1.558999999999957140e+02
4.123535156250000000e-01 -1.555999999999957311e+02
4.133300781250000000e-01 -1.551999999999957538e+02
4.143066406250000000e-01 -1.547999999999957765e+02
4.152832031250000000e-01 -1.543999999999957993e+02
4.162597656250000000e-01 -1.540999999999958163e+02
4.172363281250000000e-01 -1.536999999999958391e+02
4.182128906250000000e-01 -1.533999999999958561e+02
4.194335937500000000e-01 -1.530999999999958732e+02
4.206542968750000000e-01 -1.525999999999959016e+02
4.213867187500000000e-01 -1.522999999999959186e+02
4.226074218750000000e-01 -1.519999999999959357e+02
4.235839843750000000e-01 -1.514999999999959641e+02
4.245605468750000000e-01 -1.511999999999959812e+02
4.255371093750000000e-01 -1.508999999999959982e+02
4.265136718750000000e-01 -1.506999999999960096e+02
4.274902343750000000e-01 -1.503999999999960266e+02
4.284667968750000000e-01 -1.497999999999960608e+02
4.294433593750000000e-01 -1.493999999999960835e+02
4.304199218750000000e-01 -1.490999999999961005e+02
4.313964843750000000e-01 -1.488999999999961119e+02
4.323730468750000000e-01 -1.484999999999961346e+02
4.333496093750000000e-01 -1.481999999999961517e+02
4.343261718750000000e-01 -1.478999999999961688e+02
4.353027343750000000e-01 -1.475999999999961858e+02
4.362792968750000000e-01 -1.471999999999962085e+02
4.372558593750000000e-01 -1.467999999999962313e+02
4.382324218750000000e-01 -1.463999999999962540e+02
4.392089843750000000e-01 -1.459999999999962768e+02
4.401855468750000000e-01 -1.457999999999962881e+02
4.411621093750000000e-01 -1.453999999999963109e+02
4.421386718750000000e-01 -1.449999999999963336e+02
4.431152343750000000e-01 -1.444999999999963620e+02
4.443359375000000000e-01 -1.440999999999963848e+02
4.450683593750000000e-01 -1.438999999999963961e+02
4.462890625000000000e-01 -1.435999999999964132e+02
4.470214843750000000e-01 -1.432999999999964302e+02
4.479980468750000000e-01 -1.430999999999964416e+02
4.489746093750000000e-01 -1.425999999999964700e+02
4.501953125000000000e-01 -1.421999999999964928e+02
4.511718750000000000e-01 -1.417999999999965155e+02
4.523925781250000000e-01 -1.414999999999965326e+02
4.533691406250000000e-01 -1.412999999999965439e+02
4.543457031250000000e-01 -1.409999999999965610e+02
4.553222656250000000e-01 -1.405999999999965837e+02
4.562988281250000000e-01 -1.402999999999966008e+02
4.572753906250000000e-01 -1.399999999999966178e+02
4.582519531250000000e-01 -1.396999999999966349e+02
4.592285156250000000e-01 -1.392999999999966576e+02
4.602050781250000000e-01 -1.388999999999966803e+02
4.611816406250000000e-01 -1.385999999999966974e+02
4.621582031250000000e-01 -1.381999999999967201e+02
4.631347656250000000e-01 -1.378999999999967372e+02
4.641113281250000000e-01 -1.375999999999967542e+02
4.650878906250000000e-01 -1.374999999999967599e+02
4.660644531250000000e-01 -1.371999999999967770e+02
4.670410156250000000e-01 -1.368999999999967940e+02
4.680175781250000000e-01 -1.365999999999968111e+02
4.689941406250000000e-01 -1.361999999999968338e+02
4.699707031250000000e-01 -1.358999999999968509e+02
4.709472656250000000e-01 -1.353999999999968793e+02
4.719238281250000000e-01 -1.350999999999968963e+02
4.729003906250000000e-01 -1.347999999999969134e+02
4.738769531250000000e-01 -1.345999999999969248e+02
4.748535156250000000e-01 -1.341999999999969475e+02
4.758300781250000000e-01 -1.336999999999969759e+02
4.768066406250000000e-01 -1.333999999999969930e+02
4.780273437500000000e-01 -1.331999999999970044e+02
4.787597656250000000e-01 -1.328999999999970214e+02
4.797363281250000000e-01 -1.325999999999970385e+02
4.809570312500000000e-01 -1.322999999999970555e+02
4.816894531250000000e-01 -1.319999999999970726e+02
4.826660156250000000e-01 -1.316999999999970896e+02
4.838867187500000000e-01 -1.314999999999971010e+02
4.851074218750000000e-01 -1.309999999999971294e+02
4.860839843750000000e-01 -1.305999999999971521e+02
4.868164062500000000e-01 -1.302999999999971692e+02
4.877929687500000000e-01 -1.301999999999971749e+02
4.890136718750000000e-01 -1.297999999999971976e+02
4.899902343750000000e-01 -1.293999999999972204e+02
4.909667968750000000e-01 -1.291999999999972317e+02
4.919433593750000000e-01 -1.288999999999972488e+02
4.929199218750000000e-01 -1.285999999999972658e+02
4.938964843750000000e-01 -1.281999999999972886e+02
4.948730468750000000e-01 -1.278999999999973056e+02
4.958496093750000000e-01 -1.275999999999973227e+02
4.968261718750000000e-01 -1.272999999999973397e+02
4.978027343750000000e-01 -1.270999999999973511e+02
4.987792968750000000e-01 -1.266999999999973738e+02
4.997558593750000000e-01 -1.262999999999973966e+02
5.007324218750000000e-01 -1.258999999999974193e+02
5.017089843750000000e-01 -1.256999999999974307e+02
5.026855468750000000e-01 -1.254999999999974420e+02
5.036621093750000000e-01 -1.251999999999974591e+02
5.046386718750000000e-01 -1.246999999999974875e+02
5.056152343750000000e-01 -1.243999999999975046e+02
5.065917968750000000e-01 -1.240999999999975216e+02
5.075683593750000000e-01 -1.238999999999975330e+02
5.085449218750000000e-01 -1.235999999999975500e+02
5.097656250000000000e-01 -1.232999999999975671e+02
5.104980468750000000e-01 -1.228999999999975898e+02
5.114746093750000000e-01 -1.225999999999976069e+02
5.124511718750000000e-01 -1.222999999999976239e+02
5.139160156250000000e-01 -1.219999999999976410e+02
5.146484375000000000e-01 -1.217999999999976524e+02
5.153808593750000000e-01 -1.216999999999976581e+02
5.163574218750000000e-01 -1.212999999999976808e+02
5.173339843750000000e-01 -1.210999999999976922e+02
5.185546875000000000e-01 -1.205999999999977206e+02
5.195312500000000000e-01 -1.201999999999977433e+02
5.205078125000000000e-01 -1.198999999999977604e+02
5.214843750000000000e-01 -1.196999999999977717e+02
5.227050781250000000e-01 -1.195999999999977774e+02
5.236816406250000000e-01 -1.191999999999978002e+02
5.241699218750000000e-01 -1.188999999999978172e+02
5.253906250000000000e-01 -1.185999999999978343e+02
5.266113281250000000e-01 -1.181999999999978570e+02
5.275878906250000000e-01 -1.177999999999978797e+02
5.285644531250000000e-01 -1.173999999999979025e+02
5.295410156250000000e-01 -1.170999999999979195e+02
5.305175781250000000e-01 -1.166999999999979423e+02
5.314941406250000000e-01 -1.164999999999979536e+02
5.324707031250000000e-01 -1.162999999999979650e+02
5.334472656250000000e-01 -1.158999999999979877e+02
5.344238281250000000e-01 -1.156999999999979991e+02
5.354003906250000000e-01 -1.153999999999980162e+02
5.363769531250000000e-01 -1.151999999999980275e+02
5.373535156250000000e-01 -1.149999999999980389e+02
5.383300781250000000e-01 -1.147999999999980503e+02
5.393066406250000000e-01 -1.143999999999980730e+02
5.402832031250000000e-01 -1.139999999999980957e+02
5.412597656250000000e-01 -1.136999999999981128e+02
5.422363281250000000e-01 -1.134999999999981242e+02
5.432128906250000000e-01 -1.132999999999981355e+02
5.441894531250000000e-01 -1.131999999999981412e+02
5.451660156250000000e-01 -1.127999999999981640e+02
5.463867187500000000e-01 -1.123999999999981867e+02
5.471191406250000000e-01 -1.120999999999982037e+02
5.480957031250000000e-01 -1.117999999999982208e+02
5.490722656250000000e-01 -1.113999999999982435e+02
5.502929687500000000e-01 -1.110999999999982606e+02
5.512695312500000000e-01 -1.107999999999982776e+02
5.522460937500000000e-01 -1.104999999999982947e+02
5.529785156250000000e-01 -1.103999999999983004e+02
5.539550781250000000e-01 -1.101999999999983118e+02
5.551757812500000000e-01 -1.098999999999983288e+02
5.559082031250000000e-01 -1.094999999999983515e+02
5.568847656250000000e-01 -1.091999999999983686e+02
5.581054687500000000e-01 -1.087999999999983913e+02
5.588378906250000000e-01 -1.085999999999984027e+02
5.598144531250000000e-01 -1.083999999999984141e+02
5.610351562500000000e-01 -1.080999999999984311e+02
5.620117187500000000e-01 -1.077999999999984482e+02
5.629882812500000000e-01 -1.075999999999984595e+02
5.642089843750000000e-01 -1.073999999999984709e+02
5.649414062500000000e-01 -1.070999999999984880e+02
5.661621093750000000e-01 -1.066999999999985107e+02
5.671386718750000000e-01 -1.063999999999985278e+02
5.681152343750000000e-01 -1.061999999999985391e+02
5.690917968750000000e-01 -1.057999999999985619e+02
5.700683593750000000e-01 -1.053999999999985846e+02
5.710449218750000000e-01 -1.049999999999986073e+02
5.720214843750000000e-01 -1.047999999999986187e+02
5.729980468750000000e-01 -1.045999999999986301e+02
5.739746093750000000e-01 -1.043999999999986414e+02
5.749511718750000000e-01 -1.039999999999986642e+02
5.759277343750000000e-01 -1.036999999999986812e+02
5.769042968750000000e-01 -1.034999999999986926e+02
5.778808593750000000e-01 -1.031999999999987097e+02
5.788574218750000000e-01 -1.028999999999987267e+02
5.798339843750000000e-01 -1.025999999999987438e+02
5.810546875000000000e-01 -1.023999999999987551e+02
5.817871093750000000e-01 -1.020999999999987722e+02
5.827636718750000000e-01 -1.018999999999987836e+02
5.837402343750000000e-01 -1.016999999999987949e+02
5.847167968750000000e-01 -1.014999999999988063e+02
5.856933593750000000e-01 -1.010999999999988290e+02
5.866699218750000000e-01 -1.007999999999988461e+02
5.876464843750000000e-01 -1.004999999999988631e+02
5.886230468750000000e-01 -1.002999999999988745e+02
5.895996093750000000e-01 -1.000999999999988859e+02
5.910644531250000000e-01 -9.969999999999890861e+01
5.915527343750000000e-01 -9.949999999999891998e+01
5.925292968750000000e-01 -9.929999999999893134e+01
5.935058593750000000e-01 -9.909999999999894271e+01
5.944824218750000000e-01 -9.879999999999895977e+01
5.957031250000000000e-01 -9.849999999999897682e+01
5.964355468750000000e-01 -9.819999999999899387e+01
5.976562500000000000e-01 -9.799999999999900524e+01
5.983886718750000000e-01 -9.789999999999901092e+01
5.993652343750000000e-01 -9.749999999999903366e+01
6.003417968750000000e-01 -9.719999999999905071e+01
6.015625000000000000e-01 -9.689999999999906777e+01
6.022949218750000000e-01 -9.659999999999908482e+01
6.032714843750000000e-01 -9.639999999999909619e+01
6.047363281250000000e-01 -9.609999999999911324e+01
6.057128906250000000e-01 -9.579999999999913030e+01
6.064453125000000000e-01 -9.549999999999914735e+01
6.071777343750000000e-01 -9.539999999999915303e+01
6.083984375000000000e-01 -9.519999999999916440e+01
6.091308593750000000e-01 -9.489999999999918145e+01
6.103515625000000000e-01 -9.449999999999920419e+01
6.115722656250000000e-01 -9.419999999999922125e+01
6.123046875000000000e-01 -9.389999999999923830e+01
6.135253906250000000e-01 -9.369999999999924967e+01
6.145019531250000000e-01 -9.349999999999926104e+01
6.152343750000000000e-01 -9.339999999999926672e+01
6.164550781250000000e-01 -9.299999999999928946e+01
6.174316406250000000e-01 -9.269999999999930651e+01
6.184082031250000000e-01 -9.239999999999932356e+01
6.191406250000000000e-01 -9.219999999999933493e+01
6.201171875000000000e-01 -9.199999999999934630e+01
6.213378906250000000e-01 -9.159999999999936904e+01
6.223144531250000000e-01 -9.139999999999938041e+01
6.232910156250000000e-01 -9.109999999999939746e+01
6.242675781250000000e-01 -9.089999999999940883e+01
6.252441406250000000e-01 -9.059999999999942588e+01
6.262207031250000000e-01 -9.029999999999944293e+01
6.271972656250000000e-01 -8.999999999999945999e+01
6.281738281250000000e-01 -8.979999999999947136e+01
6.291503906250000000e-01 -8.959999999999948272e+01
6.301269531250000000e-01 -8.929999999999949978e+01
6.311035156250000000e-01 -8.899999999999951683e+01
6.320800781250000000e-01 -8.869999999999953388e+01
6.330566406250000000e-01 -8.839999999999955094e+01
6.340332031250000000e-01 -8.819999999999956231e+01
6.350097656250000000e-01 -8.799999999999957367e+01
6.359863281250000000e-01 -8.769999999999959073e+01
6.372070312500000000e-01 -8.749999999999960210e+01
6.379394531250000000e-01 -8.719999999999961915e+01
6.389160156250000000e-01 -8.689999999999963620e+01
6.398925781250000000e-01 -8.659999999999965326e+01
6.408691406250000000e-01 -8.639999999999966462e+01
6.418457031250000000e-01 -8.619999999999967599e+01
6.428222656250000000e-01 -8.599999999999968736e+01
6.437988281250000000e-01 -8.569999999999970441e+01
6.447753906250000000e-01 -8.539999999999972147e+01
6.457519531250000000e-01 -8.509999999999973852e+01
6.467285156250000000e-01 -8.479999999999975557e+01
6.477050781250000000e-01 -8.459999999999976694e+01
6.486816406250000000e-01 -8.439999999999977831e+01
6.499023437500000000e-01 -8.409999999999979536e+01
6.508789062500000000e-01 -8.379999999999981242e+01
6.518554687500000000e-01 -8.349999999999982947e+01
6.525878906250000000e-01 -8.329999999999984084e+01
6.535644531250000000e-01 -8.309999999999985221e+01
6.545410156250000000e-01 -8.289999999999986358e+01
6.555175781250000000e-01 -8.269999999999987494e+01
6.564941406250000000e-01 -8.239999999999989200e+01
6.574707031250000000e-01 -8.219999999999990337e+01
6.584472656250000000e-01 -8.199999999999991473e+01
6.594238281250000000e-01 -8.169999999999993179e+01
6.606445312500000000e-01 -8.149999999999994316e+01
6.613769531250000000e-01 -8.129999999999995453e+01
6.623535156250000000e-01 -8.109999999999996589e+01
6.635742187500000000e-01 -8.069999999999998863e+01
6.643066406250000000e-01 -8.040000000000000568e+01
6.652832031250000000e-01 -8.010000000000002274e+01
6.665039062500000000e-01 -7.990000000000003411e+01
6.672363281250000000e-01 -7.960000000000005116e+01
6.682128906250000000e-01 -7.940000000000006253e+01
6.694335937500000000e-01 -7.920000000000007390e+01
6.704101562500000000e-01 -7.900000000000008527e+01
6.713867187500000000e-01 -7.880000000000009663e+01
6.723632812500000000e-01 -7.860000000000010800e+01
6.730957031250000000e-01 -7.830000000000012506e+01
6.743164062500000000e-01 -7.800000000000014211e+01
6.750488281250000000e-01 -7.780000000000015348e+01
6.762695312500000000e-01 -7.750000000000017053e+01
6.770019531250000000e-01 -7.720000000000018758e+01
6.782226562500000000e-01 -7.700000000000019895e+01
6.789550781250000000e-01 -7.680000000000021032e+01
6.801757812500000000e-01 -7.640000000000023306e+01
6.813964843750000000e-01 -7.610000000000025011e+01
6.823730468750000000e-01 -7.580000000000026716e+01
6.831054687500000000e-01 -7.560000000000027853e+01
6.843261718750000000e-01 -7.540000000000028990e+01
6.853027343750000000e-01 -7.520000000000030127e+01
6.860351562500000000e-01 -7.490000000000031832e+01
6.872558593750000000e-01 -7.470000000000032969e+01
6.879882812500000000e-01 -7.450000000000034106e+01
6.889648437500000000e-01 -7.440000000000034674e+01
6.896972656250000000e-01 -7.420000000000035811e+01
6.906738281250000000e-01 -7.390000000000037517e+01
6.921386718750000000e-01 -7.350000000000039790e+01
6.931152343750000000e-01 -7.320000000000041496e+01
6.940917968750000000e-01 -7.290000000000043201e+01
6.948242187500000000e-01 -7.260000000000044906e+01
6.960449218750000000e-01 -7.240000000000046043e+01
6.970214843750000000e-01 -7.220000000000047180e+01
6.979980468750000000e-01 -7.200000000000048317e+01
6.984863281250000000e-01 -7.180000000000049454e+01
6.997070312500000000e-01 -7.160000000000050591e+01
7.009277343750000000e-01 -7.140000000000051728e+01
7.019042968750000000e-01 -7.110000000000053433e+01
7.026367187500000000e-01 -7.090000000000054570e+01
7.033691406250000000e-01 -7.070000000000055707e+01
7.043457031250000000e-01 -7.050000000000056843e+01
7.055664062500000000e-01 -7.020000000000058549e+01
7.067871093750000000e-01 -6.990000000000060254e+01
7.075195312500000000e-01 -6.970000000000061391e+01
7.084960937500000000e-01 -6.950000000000062528e+01
7.094726562500000000e-01 -6.920000000000064233e+01
7.106933593750000000e-01 -6.890000000000065938e+01
7.114257812500000000e-01 -6.860000000000067644e+01
7.126464843750000000e-01 -6.840000000000068781e+01
7.133789062500000000e-01 -6.820000000000069917e+01
7.143554687500000000e-01 -6.790000000000071623e+01
7.153320312500000000e-01 -6.770000000000072760e+01
7.163085937500000000e-01 -6.740000000000074465e+01
7.175292968750000000e-01 -6.720000000000075602e+01
7.185058593750000000e-01 -6.700000000000076739e+01
7.194824218750000000e-01 -6.680000000000077875e+01
7.204589843750000000e-01 -6.650000000000079581e+01
7.211914062500000000e-01 -6.620000000000081286e+01
7.224121093750000000e-01 -6.600000000000082423e+01
7.231445312500000000e-01 -6.580000000000083560e+01
7.238769531250000000e-01 -6.560000000000084697e+01
7.253417968750000000e-01 -6.530000000000086402e+01
7.260742187500000000e-01 -6.510000000000087539e+01
7.270507812500000000e-01 -6.490000000000088676e+01
7.280273437500000000e-01 -6.470000000000089813e+01
7.290039062500000000e-01 -6.450000000000090949e+01
7.302246093750000000e-01 -6.420000000000092655e+01
7.312011718750000000e-01 -6.390000000000093650e+01
7.319335937500000000e-01 -6.370000000000093365e+01
7.329101562500000000e-01 -6.350000000000093081e+01
7.336425781250000000e-01 -6.330000000000092797e+01
7.346191406250000000e-01 -6.310000000000092513e+01
7.355957031250000000e-01 -6.290000000000092228e+01
7.365722656250000000e-01 -6.260000000000091802e+01
7.377929687500000000e-01 -6.230000000000091376e+01
7.387695312500000000e-01 -6.200000000000090949e+01
7.397460937500000000e-01 -6.180000000000090665e+01
7.404785156250000000e-01 -6.160000000000090381e+01
7.414550781250000000e-01 -6.130000000000089955e+01
7.424316406250000000e-01 -6.100000000000089528e+01
7.434082031250000000e-01 -6.080000000000089244e+01
7.443847656250000000e-01 -6.060000000000088960e+01
7.453613281250000000e-01 -6.030000000000088534e+01
7.465820312500000000e-01 -6.010000000000088249e+01
7.475585937500000000e-01 -6.000000000000088107e+01
7.485351562500000000e-01 -5.980000000000087823e+01
7.492675781250000000e-01 -5.960000000000087539e+01
7.502441406250000000e-01 -5.940000000000087255e+01
7.514648437500000000e-01 -5.910000000000086828e+01
7.521972656250000000e-01 -5.890000000000086544e+01
7.531738281250000000e-01 -5.870000000000086260e+01
7.541503906250000000e-01 -5.850000000000085976e+01
7.548828125000000000e-01 -5.830000000000085691e+01
7.558593750000000000e-01 -5.810000000000085407e+01
7.570800781250000000e-01 -5.780000000000084981e+01
7.580566406250000000e-01 -5.760000000000084697e+01
7.585449218750000000e-01 -5.740000000000084412e+01
7.600097656250000000e-01 -5.710000000000083986e+01
7.609863281250000000e-01 -5.680000000000083560e+01
7.617187500000000000e-01 -5.650000000000083134e+01
7.626953125000000000e-01 -5.630000000000082849e+01
7.639160156250000000e-01 -5.600000000000082423e+01
7.648925781250000000e-01 -5.580000000000082139e+01
7.658691406250000000e-01 -5.550000000000081712e+01
7.668457031250000000e-01 -5.520000000000081286e+01
7.680664062500000000e-01 -5.500000000000081002e+01
7.687988281250000000e-01 -5.470000000000080576e+01
7.697753906250000000e-01 -5.450000000000080291e+01
7.707519531250000000e-01 -5.430000000000080007e+01
7.717285156250000000e-01 -5.410000000000079723e+01
7.724609375000000000e-01 -5.400000000000079581e+01
7.731933593750000000e-01 -5.380000000000079297e+01
7.744140625000000000e-01 -5.350000000000078870e+01
7.756347656250000000e-01 -5.320000000000078444e+01
7.763671875000000000e-01 -5.300000000000078160e+01
7.773437500000000000e-01 -5.270000000000077733e+01
7.783203125000000000e-01 -5.250000000000077449e+01
7.795410156250000000e-01 -5.230000000000077165e+01
7.802734375000000000e-01 -5.210000000000076881e+01
7.812500000000000000e-01 -5.190000000000076597e+01
7.822265625000000000e-01 -5.180000000000076454e+01
7.829589843750000000e-01 -5.160000000000076170e+01
7.839355468750000000e-01 -5.140000000000075886e+01
7.851562500000000000e-01 -5.110000000000075460e+01
7.861328125000000000e-01 -5.080000000000075033e+01
7.871093750000000000e-01 -5.050000000000074607e+01
7.880859375000000000e-01 -5.030000000000074323e+01
7.888183593750000000e-01 -5.010000000000074039e+01
7.900390625000000000e-01 -4.990000000000073754e+01
7.910156250000000000e-01 -4.970000000000073470e+01
7.917480468750000000e-01 -4.950000000000073186e+01
7.927246093750000000e-01 -4.930000000000072902e+01
7.937011718750000000e-01 -4.910000000000072617e+01
7.946777343750000000e-01 -4.880000000000072191e+01
7.956542968750000000e-01 -4.860000000000071907e+01
7.966308593750000000e-01 -4.840000000000071623e+01
7.976074218750000000e-01 -4.810000000000071196e+01
7.985839843750000000e-01 -4.790000000000070912e+01
7.995605468750000000e-01 -4.770000000000070628e+01
8.005371093750000000e-01 -4.750000000000070344e+01
8.012695312500000000e-01 -4.730000000000070060e+01
8.020019531250000000e-01 -4.710000000000069775e+01
8.032226562500000000e-01 -4.680000000000069349e+01
8.039550781250000000e-01 -4.660000000000069065e+01
8.054199218750000000e-01 -4.630000000000068638e+01
8.059082031250000000e-01 -4.610000000000068354e+01
8.071289062500000000e-01 -4.590000000000068070e+01
8.078613281250000000e-01 -4.570000000000067786e+01
8.088378906250000000e-01 -4.550000000000067502e+01
8.098144531250000000e-01 -4.530000000000067217e+01
8.107910156250000000e-01 -4.500000000000066791e+01
8.120117187500000000e-01 -4.480000000000066507e+01
8.129882812500000000e-01 -4.450000000000066080e+01
8.134765625000000000e-01 -4.430000000000065796e+01
8.149414062500000000e-01 -4.410000000000065512e+01
8.156738281250000000e-01 -4.390000000000065228e+01
8.164062500000000000e-01 -4.370000000000064944e+01
8.173828125000000000e-01 -4.350000000000064659e+01
8.183593750000000000e-01 -4.330000000000064375e+01
8.193359375000000000e-01 -4.310000000000064091e+01
8.203125000000000000e-01 -4.290000000000063807e+01
8.212890625000000000e-01 -4.270000000000063523e+01
8.217773437500000000e-01 -4.250000000000063238e+01
8.229980468750000000e-01 -4.230000000000062954e+01
8.244628906250000000e-01 -4.200000000000062528e+01
8.249511718750000000e-01 -4.180000000000062244e+01
8.259277343750000000e-01 -4.160000000000061959e+01
8.266601562500000000e-01 -4.140000000000061675e+01
8.273925781250000000e-01 -4.120000000000061391e+01
8.283691406250000000e-01 -4.100000000000061107e+01
8.295898437500000000e-01 -4.080000000000060822e+01
8.305664062500000000e-01 -4.060000000000060538e+01
8.312988281250000000e-01 -4.040000000000060254e+01
8.325195312500000000e-01 -4.010000000000059828e+01
8.337402343750000000e-01 -3.990000000000059543e+01
8.342285156250000000e-01 -3.970000000000059259e+01
8.354492187500000000e-01 -3.950000000000058975e+01
8.361816406250000000e-01 -3.920000000000058549e+01
8.366699218750000000e-01 -3.900000000000058265e+01
8.381347656250000000e-01 -3.890000000000058122e+01
8.388671875000000000e-01 -3.860000000000057696e+01
8.398437500000000000e-01 -3.840000000000057412e+01
8.408203125000000000e-01 -3.810000000000056986e+01
8.417968750000000000e-01 -3.790000000000056701e+01
8.425292968750000000e-01 -3.770000000000056417e+01
8.437500000000000000e-01 -3.740000000000055991e+01
8.442382812500000000e-01 -3.720000000000055707e+01
8.454589843750000000e-01 -3.700000000000055422e+01
8.464355468750000000e-01 -3.680000000000055138e+01
8.474121093750000000e-01 -3.660000000000054854e+01
8.479003906250000000e-01 -3.640000000000054570e+01
8.488769531250000000e-01 -3.630000000000054428e+01
8.500976562500000000e-01 -3.610000000000054143e+01
8.508300781250000000e-01 -3.590000000000053859e+01
8.520507812500000000e-01 -3.570000000000053575e+01
8.530273437500000000e-01 -3.550000000000053291e+01
8.537597656250000000e-01 -3.520000000000052864e+01
8.544921875000000000e-01 -3.500000000000052580e+01
8.557128906250000000e-01 -3.470000000000052154e+01
8.566894531250000000e-01 -3.450000000000051870e+01
8.571777343750000000e-01 -3.430000000000051585e+01
8.581542968750000000e-01 -3.410000000000051301e+01
8.596191406250000000e-01 -3.380000000000050875e+01
8.603515625000000000e-01 -3.360000000000050591e+01
8.608398437500000000e-01 -3.340000000000050306e+01
8.618164062500000000e-01 -3.320000000000050022e+01
8.625488281250000000e-01 -3.300000000000049738e+01
8.635253906250000000e-01 -3.280000000000049454e+01
8.647460937500000000e-01 -3.260000000000049170e+01
8.652343750000000000e-01 -3.240000000000048885e+01
8.664550781250000000e-01 -3.220000000000048601e+01
8.671875000000000000e-01 -3.200000000000048317e+01
8.679199218750000000e-01 -3.180000000000048033e+01
8.688964843750000000e-01 -3.160000000000047748e+01
8.698730468750000000e-01 -3.130000000000047322e+01
8.708496093750000000e-01 -3.110000000000047038e+01
8.720703125000000000e-01 -3.090000000000046754e+01
8.728027343750000000e-01 -3.070000000000046469e+01
8.737792968750000000e-01 -3.040000000000046043e+01
8.742675781250000000e-01 -3.020000000000045759e+01
8.754882812500000000e-01 -3.000000000000045475e+01
8.762207031250000000e-01 -2.980000000000045191e+01
8.774414062500000000e-01 -2.960000000000044906e+01
8.781738281250000000e-01 -2.940000000000044622e+01
8.789062500000000000e-01 -2.920000000000044338e+01
8.801269531250000000e-01 -2.900000000000044054e+01
8.806152343750000000e-01 -2.880000000000043769e+01
8.820800781250000000e-01 -2.860000000000043485e+01
8.830566406250000000e-01 -2.840000000000043201e+01
