6.582031250000000000e-01 -4.120000000000061391e+01
6.594238281250000000e-01 -4.100000000000061107e+01
6.594238281250000000e-01 -4.110000000000061249e+01
6.606445312500000000e-01 -4.090000000000060965e+01
6.608886718750000000e-01 -3.990000000000059543e+01
6.608886718750000000e-01 -3.990000000000059543e+01
6.618652343750000000e-01 -3.980000000000059401e+01
6.628417968750000000e-01 -3.960000000000059117e+01
6.628417968750000000e-01 -3.970000000000059259e+01
6.635742187500000000e-01 -3.960000000000059117e+01
6.628417968750000000e-01 -3.990000000000059543e+01
6.628417968750000000e-01 -3.990000000000059543e+01
6.635742187500000000e-01 -3.980000000000059401e+01
6.640625000000000000e-01 -3.980000000000059401e+01
6.640625000000000000e-01 -3.980000000000059401e+01
6.645507812500000000e-01 -3.970000000000059259e+01
6.645507812500000000e-01 -3.970000000000059259e+01
6.655273437500000000e-01 -3.960000000000059117e+01
6.657714843750000000e-01 -3.960000000000059117e+01
6.665039062500000000e-01 -3.950000000000058975e+01
6.667480468750000000e-01 -3.950000000000058975e+01
6.672363281250000000e-01 -3.950000000000058975e+01
6.677246093750000000e-01 -3.940000000000058833e+01
6.679687500000000000e-01 -3.940000000000058833e+01
6.701660156250000000e-01 -3.380000000000050875e+01
6.696777343750000000e-01 -3.390000000000051017e+01
6.704101562500000000e-01 -3.390000000000051017e+01
6.701660156250000000e-01 -3.400000000000051159e+01
6.506347656250000000e-01 -3.590000000000053859e+01
6.704101562500000000e-01 -3.410000000000051301e+01
6.701660156250000000e-01 -3.420000000000051443e+01
6.701660156250000000e-01 -3.430000000000051585e+01
6.704101562500000000e-01 -3.430000000000051585e+01
6.701660156250000000e-01 -3.440000000000051728e+01
6.701660156250000000e-01 -3.450000000000051870e+01
6.645507812500000000e-01 -3.500000000000052580e+01
6.704101562500000000e-01 -3.460000000000052012e+01
6.701660156250000000e-01 -3.470000000000052154e+01
6.506347656250000000e-01 -3.670000000000054996e+01
6.506347656250000000e-01 -3.680000000000055138e+01
6.506347656250000000e-01 -3.690000000000055280e+01
6.506347656250000000e-01 -3.690000000000055280e+01
6.506347656250000000e-01 -3.700000000000055422e+01
6.506347656250000000e-01 -3.710000000000055564e+01
6.540527343750000000e-01 -3.680000000000055138e+01
6.540527343750000000e-01 -3.690000000000055280e+01
6.577148437500000000e-01 -3.660000000000054854e+01
6.643066406250000000e-01 -3.590000000000053859e+01
6.643066406250000000e-01 -3.600000000000054001e+01
6.704101562500000000e-01 -3.550000000000053291e+01
6.645507812500000000e-01 -3.610000000000054143e+01
6.628417968750000000e-01 -3.650000000000054712e+01
6.628417968750000000e-01 -3.660000000000054854e+01
6.628417968750000000e-01 -3.670000000000054996e+01
6.540527343750000000e-01 -3.680000000000055138e+01
6.506347656250000000e-01 -3.730000000000055849e+01
6.506347656250000000e-01 -3.740000000000055991e+01
6.506347656250000000e-01 -3.750000000000056133e+01
6.506347656250000000e-01 -3.760000000000056275e+01
6.506347656250000000e-01 -3.770000000000056417e+01
6.506347656250000000e-01 -3.780000000000056559e+01
6.577148437500000000e-01 -3.710000000000055564e+01
6.577148437500000000e-01 -3.720000000000055707e+01
6.506347656250000000e-01 -3.820000000000057128e+01
6.506347656250000000e-01 -3.830000000000057270e+01
6.506347656250000000e-01 -3.840000000000057412e+01
6.540527343750000000e-01 -3.800000000000056843e+01
6.506347656250000000e-01 -3.860000000000057696e+01
6.398925781250000000e-01 -3.990000000000059543e+01
6.506347656250000000e-01 -3.880000000000057980e+01
6.398925781250000000e-01 -4.020000000000059970e+01
6.506347656250000000e-01 -3.910000000000058407e+01
6.398925781250000000e-01 -4.050000000000060396e+01
6.506347656250000000e-01 -3.940000000000058833e+01
6.301269531250000000e-01 -4.170000000000062101e+01
6.396484375000000000e-01 -4.100000000000061107e+01
6.398925781250000000e-01 -4.110000000000061249e+01
6.301269531250000000e-01 -4.220000000000062812e+01
6.301269531250000000e-01 -4.240000000000063096e+01
6.398925781250000000e-01 -4.160000000000061959e+01
6.398925781250000000e-01 -4.180000000000062244e+01
6.398925781250000000e-01 -4.200000000000062528e+01
6.396484375000000000e-01 -4.220000000000062812e+01
6.396484375000000000e-01 -4.240000000000063096e+01
6.396484375000000000e-01 -4.260000000000063380e+01
6.301269531250000000e-01 -4.380000000000065086e+01
6.259765625000000000e-01 -4.430000000000065796e+01
6.301269531250000000e-01 -4.420000000000065654e+01
6.398925781250000000e-01 -4.340000000000064517e+01
6.259765625000000000e-01 -4.500000000000066791e+01
6.301269531250000000e-01 -4.490000000000066649e+01
6.398925781250000000e-01 -4.160000000000061959e+01
6.396484375000000000e-01 -4.180000000000062244e+01
6.301269531250000000e-01 -4.290000000000063807e+01
6.301269531250000000e-01 -4.310000000000064091e+01
6.301269531250000000e-01 -4.330000000000064375e+01
6.301269531250000000e-01 -4.350000000000064659e+01
6.301269531250000000e-01 -4.370000000000064944e+01
6.257324218750000000e-01 -4.430000000000065796e+01
6.259765625000000000e-01 -4.450000000000066080e+01
6.301269531250000000e-01 -4.450000000000066080e+01
6.259765625000000000e-01 -4.510000000000066933e+01
6.188964843750000000e-01 -4.610000000000068354e+01
6.259765625000000000e-01 -4.560000000000067644e+01
6.257324218750000000e-01 -4.590000000000068070e+01
6.259765625000000000e-01 -4.610000000000068354e+01
6.259765625000000000e-01 -4.640000000000068781e+01
6.259765625000000000e-01 -4.670000000000069207e+01
6.259765625000000000e-01 -4.700000000000069633e+01
6.188964843750000000e-01 -4.820000000000071338e+01
6.247558593750000000e-01 -4.790000000000070912e+01
6.188964843750000000e-01 -4.890000000000072333e+01
6.247558593750000000e-01 -4.860000000000071907e+01
6.188964843750000000e-01 -5.010000000000074039e+01
6.188964843750000000e-01 -5.050000000000074607e+01
6.188964843750000000e-01 -5.100000000000075318e+01
6.188964843750000000e-01 -5.150000000000076028e+01
6.188964843750000000e-01 -5.200000000000076739e+01
6.188964843750000000e-01 -5.250000000000077449e+01
6.188964843750000000e-01 -5.310000000000078302e+01
6.188964843750000000e-01 -5.380000000000079297e+01
6.188964843750000000e-01 -5.450000000000080291e+01
6.247558593750000000e-01 -5.430000000000080007e+01
6.369628906250000000e-01 -5.230000000000077165e+01
6.369628906250000000e-01 -5.280000000000077875e+01
6.374511718750000000e-01 -5.310000000000078302e+01
6.386718750000000000e-01 -5.340000000000078728e+01
6.391601562500000000e-01 -5.380000000000079297e+01
6.401367187500000000e-01 -5.410000000000079723e+01
6.416015625000000000e-01 -5.400000000000079581e+01
6.437988281250000000e-01 -5.370000000000079154e+01
6.452636718750000000e-01 -5.340000000000078728e+01
6.472167968750000000e-01 -5.310000000000078302e+01
6.494140625000000000e-01 -5.280000000000077875e+01
6.511230468750000000e-01 -5.250000000000077449e+01
6.528320312500000000e-01 -5.230000000000077165e+01
6.540527343750000000e-01 -5.200000000000076739e+01
6.560058593750000000e-01 -5.180000000000076454e+01
6.577148437500000000e-01 -5.150000000000076028e+01
6.589355468750000000e-01 -5.130000000000075744e+01
6.611328125000000000e-01 -5.100000000000075318e+01
6.621093750000000000e-01 -5.080000000000075033e+01
6.640625000000000000e-01 -5.060000000000074749e+01
6.655273437500000000e-01 -5.020000000000074181e+01
6.672363281250000000e-01 -4.980000000000073612e+01
6.687011718750000000e-01 -4.950000000000073186e+01
6.704101562500000000e-01 -4.910000000000072617e+01
6.716308593750000000e-01 -4.880000000000072191e+01
6.730957031250000000e-01 -4.850000000000071765e+01
6.774902343750000000e-01 -4.700000000000069633e+01
6.789550781250000000e-01 -4.680000000000069349e+01
6.801757812500000000e-01 -4.650000000000068923e+01
6.813964843750000000e-01 -4.620000000000068496e+01
6.828613281250000000e-01 -4.600000000000068212e+01
6.840820312500000000e-01 -4.570000000000067786e+01
6.850585937500000000e-01 -4.550000000000067502e+01
6.860351562500000000e-01 -4.520000000000067075e+01
6.877441406250000000e-01 -4.500000000000066791e+01
6.882324218750000000e-01 -4.480000000000066507e+01
6.896972656250000000e-01 -4.450000000000066080e+01
6.906738281250000000e-01 -4.420000000000065654e+01
6.928710937500000000e-01 -4.400000000000065370e+01
6.936035156250000000e-01 -4.380000000000065086e+01
6.943359375000000000e-01 -4.360000000000064801e+01
6.948242187500000000e-01 -4.340000000000064517e+01
6.962890625000000000e-01 -4.310000000000064091e+01
6.979980468750000000e-01 -4.290000000000063807e+01
6.982421875000000000e-01 -4.270000000000063523e+01
6.992187500000000000e-01 -4.250000000000063238e+01
7.011718750000000000e-01 -4.230000000000062954e+01
7.014160156250000000e-01 -4.220000000000062812e+01
7.021484375000000000e-01 -4.200000000000062528e+01
7.031250000000000000e-01 -4.180000000000062244e+01
7.038574218750000000e-01 -4.160000000000061959e+01
6.943359375000000000e-01 -3.830000000000057270e+01
6.979980468750000000e-01 -3.780000000000056559e+01
6.979980468750000000e-01 -3.800000000000056843e+01
6.979980468750000000e-01 -3.810000000000056986e+01
7.014160156250000000e-01 -3.750000000000056133e+01
6.884765625000000000e-01 -3.950000000000058975e+01
6.901855468750000000e-01 -3.920000000000058549e+01
6.901855468750000000e-01 -3.940000000000058833e+01
6.936035156250000000e-01 -3.910000000000058407e+01
6.936035156250000000e-01 -3.930000000000058691e+01
6.938476562500000000e-01 -3.920000000000058549e+01
6.943359375000000000e-01 -3.910000000000058407e+01
6.711425781250000000e-01 -3.910000000000058407e+01
6.711425781250000000e-01 -3.930000000000058691e+01
6.711425781250000000e-01 -3.950000000000058975e+01
6.706542968750000000e-01 -3.970000000000059259e+01
6.706542968750000000e-01 -3.990000000000059543e+01
6.711425781250000000e-01 -4.010000000000059828e+01
6.711425781250000000e-01 -4.030000000000060112e+01
6.711425781250000000e-01 -4.050000000000060396e+01
6.711425781250000000e-01 -4.070000000000060680e+01
6.711425781250000000e-01 -4.100000000000061107e+01
6.711425781250000000e-01 -4.120000000000061391e+01
6.943359375000000000e-01 -3.910000000000058407e+01
6.711425781250000000e-01 -4.170000000000062101e+01
6.706542968750000000e-01 -4.200000000000062528e+01
6.711425781250000000e-01 -4.220000000000062812e+01
6.804199218750000000e-01 -4.170000000000062101e+01
6.711425781250000000e-01 -4.260000000000063380e+01
6.711425781250000000e-01 -4.290000000000063807e+01
6.711425781250000000e-01 -4.320000000000064233e+01
6.711425781250000000e-01 -4.350000000000064659e+01
6.711425781250000000e-01 -4.380000000000065086e+01
6.691894531250000000e-01 -4.430000000000065796e+01
6.711425781250000000e-01 -4.450000000000066080e+01
6.701660156250000000e-01 -4.500000000000066791e+01
6.711425781250000000e-01 -4.520000000000067075e+01
6.701660156250000000e-01 -4.600000000000068212e+01
6.701660156250000000e-01 -4.640000000000068781e+01
6.696777343750000000e-01 -4.690000000000069491e+01
6.713867187500000000e-01 -4.710000000000069775e+01
6.760253906250000000e-01 -4.690000000000069491e+01
6.760253906250000000e-01 -4.740000000000070202e+01
6.699218750000000000e-01 -4.760000000000070486e+01
6.665039062500000000e-01 -4.850000000000071765e+01
6.699218750000000000e-01 -4.870000000000072049e+01
6.713867187500000000e-01 -4.890000000000072333e+01
6.738281250000000000e-01 -4.910000000000072617e+01
6.760253906250000000e-01 -4.930000000000072902e+01
6.765136718750000000e-01 -4.960000000000073328e+01
6.799316406250000000e-01 -4.980000000000073612e+01
6.804199218750000000e-01 -5.010000000000074039e+01
6.828613281250000000e-01 -5.020000000000074181e+01
6.835937500000000000e-01 -5.060000000000074749e+01
6.855468750000000000e-01 -5.080000000000075033e+01
6.879882812500000000e-01 -5.090000000000075175e+01
6.882324218750000000e-01 -5.140000000000075886e+01
6.936035156250000000e-01 -5.070000000000074891e+01
6.943359375000000000e-01 -5.100000000000075318e+01
6.948242187500000000e-01 -5.130000000000075744e+01
6.962890625000000000e-01 -5.160000000000076170e+01
6.977539062500000000e-01 -5.190000000000076597e+01
6.982421875000000000e-01 -5.220000000000077023e+01
6.992187500000000000e-01 -5.260000000000077591e+01
7.006835937500000000e-01 -5.290000000000078018e+01
7.038574218750000000e-01 -5.030000000000074323e+01
7.065429687500000000e-01 -4.960000000000073328e+01
7.084960937500000000e-01 -4.900000000000072475e+01
7.106933593750000000e-01 -4.840000000000071623e+01
7.116699218750000000e-01 -4.790000000000070912e+01
7.133789062500000000e-01 -4.740000000000070202e+01
7.150878906250000000e-01 -4.690000000000069491e+01
7.172851562500000000e-01 -4.640000000000068781e+01
7.187500000000000000e-01 -4.600000000000068212e+01
7.199707031250000000e-01 -4.560000000000067644e+01
7.209472656250000000e-01 -4.520000000000067075e+01
7.229003906250000000e-01 -4.480000000000066507e+01
7.238769531250000000e-01 -4.450000000000066080e+01
7.160644531250000000e-01 -4.120000000000061391e+01
7.197265625000000000e-01 -4.070000000000060680e+01
7.197265625000000000e-01 -4.100000000000061107e+01
7.204589843750000000e-01 -4.090000000000060965e+01
7.229003906250000000e-01 -4.060000000000060538e+01
7.229003906250000000e-01 -4.080000000000060822e+01
6.979980468750000000e-01 -4.340000000000064517e+01
5.764160156250000000e-01 -5.070000000000074891e+01
5.822753906250000000e-01 -5.010000000000074039e+01
5.825195312500000000e-01 -5.020000000000074181e+01
5.825195312500000000e-01 -5.030000000000074323e+01
5.827636718750000000e-01 -5.040000000000074465e+01
5.827636718750000000e-01 -5.050000000000074607e+01
5.825195312500000000e-01 -5.070000000000074891e+01
5.825195312500000000e-01 -5.080000000000075033e+01
5.827636718750000000e-01 -5.090000000000075175e+01
5.913085937500000000e-01 -5.010000000000074039e+01
6.943359375000000000e-01 -4.640000000000068781e+01
6.711425781250000000e-01 -4.960000000000073328e+01
6.711425781250000000e-01 -5.020000000000074181e+01
6.706542968750000000e-01 -5.090000000000075175e+01
6.711425781250000000e-01 -5.160000000000076170e+01
6.711425781250000000e-01 -5.240000000000077307e+01
6.801757812500000000e-01 -5.240000000000077307e+01
6.801757812500000000e-01 -5.330000000000078586e+01
6.884765625000000000e-01 -5.290000000000078018e+01
6.901855468750000000e-01 -5.350000000000078870e+01
6.943359375000000000e-01 -5.360000000000079012e+01
6.982421875000000000e-01 -5.360000000000079012e+01
7.019042968750000000e-01 -5.370000000000079154e+01
7.038574218750000000e-01 -5.370000000000079154e+01
7.080078125000000000e-01 -5.360000000000079012e+01
7.126464843750000000e-01 -5.310000000000078302e+01
7.145996093750000000e-01 -5.320000000000078444e+01
7.163085937500000000e-01 -5.320000000000078444e+01
7.182617187500000000e-01 -5.320000000000078444e+01
7.197265625000000000e-01 -5.330000000000078586e+01
7.211914062500000000e-01 -5.330000000000078586e+01
7.231445312500000000e-01 -5.190000000000076597e+01
7.246093750000000000e-01 -5.160000000000076170e+01
7.263183593750000000e-01 -5.130000000000075744e+01
7.282714843750000000e-01 -5.060000000000074749e+01
7.307128906250000000e-01 -4.990000000000073754e+01
7.329101562500000000e-01 -4.920000000000072760e+01
7.346191406250000000e-01 -4.860000000000071907e+01
7.363281250000000000e-01 -4.800000000000071054e+01
7.275390625000000000e-01 -4.690000000000069491e+01
7.299804687500000000e-01 -4.680000000000069349e+01
7.319335937500000000e-01 -4.610000000000068354e+01
7.336425781250000000e-01 -4.600000000000068212e+01
6.943359375000000000e-01 -4.860000000000071907e+01
6.979980468750000000e-01 -4.870000000000072049e+01
7.028808593750000000e-01 -4.860000000000071907e+01
7.028808593750000000e-01 -4.900000000000072475e+01
7.106933593750000000e-01 -4.870000000000072049e+01
7.106933593750000000e-01 -4.940000000000073044e+01
7.131347656250000000e-01 -4.940000000000073044e+01
7.143554687500000000e-01 -4.980000000000073612e+01
7.189941406250000000e-01 -4.940000000000073044e+01
7.197265625000000000e-01 -4.990000000000073754e+01
7.209472656250000000e-01 -5.010000000000074039e+01
7.231445312500000000e-01 -5.100000000000075318e+01
7.246093750000000000e-01 -5.150000000000076028e+01
7.260742187500000000e-01 -5.200000000000076739e+01
7.272949218750000000e-01 -5.260000000000077591e+01
7.282714843750000000e-01 -5.320000000000078444e+01
7.299804687500000000e-01 -5.380000000000079297e+01
7.307128906250000000e-01 -5.450000000000080291e+01
7.214355468750000000e-01 -5.630000000000082849e+01
7.231445312500000000e-01 -5.690000000000083702e+01
7.246093750000000000e-01 -5.760000000000084697e+01
7.268066406250000000e-01 -5.780000000000084981e+01
7.299804687500000000e-01 -5.690000000000083702e+01
7.346191406250000000e-01 -5.130000000000075744e+01
7.341308593750000000e-01 -5.270000000000077733e+01
7.363281250000000000e-01 -5.230000000000077165e+01
7.385253906250000000e-01 -5.190000000000076597e+01
7.404785156250000000e-01 -5.160000000000076170e+01
7.424316406250000000e-01 -5.120000000000075602e+01
7.438964843750000000e-01 -5.090000000000075175e+01
7.460937500000000000e-01 -5.030000000000074323e+01
7.482910156250000000e-01 -4.950000000000073186e+01
7.409667968750000000e-01 -4.700000000000069633e+01
7.424316406250000000e-01 -4.680000000000069349e+01
7.446289062500000000e-01 -4.660000000000069065e+01
7.470703125000000000e-01 -4.630000000000068638e+01
7.478027343750000000e-01 -4.630000000000068638e+01
7.495117187500000000e-01 -4.610000000000068354e+01
7.512207031250000000e-01 -4.590000000000068070e+01
7.524414062500000000e-01 -4.570000000000067786e+01
7.534179687500000000e-01 -4.550000000000067502e+01
7.534179687500000000e-01 -4.580000000000067928e+01
7.546386718750000000e-01 -4.560000000000067644e+01
7.563476562500000000e-01 -4.530000000000067217e+01
7.578125000000000000e-01 -4.510000000000066933e+01
7.590332031250000000e-01 -4.210000000000062670e+01
7.604980468750000000e-01 -4.190000000000062386e+01
7.617187500000000000e-01 -4.180000000000062244e+01
7.622070312500000000e-01 -4.150000000000061817e+01
7.641601562500000000e-01 -4.120000000000061391e+01
7.651367187500000000e-01 -4.110000000000061249e+01
7.658691406250000000e-01 -4.100000000000061107e+01
7.673339843750000000e-01 -4.080000000000060822e+01
7.680664062500000000e-01 -4.060000000000060538e+01
7.690429687500000000e-01 -4.050000000000060396e+01
7.697753906250000000e-01 -4.030000000000060112e+01
7.714843750000000000e-01 -3.980000000000059401e+01
7.719726562500000000e-01 -3.960000000000059117e+01
7.729492187500000000e-01 -3.950000000000058975e+01
7.736816406250000000e-01 -3.940000000000058833e+01
7.746582031250000000e-01 -3.930000000000058691e+01
7.756347656250000000e-01 -3.920000000000058549e+01
7.766113281250000000e-01 -3.910000000000058407e+01
7.775878906250000000e-01 -3.900000000000058265e+01
7.783203125000000000e-01 -3.890000000000058122e+01
7.795410156250000000e-01 -3.870000000000057838e+01
7.910156250000000000e-01 -3.490000000000052438e+01
7.919921875000000000e-01 -3.390000000000051017e+01
7.924804687500000000e-01 -3.390000000000051017e+01
7.924804687500000000e-01 -3.390000000000051017e+01
7.941894531250000000e-01 -3.390000000000051017e+01
7.944335937500000000e-01 -3.390000000000051017e+01
7.958984375000000000e-01 -3.360000000000050591e+01
7.829589843750000000e-01 -3.570000000000053575e+01
7.817382812500000000e-01 -3.630000000000054428e+01
7.817382812500000000e-01 -3.660000000000054854e+01
7.819824218750000000e-01 -3.680000000000055138e+01
7.829589843750000000e-01 -3.680000000000055138e+01
7.829589843750000000e-01 -3.690000000000055280e+01
7.832031250000000000e-01 -3.700000000000055422e+01
7.851562500000000000e-01 -3.700000000000055422e+01
7.854003906250000000e-01 -3.700000000000055422e+01
7.863769531250000000e-01 -3.700000000000055422e+01
7.880859375000000000e-01 -3.690000000000055280e+01
7.880859375000000000e-01 -3.700000000000055422e+01
7.883300781250000000e-01 -3.710000000000055564e+01
7.897949218750000000e-01 -3.710000000000055564e+01
7.907714843750000000e-01 -3.710000000000055564e+01
7.907714843750000000e-01 -3.660000000000054854e+01
7.919921875000000000e-01 -3.660000000000054854e+01
7.924804687500000000e-01 -3.660000000000054854e+01
7.927246093750000000e-01 -3.660000000000054854e+01
7.941894531250000000e-01 -3.660000000000054854e+01
7.907714843750000000e-01 -3.650000000000054712e+01
8.164062500000000000e-01 -3.660000000000054854e+01
8.164062500000000000e-01 -3.670000000000054996e+01
8.168945312500000000e-01 -3.680000000000055138e+01
8.168945312500000000e-01 -3.680000000000055138e+01
8.171386718750000000e-01 -3.690000000000055280e+01
8.173828125000000000e-01 -3.700000000000055422e+01
8.173828125000000000e-01 -3.710000000000055564e+01
8.176269531250000000e-01 -3.720000000000055707e+01
8.178710937500000000e-01 -3.730000000000055849e+01
8.168945312500000000e-01 -3.760000000000056275e+01
8.173828125000000000e-01 -3.760000000000056275e+01
8.173828125000000000e-01 -3.760000000000056275e+01
8.178710937500000000e-01 -3.760000000000056275e+01
8.186035156250000000e-01 -3.750000000000056133e+01
8.193359375000000000e-01 -3.720000000000055707e+01
8.249511718750000000e-01 -3.420000000000051443e+01
8.254394531250000000e-01 -3.420000000000051443e+01
8.254394531250000000e-01 -3.420000000000051443e+01
8.256835937500000000e-01 -3.420000000000051443e+01
8.256835937500000000e-01 -3.430000000000051585e+01
8.256835937500000000e-01 -3.440000000000051728e+01
8.208007812500000000e-01 -3.670000000000054996e+01
8.212890625000000000e-01 -3.670000000000054996e+01
8.212890625000000000e-01 -3.680000000000055138e+01
8.217773437500000000e-01 -3.690000000000055280e+01
8.217773437500000000e-01 -3.620000000000054285e+01
8.217773437500000000e-01 -3.630000000000054428e+01
8.220214843750000000e-01 -3.630000000000054428e+01
8.222656250000000000e-01 -3.640000000000054570e+01
8.225097656250000000e-01 -3.650000000000054712e+01
8.310546875000000000e-01 -3.730000000000055849e+01
8.312988281250000000e-01 -3.750000000000056133e+01
8.312988281250000000e-01 -3.770000000000056417e+01
8.312988281250000000e-01 -3.800000000000056843e+01
8.312988281250000000e-01 -3.820000000000057128e+01
8.312988281250000000e-01 -3.840000000000057412e+01
8.312988281250000000e-01 -3.860000000000057696e+01
8.322753906250000000e-01 -3.820000000000057128e+01
8.327636718750000000e-01 -3.790000000000056701e+01
8.308105468750000000e-01 -3.910000000000058407e+01
8.312988281250000000e-01 -3.880000000000057980e+01
8.320312500000000000e-01 -3.840000000000057412e+01
8.327636718750000000e-01 -3.810000000000056986e+01
8.337402343750000000e-01 -3.780000000000056559e+01
8.308105468750000000e-01 -3.930000000000058691e+01
8.310546875000000000e-01 -3.930000000000058691e+01
8.312988281250000000e-01 -3.920000000000058549e+01
8.317871093750000000e-01 -3.920000000000058549e+01
8.325195312500000000e-01 -3.910000000000058407e+01
8.327636718750000000e-01 -3.910000000000058407e+01
8.374023437500000000e-01 -3.730000000000055849e+01
8.374023437500000000e-01 -3.760000000000056275e+01
8.374023437500000000e-01 -3.780000000000056559e+01
8.381347656250000000e-01 -3.780000000000056559e+01
8.361816406250000000e-01 -3.860000000000057696e+01
8.364257812500000000e-01 -3.840000000000057412e+01
8.366699218750000000e-01 -3.830000000000057270e+01
8.374023437500000000e-01 -3.810000000000056986e+01
8.381347656250000000e-01 -3.800000000000056843e+01
8.400878906250000000e-01 -3.660000000000054854e+01
8.400878906250000000e-01 -3.650000000000054712e+01
8.413085937500000000e-01 -3.630000000000054428e+01
8.413085937500000000e-01 -3.620000000000054285e+01
8.413085937500000000e-01 -3.620000000000054285e+01
8.417968750000000000e-01 -3.600000000000054001e+01
8.417968750000000000e-01 -3.590000000000053859e+01
8.422851562500000000e-01 -3.580000000000053717e+01
8.432617187500000000e-01 -3.560000000000053433e+01
8.435058593750000000e-01 -3.550000000000053291e+01
8.437500000000000000e-01 -3.540000000000053149e+01
8.466796875000000000e-01 -3.320000000000050022e+01
8.474121093750000000e-01 -3.310000000000049880e+01
8.479003906250000000e-01 -3.300000000000049738e+01
8.479003906250000000e-01 -3.290000000000049596e+01
8.520507812500000000e-01 -3.200000000000048317e+01
8.530273437500000000e-01 -3.180000000000048033e+01
8.530273437500000000e-01 -3.180000000000048033e+01
8.535156250000000000e-01 -3.170000000000047891e+01
8.535156250000000000e-01 -3.160000000000047748e+01
8.537597656250000000e-01 -3.150000000000047606e+01
8.540039062500000000e-01 -3.140000000000047464e+01
8.544921875000000000e-01 -3.130000000000047322e+01
8.549804687500000000e-01 -3.090000000000046754e+01
8.557128906250000000e-01 -3.080000000000046612e+01
8.559570312500000000e-01 -3.070000000000046469e+01
8.564453125000000000e-01 -3.060000000000046327e+01
8.684082031250000000e-01 -2.920000000000044338e+01
8.686523437500000000e-01 -2.910000000000044196e+01
8.693847656250000000e-01 -2.980000000000045191e+01
8.693847656250000000e-01 -2.980000000000045191e+01
8.693847656250000000e-01 -2.970000000000045048e+01
8.708496093750000000e-01 -3.040000000000046043e+01
8.886718750000000000e-01 -2.540000000000038938e+01
8.889160156250000000e-01 -2.530000000000038796e+01
8.889160156250000000e-01 -2.520000000000038654e+01
8.889160156250000000e-01 -2.520000000000038654e+01
8.896484375000000000e-01 -2.510000000000038511e+01
8.889160156250000000e-01 -2.580000000000039506e+01
8.894042968750000000e-01 -2.570000000000039364e+01
8.898925781250000000e-01 -2.560000000000039222e+01
8.901367187500000000e-01 -2.550000000000039080e+01
8.903808593750000000e-01 -2.540000000000038938e+01
8.906250000000000000e-01 -2.530000000000038796e+01
8.906250000000000000e-01 -2.530000000000038796e+01
