1.000000000000000000e+00 0.000000000000000000e+00
2.100000000000000000e+01 -9.788610730004771554e+00
4.100000000000000000e+01 -9.887594124024253972e+00
6.100000000000000000e+01 -1.048926614212921926e+01
8.100000000000000000e+01 -1.089864596864398649e+01
1.010000000000000000e+02 -1.123482017065042093e+01
1.210000000000000000e+02 -1.156199760492878248e+01
1.410000000000000000e+02 -1.185430466472882571e+01
1.610000000000000000e+02 -1.215935401166126795e+01
1.810000000000000000e+02 -1.241931691427306106e+01
2.010000000000000000e+02 -1.265096613983883067e+01
2.210000000000000000e+02 -1.290241681819408726e+01
2.410000000000000000e+02 -1.308738760264079026e+01
2.610000000000000000e+02 -1.331690825995304550e+01
2.810000000000000000e+02 -1.383924125376458392e+01
3.010000000000000000e+02 -1.515010533609505572e+01
3.210000000000000000e+02 -1.814740557386922148e+01
3.410000000000000000e+02 -2.125282024750286780e+01
3.610000000000000000e+02 -2.149074790386538325e+01
3.810000000000000000e+02 -2.066533335460703569e+01
4.010000000000000000e+02 -2.130859467536256346e+01
4.210000000000000000e+02 -2.091996598125119533e+01
4.410000000000000000e+02 -2.081148644810302528e+01
4.610000000000000000e+02 -2.143084968237038979e+01
4.810000000000000000e+02 -2.058792647687471344e+01
5.010000000000000000e+02 -2.152007972501458966e+01
5.210000000000000000e+02 -2.070795409771526607e+01
5.410000000000000000e+02 -2.119667827053769216e+01
5.610000000000000000e+02 -2.118162893638368161e+01
5.810000000000000000e+02 -2.080646617212289584e+01
6.010000000000000000e+02 -2.154086992128785027e+01
6.210000000000000000e+02 -2.070766041866665930e+01
6.410000000000000000e+02 -2.146143333529666108e+01
6.610000000000000000e+02 -2.095252733035825798e+01
6.810000000000000000e+02 -2.110535809472807145e+01
7.010000000000000000e+02 -2.139931516966581171e+01
7.210000000000000000e+02 -2.080494246573093164e+01
7.410000000000000000e+02 -2.157271324397500578e+01
7.610000000000000000e+02 -2.086571748433525997e+01
7.810000000000000000e+02 -2.134917527437816887e+01
8.010000000000000000e+02 -2.121330638813548575e+01
8.210000000000000000e+02 -2.101714713602631690e+01
8.410000000000000000e+02 -2.154943373148574892e+01
8.610000000000000000e+02 -2.085450490856278094e+01
8.810000000000000000e+02 -2.151394757461864060e+01
9.010000000000000000e+02 -2.107807086555831688e+01
9.210000000000000000e+02 -2.120906992712748718e+01
9.410000000000000000e+02 -2.144752530408998936e+01
9.610000000000000000e+02 -2.097081652857671230e+01
9.810000000000000000e+02 -2.158992152054217684e+01
1.001000000000000000e+03 -2.098855935170703191e+01
1.021000000000000000e+03 -2.138674942711105942e+01
1.041000000000000000e+03 -2.132211907700673947e+01
1.061000000000000000e+03 -2.108652537026010521e+01
1.081000000000000000e+03 -2.158661147496878741e+01
1.101000000000000000e+03 -2.100899608685586983e+01
1.121000000000000000e+03 -2.151511857018963170e+01
1.141000000000000000e+03 -2.120978574786206750e+01
1.161000000000000000e+03 -2.124278559847780556e+01
1.181000000000000000e+03 -2.153271093793939528e+01
1.201000000000000000e+03 -2.104032996987776372e+01
1.221000000000000000e+03 -2.159132617835402002e+01
1.241000000000000000e+03 -2.116183511245290916e+01
1.261000000000000000e+03 -2.136925597644922448e+01
1.281000000000000000e+03 -2.146455100373115954e+01
1.301000000000000000e+03 -2.114520123034179022e+01
1.321000000000000000e+03 -2.162691891098880959e+01
1.341000000000000000e+03 -2.112399269215326569e+01
1.361000000000000000e+03 -2.148206489931457597e+01
1.381000000000000000e+03 -2.139727773149175505e+01
1.401000000000000000e+03 -2.122712461508196213e+01
1.421000000000000000e+03 -2.162759686677620863e+01
1.441000000000000000e+03 -2.115788297119076233e+01
1.461000000000000000e+03 -2.156944043686203827e+01
1.481000000000000000e+03 -2.133238279529904702e+01
1.501000000000000000e+03 -2.133933048289084411e+01
1.521000000000000000e+03 -2.159997816369528678e+01
1.541000000000000000e+03 -2.117674639167900352e+01
1.561000000000000000e+03 -2.162780643511282719e+01
1.581000000000000000e+03 -2.130249870457878103e+01
1.601000000000000000e+03 -2.142905973540357678e+01
1.621000000000000000e+03 -2.155922782834009865e+01
1.641000000000000000e+03 -2.125458209765525908e+01
1.661000000000000000e+03 -2.166356553572708421e+01
1.681000000000000000e+03 -2.126580066626889476e+01
1.701000000000000000e+03 -2.151962193289584491e+01
1.721000000000000000e+03 -2.150805464721028315e+01
1.741000000000000000e+03 -2.131096772025890829e+01
1.761000000000000000e+03 -2.167281626918535764e+01
1.781000000000000000e+03 -2.128469394446078056e+01
1.801000000000000000e+03 -2.159595332103942056e+01
1.821000000000000000e+03 -2.145150063250021333e+01
1.841000000000000000e+03 -2.140680953701231104e+01
1.861000000000000000e+03 -2.165627830623648009e+01
1.881000000000000000e+03 -2.129170850939417292e+01
1.901000000000000000e+03 -2.165453246055923842e+01
1.921000000000000000e+03 -2.141560115440938006e+01
1.941000000000000000e+03 -2.148993729747896708e+01
1.961000000000000000e+03 -2.161998642802338821e+01
1.981000000000000000e+03 -2.136202943129989151e+01
2.001000000000000000e+03 -2.169359904653785520e+01
2.021000000000000000e+03 -2.137604225537560865e+01
2.041000000000000000e+03 -2.158534378135918885e+01
2.061000000000000000e+03 -2.156351224433107561e+01
2.081000000000000000e+03 -2.142972728596827992e+01
2.101000000000000000e+03 -2.169877352245766744e+01
2.121000000000000000e+03 -2.139912651327365012e+01
2.141000000000000000e+03 -2.166897843080720776e+01
2.161000000000000000e+03 -2.149883221518736320e+01
2.181000000000000000e+03 -2.153942139975438863e+01
2.201000000000000000e+03 -2.167496162868652476e+01
2.221000000000000000e+03 -2.142132813536048985e+01
2.241000000000000000e+03 -2.168047091459956022e+01
2.261000000000000000e+03 -2.159499814676395957e+01
2.281000000000000000e+03 -2.146501054622396509e+01
2.301000000000000000e+03 -2.168051220333218509e+01
2.321000000000000000e+03 -2.166542136134352958e+01
2.341000000000000000e+03 -2.144057371054463701e+01
2.361000000000000000e+03 -2.164910400570631666e+01
2.381000000000000000e+03 -2.167563850968218020e+01
2.401000000000000000e+03 -2.150680434434714527e+01
2.421000000000000000e+03 -2.158158728227980561e+01
2.441000000000000000e+03 -2.173845351357928735e+01
2.461000000000000000e+03 -2.158210930851201326e+01
2.481000000000000000e+03 -2.151569322444768773e+01
2.501000000000000000e+03 -2.170100695303588623e+01
2.521000000000000000e+03 -2.170855681806625626e+01
2.541000000000000000e+03 -2.152913031566497182e+01
2.561000000000000000e+03 -2.158956678840887733e+01
2.581000000000000000e+03 -2.175401990100143479e+01
2.601000000000000000e+03 -2.159231061756035430e+01
2.621000000000000000e+03 -2.150565017053261130e+01
2.641000000000000000e+03 -2.156001180457583644e+01
2.661000000000000000e+03 -2.175656426152910683e+01
2.681000000000000000e+03 -2.174363864610695884e+01
2.701000000000000000e+03 -2.156717227007775506e+01
2.721000000000000000e+03 -2.168647740331517326e+01
2.741000000000000000e+03 -2.159140748023519052e+01
2.761000000000000000e+03 -2.162226775216219465e+01
2.781000000000000000e+03 -2.175412816432308105e+01
2.801000000000000000e+03 -2.178134663674386573e+01
2.821000000000000000e+03 -2.168958427304081837e+01
2.841000000000000000e+03 -2.160048637833107321e+01
2.861000000000000000e+03 -2.178712439596109718e+01
2.881000000000000000e+03 -2.178427931386721994e+01
2.901000000000000000e+03 -2.162267949742310691e+01
2.921000000000000000e+03 -2.161923699501096863e+01
2.941000000000000000e+03 -2.161862358605313261e+01
2.961000000000000000e+03 -2.160315865934011015e+01
2.981000000000000000e+03 -2.180085590958582742e+01
3.001000000000000000e+03 -2.179837640259034259e+01
3.021000000000000000e+03 -2.171799494622852578e+01
3.041000000000000000e+03 -2.168079392064514721e+01
3.061000000000000000e+03 -2.159293334821006738e+01
3.081000000000000000e+03 -2.159821871543119087e+01
3.101000000000000000e+03 -2.163088191498691160e+01
3.121000000000000000e+03 -2.181356050647178080e+01
3.141000000000000000e+03 -2.182351444865680534e+01
3.161000000000000000e+03 -2.164843473573961674e+01
3.181000000000000000e+03 -2.169161247157701666e+01
3.201000000000000000e+03 -2.162732430274295936e+01
3.221000000000000000e+03 -2.174869308325065731e+01
3.241000000000000000e+03 -2.182831918256567150e+01
3.261000000000000000e+03 -2.168291556649037588e+01
3.281000000000000000e+03 -2.179557852292454356e+01
3.301000000000000000e+03 -2.173246985242037610e+01
3.321000000000000000e+03 -2.182650548297628035e+01
3.341000000000000000e+03 -2.180538305598905069e+01
3.361000000000000000e+03 -2.178590061650076493e+01
3.381000000000000000e+03 -2.167046442725325406e+01
3.401000000000000000e+03 -2.173527345152336565e+01
3.421000000000000000e+03 -2.174450941309505581e+01
3.441000000000000000e+03 -2.186522263490003226e+01
3.461000000000000000e+03 -2.171455831101478751e+01
3.481000000000000000e+03 -2.187046495370848831e+01
3.501000000000000000e+03 -2.170560342989053737e+01
3.521000000000000000e+03 -2.172422100212413909e+01
3.541000000000000000e+03 -2.179867397071088320e+01
3.561000000000000000e+03 -2.188389317188703131e+01
3.581000000000000000e+03 -2.172623008791892829e+01
3.601000000000000000e+03 -2.187031468419356628e+01
3.621000000000000000e+03 -2.174339163070060721e+01
3.641000000000000000e+03 -2.189651608192333043e+01
3.661000000000000000e+03 -2.190144263474744335e+01
3.681000000000000000e+03 -2.168765642416801498e+01
3.701000000000000000e+03 -2.189649588807199265e+01
3.721000000000000000e+03 -2.185603923597454212e+01
3.741000000000000000e+03 -2.183473590298803302e+01
3.761000000000000000e+03 -2.191785724857943052e+01
3.781000000000000000e+03 -2.183900937405607579e+01
3.801000000000000000e+03 -2.179776334806850002e+01
3.821000000000000000e+03 -2.192725832118010487e+01
3.841000000000000000e+03 -2.177319388697049973e+01
3.861000000000000000e+03 -2.180847547294908395e+01
3.881000000000000000e+03 -2.180661959197819044e+01
3.901000000000000000e+03 -2.193353999258732756e+01
3.921000000000000000e+03 -2.190472997520364729e+01
3.941000000000000000e+03 -2.189311774221330609e+01
3.961000000000000000e+03 -2.188619231218009276e+01
3.981000000000000000e+03 -2.180190717521480792e+01
4.001000000000000000e+03 -2.185912114687773311e+01
4.021000000000000000e+03 -2.180946696218918390e+01
4.041000000000000000e+03 -2.184767504769562052e+01
4.061000000000000000e+03 -2.184965678498450359e+01
4.081000000000000000e+03 -2.193807054837473203e+01
4.101000000000000000e+03 -2.196556278700187903e+01
4.121000000000000000e+03 -2.186763684630023619e+01
4.141000000000000000e+03 -2.184132788869261077e+01
4.161000000000000000e+03 -2.196498579152751773e+01
4.181000000000000000e+03 -2.192445366880073010e+01
4.201000000000000000e+03 -2.198176267812753792e+01
4.221000000000000000e+03 -2.200640887671422163e+01
4.241000000000000000e+03 -2.198784523641659661e+01
4.261000000000000000e+03 -2.201471761235577418e+01
4.281000000000000000e+03 -2.201859371809490185e+01
4.301000000000000000e+03 -2.187670805298417065e+01
4.321000000000000000e+03 -2.200016044922637093e+01
4.341000000000000000e+03 -2.191529349316656905e+01
4.361000000000000000e+03 -2.203595884539950589e+01
4.381000000000000000e+03 -2.193431375804465944e+01
4.401000000000000000e+03 -2.202962955034765358e+01
4.421000000000000000e+03 -2.191234014481310055e+01
4.441000000000000000e+03 -2.204632539529265856e+01
4.461000000000000000e+03 -2.192556493957723873e+01
4.481000000000000000e+03 -2.201894860957812483e+01
4.501000000000000000e+03 -2.195685521369827597e+01
4.521000000000000000e+03 -2.198119487516214221e+01
4.541000000000000000e+03 -2.207522166538567632e+01
4.561000000000000000e+03 -2.203161722812187051e+01
4.581000000000000000e+03 -2.199650875050131660e+01
4.601000000000000000e+03 -2.208980255323735875e+01
4.621000000000000000e+03 -2.199695780083186492e+01
4.641000000000000000e+03 -2.193990477652132398e+01
4.661000000000000000e+03 -2.195885384087031866e+01
4.681000000000000000e+03 -2.210833710176394362e+01
4.701000000000000000e+03 -2.195732531625872497e+01
4.721000000000000000e+03 -2.204310451146505301e+01
4.741000000000000000e+03 -2.194839905051614437e+01
4.761000000000000000e+03 -2.212935273031329331e+01
4.781000000000000000e+03 -2.203451603431403072e+01
4.801000000000000000e+03 -2.213039375491023719e+01
4.821000000000000000e+03 -2.199990767324841201e+01
4.841000000000000000e+03 -2.201371553463173925e+01
4.861000000000000000e+03 -2.201478637491140589e+01
4.881000000000000000e+03 -2.202323113801350374e+01
4.901000000000000000e+03 -2.207790262493531941e+01
4.921000000000000000e+03 -2.210014537215134567e+01
4.941000000000000000e+03 -2.208095674322173707e+01
4.961000000000000000e+03 -2.213008670288916591e+01
4.981000000000000000e+03 -2.210401651387885380e+01
5.001000000000000000e+03 -2.203443719283610847e+01
5.021000000000000000e+03 -2.207175222748868748e+01
5.041000000000000000e+03 -2.211824775869235182e+01
5.061000000000000000e+03 -2.220308482659632077e+01
5.081000000000000000e+03 -2.217759797571316938e+01
5.101000000000000000e+03 -2.215753246272575439e+01
5.121000000000000000e+03 -2.201338159799760774e+01
5.141000000000000000e+03 -2.210160392351594538e+01
5.161000000000000000e+03 -2.207128531978705510e+01
5.181000000000000000e+03 -2.218338062584297887e+01
5.201000000000000000e+03 -2.219317799180758755e+01
5.221000000000000000e+03 -2.218245502478087872e+01
5.241000000000000000e+03 -2.225505441338304635e+01
5.261000000000000000e+03 -2.223438627378772381e+01
5.281000000000000000e+03 -2.222688943973366094e+01
5.301000000000000000e+03 -2.214303638867255586e+01
5.321000000000000000e+03 -2.223879079131851455e+01
5.341000000000000000e+03 -2.217679293864648571e+01
5.361000000000000000e+03 -2.217854151447756550e+01
5.381000000000000000e+03 -2.221638447974133612e+01
5.401000000000000000e+03 -2.225598747139938638e+01
5.421000000000000000e+03 -2.231791169406769271e+01
5.441000000000000000e+03 -2.229297381504922981e+01
5.461000000000000000e+03 -2.215045928782510387e+01
5.481000000000000000e+03 -2.233945917704626893e+01
5.501000000000000000e+03 -2.235803626843463476e+01
5.521000000000000000e+03 -2.222418123910737364e+01
5.541000000000000000e+03 -2.232261938660991873e+01
5.561000000000000000e+03 -2.237076884148439504e+01
5.581000000000000000e+03 -2.227836221530517236e+01
5.601000000000000000e+03 -2.240118173707271509e+01
5.621000000000000000e+03 -2.224536901808601286e+01
5.641000000000000000e+03 -2.228283493666274495e+01
5.661000000000000000e+03 -2.230195109588062863e+01
5.681000000000000000e+03 -2.243323038839987760e+01
5.701000000000000000e+03 -2.241881101282043076e+01
5.721000000000000000e+03 -2.230193564862560862e+01
5.741000000000000000e+03 -2.233621909526307547e+01
5.761000000000000000e+03 -2.227220312509533784e+01
5.781000000000000000e+03 -2.236441091770682021e+01
5.801000000000000000e+03 -2.238015435936940989e+01
5.821000000000000000e+03 -2.246269801627701668e+01
5.841000000000000000e+03 -2.233704184833374029e+01
5.861000000000000000e+03 -2.238912115042897000e+01
5.881000000000000000e+03 -2.253344135407478177e+01
5.901000000000000000e+03 -2.240009669321186081e+01
5.921000000000000000e+03 -2.254874781763264835e+01
5.941000000000000000e+03 -2.241336738677243545e+01
5.961000000000000000e+03 -2.248086350633367658e+01
5.981000000000000000e+03 -2.259089006559993251e+01
6.001000000000000000e+03 -2.249252230298159105e+01
6.021000000000000000e+03 -2.259512845123331459e+01
6.041000000000000000e+03 -2.262111590675737105e+01
6.061000000000000000e+03 -2.247630687100890867e+01
6.081000000000000000e+03 -2.257808691743666074e+01
6.101000000000000000e+03 -2.249475743934024763e+01
6.121000000000000000e+03 -2.261437382490483827e+01
6.141000000000000000e+03 -2.265958218948824410e+01
6.161000000000000000e+03 -2.254642303045279661e+01
6.181000000000000000e+03 -2.254141325689836961e+01
6.201000000000000000e+03 -2.258483968947316356e+01
6.221000000000000000e+03 -2.271726882888998134e+01
6.241000000000000000e+03 -2.274393487221849597e+01
6.261000000000000000e+03 -2.272512848723625822e+01
6.281000000000000000e+03 -2.276949016492587319e+01
6.301000000000000000e+03 -2.276885932376480426e+01
6.321000000000000000e+03 -2.266977959250679930e+01
6.341000000000000000e+03 -2.277196938513022673e+01
6.361000000000000000e+03 -2.263692811228283830e+01
6.381000000000000000e+03 -2.270076738860895915e+01
6.401000000000000000e+03 -2.278500908527690427e+01
6.421000000000000000e+03 -2.264410663779537458e+01
6.441000000000000000e+03 -2.275197829727566656e+01
6.461000000000000000e+03 -2.281088973997680824e+01
6.481000000000000000e+03 -2.275383662285286235e+01
6.501000000000000000e+03 -2.276328843545147862e+01
6.521000000000000000e+03 -2.289936564856208534e+01
6.541000000000000000e+03 -2.277861693879169280e+01
6.561000000000000000e+03 -2.292612044402164884e+01
6.581000000000000000e+03 -2.276344058028720951e+01
6.601000000000000000e+03 -2.293302158403134428e+01
6.621000000000000000e+03 -2.280312511810666365e+01
6.641000000000000000e+03 -2.291312885840219948e+01
6.661000000000000000e+03 -2.298382861154849266e+01
6.681000000000000000e+03 -2.298298781103018484e+01
6.701000000000000000e+03 -2.277155465927361888e+01
6.721000000000000000e+03 -2.291394406225212066e+01
6.741000000000000000e+03 -2.295219544753635077e+01
6.761000000000000000e+03 -2.293242534045953462e+01
6.781000000000000000e+03 -2.289722884978856143e+01
6.801000000000000000e+03 -2.304394770774300838e+01
6.821000000000000000e+03 -2.292415533788917514e+01
6.841000000000000000e+03 -2.302666117791866185e+01
6.861000000000000000e+03 -2.296130475891948919e+01
6.881000000000000000e+03 -2.289994811337630054e+01
6.901000000000000000e+03 -2.303422439597395766e+01
6.921000000000000000e+03 -2.295547631763924201e+01
6.941000000000000000e+03 -2.311057939381976212e+01
6.961000000000000000e+03 -2.299000550231772877e+01
6.981000000000000000e+03 -2.307172829127645031e+01
7.001000000000000000e+03 -2.297143524626205391e+01
7.021000000000000000e+03 -2.297107675005648630e+01
7.041000000000000000e+03 -2.303298949133070295e+01
7.061000000000000000e+03 -2.303216170111129912e+01
7.081000000000000000e+03 -2.298901312476036907e+01
7.101000000000000000e+03 -2.296013626042160283e+01
7.121000000000000000e+03 -2.307721126312924298e+01
7.141000000000000000e+03 -2.299717845873628264e+01
7.161000000000000000e+03 -2.317044669603614793e+01
7.181000000000000000e+03 -2.301778708816109287e+01
7.201000000000000000e+03 -2.308792261801196588e+01
7.221000000000000000e+03 -2.320175292179109050e+01
7.241000000000000000e+03 -2.316331559936637063e+01
7.261000000000000000e+03 -2.298093608565136492e+01
7.281000000000000000e+03 -2.313783631341382119e+01
7.301000000000000000e+03 -2.316604591899881882e+01
7.321000000000000000e+03 -2.309702381995959541e+01
7.341000000000000000e+03 -2.315571064024003789e+01
7.361000000000000000e+03 -2.312946441805098985e+01
7.381000000000000000e+03 -2.305241517767019133e+01
7.401000000000000000e+03 -2.324395725278358782e+01
7.421000000000000000e+03 -2.308169180548638266e+01
7.441000000000000000e+03 -2.323096330094443118e+01
7.461000000000000000e+03 -2.325855405990782643e+01
7.481000000000000000e+03 -2.308154916694075354e+01
7.501000000000000000e+03 -2.315650358383787832e+01
7.521000000000000000e+03 -2.326876441933158191e+01
7.541000000000000000e+03 -2.312140395455391229e+01
7.561000000000000000e+03 -2.325409560709582735e+01
7.581000000000000000e+03 -2.315466123916574759e+01
7.601000000000000000e+03 -2.308332227171108642e+01
7.621000000000000000e+03 -2.326700932020958135e+01
7.641000000000000000e+03 -2.325748493631390801e+01
7.661000000000000000e+03 -2.327873156420387701e+01
7.681000000000000000e+03 -2.310956468505405326e+01
7.701000000000000000e+03 -2.308925536950023982e+01
7.721000000000000000e+03 -2.311362156164371129e+01
7.741000000000000000e+03 -2.324838400801554172e+01
7.761000000000000000e+03 -2.324402213939011119e+01
7.781000000000000000e+03 -2.330087666804265822e+01
7.801000000000000000e+03 -2.313817176822408328e+01
7.821000000000000000e+03 -2.308079940441044187e+01
7.841000000000000000e+03 -2.312518718897322856e+01
7.861000000000000000e+03 -2.317398331683398283e+01
7.881000000000000000e+03 -2.305554800180661346e+01
7.901000000000000000e+03 -2.330398787177927744e+01
7.921000000000000000e+03 -2.314559908665652088e+01
7.941000000000000000e+03 -2.315817353960712666e+01
7.961000000000000000e+03 -2.328704735268938464e+01
7.981000000000000000e+03 -2.310269641499674975e+01
8.001000000000000000e+03 -2.328015396369445966e+01
8.021000000000000000e+03 -2.327294851084038996e+01
8.041000000000000000e+03 -2.311621302908972808e+01
8.061000000000000000e+03 -2.315945382464279589e+01
8.081000000000000000e+03 -2.326444135463189866e+01
8.101000000000000000e+03 -2.331515565035541826e+01
8.121000000000000000e+03 -2.317635829111290846e+01
8.141000000000000000e+03 -2.326517338244416777e+01
8.161000000000000000e+03 -2.316576610103595968e+01
8.181000000000000000e+03 -2.310399559177649920e+01
8.201000000000000000e+03 -2.330934400491613445e+01
8.221000000000000000e+03 -2.319631830663195871e+01
8.241000000000000000e+03 -2.324056168444630543e+01
8.261000000000000000e+03 -2.317375259238330187e+01
8.281000000000000000e+03 -2.325843396290165543e+01
8.301000000000000000e+03 -2.324870402393768742e+01
8.321000000000000000e+03 -2.317170793508545756e+01
8.341000000000000000e+03 -2.325554372869495623e+01
8.361000000000000000e+03 -2.315658172389212766e+01
8.381000000000000000e+03 -2.328646189838143954e+01
8.401000000000000000e+03 -2.314082753529038783e+01
8.421000000000000000e+03 -2.332633895959391168e+01
8.441000000000000000e+03 -2.311191166591275348e+01
8.461000000000000000e+03 -2.329402278423454931e+01
8.481000000000000000e+03 -2.323728841808776835e+01
8.501000000000000000e+03 -2.325948878730742564e+01
8.521000000000000000e+03 -2.316608919127439847e+01
8.541000000000000000e+03 -2.320303450312701798e+01
8.561000000000000000e+03 -2.332815867788185926e+01
8.581000000000000000e+03 -2.318465869797965340e+01
8.601000000000000000e+03 -2.333423838281400720e+01
8.621000000000000000e+03 -2.312560777383005117e+01
8.641000000000000000e+03 -2.333198702238891542e+01
8.661000000000000000e+03 -2.325642142509693144e+01
8.681000000000000000e+03 -2.315671806047546610e+01
8.701000000000000000e+03 -2.328526378709943501e+01
8.721000000000000000e+03 -2.311838195365210424e+01
8.741000000000000000e+03 -2.326827006332343473e+01
8.761000000000000000e+03 -2.329503386533616904e+01
8.781000000000000000e+03 -2.322180436355770894e+01
8.801000000000000000e+03 -2.329499904252025289e+01
8.821000000000000000e+03 -2.313434211869154922e+01
8.841000000000000000e+03 -2.333623133490677404e+01
8.861000000000000000e+03 -2.333607681592674155e+01
8.881000000000000000e+03 -2.323036308061081456e+01
8.901000000000000000e+03 -2.320434488904297865e+01
8.921000000000000000e+03 -2.312541294334060282e+01
8.941000000000000000e+03 -2.333679454809833231e+01
8.961000000000000000e+03 -2.311617592118487252e+01
8.981000000000000000e+03 -2.330014195973124913e+01
9.001000000000000000e+03 -2.323932838808499568e+01
9.021000000000000000e+03 -2.316196194542751385e+01
9.041000000000000000e+03 -2.319890311601783495e+01
9.061000000000000000e+03 -2.329370045916446585e+01
9.081000000000000000e+03 -2.318243909643462786e+01
9.101000000000000000e+03 -2.333719420500256092e+01
9.121000000000000000e+03 -2.333326041363415371e+01
9.141000000000000000e+03 -2.317443417082698431e+01
9.161000000000000000e+03 -2.333817272561137557e+01
9.181000000000000000e+03 -2.331856251238879452e+01
9.201000000000000000e+03 -2.326782945592979956e+01
9.221000000000000000e+03 -2.307034930533701811e+01
9.241000000000000000e+03 -2.316544060820547557e+01
9.261000000000000000e+03 -2.333606181108574873e+01
9.281000000000000000e+03 -2.329975080277048960e+01
9.301000000000000000e+03 -2.314246031841886264e+01
9.321000000000000000e+03 -2.325225915393884790e+01
9.341000000000000000e+03 -2.328885234159542605e+01
9.361000000000000000e+03 -2.332433884625448073e+01
9.381000000000000000e+03 -2.333553445165885876e+01
9.401000000000000000e+03 -2.333481661192075052e+01
9.421000000000000000e+03 -2.333738820478099640e+01
9.441000000000000000e+03 -2.332797249283600749e+01
9.461000000000000000e+03 -2.321519209052979704e+01
9.481000000000000000e+03 -2.322665616038232983e+01
9.501000000000000000e+03 -2.320622850895199818e+01
9.521000000000000000e+03 -2.325946456366922988e+01
9.541000000000000000e+03 -2.310626021900974081e+01
9.561000000000000000e+03 -2.333259657129898912e+01
9.581000000000000000e+03 -2.313399412538590383e+01
9.601000000000000000e+03 -2.332300979948651687e+01
9.621000000000000000e+03 -2.331067387257866130e+01
9.641000000000000000e+03 -2.325781209615513845e+01
9.661000000000000000e+03 -2.317089763078533338e+01
9.681000000000000000e+03 -2.323482094458907454e+01
9.701000000000000000e+03 -2.313111724046439832e+01
9.721000000000000000e+03 -2.333931323778606881e+01
9.741000000000000000e+03 -2.313887375021360882e+01
9.761000000000000000e+03 -2.333976327061713363e+01
9.781000000000000000e+03 -2.314378086972388360e+01
9.801000000000000000e+03 -2.323743588693278639e+01
9.821000000000000000e+03 -2.329468084797621685e+01
9.841000000000000000e+03 -2.333402401744297805e+01
9.861000000000000000e+03 -2.317031666373006260e+01
9.881000000000000000e+03 -2.331315337644039687e+01
9.901000000000000000e+03 -2.317060116578430140e+01
9.921000000000000000e+03 -2.328098233963308061e+01
9.941000000000000000e+03 -2.326436104826969142e+01
9.961000000000000000e+03 -2.315844011838838057e+01
9.981000000000000000e+03 -2.332835313905005137e+01
1.000100000000000000e+04 -2.327900512138593925e+01
1.002100000000000000e+04 -2.318220378817894201e+01
1.004100000000000000e+04 -2.331122213401707555e+01
1.006100000000000000e+04 -2.329661453008124639e+01
1.008100000000000000e+04 -2.328126068616877120e+01
1.010100000000000000e+04 -2.332061713853728691e+01
1.012100000000000000e+04 -2.315337750607222134e+01
1.014100000000000000e+04 -2.333948762597975346e+01
1.016100000000000000e+04 -2.334052253218352035e+01
1.018100000000000000e+04 -2.323827001319040875e+01
1.020100000000000000e+04 -2.318787291084025526e+01
1.022100000000000000e+04 -2.315153007266927077e+01
1.024100000000000000e+04 -2.313532814651840042e+01
1.026100000000000000e+04 -2.317845963913872964e+01
1.028100000000000000e+04 -2.304575749913423621e+01
1.030100000000000000e+04 -2.332390553094704799e+01
1.032100000000000000e+04 -2.321387663225046083e+01
1.034100000000000000e+04 -2.331096118722465249e+01
1.036100000000000000e+04 -2.313339330368947699e+01
1.038100000000000000e+04 -2.321953003694039808e+01
1.040100000000000000e+04 -2.333310376748030279e+01
1.042100000000000000e+04 -2.306920430306679748e+01
1.044100000000000000e+04 -2.318452527314935452e+01
1.046100000000000000e+04 -2.333197679071726327e+01
1.048100000000000000e+04 -2.327682286575343795e+01
1.050100000000000000e+04 -2.311512578954285502e+01
1.052100000000000000e+04 -2.315689660459722177e+01
1.054100000000000000e+04 -2.316613256225558004e+01
1.056100000000000000e+04 -2.334052735210601170e+01
1.058100000000000000e+04 -2.333662930411803060e+01
1.060100000000000000e+04 -2.326975112312496208e+01
1.062100000000000000e+04 -2.333186369344616296e+01
1.064100000000000000e+04 -2.321062205610166984e+01
1.066100000000000000e+04 -2.317295588340022761e+01
1.068100000000000000e+04 -2.316450925517837334e+01
1.070100000000000000e+04 -2.323656432752516210e+01
1.072100000000000000e+04 -2.330767094228258784e+01
1.074100000000000000e+04 -2.322977526010355831e+01
1.076100000000000000e+04 -2.316087802350740787e+01
1.078100000000000000e+04 -2.333994832899460903e+01
1.080100000000000000e+04 -2.298801184347144400e+01
1.082100000000000000e+04 -2.332038732925425606e+01
1.084100000000000000e+04 -2.319425218560447632e+01
1.086100000000000000e+04 -2.313063678197347883e+01
1.088100000000000000e+04 -2.330148687634371640e+01
1.090100000000000000e+04 -2.314930410555636442e+01
1.092100000000000000e+04 -2.326344096921657467e+01
1.094100000000000000e+04 -2.333931527084115487e+01
1.096100000000000000e+04 -2.333101373828339575e+01
1.098100000000000000e+04 -2.327184488216310854e+01
1.100100000000000000e+04 -2.317791233742539703e+01
1.102100000000000000e+04 -2.333965989680069697e+01
1.104100000000000000e+04 -2.323268608308649164e+01
1.106100000000000000e+04 -2.332630081163767954e+01
1.108100000000000000e+04 -2.327579274493213646e+01
1.110100000000000000e+04 -2.316221817106461245e+01
1.112100000000000000e+04 -2.319026234022993904e+01
1.114100000000000000e+04 -2.321503004978250928e+01
1.116100000000000000e+04 -2.333538819707418810e+01
1.118100000000000000e+04 -2.322511910281488312e+01
1.120100000000000000e+04 -2.332568969007473925e+01
1.122100000000000000e+04 -2.332193966088659565e+01
1.124100000000000000e+04 -2.311640403841332159e+01
1.126100000000000000e+04 -2.319710384618544907e+01
1.128100000000000000e+04 -2.334140460424269747e+01
1.130100000000000000e+04 -2.330354580850498181e+01
1.132100000000000000e+04 -2.334181359002276679e+01
1.134100000000000000e+04 -2.321016075620435259e+01
1.136100000000000000e+04 -2.327830490248464557e+01
1.138100000000000000e+04 -2.321843528066413498e+01
1.140100000000000000e+04 -2.318603900579439525e+01
1.142100000000000000e+04 -2.324419140337567313e+01
1.144100000000000000e+04 -2.334061363623094465e+01
1.146100000000000000e+04 -2.326532850659859619e+01
1.148100000000000000e+04 -2.317021019093349921e+01
1.150100000000000000e+04 -2.333777282250591156e+01
1.152100000000000000e+04 -2.333366780352056580e+01
1.154100000000000000e+04 -2.318490591285250346e+01
1.156100000000000000e+04 -2.323968544234773859e+01
1.158100000000000000e+04 -2.325195328091988500e+01
1.160100000000000000e+04 -2.314073491517655157e+01
1.162100000000000000e+04 -2.331921752118729430e+01
1.164100000000000000e+04 -2.319627112677377667e+01
1.166100000000000000e+04 -2.319708973356236825e+01
1.168100000000000000e+04 -2.331217680572517637e+01
1.170100000000000000e+04 -2.332395040458712288e+01
1.172100000000000000e+04 -2.319874199719318852e+01
1.174100000000000000e+04 -2.333985154032574982e+01
1.176100000000000000e+04 -2.319014016860631600e+01
1.178100000000000000e+04 -2.333663896632753776e+01
1.180100000000000000e+04 -2.327406127504140088e+01
1.182100000000000000e+04 -2.327321177159117838e+01
1.184100000000000000e+04 -2.316347641992672379e+01
1.186100000000000000e+04 -2.326247911211287089e+01
1.188100000000000000e+04 -2.313449442393551791e+01
1.190100000000000000e+04 -2.318516293086031510e+01
1.192100000000000000e+04 -2.333823989395753884e+01
1.194100000000000000e+04 -2.331050539485977069e+01
1.196100000000000000e+04 -2.319715895528924676e+01
1.198100000000000000e+04 -2.334244009432895339e+01
1.200100000000000000e+04 -2.314147025293461013e+01
1.202100000000000000e+04 -2.334060395629944296e+01
1.204100000000000000e+04 -2.328604239951448562e+01
1.206100000000000000e+04 -2.315909156012391890e+01
1.208100000000000000e+04 -2.334250701620503321e+01
1.210100000000000000e+04 -2.315050297663449896e+01
1.212100000000000000e+04 -2.320745518425979981e+01
1.214100000000000000e+04 -2.333723085837343092e+01
1.216100000000000000e+04 -2.333366144812952214e+01
1.218100000000000000e+04 -2.333831417149248466e+01
1.220100000000000000e+04 -2.328376856342620727e+01
1.222100000000000000e+04 -2.314766783769929148e+01
1.224100000000000000e+04 -2.316896243927408250e+01
1.226100000000000000e+04 -2.333197916778739511e+01
1.228100000000000000e+04 -2.321744520308254423e+01
1.230100000000000000e+04 -2.331775234633759553e+01
1.232100000000000000e+04 -2.321396248321170930e+01
1.234100000000000000e+04 -2.324633338571766217e+01
1.236100000000000000e+04 -2.324341880108738678e+01
1.238100000000000000e+04 -2.323226224460565703e+01
1.240100000000000000e+04 -2.315993322576445479e+01
1.242100000000000000e+04 -2.328673623755550892e+01
1.244100000000000000e+04 -2.325728634778009152e+01
1.246100000000000000e+04 -2.322639015366281967e+01
1.248100000000000000e+04 -2.334210844948205832e+01
1.250100000000000000e+04 -2.315576284375358540e+01
1.252100000000000000e+04 -2.325757631847591256e+01
1.254100000000000000e+04 -2.334040409205006128e+01
1.256100000000000000e+04 -2.318333418036727522e+01
1.258100000000000000e+04 -2.328266121224678642e+01
1.260100000000000000e+04 -2.333445286299293997e+01
1.262100000000000000e+04 -2.313406921197632116e+01
1.264100000000000000e+04 -2.316462727678244704e+01
1.266100000000000000e+04 -2.321099513649611623e+01
1.268100000000000000e+04 -2.316630462114929401e+01
1.270100000000000000e+04 -2.326183021463078759e+01
1.272100000000000000e+04 -2.319438487359464673e+01
1.274100000000000000e+04 -2.332521107818429229e+01
1.276100000000000000e+04 -2.317562061078135471e+01
1.278100000000000000e+04 -2.318007162261357834e+01
1.280100000000000000e+04 -2.319577358292928437e+01
1.282100000000000000e+04 -2.319467252631436693e+01
1.284100000000000000e+04 -2.333190757606771371e+01
1.286100000000000000e+04 -2.320892785293418470e+01
1.288100000000000000e+04 -2.334247452751356633e+01
1.290100000000000000e+04 -2.325017993130408911e+01
1.292100000000000000e+04 -2.313190893566855166e+01
1.294100000000000000e+04 -2.333454346411710389e+01
1.296100000000000000e+04 -2.314332072896349146e+01
1.298100000000000000e+04 -2.334317930967862864e+01
1.300100000000000000e+04 -2.316957015995351199e+01
1.302100000000000000e+04 -2.325510984875487352e+01
1.304100000000000000e+04 -2.327751019280083256e+01
1.306100000000000000e+04 -2.320272818057764752e+01
1.308100000000000000e+04 -2.334335451975643494e+01
1.310100000000000000e+04 -2.328110092140536125e+01
1.312100000000000000e+04 -2.334004705420638714e+01
1.314100000000000000e+04 -2.325729701272716454e+01
1.316100000000000000e+04 -2.319060820238044585e+01
1.318100000000000000e+04 -2.333460739032107156e+01
1.320100000000000000e+04 -2.311921525377090703e+01
1.322100000000000000e+04 -2.330381043350138270e+01
1.324100000000000000e+04 -2.331677698025364975e+01
1.326100000000000000e+04 -2.333797407743890773e+01
1.328100000000000000e+04 -2.318118356844706796e+01
1.330100000000000000e+04 -2.319332847792372121e+01
1.332100000000000000e+04 -2.328183050413177568e+01
1.334100000000000000e+04 -2.315871689910505182e+01
1.336100000000000000e+04 -2.332276076648739860e+01
1.338100000000000000e+04 -2.322249068486868140e+01
1.340100000000000000e+04 -2.315459195943257953e+01
1.342100000000000000e+04 -2.318945999172980166e+01
1.344100000000000000e+04 -2.334348889842796737e+01
1.346100000000000000e+04 -2.318148482655249154e+01
1.348100000000000000e+04 -2.317219536182461681e+01
1.350100000000000000e+04 -2.315945706104327684e+01
1.352100000000000000e+04 -2.321895011351699267e+01
1.354100000000000000e+04 -2.334125634809130290e+01
1.356100000000000000e+04 -2.330766946196992961e+01
1.358100000000000000e+04 -2.330752649872165350e+01
1.360100000000000000e+04 -2.313864106985211322e+01
1.362100000000000000e+04 -2.329668040927889194e+01
1.364100000000000000e+04 -2.317365477204205249e+01
1.366100000000000000e+04 -2.316390537393965587e+01
1.368100000000000000e+04 -2.323577407596498645e+01
1.370100000000000000e+04 -2.319042245879889208e+01
1.372100000000000000e+04 -2.324462140984060454e+01
1.374100000000000000e+04 -2.332272527063645384e+01
1.376100000000000000e+04 -2.331058993068080198e+01
1.378100000000000000e+04 -2.327869094360417535e+01
1.380100000000000000e+04 -2.323083631846997577e+01
1.382100000000000000e+04 -2.334347870142931214e+01
1.384100000000000000e+04 -2.303867612989807157e+01
1.386100000000000000e+04 -2.321138878616520174e+01
1.388100000000000000e+04 -2.323470001441911847e+01
1.390100000000000000e+04 -2.318364961078146536e+01
1.392100000000000000e+04 -2.332447248004346818e+01
1.394100000000000000e+04 -2.333825311874433339e+01
1.396100000000000000e+04 -2.305235375672255671e+01
1.398100000000000000e+04 -2.329781257982097742e+01
1.400100000000000000e+04 -2.321907879351923754e+01
1.402100000000000000e+04 -2.321350477224658349e+01
1.404100000000000000e+04 -2.332078131321155823e+01
1.406100000000000000e+04 -2.310190038227097631e+01
1.408100000000000000e+04 -2.332736684099090496e+01
1.410100000000000000e+04 -2.324615926605336114e+01
1.412100000000000000e+04 -2.334151884786552955e+01
1.414100000000000000e+04 -2.316183949596736369e+01
1.416100000000000000e+04 -2.333245176322661507e+01
1.418100000000000000e+04 -2.317227071766815172e+01
1.420100000000000000e+04 -2.322940997634756854e+01
1.422100000000000000e+04 -2.333799464095907439e+01
1.424100000000000000e+04 -2.334284149554602550e+01
1.426100000000000000e+04 -2.334257475029005491e+01
1.428100000000000000e+04 -2.334311213565532839e+01
1.430100000000000000e+04 -2.319677513495189913e+01
1.432100000000000000e+04 -2.327565505714402150e+01
1.434100000000000000e+04 -2.333430462764346913e+01
1.436100000000000000e+04 -2.321956428001381667e+01
1.438100000000000000e+04 -2.331234519220142332e+01
1.440100000000000000e+04 -2.315998926410176750e+01
1.442100000000000000e+04 -2.333083181805076478e+01
1.444100000000000000e+04 -2.328474320121110352e+01
1.446100000000000000e+04 -2.308285074882258314e+01
1.448100000000000000e+04 -2.319186594224423459e+01
1.450100000000000000e+04 -2.332675768960337592e+01
1.452100000000000000e+04 -2.327407671074823625e+01
1.454100000000000000e+04 -2.320731314028908798e+01
1.456100000000000000e+04 -2.301695322349165451e+01
1.458100000000000000e+04 -2.325866142266374936e+01
1.460100000000000000e+04 -2.318703411397045144e+01
1.462100000000000000e+04 -2.323427726233000357e+01
1.464100000000000000e+04 -2.325437251228743563e+01
1.466100000000000000e+04 -2.315376361506350733e+01
1.468100000000000000e+04 -2.317348247268746420e+01
1.470100000000000000e+04 -2.333961459964166352e+01
1.472100000000000000e+04 -2.319325176476756667e+01
1.474100000000000000e+04 -2.318301413941212985e+01
1.476100000000000000e+04 -2.332875797767091086e+01
1.478100000000000000e+04 -2.332486931336209679e+01
1.480100000000000000e+04 -2.320021632508218801e+01
1.482100000000000000e+04 -2.332022797144072257e+01
1.484100000000000000e+04 -2.317659631992847125e+01
1.486100000000000000e+04 -2.333624785860063611e+01
1.488100000000000000e+04 -2.327443243959986674e+01
1.490100000000000000e+04 -2.315498765856916918e+01
1.492100000000000000e+04 -2.325479484885639891e+01
1.494100000000000000e+04 -2.330499992355314731e+01
1.496100000000000000e+04 -2.317199341812477087e+01
1.498100000000000000e+04 -2.323077642588825853e+01
1.500100000000000000e+04 -2.330552859796923570e+01
1.502100000000000000e+04 -2.334112748039868279e+01
1.504100000000000000e+04 -2.325867316057696144e+01
1.506100000000000000e+04 -2.318607516958154235e+01
1.508100000000000000e+04 -2.318593804544159198e+01
1.510100000000000000e+04 -2.324200073399648403e+01
1.512100000000000000e+04 -2.308553378509025578e+01
1.514100000000000000e+04 -2.319011659155790284e+01
1.516100000000000000e+04 -2.332039914156167626e+01
1.518100000000000000e+04 -2.328088106745224906e+01
1.520100000000000000e+04 -2.308186022038376706e+01
1.522100000000000000e+04 -2.333824054529770464e+01
1.524100000000000000e+04 -2.319871480423021737e+01
1.526100000000000000e+04 -2.329303403532788508e+01
1.528100000000000000e+04 -2.323394630339672773e+01
1.530100000000000000e+04 -2.320488723012868348e+01
1.532100000000000000e+04 -2.318657195775499957e+01
1.534100000000000000e+04 -2.334452708830127676e+01
1.536100000000000000e+04 -2.309196531447378220e+01
1.538100000000000000e+04 -2.330145746542967444e+01
1.540100000000000000e+04 -2.329409410410299586e+01
1.542100000000000000e+04 -2.307477303801542234e+01
1.544100000000000000e+04 -2.319511776439211559e+01
1.546100000000000000e+04 -2.329727603796404622e+01
1.548100000000000000e+04 -2.324549494029348651e+01
1.550100000000000000e+04 -2.334208443254292575e+01
1.552100000000000000e+04 -2.319999599804923918e+01
1.554100000000000000e+04 -2.334444730636968757e+01
1.556100000000000000e+04 -2.317270028047225239e+01
1.558100000000000000e+04 -2.323652747486590187e+01
1.560100000000000000e+04 -2.333133181076240348e+01
1.562100000000000000e+04 -2.290033845857563932e+01
1.564100000000000000e+04 -2.324172757074175877e+01
1.566100000000000000e+04 -2.322034246404973246e+01
1.568100000000000000e+04 -2.332415762188299269e+01
1.570100000000000000e+04 -2.329250118131149350e+01
1.572100000000000000e+04 -2.313482863867524486e+01
1.574100000000000000e+04 -2.322838593395227491e+01
1.576100000000000000e+04 -2.324505719584503538e+01
1.578100000000000000e+04 -2.333804088969456458e+01
1.580100000000000000e+04 -2.328676230666494007e+01
1.582100000000000000e+04 -2.334302762995724834e+01
1.584100000000000000e+04 -2.319672328348243795e+01
1.586100000000000000e+04 -2.319234803537993272e+01
1.588100000000000000e+04 -2.334430210304202191e+01
1.590100000000000000e+04 -2.321363449487574115e+01
1.592100000000000000e+04 -2.318481382026413229e+01
1.594100000000000000e+04 -2.330948297376144041e+01
1.596100000000000000e+04 -2.324914783192363998e+01
1.598100000000000000e+04 -2.323426811936592173e+01
1.600100000000000000e+04 -2.332970363192483276e+01
1.602100000000000000e+04 -2.318734388487943932e+01
1.604100000000000000e+04 -2.316511234846341694e+01
1.606100000000000000e+04 -2.325774931132865930e+01
1.608100000000000000e+04 -2.330528748058486599e+01
1.610100000000000000e+04 -2.323591520837103630e+01
1.612100000000000000e+04 -2.331710535205461099e+01
1.614100000000000000e+04 -2.319281794733559821e+01
1.616100000000000000e+04 -2.330185692894444216e+01
1.618100000000000000e+04 -2.319553399520596670e+01
1.620100000000000000e+04 -2.328746496049907577e+01
1.622100000000000000e+04 -2.320617975618358386e+01
1.624100000000000000e+04 -2.326955593952755663e+01
1.626100000000000000e+04 -2.333813773682519610e+01
1.628100000000000000e+04 -2.317718291475365788e+01
1.630100000000000000e+04 -2.332202510119021355e+01
1.632100000000000000e+04 -2.318336697112083655e+01
1.634100000000000000e+04 -2.327156973948832785e+01
1.636100000000000000e+04 -2.324193231834726348e+01
1.638100000000000000e+04 -2.323025262684854653e+01
1.640100000000000000e+04 -2.334470859009021382e+01
1.642100000000000000e+04 -2.318347987780193264e+01
1.644100000000000000e+04 -2.328626338330711576e+01
1.646100000000000000e+04 -2.321295700077978807e+01
1.648100000000000000e+04 -2.322143110559265367e+01
1.650100000000000000e+04 -2.321299357429103338e+01
1.652100000000000000e+04 -2.333140370819572951e+01
1.654100000000000000e+04 -2.321526358287113823e+01
1.656100000000000000e+04 -2.333668303720117265e+01
1.658100000000000000e+04 -2.309678065775456091e+01
1.660100000000000000e+04 -2.326081316418737188e+01
1.662100000000000000e+04 -2.315449612901296916e+01
1.664100000000000000e+04 -2.333820121390454361e+01
1.666100000000000000e+04 -2.316758421702735049e+01
1.668100000000000000e+04 -2.329702230997101964e+01
1.670100000000000000e+04 -2.328684057619767600e+01
1.672100000000000000e+04 -2.324140903304071060e+01
1.674100000000000000e+04 -2.334121931871285227e+01
1.676100000000000000e+04 -2.309586288349883887e+01
1.678100000000000000e+04 -2.325785642553393373e+01
1.680100000000000000e+04 -2.333127101858937991e+01
1.682100000000000000e+04 -2.334506778310629471e+01
1.684100000000000000e+04 -2.317218356412554670e+01
1.686100000000000000e+04 -2.313917819000983656e+01
1.688100000000000000e+04 -2.332712687923162420e+01
1.690100000000000000e+04 -2.317036402605569734e+01
1.692100000000000000e+04 -2.316210447347621937e+01
1.694100000000000000e+04 -2.320230585075024266e+01
1.696100000000000000e+04 -2.319437225190548091e+01
1.698100000000000000e+04 -2.332646955329949279e+01
1.700100000000000000e+04 -2.318488904363409731e+01
1.702100000000000000e+04 -2.317680019676167191e+01
1.704100000000000000e+04 -2.333503851178290844e+01
1.706100000000000000e+04 -2.315452182059173936e+01
1.708100000000000000e+04 -2.333091845973327594e+01
1.710100000000000000e+04 -2.323588154239072878e+01
1.712100000000000000e+04 -2.329843979863424153e+01
1.714100000000000000e+04 -2.333672669702751534e+01
1.716100000000000000e+04 -2.326875684306991232e+01
1.718100000000000000e+04 -2.318581982702465893e+01
1.720100000000000000e+04 -2.319210514797508438e+01
1.722100000000000000e+04 -2.328581889577425557e+01
1.724100000000000000e+04 -2.330815476341904713e+01
1.726100000000000000e+04 -2.323442944715267799e+01
1.728100000000000000e+04 -2.320905718600380396e+01
1.730100000000000000e+04 -2.325512563804485922e+01
1.732100000000000000e+04 -2.333104162569373941e+01
1.734100000000000000e+04 -2.324767512052592622e+01
1.736100000000000000e+04 -2.323846976888271243e+01
1.738100000000000000e+04 -2.328637893563022487e+01
1.740100000000000000e+04 -2.331794064968265445e+01
1.742100000000000000e+04 -2.317049420738459631e+01
1.744100000000000000e+04 -2.332663221862735980e+01
1.746100000000000000e+04 -2.320580318223067096e+01
1.748100000000000000e+04 -2.327847339247975711e+01
1.750100000000000000e+04 -2.323542792370455601e+01
1.752100000000000000e+04 -2.314964987393789642e+01
1.754100000000000000e+04 -2.320577185853660040e+01
1.756100000000000000e+04 -2.322198856630636854e+01
1.758100000000000000e+04 -2.333460036073546107e+01
1.760100000000000000e+04 -2.318192057558643526e+01
1.762100000000000000e+04 -2.323907401789294624e+01
1.764100000000000000e+04 -2.329555895914870334e+01
1.766100000000000000e+04 -2.326271917726325000e+01
1.768100000000000000e+04 -2.324380731473351602e+01
1.770100000000000000e+04 -2.319881405115548034e+01
1.772100000000000000e+04 -2.318749796017360154e+01
1.774100000000000000e+04 -2.333661605643431258e+01
1.776100000000000000e+04 -2.323571105774215440e+01
1.778100000000000000e+04 -2.318440050793198992e+01
1.780100000000000000e+04 -2.319765760354756168e+01
1.782100000000000000e+04 -2.332720076795266806e+01
1.784100000000000000e+04 -2.327204470735527053e+01
1.786100000000000000e+04 -2.315080461710248017e+01
1.788100000000000000e+04 -2.324278847607539689e+01
1.790100000000000000e+04 -2.315821173541224098e+01
1.792100000000000000e+04 -2.331449612572890118e+01
1.794100000000000000e+04 -2.317015661383870295e+01
1.796100000000000000e+04 -2.333832798647219064e+01
1.798100000000000000e+04 -2.320525447426231125e+01
1.800100000000000000e+04 -2.314749571353297597e+01
1.802100000000000000e+04 -2.333868051250065889e+01
1.804100000000000000e+04 -2.325491454404890490e+01
1.806100000000000000e+04 -2.324517204723865049e+01
1.808100000000000000e+04 -2.331983412055673455e+01
1.810100000000000000e+04 -2.328065094493022258e+01
1.812100000000000000e+04 -2.311237143200423105e+01
1.814100000000000000e+04 -2.329086411127266842e+01
1.816100000000000000e+04 -2.316778185670205659e+01
1.818100000000000000e+04 -2.324615854824527261e+01
1.820100000000000000e+04 -2.322840368435871028e+01
1.822100000000000000e+04 -2.332060686605570510e+01
1.824100000000000000e+04 -2.333369056246064943e+01
1.826100000000000000e+04 -2.333754188914234007e+01
1.828100000000000000e+04 -2.279748508555421083e+01
1.830100000000000000e+04 -2.334520042125239314e+01
1.832100000000000000e+04 -2.321125625420651772e+01
1.834100000000000000e+04 -2.326266415537821786e+01
1.836100000000000000e+04 -2.326203816679229419e+01
1.838100000000000000e+04 -2.315392890872480436e+01
1.840100000000000000e+04 -2.328634224716445900e+01
1.842100000000000000e+04 -2.321199848263804455e+01
1.844100000000000000e+04 -2.333959460998956459e+01
1.846100000000000000e+04 -2.302198311148142196e+01
1.848100000000000000e+04 -2.318976640759903418e+01
1.850100000000000000e+04 -2.330408575134844895e+01
1.852100000000000000e+04 -2.318626190364025419e+01
1.854100000000000000e+04 -2.332317728008420232e+01
1.856100000000000000e+04 -2.334486108682587968e+01
1.858100000000000000e+04 -2.320019372711648487e+01
1.860100000000000000e+04 -2.312953386224107533e+01
1.862100000000000000e+04 -2.331964744135774481e+01
1.864100000000000000e+04 -2.316980238179261775e+01
1.866100000000000000e+04 -2.329947058879858091e+01
1.868100000000000000e+04 -2.321069593650223695e+01
1.870100000000000000e+04 -2.331403982885742465e+01
1.872100000000000000e+04 -2.326194675184691718e+01
1.874100000000000000e+04 -2.331326505949257211e+01
1.876100000000000000e+04 -2.320094348364700920e+01
1.878100000000000000e+04 -2.308915129434220503e+01
1.880100000000000000e+04 -2.334460449655540515e+01
1.882100000000000000e+04 -2.319006606939918314e+01
1.884100000000000000e+04 -2.328535742523873608e+01
1.886100000000000000e+04 -2.332206839136210874e+01
1.888100000000000000e+04 -2.296403961167456842e+01
1.890100000000000000e+04 -2.333357347611909915e+01
1.892100000000000000e+04 -2.322524553133374070e+01
1.894100000000000000e+04 -2.325784130729227428e+01
1.896100000000000000e+04 -2.316590111545416519e+01
1.898100000000000000e+04 -2.329784398188312267e+01
1.900100000000000000e+04 -2.332001218998519931e+01
1.902100000000000000e+04 -2.334564942768906448e+01
1.904100000000000000e+04 -2.329801880565307570e+01
1.906100000000000000e+04 -2.322341653890692825e+01
1.908100000000000000e+04 -2.329609394362270081e+01
1.910100000000000000e+04 -2.321709884149501946e+01
1.912100000000000000e+04 -2.331975810477263522e+01
1.914100000000000000e+04 -2.318702611989591134e+01
1.916100000000000000e+04 -2.333091181605416153e+01
1.918100000000000000e+04 -2.322800696072610194e+01
1.920100000000000000e+04 -2.320278049759446404e+01
1.922100000000000000e+04 -2.318458454923507972e+01
1.924100000000000000e+04 -2.332979612328600894e+01
1.926100000000000000e+04 -2.318245733984918644e+01
1.928100000000000000e+04 -2.322958392017192608e+01
1.930100000000000000e+04 -2.324949362105694917e+01
1.932100000000000000e+04 -2.325737067299560579e+01
1.934100000000000000e+04 -2.330039003578750112e+01
1.936100000000000000e+04 -2.320844949968694237e+01
1.938100000000000000e+04 -2.334116030429633426e+01
1.940100000000000000e+04 -2.318689948303048709e+01
1.942100000000000000e+04 -2.323136925939580522e+01
1.944100000000000000e+04 -2.321079197030341845e+01
1.946100000000000000e+04 -2.327272556247969604e+01
1.948100000000000000e+04 -2.325852567941733540e+01
1.950100000000000000e+04 -2.322364868189164611e+01
1.952100000000000000e+04 -2.320220254701586882e+01
1.954100000000000000e+04 -2.329412742219432175e+01
1.956100000000000000e+04 -2.318362053420976565e+01
1.958100000000000000e+04 -2.332910474910804410e+01
1.960100000000000000e+04 -2.324488754652623967e+01
1.962100000000000000e+04 -2.321430157920024939e+01
1.964100000000000000e+04 -2.318798733602902118e+01
1.966100000000000000e+04 -2.325528405357227157e+01
1.968100000000000000e+04 -2.331108057945477441e+01
1.970100000000000000e+04 -2.328128240222013901e+01
1.972100000000000000e+04 -2.334582212426972703e+01
1.974100000000000000e+04 -2.320326726622835878e+01
1.976100000000000000e+04 -2.324126923559978408e+01
1.978100000000000000e+04 -2.326812059206056915e+01
1.980100000000000000e+04 -2.326099260825808202e+01
1.982100000000000000e+04 -2.325734801298247589e+01
1.984100000000000000e+04 -2.326844331378361019e+01
1.986100000000000000e+04 -2.331125231451464686e+01
1.988100000000000000e+04 -2.321382709237534669e+01
1.990100000000000000e+04 -2.329274545956729980e+01
1.992100000000000000e+04 -2.330616795087830440e+01
1.994100000000000000e+04 -2.320460901551843591e+01
1.996100000000000000e+04 -2.334580732654744750e+01
1.998100000000000000e+04 -2.317119755592956665e+01
