1.000000000000000000e+00 0.000000000000000000e+00
2.000000000000000000e+00 -2.299138835887144516e+00
3.000000000000000000e+00 -4.745556475240759298e+00
4.000000000000000000e+00 -7.800457999975750845e+00
5.000000000000000000e+00 -1.111619077607423023e+01
6.000000000000000000e+00 -1.222757977199278479e+01
7.000000000000000000e+00 -1.025901148011431374e+01
8.000000000000000000e+00 -8.198144976562195652e+00
9.000000000000000000e+00 -6.946816524272422022e+00
1.000000000000000000e+01 -6.427234342490604213e+00
1.100000000000000000e+01 -6.486438409683335848e+00
1.200000000000000000e+01 -7.024991064850075517e+00
1.300000000000000000e+01 -7.997769618955783422e+00
1.400000000000000000e+01 -9.392862386791236418e+00
1.500000000000000000e+01 -1.117953428758334766e+01
1.600000000000000000e+01 -1.314038870306035989e+01
1.700000000000000000e+01 -1.451307941404006918e+01
1.800000000000000000e+01 -1.434743938277509301e+01
1.900000000000000000e+01 -1.310225034355276641e+01
2.000000000000000000e+01 -1.184254313238815826e+01
2.100000000000000000e+01 -1.102621131480676908e+01
2.200000000000000000e+01 -1.073941489434191965e+01
2.300000000000000000e+01 -1.097205316287507060e+01
2.400000000000000000e+01 -1.171053811490805963e+01
2.500000000000000000e+01 -1.295635170503599731e+01
2.600000000000000000e+01 -1.468886148143031178e+01
2.700000000000000000e+01 -1.667800652672562833e+01
2.800000000000000000e+01 -1.802970621577569688e+01
2.900000000000000000e+01 -1.766692157017274667e+01
3.000000000000000000e+01 -1.628606544115750410e+01
3.100000000000000000e+01 -1.507796176596086113e+01
3.200000000000000000e+01 -1.446917087547682179e+01
3.300000000000000000e+01 -1.452594201898044446e+01
3.400000000000000000e+01 -1.524212281805662883e+01
3.500000000000000000e+01 -1.659876236569779095e+01
3.600000000000000000e+01 -1.845351346743112231e+01
3.700000000000000000e+01 -2.008918152922648659e+01
3.800000000000000000e+01 -2.011816189435824498e+01
3.900000000000000000e+01 -1.875922096013209739e+01
4.000000000000000000e+01 -1.746342632423026586e+01
4.100000000000000000e+01 -1.685132927616025711e+01
4.200000000000000000e+01 -1.700917752792807747e+01
4.300000000000000000e+01 -1.786775426574747883e+01
4.400000000000000000e+01 -1.918571032010856570e+01
4.500000000000000000e+01 -2.025468147157927490e+01
4.600000000000000000e+01 -2.012013650589824820e+01
4.700000000000000000e+01 -1.908153039149749830e+01
4.800000000000000000e+01 -1.819816125713771982e+01
4.900000000000000000e+01 -1.796891114852571647e+01
5.000000000000000000e+01 -1.842901058120793678e+01
5.100000000000000000e+01 -1.933039723103759400e+01
5.200000000000000000e+01 -2.005595917700030739e+01
5.300000000000000000e+01 -1.993868024657490068e+01
5.400000000000000000e+01 -1.924345374127298314e+01
5.500000000000000000e+01 -1.876615992735121452e+01
5.600000000000000000e+01 -1.889005883904690464e+01
5.700000000000000000e+01 -1.952880055446247809e+01
5.800000000000000000e+01 -2.019231405512531907e+01
5.900000000000000000e+01 -2.024383655256217907e+01
6.000000000000000000e+01 -1.976338464096144421e+01
6.100000000000000000e+01 -1.945072561226286467e+01
6.200000000000000000e+01 -1.967535239988601603e+01
6.300000000000000000e+01 -2.024801688220501461e+01
6.400000000000000000e+01 -2.056962842544681536e+01
6.500000000000000000e+01 -2.030127572558859228e+01
6.600000000000000000e+01 -1.993991136610640424e+01
6.700000000000000000e+01 -2.000735690230893127e+01
6.800000000000000000e+01 -2.041536291065884257e+01
6.900000000000000000e+01 -2.061416299709452460e+01
7.000000000000000000e+01 -2.034562306295786982e+01
7.100000000000000000e+01 -2.010435563512477586e+01
7.200000000000000000e+01 -2.026531250292081410e+01
7.300000000000000000e+01 -2.055704232421496158e+01
7.400000000000000000e+01 -2.050329958946361586e+01
7.500000000000000000e+01 -2.026258228616619306e+01
7.600000000000000000e+01 -2.031459268236556426e+01
7.700000000000000000e+01 -2.057363629010892936e+01
7.800000000000000000e+01 -2.058326492033912913e+01
7.900000000000000000e+01 -2.040623751728950452e+01
8.000000000000000000e+01 -2.047876339431277160e+01
8.100000000000000000e+01 -2.068528475131751065e+01
8.200000000000000000e+01 -2.063160610469680378e+01
8.300000000000000000e+01 -2.052085594266822355e+01
8.400000000000000000e+01 -2.065713754662776935e+01
8.500000000000000000e+01 -2.073675694231967626e+01
8.600000000000000000e+01 -2.060816102089001234e+01
8.700000000000000000e+01 -2.064286687828656142e+01
8.800000000000000000e+01 -2.075812870744343286e+01
8.900000000000000000e+01 -2.067138983982038525e+01
9.000000000000000000e+01 -2.067213297683091611e+01
9.100000000000000000e+01 -2.078462217533709122e+01
9.200000000000000000e+01 -2.072419950233949848e+01
9.300000000000000000e+01 -2.074015953181132943e+01
9.400000000000000000e+01 -2.083212426798450423e+01
9.500000000000000000e+01 -2.077154218369328120e+01
9.600000000000000000e+01 -2.082252420316622477e+01
9.700000000000000000e+01 -2.086076138049853768e+01
9.800000000000000000e+01 -2.081358149261075852e+01
9.900000000000000000e+01 -2.088948469482529546e+01
1.000000000000000000e+02 -2.085719807908492740e+01
1.010000000000000000e+02 -2.088462267398649175e+01
1.020000000000000000e+02 -2.091321173856237436e+01
1.030000000000000000e+02 -2.089658671738154538e+01
1.040000000000000000e+02 -2.095633589014682485e+01
1.050000000000000000e+02 -2.092823111353581567e+01
1.060000000000000000e+02 -2.098730406040662544e+01
1.070000000000000000e+02 -2.096241487603403542e+01
1.080000000000000000e+02 -2.101188328021104468e+01
1.090000000000000000e+02 -2.099115000760285810e+01
1.100000000000000000e+02 -2.103649729603262131e+01
1.110000000000000000e+02 -2.101845294201962844e+01
1.120000000000000000e+02 -2.106472119576475066e+01
1.130000000000000000e+02 -2.105025695857971613e+01
1.140000000000000000e+02 -2.109073971857372243e+01
1.150000000000000000e+02 -2.108802404451132517e+01
1.160000000000000000e+02 -2.110553558301717558e+01
1.170000000000000000e+02 -2.112787534240554521e+01
1.180000000000000000e+02 -2.111927907196107412e+01
1.190000000000000000e+02 -2.115163199480620193e+01
1.200000000000000000e+02 -2.115804552261385751e+01
1.210000000000000000e+02 -2.115832101323415060e+01
1.220000000000000000e+02 -2.118815791255091696e+01
1.230000000000000000e+02 -2.119693780611583378e+01
1.240000000000000000e+02 -2.119096059890410544e+01
1.250000000000000000e+02 -2.120709441703156273e+01
1.260000000000000000e+02 -2.123021914145763134e+01
1.270000000000000000e+02 -2.123464134613292487e+01
1.280000000000000000e+02 -2.122816796004989826e+01
1.290000000000000000e+02 -2.122876965359566270e+01
1.300000000000000000e+02 -2.124629979957787640e+01
1.310000000000000000e+02 -2.126805562996137766e+01
1.320000000000000000e+02 -2.127627491476339117e+01
1.330000000000000000e+02 -2.127006061585272789e+01
1.340000000000000000e+02 -2.125291044853895528e+01
1.350000000000000000e+02 -2.123858236104690178e+01
1.360000000000000000e+02 -2.126213190977825462e+01
1.370000000000000000e+02 -2.130019889929769050e+01
1.380000000000000000e+02 -2.129178336514086567e+01
1.390000000000000000e+02 -2.126193605240939277e+01
1.400000000000000000e+02 -2.127327765084915256e+01
1.410000000000000000e+02 -2.131138600307727415e+01
1.420000000000000000e+02 -2.130432200217558858e+01
1.430000000000000000e+02 -2.127534296901844257e+01
1.440000000000000000e+02 -2.128847181205615158e+01
1.450000000000000000e+02 -2.132169028813301281e+01
1.460000000000000000e+02 -2.131089944551649751e+01
1.470000000000000000e+02 -2.128458184759411509e+01
1.480000000000000000e+02 -2.129882228238349740e+01
1.490000000000000000e+02 -2.132889965514458908e+01
1.500000000000000000e+02 -2.131861708921983123e+01
1.510000000000000000e+02 -2.129285534400585078e+01
1.520000000000000000e+02 -2.130222468986552542e+01
1.530000000000000000e+02 -2.133248975012304527e+01
1.540000000000000000e+02 -2.132872793580904514e+01
1.550000000000000000e+02 -2.130236248896947515e+01
1.560000000000000000e+02 -2.130082192220498882e+01
1.570000000000000000e+02 -2.133086774887940607e+01
1.580000000000000000e+02 -2.133935424555801319e+01
1.590000000000000000e+02 -2.131559782759247312e+01
1.600000000000000000e+02 -2.130030624614141033e+01
1.610000000000000000e+02 -2.132291532895078490e+01
1.620000000000000000e+02 -2.134572974472548168e+01
1.630000000000000000e+02 -2.133139351485367285e+01
1.640000000000000000e+02 -2.130651883071355357e+01
1.650000000000000000e+02 -2.131361726715634575e+01
1.660000000000000000e+02 -2.134448438725283381e+01
1.670000000000000000e+02 -2.134537518542874679e+01
1.680000000000000000e+02 -2.131886253145335886e+01
1.690000000000000000e+02 -2.130943044325792712e+01
1.700000000000000000e+02 -2.133746777144506268e+01
1.710000000000000000e+02 -2.135425213736818151e+01
1.720000000000000000e+02 -2.133358877005866105e+01
1.730000000000000000e+02 -2.131219796920717258e+01
1.740000000000000000e+02 -2.132905257079190875e+01
1.750000000000000000e+02 -2.135704020989508223e+01
1.760000000000000000e+02 -2.134764621974747456e+01
1.770000000000000000e+02 -2.132067021303127419e+01
1.780000000000000000e+02 -2.132286596518305188e+01
1.790000000000000000e+02 -2.135443267917797527e+01
1.800000000000000000e+02 -2.135908548310679578e+01
1.810000000000000000e+02 -2.133279866540416236e+01
1.820000000000000000e+02 -2.132103542527996609e+01
1.830000000000000000e+02 -2.134805449926167142e+01
1.840000000000000000e+02 -2.136648195161732389e+01
1.850000000000000000e+02 -2.134665427121884917e+01
1.860000000000000000e+02 -2.132451290538104871e+01
1.870000000000000000e+02 -2.134031837676709031e+01
1.880000000000000000e+02 -2.136874185885915622e+01
1.890000000000000000e+02 -2.136023791529822446e+01
1.900000000000000000e+02 -2.133314324867517087e+01
1.910000000000000000e+02 -2.133426483669700957e+01
1.920000000000000000e+02 -2.136569736501953543e+01
1.930000000000000000e+02 -2.137147962916246513e+01
1.940000000000000000e+02 -2.134555511914621562e+01
1.950000000000000000e+02 -2.133259516815919454e+01
1.960000000000000000e+02 -2.135872716302257146e+01
1.970000000000000000e+02 -2.137847051132034792e+01
1.980000000000000000e+02 -2.135968598580244660e+01
1.990000000000000000e+02 -2.133659518578184588e+01
2.000000000000000000e+02 -2.135067918318043922e+01
2.010000000000000000e+02 -2.137999292230844972e+01
2.020000000000000000e+02 -2.137323473934434048e+01
2.030000000000000000e+02 -2.134585450437067067e+01
2.040000000000000000e+02 -2.134489845137600383e+01
2.050000000000000000e+02 -2.137617756591362905e+01
2.060000000000000000e+02 -2.138403106817054677e+01
2.070000000000000000e+02 -2.135866672353476758e+01
2.080000000000000000e+02 -2.134393379948144087e+01
2.090000000000000000e+02 -2.136879181301996056e+01
2.100000000000000000e+02 -2.139027886213256124e+01
2.110000000000000000e+02 -2.137283364177056910e+01
2.120000000000000000e+02 -2.134870039350786186e+01
2.130000000000000000e+02 -2.136084485867561966e+01
2.140000000000000000e+02 -2.139099519998552523e+01
2.150000000000000000e+02 -2.138608865922416058e+01
2.160000000000000000e+02 -2.135852191866905514e+01
2.170000000000000000e+02 -2.135557171471561233e+01
2.180000000000000000e+02 -2.138654167038454901e+01
2.190000000000000000e+02 -2.139633746765294475e+01
2.200000000000000000e+02 -2.137160996820620085e+01
2.210000000000000000e+02 -2.135530921596206611e+01
2.220000000000000000e+02 -2.137885522186796550e+01
2.230000000000000000e+02 -2.140186697621478373e+01
2.240000000000000000e+02 -2.138576554015430986e+01
2.250000000000000000e+02 -2.136076548825601407e+01
2.260000000000000000e+02 -2.137102465538859519e+01
2.270000000000000000e+02 -2.140182301848512125e+01
2.280000000000000000e+02 -2.139873606535218187e+01
2.290000000000000000e+02 -2.137110662462767863e+01
2.300000000000000000e+02 -2.136623815470717602e+01
2.310000000000000000e+02 -2.139675569171455294e+01
2.320000000000000000e+02 -2.140844658345593032e+01
2.330000000000000000e+02 -2.138445650364177197e+01
2.340000000000000000e+02 -2.136666966547110746e+01
2.350000000000000000e+02 -2.138879689644510762e+01
2.360000000000000000e+02 -2.141325192776699637e+01
2.370000000000000000e+02 -2.139858355428575720e+01
2.380000000000000000e+02 -2.137281103124191262e+01
2.390000000000000000e+02 -2.138113237522615506e+01
2.400000000000000000e+02 -2.141245044220894655e+01
2.410000000000000000e+02 -2.141123848746442349e+01
2.420000000000000000e+02 -2.138365172978984674e+01
2.430000000000000000e+02 -2.137688290659566448e+01
2.440000000000000000e+02 -2.140680532176427420e+01
2.450000000000000000e+02 -2.142037761819868535e+01
2.460000000000000000e+02 -2.139722777732007941e+01
2.470000000000000000e+02 -2.137803022085549998e+01
2.480000000000000000e+02 -2.139863796404126361e+01
2.490000000000000000e+02 -2.142444344644740895e+01
2.500000000000000000e+02 -2.141128625702366861e+01
2.510000000000000000e+02 -2.138484435833855812e+01
2.520000000000000000e+02 -2.139120281868423845e+01
2.530000000000000000e+02 -2.142289902808162338e+01
2.540000000000000000e+02 -2.142358966425970834e+01
2.550000000000000000e+02 -2.139615264379342463e+01
2.560000000000000000e+02 -2.138752904331565219e+01
2.570000000000000000e+02 -2.141671919133684554e+01
2.580000000000000000e+02 -2.143213159797049627e+01
2.590000000000000000e+02 -2.140991796283131521e+01
2.600000000000000000e+02 -2.138939875264256330e+01
2.610000000000000000e+02 -2.140840118336500453e+01
2.620000000000000000e+02 -2.143544968542218854e+01
2.630000000000000000e+02 -2.142387253565794936e+01
2.640000000000000000e+02 -2.139686701541234726e+01
2.650000000000000000e+02 -2.140124863444223280e+01
2.660000000000000000e+02 -2.143317908423787088e+01
2.670000000000000000e+02 -2.143579221845838845e+01
2.680000000000000000e+02 -2.140861092327337900e+01
2.690000000000000000e+02 -2.139818251328049570e+01
2.700000000000000000e+02 -2.142650717062856103e+01
2.710000000000000000e+02 -2.144371239357942471e+01
2.720000000000000000e+02 -2.142252935853197116e+01
2.730000000000000000e+02 -2.140077812141682756e+01
2.740000000000000000e+02 -2.141809591465506202e+01
2.750000000000000000e+02 -2.144627557354005987e+01
2.760000000000000000e+02 -2.143634407202041459e+01
2.770000000000000000e+02 -2.140888005965308949e+01
2.780000000000000000e+02 -2.141127801166463485e+01
2.790000000000000000e+02 -2.144329808670917714e+01
2.800000000000000000e+02 -2.144784699754165658e+01
2.810000000000000000e+02 -2.142102618780156931e+01
2.820000000000000000e+02 -2.140884862199826344e+01
2.830000000000000000e+02 -2.143617952877229982e+01
2.840000000000000000e+02 -2.145512155641751662e+01
2.850000000000000000e+02 -2.143506064894619456e+01
2.860000000000000000e+02 -2.141216991507110734e+01
2.870000000000000000e+02 -2.142773293547308100e+01
2.880000000000000000e+02 -2.145692535498851328e+01
2.890000000000000000e+02 -2.144869925427108726e+01
2.900000000000000000e+02 -2.142088231956870814e+01
2.910000000000000000e+02 -2.142129914432219806e+01
2.920000000000000000e+02 -2.145326369909621889e+01
2.930000000000000000e+02 -2.145975295428012686e+01
2.940000000000000000e+02 -2.143339611241693277e+01
2.950000000000000000e+02 -2.141953132762589362e+01
2.960000000000000000e+02 -2.144574611776329576e+01
2.970000000000000000e+02 -2.146635983647665569e+01
2.980000000000000000e+02 -2.144750938118031414e+01
2.990000000000000000e+02 -2.142357426063673387e+01
3.000000000000000000e+02 -2.143732167096741748e+01
3.010000000000000000e+02 -2.146740276647383538e+01
3.020000000000000000e+02 -2.146093588187607182e+01
3.030000000000000000e+02 -2.143287170493918481e+01
3.040000000000000000e+02 -2.143131858703046078e+01
3.050000000000000000e+02 -2.146308291746305130e+01
3.060000000000000000e+02 -2.147150864726757646e+01
3.070000000000000000e+02 -2.144571784769010492e+01
3.080000000000000000e+02 -2.143023323444137063e+01
3.090000000000000000e+02 -2.145521593797731796e+01
3.100000000000000000e+02 -2.147742768395211854e+01
3.110000000000000000e+02 -2.145987265217305406e+01
3.120000000000000000e+02 -2.143499034109647994e+01
3.130000000000000000e+02 -2.144687059906346605e+01
3.140000000000000000e+02 -2.147771136073841092e+01
3.150000000000000000e+02 -2.147305129110917221e+01
3.160000000000000000e+02 -2.144484546376197898e+01
3.170000000000000000e+02 -2.144134192084225532e+01
3.180000000000000000e+02 -2.147276259127163556e+01
3.190000000000000000e+02 -2.148311228794469940e+01
3.200000000000000000e+02 -2.145798801943095668e+01
3.210000000000000000e+02 -2.144095602848274140e+01
3.220000000000000000e+02 -2.146459766622699661e+01
3.230000000000000000e+02 -2.148832543748091695e+01
3.240000000000000000e+02 -2.147214711021062783e+01
3.250000000000000000e+02 -2.144641660314018239e+01
3.260000000000000000e+02 -2.145638757160234888e+01
3.270000000000000000e+02 -2.148785474354896508e+01
3.280000000000000000e+02 -2.148504247677169587e+01
3.290000000000000000e+02 -2.145680033538694076e+01
3.300000000000000000e+02 -2.145137390387386489e+01
3.310000000000000000e+02 -2.148230956435567407e+01
3.320000000000000000e+02 -2.149456193470116006e+01
3.330000000000000000e+02 -2.147020290800336184e+01
3.340000000000000000e+02 -2.145170060149102653e+01
3.350000000000000000e+02 -2.147389969178917823e+01
3.360000000000000000e+02 -2.149905349414381917e+01
3.370000000000000000e+02 -2.148432914394554061e+01
3.380000000000000000e+02 -2.145785091378614950e+01
3.390000000000000000e+02 -2.146587984127215876e+01
3.400000000000000000e+02 -2.149783667760557293e+01
3.410000000000000000e+02 -2.149690626153863349e+01
3.420000000000000000e+02 -2.146873270811255097e+01
3.430000000000000000e+02 -2.146141854798600690e+01
3.440000000000000000e+02 -2.149173073183348137e+01
3.450000000000000000e+02 -2.150585563441421044e+01
3.460000000000000000e+02 -2.148235857553262917e+01
3.470000000000000000e+02 -2.146246716873917748e+01
3.480000000000000000e+02 -2.148313016242283169e+01
3.490000000000000000e+02 -2.150961242248046545e+01
3.500000000000000000e+02 -2.149641498205287249e+01
3.510000000000000000e+02 -2.146929068094482673e+01
3.520000000000000000e+02 -2.147535412325796500e+01
3.530000000000000000e+02 -2.150766116557349150e+01
3.540000000000000000e+02 -2.150863938897903438e+01
3.550000000000000000e+02 -2.148063871667778812e+01
3.560000000000000000e+02 -2.147147919821098583e+01
3.570000000000000000e+02 -2.150103308990896522e+01
3.580000000000000000e+02 -2.151699151727080306e+01
3.590000000000000000e+02 -2.149445094191327854e+01
3.600000000000000000e+02 -2.147325536148475322e+01
3.610000000000000000e+02 -2.149229701224833633e+01
3.620000000000000000e+02 -2.152000304415040333e+01
3.630000000000000000e+02 -2.150840076196517714e+01
3.640000000000000000e+02 -2.148073294388994015e+01
3.650000000000000000e+02 -2.148481662795179403e+01
3.660000000000000000e+02 -2.151733250115523077e+01
3.670000000000000000e+02 -2.152023859722970656e+01
3.680000000000000000e+02 -2.149251431694113990e+01
3.690000000000000000e+02 -2.148155858502794757e+01
3.700000000000000000e+02 -2.151022375188468061e+01
3.710000000000000000e+02 -2.152796787178538196e+01
3.720000000000000000e+02 -2.150647584349577457e+01
3.730000000000000000e+02 -2.148406429875604928e+01
3.740000000000000000e+02 -2.150140796334366655e+01
3.750000000000000000e+02 -2.153022649200737959e+01
3.760000000000000000e+02 -2.152028258274087591e+01
3.770000000000000000e+02 -2.149217444521475429e+01
3.780000000000000000e+02 -2.149427307683392030e+01
3.790000000000000000e+02 -2.152685529701474820e+01
3.800000000000000000e+02 -2.153170067637632101e+01
3.810000000000000000e+02 -2.150435534222042833e+01
3.820000000000000000e+02 -2.149165886478335352e+01
3.830000000000000000e+02 -2.151930994597045554e+01
3.840000000000000000e+02 -2.153878320250517220e+01
3.850000000000000000e+02 -2.151842907451307596e+01
3.860000000000000000e+02 -2.149489264684504519e+01
3.870000000000000000e+02 -2.151047051614510153e+01
3.880000000000000000e+02 -2.154028425089668630e+01
3.890000000000000000e+02 -2.153205654340354869e+01
3.900000000000000000e+02 -2.150361168817862634e+01
3.910000000000000000e+02 -2.150372871041842160e+01
3.920000000000000000e+02 -2.153623449684832636e+01
3.930000000000000000e+02 -2.154302251353701791e+01
3.940000000000000000e+02 -2.151615754530336844e+01
3.950000000000000000e+02 -2.150178165264336627e+01
3.960000000000000000e+02 -2.152829900027054322e+01
3.970000000000000000e+02 -2.154943627531820738e+01
3.980000000000000000e+02 -2.153030641658345701e+01
3.990000000000000000e+02 -2.150573866975138415e+01
4.000000000000000000e+02 -2.151949193188368525e+01
