1.000000000000000000e+00 0.000000000000000000e+00
2.000000000000000000e+00 -1.094206158560121978e+01
3.000000000000000000e+00 -1.485865452764650385e+01
4.000000000000000000e+00 -2.052447684283381335e+01
5.000000000000000000e+00 -2.080202285480494595e+01
6.000000000000000000e+00 -2.128393853427576232e+01
7.000000000000000000e+00 -2.142416338166487222e+01
8.000000000000000000e+00 -2.165970809487052762e+01
9.000000000000000000e+00 -2.204526913361062412e+01
1.000000000000000000e+01 -2.278996643366851771e+01
1.100000000000000000e+01 -2.283786775752460940e+01
1.200000000000000000e+01 -2.284556992094339378e+01
1.300000000000000000e+01 -2.284884559342442856e+01
1.400000000000000000e+01 -2.286490979859364003e+01
1.500000000000000000e+01 -2.288020519214177995e+01
1.600000000000000000e+01 -2.289098914008497943e+01
1.700000000000000000e+01 -2.289285821104345331e+01
1.800000000000000000e+01 -2.289298277532092030e+01
1.900000000000000000e+01 -2.289299685599011980e+01
2.000000000000000000e+01 -2.289314516630178531e+01
2.100000000000000000e+01 -2.289452884187361548e+01
2.200000000000000000e+01 -2.289728037096881863e+01
2.300000000000000000e+01 -2.290434682896214014e+01
2.400000000000000000e+01 -2.291757824112040964e+01
2.500000000000000000e+01 -2.293541016830066326e+01
2.600000000000000000e+01 -2.295296959080694066e+01
2.700000000000000000e+01 -2.296311688251493877e+01
2.800000000000000000e+01 -2.296637794083031991e+01
2.900000000000000000e+01 -2.297345953884862269e+01
3.000000000000000000e+01 -2.298712315086006441e+01
3.100000000000000000e+01 -2.301515613652664172e+01
3.200000000000000000e+01 -2.305133604565352101e+01
3.300000000000000000e+01 -2.307616998061626390e+01
3.400000000000000000e+01 -2.308185178052816156e+01
3.500000000000000000e+01 -2.308225266773417417e+01
3.600000000000000000e+01 -2.308227270041628998e+01
3.700000000000000000e+01 -2.308315512210938891e+01
3.800000000000000000e+01 -2.308530192148074534e+01
3.900000000000000000e+01 -2.309017236895839886e+01
4.000000000000000000e+01 -2.309083881635149282e+01
4.100000000000000000e+01 -2.309089625772319465e+01
4.200000000000000000e+01 -2.309089760209259623e+01
4.300000000000000000e+01 -2.309089790560512867e+01
4.400000000000000000e+01 -2.309089915597952114e+01
4.500000000000000000e+01 -2.309090189625317890e+01
4.600000000000000000e+01 -2.309090960222003730e+01
4.700000000000000000e+01 -2.309092923018211962e+01
4.800000000000000000e+01 -2.309098105294595626e+01
4.900000000000000000e+01 -2.309111553741516332e+01
5.000000000000000000e+01 -2.309146368994784737e+01
5.100000000000000000e+01 -2.309234496579852447e+01
5.200000000000000000e+01 -2.309446420615605433e+01
5.300000000000000000e+01 -2.309894530258454282e+01
5.400000000000000000e+01 -2.310602919842389724e+01
5.500000000000000000e+01 -2.311240726949886337e+01
5.600000000000000000e+01 -2.311480226965533546e+01
5.700000000000000000e+01 -2.311509944192626875e+01
5.800000000000000000e+01 -2.311511036115449969e+01
5.900000000000000000e+01 -2.311511096714416880e+01
6.000000000000000000e+01 -2.311511347286339202e+01
6.100000000000000000e+01 -2.311511997869932244e+01
6.200000000000000000e+01 -2.311513621005755681e+01
6.300000000000000000e+01 -2.311517938397273753e+01
6.400000000000000000e+01 -2.311529119530462495e+01
6.500000000000000000e+01 -2.311558144998215170e+01
6.600000000000000000e+01 -2.311631907600301261e+01
6.700000000000000000e+01 -2.311811266794388331e+01
6.800000000000000000e+01 -2.312200619054782180e+01
6.900000000000000000e+01 -2.312852286552325864e+01
7.000000000000000000e+01 -2.313501956045667640e+01
7.100000000000000000e+01 -2.313783142412233573e+01
7.200000000000000000e+01 -2.313824448193637195e+01
7.300000000000000000e+01 -2.313826254242047753e+01
7.400000000000000000e+01 -2.313826289925287938e+01
7.500000000000000000e+01 -2.313826814935865883e+01
7.600000000000000000e+01 -2.313833508439207876e+01
7.700000000000000000e+01 -2.313934783042956411e+01
7.800000000000000000e+01 -2.314211056042205428e+01
7.900000000000000000e+01 -2.315907138187877479e+01
8.000000000000000000e+01 -2.318936983562846166e+01
8.100000000000000000e+01 -2.325365165214869023e+01
8.200000000000000000e+01 -2.333142663927891647e+01
8.300000000000000000e+01 -2.338025549092352051e+01
8.400000000000000000e+01 -2.339101414522355071e+01
8.500000000000000000e+01 -2.339175934704137205e+01
8.600000000000000000e+01 -2.339177355424492077e+01
8.700000000000000000e+01 -2.339177420079043657e+01
8.800000000000000000e+01 -2.339177766658313473e+01
8.900000000000000000e+01 -2.339178327286865766e+01
9.000000000000000000e+01 -2.339180128532946412e+01
9.100000000000000000e+01 -2.339184397711006369e+01
9.200000000000000000e+01 -2.339195233001103702e+01
9.300000000000000000e+01 -2.339219257799546625e+01
9.400000000000000000e+01 -2.339262688689985481e+01
9.500000000000000000e+01 -2.339312169738877145e+01
9.600000000000000000e+01 -2.339338417524120928e+01
9.700000000000000000e+01 -2.339343347744998880e+01
9.800000000000000000e+01 -2.339343629145595216e+01
9.900000000000000000e+01 -2.339343634247921244e+01
1.000000000000000000e+02 -2.339354588484435027e+01
1.010000000000000000e+02 -2.339487468737047848e+01
1.020000000000000000e+02 -2.339726026826429361e+01
1.030000000000000000e+02 -2.340210238465334669e+01
1.040000000000000000e+02 -2.340210267376711428e+01
1.050000000000000000e+02 -2.340761933787467441e+01
1.060000000000000000e+02 -2.341078506775979662e+01
1.070000000000000000e+02 -2.341078941630013333e+01
1.080000000000000000e+02 -2.341141654493047142e+01
1.090000000000000000e+02 -2.341142597491429456e+01
1.100000000000000000e+02 -2.341144736874015564e+01
1.110000000000000000e+02 -2.341145582336305608e+01
1.120000000000000000e+02 -2.341145646127156610e+01
1.130000000000000000e+02 -2.341145646666407742e+01
1.140000000000000000e+02 -2.341145646672338287e+01
1.150000000000000000e+02 -2.341145646682319637e+01
1.160000000000000000e+02 -2.341145646684791615e+01
1.170000000000000000e+02 -2.341145646778146272e+01
1.180000000000000000e+02 -2.341145646791775903e+01
1.190000000000000000e+02 -2.341145646800686819e+01
1.200000000000000000e+02 -2.341145646804288916e+01
1.210000000000000000e+02 -2.341145646822392479e+01
1.220000000000000000e+02 -2.341145646825314230e+01
1.230000000000000000e+02 -2.341145646939262193e+01
1.240000000000000000e+02 -2.341145647017542331e+01
1.250000000000000000e+02 -2.341145647020195142e+01
1.260000000000000000e+02 -2.341145647146632314e+01
1.270000000000000000e+02 -2.341145647212309555e+01
1.280000000000000000e+02 -2.341145647215066816e+01
1.290000000000000000e+02 -2.341145647267392249e+01
1.300000000000000000e+02 -2.341145647281776832e+01
1.310000000000000000e+02 -2.341145647283990527e+01
1.320000000000000000e+02 -2.341145647371349980e+01
1.330000000000000000e+02 -2.341145647390535345e+01
1.340000000000000000e+02 -2.341145647392981388e+01
1.350000000000000000e+02 -2.341145647411194020e+01
1.360000000000000000e+02 -2.341145647413981123e+01
1.370000000000000000e+02 -2.341145647424167464e+01
1.380000000000000000e+02 -2.341145647426429122e+01
1.390000000000000000e+02 -2.341145647508975358e+01
1.400000000000000000e+02 -2.341145647532799501e+01
1.410000000000000000e+02 -2.341145647535420693e+01
1.420000000000000000e+02 -2.341145647594854751e+01
1.430000000000000000e+02 -2.341145647641058503e+01
1.440000000000000000e+02 -2.341145647644394501e+01
1.450000000000000000e+02 -2.341145647657240403e+01
1.460000000000000000e+02 -2.341145647660312079e+01
1.470000000000000000e+02 -2.341145647670386865e+01
1.480000000000000000e+02 -2.341145647672759367e+01
1.490000000000000000e+02 -2.341145647762908055e+01
1.500000000000000000e+02 -2.341145647833659638e+01
1.510000000000000000e+02 -2.341145647837793220e+01
1.520000000000000000e+02 -2.341145647847466194e+01
1.530000000000000000e+02 -2.341145647850259337e+01
1.540000000000000000e+02 -2.341145647861836920e+01
1.550000000000000000e+02 -2.341145647864245660e+01
1.560000000000000000e+02 -2.341145647937206675e+01
1.570000000000000000e+02 -2.341145647970309440e+01
1.580000000000000000e+02 -2.341145647973232258e+01
1.590000000000000000e+02 -2.341145647990632028e+01
1.600000000000000000e+02 -2.341145647994222756e+01
1.610000000000000000e+02 -2.341145648010487434e+01
1.620000000000000000e+02 -2.341145648015204728e+01
1.630000000000000000e+02 -2.341145648029556270e+01
1.640000000000000000e+02 -2.341145648036159344e+01
1.650000000000000000e+02 -2.341145648044904704e+01
1.660000000000000000e+02 -2.341145648048681238e+01
1.670000000000000000e+02 -2.341145648058488860e+01
1.680000000000000000e+02 -2.341145648061149132e+01
1.690000000000000000e+02 -2.341145648117819533e+01
1.700000000000000000e+02 -2.341145648163966797e+01
1.710000000000000000e+02 -2.341145648167307414e+01
1.720000000000000000e+02 -2.341145648177284855e+01
1.730000000000000000e+02 -2.341145648179762162e+01
1.740000000000000000e+02 -2.341145648243681165e+01
1.750000000000000000e+02 -2.341145648272497937e+01
1.760000000000000000e+02 -2.341145648275282909e+01
1.770000000000000000e+02 -2.341145648285468184e+01
1.780000000000000000e+02 -2.341145648287726999e+01
1.790000000000000000e+02 -2.341145648370518728e+01
1.800000000000000000e+02 -2.341145648394109102e+01
1.810000000000000000e+02 -2.341145648396716439e+01
1.820000000000000000e+02 -2.341145648456610928e+01
1.830000000000000000e+02 -2.341145648502366328e+01
1.840000000000000000e+02 -2.341145648505684562e+01
1.850000000000000000e+02 -2.341145648516959454e+01
1.860000000000000000e+02 -2.341145648519662359e+01
1.870000000000000000e+02 -2.341145648573553473e+01
1.880000000000000000e+02 -2.341145648625124309e+01
1.890000000000000000e+02 -2.341145648628634035e+01
1.900000000000000000e+02 -2.341145648638539711e+01
1.910000000000000000e+02 -2.341145648641093402e+01
1.920000000000000000e+02 -2.341145648656930334e+01
1.930000000000000000e+02 -2.341145648659615475e+01
1.940000000000000000e+02 -2.341145648714732275e+01
1.950000000000000000e+02 -2.341145648765115084e+01
1.960000000000000000e+02 -2.341145648768589638e+01
1.970000000000000000e+02 -2.341145648778520894e+01
1.980000000000000000e+02 -2.341145648781044741e+01
1.990000000000000000e+02 -2.341145648795551537e+01
2.000000000000000000e+02 -2.341145648798066503e+01
2.010000000000000000e+02 -2.341145648864142714e+01
2.020000000000000000e+02 -2.341145648903913212e+01
2.030000000000000000e+02 -2.341145648907041021e+01
2.040000000000000000e+02 -2.341145648924083034e+01
2.050000000000000000e+02 -2.341145648928026191e+01
2.060000000000000000e+02 -2.341145648943681579e+01
2.070000000000000000e+02 -2.341145648949000702e+01
2.080000000000000000e+02 -2.341145648961452252e+01
2.090000000000000000e+02 -2.341145648967466997e+01
2.100000000000000000e+02 -2.341145648976936400e+01
2.110000000000000000e+02 -2.341145648980857530e+01
2.120000000000000000e+02 -2.341145648990610084e+01
2.130000000000000000e+02 -2.341145648993326134e+01
2.140000000000000000e+02 -2.341145649003539830e+01
2.150000000000000000e+02 -2.341145649005769158e+01
2.160000000000000000e+02 -2.341145649057627764e+01
2.170000000000000000e+02 -2.341145649065383694e+01
2.180000000000000000e+02 -2.341145649067489387e+01
2.190000000000000000e+02 -2.341145649160447562e+01
2.200000000000000000e+02 -2.341145649174189458e+01
2.210000000000000000e+02 -2.341145649176479537e+01
2.220000000000000000e+02 -2.341145649284334240e+01
2.230000000000000000e+02 -2.341145649366783843e+01
2.240000000000000000e+02 -2.341145649371287973e+01
2.250000000000000000e+02 -2.341145649386001892e+01
2.260000000000000000e+02 -2.341145649392246497e+01
2.270000000000000000e+02 -2.341145649403465612e+01
2.280000000000000000e+02 -2.341145649410323770e+01
2.290000000000000000e+02 -2.341145649412387897e+01
2.300000000000000000e+02 -2.341145649496277059e+01
2.310000000000000000e+02 -2.341145649505723014e+01
2.320000000000000000e+02 -2.341145649507879867e+01
2.330000000000000000e+02 -2.341145649597312683e+01
2.340000000000000000e+02 -2.341145649614472291e+01
2.350000000000000000e+02 -2.341145649616873214e+01
2.360000000000000000e+02 -2.341145649635146953e+01
2.370000000000000000e+02 -2.341145649637880410e+01
2.380000000000000000e+02 -2.341145649648084515e+01
2.390000000000000000e+02 -2.341145649650322724e+01
2.400000000000000000e+02 -2.341145649702033182e+01
2.410000000000000000e+02 -2.341145649709936194e+01
2.420000000000000000e+02 -2.341145649712044019e+01
2.430000000000000000e+02 -2.341145649804703055e+01
2.440000000000000000e+02 -2.341145649818732011e+01
2.450000000000000000e+02 -2.341145649821032038e+01
2.460000000000000000e+02 -2.341145649926793837e+01
2.470000000000000000e+02 -2.341145650011272750e+01
2.480000000000000000e+02 -2.341145650015842605e+01
2.490000000000000000e+02 -2.341145650025358549e+01
2.500000000000000000e+02 -2.341145650028324354e+01
2.510000000000000000e+02 -2.341145650038442128e+01
2.520000000000000000e+02 -2.341145650040773063e+01
2.530000000000000000e+02 -2.341145650116832400e+01
2.540000000000000000e+02 -2.341145650143371881e+01
2.550000000000000000e+02 -2.341145650146079049e+01
2.560000000000000000e+02 -2.341145650156290969e+01
2.570000000000000000e+02 -2.341145650158516744e+01
2.580000000000000000e+02 -2.341145650213801943e+01
2.590000000000000000e+02 -2.341145650222450314e+01
2.600000000000000000e+02 -2.341145650224573416e+01
2.610000000000000000e+02 -2.341145650315692350e+01
2.620000000000000000e+02 -2.341145650331212380e+01
2.630000000000000000e+02 -2.341145650333560013e+01
2.640000000000000000e+02 -2.341145650383161225e+01
2.650000000000000000e+02 -2.341145650393108824e+01
2.660000000000000000e+02 -2.341145650395274913e+01
2.670000000000000000e+02 -2.341145650529814048e+01
2.680000000000000000e+02 -2.341145650586436489e+01
2.690000000000000000e+02 -2.341145650590108929e+01
2.700000000000000000e+02 -2.341145650599962025e+01
2.710000000000000000e+02 -2.341145650602573625e+01
2.720000000000000000e+02 -2.341145650620491736e+01
2.730000000000000000e+02 -2.341145650623575847e+01
2.740000000000000000e+02 -2.341145650633649922e+01
2.750000000000000000e+02 -2.341145650636028108e+01
2.760000000000000000e+02 -2.341145650710902260e+01
2.770000000000000000e+02 -2.341145650742155837e+01
2.780000000000000000e+02 -2.341145650745009021e+01
2.790000000000000000e+02 -2.341145650762516794e+01
2.800000000000000000e+02 -2.341145650766009823e+01
2.810000000000000000e+02 -2.341145650775924736e+01
2.820000000000000000e+02 -2.341145650778465637e+01
2.830000000000000000e+02 -2.341145650824460134e+01
2.840000000000000000e+02 -2.341145650837907155e+01
2.850000000000000000e+02 -2.341145650840190129e+01
2.860000000000000000e+02 -2.341145650891050067e+01
2.870000000000000000e+02 -2.341145650899777308e+01
2.880000000000000000e+02 -2.341145650901903608e+01
2.890000000000000000e+02 -2.341145650986796767e+01
2.900000000000000000e+02 -2.341145651000366712e+01
2.910000000000000000e+02 -2.341145651002648975e+01
2.920000000000000000e+02 -2.341145651053444254e+01
2.930000000000000000e+02 -2.341145651062232247e+01
2.940000000000000000e+02 -2.341145651064362099e+01
2.950000000000000000e+02 -2.341145651155169460e+01
2.960000000000000000e+02 -2.341145651170986142e+01
2.970000000000000000e+02 -2.341145651173341236e+01
2.980000000000000000e+02 -2.341145651246583981e+01
2.990000000000000000e+02 -2.341145651273227202e+01
3.000000000000000000e+02 -2.341145651275937212e+01
3.010000000000000000e+02 -2.341145651293696872e+01
3.020000000000000000e+02 -2.341145651296936947e+01
3.030000000000000000e+02 -2.341145651306949560e+01
3.040000000000000000e+02 -2.341145651309390274e+01
3.050000000000000000e+02 -2.341145651327597932e+01
3.060000000000000000e+02 -2.341145651330394628e+01
3.070000000000000000e+02 -2.341145651340575284e+01
3.080000000000000000e+02 -2.341145651342838008e+01
3.090000000000000000e+02 -2.341145651401927097e+01
3.100000000000000000e+02 -2.341145651413031459e+01
3.110000000000000000e+02 -2.341145651415240891e+01
3.120000000000000000e+02 -2.341145651539677885e+01
3.130000000000000000e+02 -2.341145651600458422e+01
3.140000000000000000e+02 -2.341145651604266931e+01
3.150000000000000000e+02 -2.341145651614064604e+01
3.160000000000000000e+02 -2.341145651616728429e+01
3.170000000000000000e+02 -2.341145651634558789e+01
3.180000000000000000e+02 -2.341145651637729941e+01
3.190000000000000000e+02 -2.341145651647774528e+01
3.200000000000000000e+02 -2.341145651650187531e+01
3.210000000000000000e+02 -2.341145651722747090e+01
3.220000000000000000e+02 -2.341145651756238522e+01
3.230000000000000000e+02 -2.341145651759165958e+01
3.240000000000000000e+02 -2.341145651772629677e+01
3.250000000000000000e+02 -2.341145651775405412e+01
3.260000000000000000e+02 -2.341145651785597437e+01
3.270000000000000000e+02 -2.341145651787856963e+01
3.280000000000000000e+02 -2.341145651870570532e+01
3.290000000000000000e+02 -2.341145651894228052e+01
3.300000000000000000e+02 -2.341145651896840008e+01
3.310000000000000000e+02 -2.341145651953784323e+01
3.320000000000000000e+02 -2.341145651987477549e+01
3.330000000000000000e+02 -2.341145651990403920e+01
3.340000000000000000e+02 -2.341145652002487765e+01
3.350000000000000000e+02 -2.341145652005055311e+01
3.360000000000000000e+02 -2.341145652064217231e+01
3.370000000000000000e+02 -2.341145652096365026e+01
3.380000000000000000e+02 -2.341145652099250896e+01
3.390000000000000000e+02 -2.341145652109394959e+01
3.400000000000000000e+02 -2.341145652111696762e+01
3.410000000000000000e+02 -2.341145652162252588e+01
3.420000000000000000e+02 -2.341145652171274349e+01
3.430000000000000000e+02 -2.341145652173415215e+01
3.440000000000000000e+02 -2.341145652252158627e+01
3.450000000000000000e+02 -2.341145652264364685e+01
3.460000000000000000e+02 -2.341145652266605026e+01
3.470000000000000000e+02 -2.341145652325474202e+01
3.480000000000000000e+02 -2.341145652335746874e+01
3.490000000000000000e+02 -2.341145652337928240e+01
3.500000000000000000e+02 -2.341145652425638701e+01
3.510000000000000000e+02 -2.341145652444464531e+01
3.520000000000000000e+02 -2.341145652446920167e+01
3.530000000000000000e+02 -2.341145652516761189e+01
3.540000000000000000e+02 -2.341145652552888734e+01
3.550000000000000000e+02 -2.341145652555895040e+01
3.560000000000000000e+02 -2.341145652568755864e+01
3.570000000000000000e+02 -2.341145652571512414e+01
3.580000000000000000e+02 -2.341145652581709413e+01
3.590000000000000000e+02 -2.341145652583952597e+01
3.600000000000000000e+02 -2.341145652701518998e+01
3.610000000000000000e+02 -2.341145652774569541e+01
3.620000000000000000e+02 -2.341145652778774533e+01
3.630000000000000000e+02 -2.341145652788420151e+01
3.640000000000000000e+02 -2.341145652791244558e+01
3.650000000000000000e+02 -2.341145652801419885e+01
3.660000000000000000e+02 -2.341145652803693622e+01
3.670000000000000000e+02 -2.341145652885294481e+01
3.680000000000000000e+02 -2.341145652910033093e+01
3.690000000000000000e+02 -2.341145652912680930e+01
3.700000000000000000e+02 -2.341145652967540514e+01
3.710000000000000000e+02 -2.341145653001269977e+01
3.720000000000000000e+02 -2.341145653004205940e+01
3.730000000000000000e+02 -2.341145653014332950e+01
3.740000000000000000e+02 -2.341145653016660688e+01
3.750000000000000000e+02 -2.341145653095358270e+01
3.760000000000000000e+02 -2.341145653122904591e+01
3.770000000000000000e+02 -2.341145653125646575e+01
3.780000000000000000e+02 -2.341145653135846416e+01
3.790000000000000000e+02 -2.341145653138089244e+01
3.800000000000000000e+02 -2.341145653221931155e+01
3.810000000000000000e+02 -2.341145653244490177e+01
3.820000000000000000e+02 -2.341145653247060920e+01
3.830000000000000000e+02 -2.341145653265046178e+01
3.840000000000000000e+02 -2.341145653268069893e+01
3.850000000000000000e+02 -2.341145653278164218e+01
3.860000000000000000e+02 -2.341145653280514694e+01
3.870000000000000000e+02 -2.341145653298874052e+01
3.880000000000000000e+02 -2.341145653301524732e+01
3.890000000000000000e+02 -2.341145653357677858e+01
3.900000000000000000e+02 -2.341145653397962079e+01
3.910000000000000000e+02 -2.341145653401106941e+01
3.920000000000000000e+02 -2.341145653411157568e+01
3.930000000000000000e+02 -2.341145653413560979e+01
3.940000000000000000e+02 -2.341145653431829743e+01
3.950000000000000000e+02 -2.341145653434560714e+01
3.960000000000000000e+02 -2.341145653450034914e+01
3.970000000000000000e+02 -2.341145653452912256e+01
3.980000000000000000e+02 -2.341145653463064136e+01
3.990000000000000000e+02 -2.341145653465359189e+01
4.000000000000000000e+02 -2.341145653521959247e+01
