1.000000000000000000e+00 0.000000000000000000e+00
2.100000000000000000e+01 -2.289452884187361548e+01
4.100000000000000000e+01 -2.309089625772319465e+01
6.100000000000000000e+01 -2.311511997869932244e+01
8.100000000000000000e+01 -2.325365165214869023e+01
1.010000000000000000e+02 -2.339487468737047848e+01
1.210000000000000000e+02 -2.341145646822392479e+01
1.410000000000000000e+02 -2.341145647535420693e+01
1.610000000000000000e+02 -2.341145648010487434e+01
1.810000000000000000e+02 -2.341145648396716439e+01
2.010000000000000000e+02 -2.341145648864142714e+01
2.210000000000000000e+02 -2.341145649176479537e+01
2.410000000000000000e+02 -2.341145649709936194e+01
2.610000000000000000e+02 -2.341145650315692350e+01
2.810000000000000000e+02 -2.341145650775924736e+01
3.010000000000000000e+02 -2.341145651293696872e+01
3.210000000000000000e+02 -2.341145651722747090e+01
3.410000000000000000e+02 -2.341145652162252588e+01
3.610000000000000000e+02 -2.341145652774569541e+01
3.810000000000000000e+02 -2.341145653244490177e+01
4.010000000000000000e+02 -2.341145653533302706e+01
4.210000000000000000e+02 -2.341145651275937212e+01
4.410000000000000000e+02 -2.341145651275937212e+01
4.610000000000000000e+02 -2.341145651275937212e+01
4.810000000000000000e+02 -2.341145651275937212e+01
5.010000000000000000e+02 -2.341145651275937212e+01
5.210000000000000000e+02 -2.341145651275937212e+01
5.410000000000000000e+02 -2.341145651275937212e+01
5.610000000000000000e+02 -2.341145651275937212e+01
5.810000000000000000e+02 -2.341145651275937212e+01
6.010000000000000000e+02 -2.341145651275937212e+01
6.210000000000000000e+02 -2.341145651275937212e+01
6.410000000000000000e+02 -2.341145651275937212e+01
6.610000000000000000e+02 -2.341145651275937212e+01
6.810000000000000000e+02 -2.341145651275937212e+01
7.010000000000000000e+02 -2.341145651275937212e+01
7.210000000000000000e+02 -2.341145651275937212e+01
7.410000000000000000e+02 -2.341145651275937212e+01
7.610000000000000000e+02 -2.341145651275937212e+01
7.810000000000000000e+02 -2.341145651275937212e+01
8.010000000000000000e+02 -2.341145651275937212e+01
8.210000000000000000e+02 -2.341145651275937212e+01
8.410000000000000000e+02 -2.341145651275937212e+01
8.610000000000000000e+02 -2.341145651275937212e+01
8.810000000000000000e+02 -2.341145651275937212e+01
9.010000000000000000e+02 -2.341145651275937212e+01
9.210000000000000000e+02 -2.341145651275937212e+01
9.410000000000000000e+02 -2.341145651275937212e+01
9.610000000000000000e+02 -2.341145651275937212e+01
9.810000000000000000e+02 -2.341145651275937212e+01
1.001000000000000000e+03 -2.341145651275937212e+01
1.021000000000000000e+03 -2.341145651275937212e+01
1.041000000000000000e+03 -2.341145651275937212e+01
1.061000000000000000e+03 -2.341145651275937212e+01
1.081000000000000000e+03 -2.341145651275937212e+01
1.101000000000000000e+03 -2.341145651275937212e+01
1.121000000000000000e+03 -2.341145651275937212e+01
1.141000000000000000e+03 -2.341145651275937212e+01
1.161000000000000000e+03 -2.341145651275937212e+01
1.181000000000000000e+03 -2.341145651275937212e+01
1.201000000000000000e+03 -2.341145651275937212e+01
1.221000000000000000e+03 -2.341145651275937212e+01
1.241000000000000000e+03 -2.341145651275937212e+01
1.261000000000000000e+03 -2.341145651275937212e+01
1.281000000000000000e+03 -2.341145651275937212e+01
1.301000000000000000e+03 -2.341145651275937212e+01
1.321000000000000000e+03 -2.341145651275937212e+01
1.341000000000000000e+03 -2.341145651275937212e+01
1.361000000000000000e+03 -2.341145651275937212e+01
1.381000000000000000e+03 -2.341145651275937212e+01
1.401000000000000000e+03 -2.341145651275937212e+01
1.421000000000000000e+03 -2.341145651275937212e+01
1.441000000000000000e+03 -2.341145651275937212e+01
1.461000000000000000e+03 -2.341145651275937212e+01
1.481000000000000000e+03 -2.341145651275937212e+01
1.501000000000000000e+03 -2.341145651275937212e+01
1.521000000000000000e+03 -2.341145651275937212e+01
1.541000000000000000e+03 -2.341145651275937212e+01
1.561000000000000000e+03 -2.341145651275937212e+01
1.581000000000000000e+03 -2.341145651275937212e+01
1.601000000000000000e+03 -2.341145651275937212e+01
1.621000000000000000e+03 -2.341145651275937212e+01
1.641000000000000000e+03 -2.341145651275937212e+01
1.661000000000000000e+03 -2.341145651275937212e+01
1.681000000000000000e+03 -2.341145651275937212e+01
1.701000000000000000e+03 -2.341145651275937212e+01
1.721000000000000000e+03 -2.341145651275937212e+01
1.741000000000000000e+03 -2.341145651275937212e+01
1.761000000000000000e+03 -2.341145651275937212e+01
1.781000000000000000e+03 -2.341145651275937212e+01
1.801000000000000000e+03 -2.341145651275937212e+01
1.821000000000000000e+03 -2.341145651275937212e+01
1.841000000000000000e+03 -2.341145651275937212e+01
1.861000000000000000e+03 -2.341145651275937212e+01
1.881000000000000000e+03 -2.341145651275937212e+01
1.901000000000000000e+03 -2.341145651275937212e+01
1.921000000000000000e+03 -2.341145651275937212e+01
1.941000000000000000e+03 -2.341145651275937212e+01
1.961000000000000000e+03 -2.341145651275937212e+01
1.981000000000000000e+03 -2.341145651275937212e+01
2.001000000000000000e+03 -2.341145651275937212e+01
2.021000000000000000e+03 -2.341145651275937212e+01
2.041000000000000000e+03 -2.341145651275937212e+01
2.061000000000000000e+03 -2.341145651275937212e+01
2.081000000000000000e+03 -2.341145651275937212e+01
2.101000000000000000e+03 -2.341145651275937212e+01
2.121000000000000000e+03 -2.341145651275937212e+01
2.141000000000000000e+03 -2.341145651275937212e+01
2.161000000000000000e+03 -2.341145651275937212e+01
2.181000000000000000e+03 -2.341145651275937212e+01
2.201000000000000000e+03 -2.341145651275937212e+01
2.221000000000000000e+03 -2.341145651275937212e+01
2.241000000000000000e+03 -2.341145651275937212e+01
2.261000000000000000e+03 -2.341145651275937212e+01
2.281000000000000000e+03 -2.341145651275937212e+01
2.301000000000000000e+03 -2.341145651275937212e+01
2.321000000000000000e+03 -2.341145651275937212e+01
2.341000000000000000e+03 -2.341145651275937212e+01
2.361000000000000000e+03 -2.341145651275937212e+01
2.381000000000000000e+03 -2.341145651275937212e+01
2.401000000000000000e+03 -2.341145651275937212e+01
2.421000000000000000e+03 -2.341145651275937212e+01
2.441000000000000000e+03 -2.341145651275937212e+01
2.461000000000000000e+03 -2.341145651275937212e+01
2.481000000000000000e+03 -2.341145651275937212e+01
2.501000000000000000e+03 -2.341145651275937212e+01
2.521000000000000000e+03 -2.341145651275937212e+01
2.541000000000000000e+03 -2.341145651275937212e+01
2.561000000000000000e+03 -2.341145651275937212e+01
2.581000000000000000e+03 -2.341145651275937212e+01
2.601000000000000000e+03 -2.341145651275937212e+01
2.621000000000000000e+03 -2.341145651275937212e+01
2.641000000000000000e+03 -2.341145651275937212e+01
2.661000000000000000e+03 -2.341145651275937212e+01
2.681000000000000000e+03 -2.341145651275937212e+01
2.701000000000000000e+03 -2.341145651275937212e+01
2.721000000000000000e+03 -2.341145651275937212e+01
2.741000000000000000e+03 -2.341145651275937212e+01
2.761000000000000000e+03 -2.341145651275937212e+01
2.781000000000000000e+03 -2.341145651275937212e+01
2.801000000000000000e+03 -2.341145651275937212e+01
2.821000000000000000e+03 -2.341145651275937212e+01
2.841000000000000000e+03 -2.341145651275937212e+01
2.861000000000000000e+03 -2.341145651275937212e+01
2.881000000000000000e+03 -2.341145651275937212e+01
2.901000000000000000e+03 -2.341145651275937212e+01
2.921000000000000000e+03 -2.341145651275937212e+01
2.941000000000000000e+03 -2.341145651275937212e+01
2.961000000000000000e+03 -2.341145651275937212e+01
2.981000000000000000e+03 -2.341145651275937212e+01
3.001000000000000000e+03 -2.341145651275937212e+01
3.021000000000000000e+03 -2.341145651275937212e+01
3.041000000000000000e+03 -2.341145651275937212e+01
3.061000000000000000e+03 -2.341145651275937212e+01
3.081000000000000000e+03 -2.341145651275937212e+01
3.101000000000000000e+03 -2.341145651275937212e+01
3.121000000000000000e+03 -2.341145651275937212e+01
3.141000000000000000e+03 -2.341145651275937212e+01
3.161000000000000000e+03 -2.341145651275937212e+01
3.181000000000000000e+03 -2.341145651275937212e+01
3.201000000000000000e+03 -2.341145651275937212e+01
3.221000000000000000e+03 -2.341145651275937212e+01
3.241000000000000000e+03 -2.341145651275937212e+01
3.261000000000000000e+03 -2.341145651275937212e+01
3.281000000000000000e+03 -2.341145651275937212e+01
3.301000000000000000e+03 -2.341145651275937212e+01
3.321000000000000000e+03 -2.341145651275937212e+01
3.341000000000000000e+03 -2.341145651275937212e+01
3.361000000000000000e+03 -2.341145651275937212e+01
3.381000000000000000e+03 -2.341145651275937212e+01
3.401000000000000000e+03 -2.341145651275937212e+01
3.421000000000000000e+03 -2.341145651275937212e+01
3.441000000000000000e+03 -2.341145651275937212e+01
3.461000000000000000e+03 -2.341145651275937212e+01
3.481000000000000000e+03 -2.341145651275937212e+01
3.501000000000000000e+03 -2.341145651275937212e+01
3.521000000000000000e+03 -2.341145651275937212e+01
3.541000000000000000e+03 -2.341145651275937212e+01
3.561000000000000000e+03 -2.341145651275937212e+01
3.581000000000000000e+03 -2.341145651275937212e+01
3.601000000000000000e+03 -2.341145651275937212e+01
3.621000000000000000e+03 -2.341145651275937212e+01
3.641000000000000000e+03 -2.341145651275937212e+01
3.661000000000000000e+03 -2.341145651275937212e+01
3.681000000000000000e+03 -2.341145651275937212e+01
3.701000000000000000e+03 -2.341145651275937212e+01
3.721000000000000000e+03 -2.341145651275937212e+01
3.741000000000000000e+03 -2.341145651275937212e+01
3.761000000000000000e+03 -2.341145651275937212e+01
3.781000000000000000e+03 -2.341145651275937212e+01
3.801000000000000000e+03 -2.341145651275937212e+01
3.821000000000000000e+03 -2.341145651275937212e+01
3.841000000000000000e+03 -2.341145651275937212e+01
3.861000000000000000e+03 -2.341145651275937212e+01
3.881000000000000000e+03 -2.341145651275937212e+01
3.901000000000000000e+03 -2.341145651275937212e+01
3.921000000000000000e+03 -2.341145651275937212e+01
3.941000000000000000e+03 -2.341145651275937212e+01
3.961000000000000000e+03 -2.341145651275937212e+01
3.981000000000000000e+03 -2.341145651275937212e+01
4.001000000000000000e+03 -2.341145651275937212e+01
4.021000000000000000e+03 -2.341145651275937212e+01
4.041000000000000000e+03 -2.341145651275937212e+01
4.061000000000000000e+03 -2.341145651275937212e+01
4.081000000000000000e+03 -2.341145651275937212e+01
4.101000000000000000e+03 -2.341145651275937212e+01
4.121000000000000000e+03 -2.341145651275937212e+01
4.141000000000000000e+03 -2.341145651275937212e+01
4.161000000000000000e+03 -2.341145651275937212e+01
4.181000000000000000e+03 -2.341145651275937212e+01
4.201000000000000000e+03 -2.341145651275937212e+01
4.221000000000000000e+03 -2.341145651275937212e+01
4.241000000000000000e+03 -2.341145651275937212e+01
4.261000000000000000e+03 -2.341145651275937212e+01
4.281000000000000000e+03 -2.341145651275937212e+01
4.301000000000000000e+03 -2.341145651275937212e+01
4.321000000000000000e+03 -2.341145651275937212e+01
4.341000000000000000e+03 -2.341145651275937212e+01
4.361000000000000000e+03 -2.341145651275937212e+01
4.381000000000000000e+03 -2.341145651275937212e+01
4.401000000000000000e+03 -2.341145651275937212e+01
4.421000000000000000e+03 -2.341145651275937212e+01
4.441000000000000000e+03 -2.341145651275937212e+01
4.461000000000000000e+03 -2.341145651275937212e+01
4.481000000000000000e+03 -2.341145651275937212e+01
4.501000000000000000e+03 -2.341145651275937212e+01
4.521000000000000000e+03 -2.341145651275937212e+01
4.541000000000000000e+03 -2.341145651275937212e+01
4.561000000000000000e+03 -2.341145651275937212e+01
4.581000000000000000e+03 -2.341145651275937212e+01
4.601000000000000000e+03 -2.341145651275937212e+01
4.621000000000000000e+03 -2.341145651275937212e+01
4.641000000000000000e+03 -2.341145651275937212e+01
4.661000000000000000e+03 -2.341145651275937212e+01
4.681000000000000000e+03 -2.341145651275937212e+01
4.701000000000000000e+03 -2.341145651275937212e+01
4.721000000000000000e+03 -2.341145651275937212e+01
4.741000000000000000e+03 -2.341145651275937212e+01
4.761000000000000000e+03 -2.341145651275937212e+01
4.781000000000000000e+03 -2.341145651275937212e+01
4.801000000000000000e+03 -2.341145651275937212e+01
4.821000000000000000e+03 -2.341145651275937212e+01
4.841000000000000000e+03 -2.341145651275937212e+01
4.861000000000000000e+03 -2.341145651275937212e+01
4.881000000000000000e+03 -2.341145651275937212e+01
4.901000000000000000e+03 -2.341145651275937212e+01
4.921000000000000000e+03 -2.341145651275937212e+01
4.941000000000000000e+03 -2.341145651275937212e+01
4.961000000000000000e+03 -2.341145651275937212e+01
4.981000000000000000e+03 -2.341145651275937212e+01
5.001000000000000000e+03 -2.341145651275937212e+01
5.021000000000000000e+03 -2.341145651275937212e+01
5.041000000000000000e+03 -2.341145651275937212e+01
5.061000000000000000e+03 -2.341145651275937212e+01
5.081000000000000000e+03 -2.341145651275937212e+01
5.101000000000000000e+03 -2.341145651275937212e+01
5.121000000000000000e+03 -2.341145651275937212e+01
5.141000000000000000e+03 -2.341145651275937212e+01
5.161000000000000000e+03 -2.341145651275937212e+01
5.181000000000000000e+03 -2.341145651275937212e+01
5.201000000000000000e+03 -2.341145651275937212e+01
5.221000000000000000e+03 -2.341145651275937212e+01
5.241000000000000000e+03 -2.341145651275937212e+01
5.261000000000000000e+03 -2.341145651275937212e+01
5.281000000000000000e+03 -2.341145651275937212e+01
5.301000000000000000e+03 -2.341145651275937212e+01
5.321000000000000000e+03 -2.341145651275937212e+01
5.341000000000000000e+03 -2.341145651275937212e+01
5.361000000000000000e+03 -2.341145651275937212e+01
5.381000000000000000e+03 -2.341145651275937212e+01
5.401000000000000000e+03 -2.341145651275937212e+01
5.421000000000000000e+03 -2.341145651275937212e+01
5.441000000000000000e+03 -2.341145651275937212e+01
5.461000000000000000e+03 -2.341145651275937212e+01
5.481000000000000000e+03 -2.341145651275937212e+01
5.501000000000000000e+03 -2.341145651275937212e+01
5.521000000000000000e+03 -2.341145651275937212e+01
5.541000000000000000e+03 -2.341145651275937212e+01
5.561000000000000000e+03 -2.341145651275937212e+01
5.581000000000000000e+03 -2.341145651275937212e+01
5.601000000000000000e+03 -2.341145651275937212e+01
5.621000000000000000e+03 -2.341145651275937212e+01
5.641000000000000000e+03 -2.341145651275937212e+01
5.661000000000000000e+03 -2.341145651275937212e+01
5.681000000000000000e+03 -2.341145651275937212e+01
5.701000000000000000e+03 -2.341145651275937212e+01
5.721000000000000000e+03 -2.341145651275937212e+01
5.741000000000000000e+03 -2.341145651275937212e+01
5.761000000000000000e+03 -2.341145651275937212e+01
5.781000000000000000e+03 -2.341145651275937212e+01
5.801000000000000000e+03 -2.341145651275937212e+01
5.821000000000000000e+03 -2.341145651275937212e+01
5.841000000000000000e+03 -2.341145651275937212e+01
5.861000000000000000e+03 -2.341145651275937212e+01
5.881000000000000000e+03 -2.341145651275937212e+01
5.901000000000000000e+03 -2.341145651275937212e+01
5.921000000000000000e+03 -2.341145651275937212e+01
5.941000000000000000e+03 -2.341145651275937212e+01
5.961000000000000000e+03 -2.341145651275937212e+01
5.981000000000000000e+03 -2.341145651275937212e+01
6.001000000000000000e+03 -2.341145651275937212e+01
6.021000000000000000e+03 -2.341145651275937212e+01
6.041000000000000000e+03 -2.341145651275937212e+01
6.061000000000000000e+03 -2.341145651275937212e+01
6.081000000000000000e+03 -2.341145651275937212e+01
6.101000000000000000e+03 -2.341145651275937212e+01
6.121000000000000000e+03 -2.341145651275937212e+01
6.141000000000000000e+03 -2.341145651275937212e+01
6.161000000000000000e+03 -2.341145651275937212e+01
6.181000000000000000e+03 -2.341145651275937212e+01
6.201000000000000000e+03 -2.341145651275937212e+01
6.221000000000000000e+03 -2.341145651275937212e+01
6.241000000000000000e+03 -2.341145651275937212e+01
6.261000000000000000e+03 -2.341145651275937212e+01
6.281000000000000000e+03 -2.341145651275937212e+01
6.301000000000000000e+03 -2.341145651275937212e+01
6.321000000000000000e+03 -2.341145651275937212e+01
6.341000000000000000e+03 -2.341145651275937212e+01
6.361000000000000000e+03 -2.341145651275937212e+01
6.381000000000000000e+03 -2.341145651275937212e+01
6.401000000000000000e+03 -2.341145651275937212e+01
6.421000000000000000e+03 -2.341145651275937212e+01
6.441000000000000000e+03 -2.341145651275937212e+01
6.461000000000000000e+03 -2.341145651275937212e+01
6.481000000000000000e+03 -2.341145651275937212e+01
6.501000000000000000e+03 -2.341145651275937212e+01
6.521000000000000000e+03 -2.341145651275937212e+01
6.541000000000000000e+03 -2.341145651275937212e+01
6.561000000000000000e+03 -2.341145651275937212e+01
6.581000000000000000e+03 -2.341145651275937212e+01
6.601000000000000000e+03 -2.341145651275937212e+01
6.621000000000000000e+03 -2.341145651275937212e+01
6.641000000000000000e+03 -2.341145651275937212e+01
6.661000000000000000e+03 -2.341145651275937212e+01
6.681000000000000000e+03 -2.341145651275937212e+01
6.701000000000000000e+03 -2.341145651275937212e+01
6.721000000000000000e+03 -2.341145651275937212e+01
6.741000000000000000e+03 -2.341145651275937212e+01
6.761000000000000000e+03 -2.341145651275937212e+01
6.781000000000000000e+03 -2.341145651275937212e+01
6.801000000000000000e+03 -2.341145651275937212e+01
6.821000000000000000e+03 -2.341145651275937212e+01
6.841000000000000000e+03 -2.341145651275937212e+01
6.861000000000000000e+03 -2.341145651275937212e+01
6.881000000000000000e+03 -2.341145651275937212e+01
6.901000000000000000e+03 -2.341145651275937212e+01
6.921000000000000000e+03 -2.341145651275937212e+01
6.941000000000000000e+03 -2.341145651275937212e+01
6.961000000000000000e+03 -2.341145651275937212e+01
6.981000000000000000e+03 -2.341145651275937212e+01
7.001000000000000000e+03 -2.341145651275937212e+01
7.021000000000000000e+03 -2.341145651275937212e+01
7.041000000000000000e+03 -2.341145651275937212e+01
7.061000000000000000e+03 -2.341145651275937212e+01
7.081000000000000000e+03 -2.341145651275937212e+01
7.101000000000000000e+03 -2.341145651275937212e+01
7.121000000000000000e+03 -2.341145651275937212e+01
7.141000000000000000e+03 -2.341145651275937212e+01
7.161000000000000000e+03 -2.341145651275937212e+01
7.181000000000000000e+03 -2.341145651275937212e+01
7.201000000000000000e+03 -2.341145651275937212e+01
7.221000000000000000e+03 -2.341145651275937212e+01
7.241000000000000000e+03 -2.341145651275937212e+01
7.261000000000000000e+03 -2.341145651275937212e+01
7.281000000000000000e+03 -2.341145651275937212e+01
7.301000000000000000e+03 -2.341145651275937212e+01
7.321000000000000000e+03 -2.341145651275937212e+01
7.341000000000000000e+03 -2.341145651275937212e+01
7.361000000000000000e+03 -2.341145651275937212e+01
7.381000000000000000e+03 -2.341145651275937212e+01
7.401000000000000000e+03 -2.341145651275937212e+01
7.421000000000000000e+03 -2.341145651275937212e+01
7.441000000000000000e+03 -2.341145651275937212e+01
7.461000000000000000e+03 -2.341145651275937212e+01
7.481000000000000000e+03 -2.341145651275937212e+01
7.501000000000000000e+03 -2.341145651275937212e+01
7.521000000000000000e+03 -2.341145651275937212e+01
7.541000000000000000e+03 -2.341145651275937212e+01
7.561000000000000000e+03 -2.341145651275937212e+01
7.581000000000000000e+03 -2.341145651275937212e+01
7.601000000000000000e+03 -2.341145651275937212e+01
7.621000000000000000e+03 -2.341145651275937212e+01
7.641000000000000000e+03 -2.341145651275937212e+01
7.661000000000000000e+03 -2.341145651275937212e+01
7.681000000000000000e+03 -2.341145651275937212e+01
7.701000000000000000e+03 -2.341145651275937212e+01
7.721000000000000000e+03 -2.341145651275937212e+01
7.741000000000000000e+03 -2.341145651275937212e+01
7.761000000000000000e+03 -2.341145651275937212e+01
7.781000000000000000e+03 -2.341145651275937212e+01
7.801000000000000000e+03 -2.341145651275937212e+01
7.821000000000000000e+03 -2.341145651275937212e+01
7.841000000000000000e+03 -2.341145651275937212e+01
7.861000000000000000e+03 -2.341145651275937212e+01
7.881000000000000000e+03 -2.341145651275937212e+01
7.901000000000000000e+03 -2.341145651275937212e+01
7.921000000000000000e+03 -2.341145651275937212e+01
7.941000000000000000e+03 -2.341145651275937212e+01
7.961000000000000000e+03 -2.341145651275937212e+01
7.981000000000000000e+03 -2.341145651275937212e+01
8.001000000000000000e+03 -2.341145651275937212e+01
8.021000000000000000e+03 -2.341145651275937212e+01
8.041000000000000000e+03 -2.341145651275937212e+01
8.061000000000000000e+03 -2.341145651275937212e+01
8.081000000000000000e+03 -2.341145651275937212e+01
8.101000000000000000e+03 -2.341145651275937212e+01
8.121000000000000000e+03 -2.341145651275937212e+01
8.141000000000000000e+03 -2.341145651275937212e+01
8.161000000000000000e+03 -2.341145651275937212e+01
8.181000000000000000e+03 -2.341145651275937212e+01
8.201000000000000000e+03 -2.341145651275937212e+01
8.221000000000000000e+03 -2.341145651275937212e+01
8.241000000000000000e+03 -2.341145651275937212e+01
8.261000000000000000e+03 -2.341145651275937212e+01
8.281000000000000000e+03 -2.341145651275937212e+01
8.301000000000000000e+03 -2.341145651275937212e+01
8.321000000000000000e+03 -2.341145651275937212e+01
8.341000000000000000e+03 -2.341145651275937212e+01
8.361000000000000000e+03 -2.341145651275937212e+01
8.381000000000000000e+03 -2.341145651275937212e+01
8.401000000000000000e+03 -2.341145651275937212e+01
8.421000000000000000e+03 -2.341145651275937212e+01
8.441000000000000000e+03 -2.341145651275937212e+01
8.461000000000000000e+03 -2.341145651275937212e+01
8.481000000000000000e+03 -2.341145651275937212e+01
8.501000000000000000e+03 -2.341145651275937212e+01
8.521000000000000000e+03 -2.341145651275937212e+01
8.541000000000000000e+03 -2.341145651275937212e+01
8.561000000000000000e+03 -2.341145651275937212e+01
8.581000000000000000e+03 -2.341145651275937212e+01
8.601000000000000000e+03 -2.341145651275937212e+01
8.621000000000000000e+03 -2.341145651275937212e+01
8.641000000000000000e+03 -2.341145651275937212e+01
8.661000000000000000e+03 -2.341145651275937212e+01
8.681000000000000000e+03 -2.341145651275937212e+01
8.701000000000000000e+03 -2.341145651275937212e+01
8.721000000000000000e+03 -2.341145651275937212e+01
8.741000000000000000e+03 -2.341145651275937212e+01
8.761000000000000000e+03 -2.341145651275937212e+01
8.781000000000000000e+03 -2.341145651275937212e+01
8.801000000000000000e+03 -2.341145651275937212e+01
8.821000000000000000e+03 -2.341145651275937212e+01
8.841000000000000000e+03 -2.341145651275937212e+01
8.861000000000000000e+03 -2.341145651275937212e+01
8.881000000000000000e+03 -2.341145651275937212e+01
8.901000000000000000e+03 -2.341145651275937212e+01
8.921000000000000000e+03 -2.341145651275937212e+01
8.941000000000000000e+03 -2.341145651275937212e+01
8.961000000000000000e+03 -2.341145651275937212e+01
8.981000000000000000e+03 -2.341145651275937212e+01
9.001000000000000000e+03 -2.341145651275937212e+01
9.021000000000000000e+03 -2.341145651275937212e+01
9.041000000000000000e+03 -2.341145651275937212e+01
9.061000000000000000e+03 -2.341145651275937212e+01
9.081000000000000000e+03 -2.341145651275937212e+01
9.101000000000000000e+03 -2.341145651275937212e+01
9.121000000000000000e+03 -2.341145651275937212e+01
9.141000000000000000e+03 -2.341145651275937212e+01
9.161000000000000000e+03 -2.341145651275937212e+01
9.181000000000000000e+03 -2.341145651275937212e+01
9.201000000000000000e+03 -2.341145651275937212e+01
9.221000000000000000e+03 -2.341145651275937212e+01
9.241000000000000000e+03 -2.341145651275937212e+01
9.261000000000000000e+03 -2.341145651275937212e+01
9.281000000000000000e+03 -2.341145651275937212e+01
9.301000000000000000e+03 -2.341145651275937212e+01
9.321000000000000000e+03 -2.341145651275937212e+01
9.341000000000000000e+03 -2.341145651275937212e+01
9.361000000000000000e+03 -2.341145651275937212e+01
9.381000000000000000e+03 -2.341145651275937212e+01
9.401000000000000000e+03 -2.341145651275937212e+01
9.421000000000000000e+03 -2.341145651275937212e+01
9.441000000000000000e+03 -2.341145651275937212e+01
9.461000000000000000e+03 -2.341145651275937212e+01
9.481000000000000000e+03 -2.341145651275937212e+01
9.501000000000000000e+03 -2.341145651275937212e+01
9.521000000000000000e+03 -2.341145651275937212e+01
9.541000000000000000e+03 -2.341145651275937212e+01
9.561000000000000000e+03 -2.341145651275937212e+01
9.581000000000000000e+03 -2.341145651275937212e+01
9.601000000000000000e+03 -2.341145651275937212e+01
9.621000000000000000e+03 -2.341145651275937212e+01
9.641000000000000000e+03 -2.341145651275937212e+01
9.661000000000000000e+03 -2.341145651275937212e+01
9.681000000000000000e+03 -2.341145651275937212e+01
9.701000000000000000e+03 -2.341145651275937212e+01
9.721000000000000000e+03 -2.341145651275937212e+01
9.741000000000000000e+03 -2.341145651275937212e+01
9.761000000000000000e+03 -2.341145651275937212e+01
9.781000000000000000e+03 -2.341145651275937212e+01
9.801000000000000000e+03 -2.341145651275937212e+01
9.821000000000000000e+03 -2.341145651275937212e+01
9.841000000000000000e+03 -2.341145651275937212e+01
9.861000000000000000e+03 -2.341145651275937212e+01
9.881000000000000000e+03 -2.341145651275937212e+01
9.901000000000000000e+03 -2.341145651275937212e+01
9.921000000000000000e+03 -2.341145651275937212e+01
9.941000000000000000e+03 -2.341145651275937212e+01
9.961000000000000000e+03 -2.341145651275937212e+01
9.981000000000000000e+03 -2.341145651275937212e+01
1.000100000000000000e+04 -2.341145651275937212e+01
1.002100000000000000e+04 -2.341145651275937212e+01
1.004100000000000000e+04 -2.341145651275937212e+01
1.006100000000000000e+04 -2.341145651275937212e+01
1.008100000000000000e+04 -2.341145651275937212e+01
1.010100000000000000e+04 -2.341145651275937212e+01
1.012100000000000000e+04 -2.341145651275937212e+01
1.014100000000000000e+04 -2.341145651275937212e+01
1.016100000000000000e+04 -2.341145651275937212e+01
1.018100000000000000e+04 -2.341145651275937212e+01
1.020100000000000000e+04 -2.341145651275937212e+01
1.022100000000000000e+04 -2.341145651275937212e+01
1.024100000000000000e+04 -2.341145651275937212e+01
1.026100000000000000e+04 -2.341145651275937212e+01
1.028100000000000000e+04 -2.341145651275937212e+01
1.030100000000000000e+04 -2.341145651275937212e+01
1.032100000000000000e+04 -2.341145651275937212e+01
1.034100000000000000e+04 -2.341145651275937212e+01
1.036100000000000000e+04 -2.341145651275937212e+01
1.038100000000000000e+04 -2.341145651275937212e+01
1.040100000000000000e+04 -2.341145651275937212e+01
1.042100000000000000e+04 -2.341145651275937212e+01
1.044100000000000000e+04 -2.341145651275937212e+01
1.046100000000000000e+04 -2.341145651275937212e+01
1.048100000000000000e+04 -2.341145651275937212e+01
1.050100000000000000e+04 -2.341145651275937212e+01
1.052100000000000000e+04 -2.341145651275937212e+01
1.054100000000000000e+04 -2.341145651275937212e+01
1.056100000000000000e+04 -2.341145651275937212e+01
1.058100000000000000e+04 -2.341145651275937212e+01
1.060100000000000000e+04 -2.341145651275937212e+01
1.062100000000000000e+04 -2.341145651275937212e+01
1.064100000000000000e+04 -2.341145651275937212e+01
1.066100000000000000e+04 -2.341145651275937212e+01
1.068100000000000000e+04 -2.341145651275937212e+01
1.070100000000000000e+04 -2.341145651275937212e+01
1.072100000000000000e+04 -2.341145651275937212e+01
1.074100000000000000e+04 -2.341145651275937212e+01
1.076100000000000000e+04 -2.341145651275937212e+01
1.078100000000000000e+04 -2.341145651275937212e+01
1.080100000000000000e+04 -2.341145651275937212e+01
1.082100000000000000e+04 -2.341145651275937212e+01
1.084100000000000000e+04 -2.341145651275937212e+01
1.086100000000000000e+04 -2.341145651275937212e+01
1.088100000000000000e+04 -2.341145651275937212e+01
1.090100000000000000e+04 -2.341145651275937212e+01
1.092100000000000000e+04 -2.341145651275937212e+01
1.094100000000000000e+04 -2.341145651275937212e+01
1.096100000000000000e+04 -2.341145651275937212e+01
1.098100000000000000e+04 -2.341145651275937212e+01
1.100100000000000000e+04 -2.341145651275937212e+01
1.102100000000000000e+04 -2.341145651275937212e+01
1.104100000000000000e+04 -2.341145651275937212e+01
1.106100000000000000e+04 -2.341145651275937212e+01
1.108100000000000000e+04 -2.341145651275937212e+01
1.110100000000000000e+04 -2.341145651275937212e+01
1.112100000000000000e+04 -2.341145651275937212e+01
1.114100000000000000e+04 -2.341145651275937212e+01
1.116100000000000000e+04 -2.341145651275937212e+01
1.118100000000000000e+04 -2.341145651275937212e+01
1.120100000000000000e+04 -2.341145651275937212e+01
1.122100000000000000e+04 -2.341145651275937212e+01
1.124100000000000000e+04 -2.341145651275937212e+01
1.126100000000000000e+04 -2.341145651275937212e+01
1.128100000000000000e+04 -2.341145651275937212e+01
1.130100000000000000e+04 -2.341145651275937212e+01
1.132100000000000000e+04 -2.341145651275937212e+01
1.134100000000000000e+04 -2.341145651275937212e+01
1.136100000000000000e+04 -2.341145651275937212e+01
1.138100000000000000e+04 -2.341145651275937212e+01
1.140100000000000000e+04 -2.341145651275937212e+01
1.142100000000000000e+04 -2.341145651275937212e+01
1.144100000000000000e+04 -2.341145651275937212e+01
1.146100000000000000e+04 -2.341145651275937212e+01
1.148100000000000000e+04 -2.341145651275937212e+01
1.150100000000000000e+04 -2.341145651275937212e+01
1.152100000000000000e+04 -2.341145651275937212e+01
1.154100000000000000e+04 -2.341145651275937212e+01
1.156100000000000000e+04 -2.341145651275937212e+01
1.158100000000000000e+04 -2.341145651275937212e+01
1.160100000000000000e+04 -2.341145651275937212e+01
1.162100000000000000e+04 -2.341145651275937212e+01
1.164100000000000000e+04 -2.341145651275937212e+01
1.166100000000000000e+04 -2.341145651275937212e+01
1.168100000000000000e+04 -2.341145651275937212e+01
1.170100000000000000e+04 -2.341145651275937212e+01
1.172100000000000000e+04 -2.341145651275937212e+01
1.174100000000000000e+04 -2.341145651275937212e+01
1.176100000000000000e+04 -2.341145651275937212e+01
1.178100000000000000e+04 -2.341145651275937212e+01
1.180100000000000000e+04 -2.341145651275937212e+01
1.182100000000000000e+04 -2.341145651275937212e+01
1.184100000000000000e+04 -2.341145651275937212e+01
1.186100000000000000e+04 -2.341145651275937212e+01
1.188100000000000000e+04 -2.341145651275937212e+01
1.190100000000000000e+04 -2.341145651275937212e+01
1.192100000000000000e+04 -2.341145651275937212e+01
1.194100000000000000e+04 -2.341145651275937212e+01
1.196100000000000000e+04 -2.341145651275937212e+01
1.198100000000000000e+04 -2.341145651275937212e+01
1.200100000000000000e+04 -2.341145651275937212e+01
1.202100000000000000e+04 -2.341145651275937212e+01
1.204100000000000000e+04 -2.341145651275937212e+01
1.206100000000000000e+04 -2.341145651275937212e+01
1.208100000000000000e+04 -2.341145651275937212e+01
1.210100000000000000e+04 -2.341145651275937212e+01
1.212100000000000000e+04 -2.341145651275937212e+01
1.214100000000000000e+04 -2.341145651275937212e+01
1.216100000000000000e+04 -2.341145651275937212e+01
1.218100000000000000e+04 -2.341145651275937212e+01
1.220100000000000000e+04 -2.341145651275937212e+01
1.222100000000000000e+04 -2.341145651275937212e+01
1.224100000000000000e+04 -2.341145651275937212e+01
1.226100000000000000e+04 -2.341145651275937212e+01
1.228100000000000000e+04 -2.341145651275937212e+01
1.230100000000000000e+04 -2.341145651275937212e+01
1.232100000000000000e+04 -2.341145651275937212e+01
1.234100000000000000e+04 -2.341145651275937212e+01
1.236100000000000000e+04 -2.341145651275937212e+01
1.238100000000000000e+04 -2.341145651275937212e+01
1.240100000000000000e+04 -2.341145651275937212e+01
1.242100000000000000e+04 -2.341145651275937212e+01
1.244100000000000000e+04 -2.341145651275937212e+01
1.246100000000000000e+04 -2.341145651275937212e+01
1.248100000000000000e+04 -2.341145651275937212e+01
1.250100000000000000e+04 -2.341145651275937212e+01
1.252100000000000000e+04 -2.341145651275937212e+01
1.254100000000000000e+04 -2.341145651275937212e+01
1.256100000000000000e+04 -2.341145651275937212e+01
1.258100000000000000e+04 -2.341145651275937212e+01
1.260100000000000000e+04 -2.341145651275937212e+01
1.262100000000000000e+04 -2.341145651275937212e+01
1.264100000000000000e+04 -2.341145651275937212e+01
1.266100000000000000e+04 -2.341145651275937212e+01
1.268100000000000000e+04 -2.341145651275937212e+01
1.270100000000000000e+04 -2.341145651275937212e+01
1.272100000000000000e+04 -2.341145651275937212e+01
1.274100000000000000e+04 -2.341145651275937212e+01
1.276100000000000000e+04 -2.341145651275937212e+01
1.278100000000000000e+04 -2.341145651275937212e+01
1.280100000000000000e+04 -2.341145651275937212e+01
1.282100000000000000e+04 -2.341145651275937212e+01
1.284100000000000000e+04 -2.341145651275937212e+01
1.286100000000000000e+04 -2.341145651275937212e+01
1.288100000000000000e+04 -2.341145651275937212e+01
1.290100000000000000e+04 -2.341145651275937212e+01
1.292100000000000000e+04 -2.341145651275937212e+01
1.294100000000000000e+04 -2.341145651275937212e+01
1.296100000000000000e+04 -2.341145651275937212e+01
1.298100000000000000e+04 -2.341145651275937212e+01
1.300100000000000000e+04 -2.341145651275937212e+01
1.302100000000000000e+04 -2.341145651275937212e+01
1.304100000000000000e+04 -2.341145651275937212e+01
1.306100000000000000e+04 -2.341145651275937212e+01
1.308100000000000000e+04 -2.341145651275937212e+01
1.310100000000000000e+04 -2.341145651275937212e+01
1.312100000000000000e+04 -2.341145651275937212e+01
1.314100000000000000e+04 -2.341145651275937212e+01
1.316100000000000000e+04 -2.341145651275937212e+01
1.318100000000000000e+04 -2.341145651275937212e+01
1.320100000000000000e+04 -2.341145651275937212e+01
1.322100000000000000e+04 -2.341145651275937212e+01
1.324100000000000000e+04 -2.341145651275937212e+01
1.326100000000000000e+04 -2.341145651275937212e+01
1.328100000000000000e+04 -2.341145651275937212e+01
1.330100000000000000e+04 -2.341145651275937212e+01
1.332100000000000000e+04 -2.341145651275937212e+01
1.334100000000000000e+04 -2.341145651275937212e+01
1.336100000000000000e+04 -2.341145651275937212e+01
1.338100000000000000e+04 -2.341145651275937212e+01
1.340100000000000000e+04 -2.341145651275937212e+01
1.342100000000000000e+04 -2.341145651275937212e+01
1.344100000000000000e+04 -2.341145651275937212e+01
1.346100000000000000e+04 -2.341145651275937212e+01
1.348100000000000000e+04 -2.341145651275937212e+01
1.350100000000000000e+04 -2.341145651275937212e+01
1.352100000000000000e+04 -2.341145651275937212e+01
1.354100000000000000e+04 -2.341145651275937212e+01
1.356100000000000000e+04 -2.341145651275937212e+01
1.358100000000000000e+04 -2.341145651275937212e+01
1.360100000000000000e+04 -2.341145651275937212e+01
1.362100000000000000e+04 -2.341145651275937212e+01
1.364100000000000000e+04 -2.341145651275937212e+01
1.366100000000000000e+04 -2.341145651275937212e+01
1.368100000000000000e+04 -2.341145651275937212e+01
1.370100000000000000e+04 -2.341145651275937212e+01
1.372100000000000000e+04 -2.341145651275937212e+01
1.374100000000000000e+04 -2.341145651275937212e+01
1.376100000000000000e+04 -2.341145651275937212e+01
1.378100000000000000e+04 -2.341145651275937212e+01
1.380100000000000000e+04 -2.341145651275937212e+01
1.382100000000000000e+04 -2.341145651275937212e+01
1.384100000000000000e+04 -2.341145651275937212e+01
1.386100000000000000e+04 -2.341145651275937212e+01
1.388100000000000000e+04 -2.341145651275937212e+01
1.390100000000000000e+04 -2.341145651275937212e+01
1.392100000000000000e+04 -2.341145651275937212e+01
1.394100000000000000e+04 -2.341145651275937212e+01
1.396100000000000000e+04 -2.341145651275937212e+01
1.398100000000000000e+04 -2.341145651275937212e+01
1.400100000000000000e+04 -2.341145651275937212e+01
1.402100000000000000e+04 -2.341145651275937212e+01
1.404100000000000000e+04 -2.341145651275937212e+01
1.406100000000000000e+04 -2.341145651275937212e+01
1.408100000000000000e+04 -2.341145651275937212e+01
1.410100000000000000e+04 -2.341145651275937212e+01
1.412100000000000000e+04 -2.341145651275937212e+01
1.414100000000000000e+04 -2.341145651275937212e+01
1.416100000000000000e+04 -2.341145651275937212e+01
1.418100000000000000e+04 -2.341145651275937212e+01
1.420100000000000000e+04 -2.341145651275937212e+01
1.422100000000000000e+04 -2.341145651275937212e+01
1.424100000000000000e+04 -2.341145651275937212e+01
1.426100000000000000e+04 -2.341145651275937212e+01
1.428100000000000000e+04 -2.341145651275937212e+01
1.430100000000000000e+04 -2.341145651275937212e+01
1.432100000000000000e+04 -2.341145651275937212e+01
1.434100000000000000e+04 -2.341145651275937212e+01
1.436100000000000000e+04 -2.341145651275937212e+01
1.438100000000000000e+04 -2.341145651275937212e+01
1.440100000000000000e+04 -2.341145651275937212e+01
1.442100000000000000e+04 -2.341145651275937212e+01
1.444100000000000000e+04 -2.341145651275937212e+01
1.446100000000000000e+04 -2.341145651275937212e+01
1.448100000000000000e+04 -2.341145651275937212e+01
1.450100000000000000e+04 -2.341145651275937212e+01
1.452100000000000000e+04 -2.341145651275937212e+01
1.454100000000000000e+04 -2.341145651275937212e+01
1.456100000000000000e+04 -2.341145651275937212e+01
1.458100000000000000e+04 -2.341145651275937212e+01
1.460100000000000000e+04 -2.341145651275937212e+01
1.462100000000000000e+04 -2.341145651275937212e+01
1.464100000000000000e+04 -2.341145651275937212e+01
1.466100000000000000e+04 -2.341145651275937212e+01
1.468100000000000000e+04 -2.341145651275937212e+01
1.470100000000000000e+04 -2.341145651275937212e+01
1.472100000000000000e+04 -2.341145651275937212e+01
1.474100000000000000e+04 -2.341145651275937212e+01
1.476100000000000000e+04 -2.341145651275937212e+01
1.478100000000000000e+04 -2.341145651275937212e+01
1.480100000000000000e+04 -2.341145651275937212e+01
1.482100000000000000e+04 -2.341145651275937212e+01
1.484100000000000000e+04 -2.341145651275937212e+01
1.486100000000000000e+04 -2.341145651275937212e+01
1.488100000000000000e+04 -2.341145651275937212e+01
1.490100000000000000e+04 -2.341145651275937212e+01
1.492100000000000000e+04 -2.341145651275937212e+01
1.494100000000000000e+04 -2.341145651275937212e+01
1.496100000000000000e+04 -2.341145651275937212e+01
1.498100000000000000e+04 -2.341145651275937212e+01
1.500100000000000000e+04 -2.341145651275937212e+01
1.502100000000000000e+04 -2.341145651275937212e+01
1.504100000000000000e+04 -2.341145651275937212e+01
1.506100000000000000e+04 -2.341145651275937212e+01
1.508100000000000000e+04 -2.341145651275937212e+01
1.510100000000000000e+04 -2.341145651275937212e+01
1.512100000000000000e+04 -2.341145651275937212e+01
1.514100000000000000e+04 -2.341145651275937212e+01
1.516100000000000000e+04 -2.341145651275937212e+01
1.518100000000000000e+04 -2.341145651275937212e+01
1.520100000000000000e+04 -2.341145651275937212e+01
1.522100000000000000e+04 -2.341145651275937212e+01
1.524100000000000000e+04 -2.341145651275937212e+01
1.526100000000000000e+04 -2.341145651275937212e+01
1.528100000000000000e+04 -2.341145651275937212e+01
1.530100000000000000e+04 -2.341145651275937212e+01
1.532100000000000000e+04 -2.341145651275937212e+01
1.534100000000000000e+04 -2.341145651275937212e+01
1.536100000000000000e+04 -2.341145651275937212e+01
1.538100000000000000e+04 -2.341145651275937212e+01
1.540100000000000000e+04 -2.341145651275937212e+01
1.542100000000000000e+04 -2.341145651275937212e+01
1.544100000000000000e+04 -2.341145651275937212e+01
1.546100000000000000e+04 -2.341145651275937212e+01
1.548100000000000000e+04 -2.341145651275937212e+01
1.550100000000000000e+04 -2.341145651275937212e+01
1.552100000000000000e+04 -2.341145651275937212e+01
1.554100000000000000e+04 -2.341145651275937212e+01
1.556100000000000000e+04 -2.341145651275937212e+01
1.558100000000000000e+04 -2.341145651275937212e+01
1.560100000000000000e+04 -2.341145651275937212e+01
1.562100000000000000e+04 -2.341145651275937212e+01
1.564100000000000000e+04 -2.341145651275937212e+01
1.566100000000000000e+04 -2.341145651275937212e+01
1.568100000000000000e+04 -2.341145651275937212e+01
1.570100000000000000e+04 -2.341145651275937212e+01
1.572100000000000000e+04 -2.341145651275937212e+01
1.574100000000000000e+04 -2.341145651275937212e+01
1.576100000000000000e+04 -2.341145651275937212e+01
1.578100000000000000e+04 -2.341145651275937212e+01
1.580100000000000000e+04 -2.341145651275937212e+01
1.582100000000000000e+04 -2.341145651275937212e+01
1.584100000000000000e+04 -2.341145651275937212e+01
1.586100000000000000e+04 -2.341145651275937212e+01
1.588100000000000000e+04 -2.341145651275937212e+01
1.590100000000000000e+04 -2.341145651275937212e+01
1.592100000000000000e+04 -2.341145651275937212e+01
1.594100000000000000e+04 -2.341145651275937212e+01
1.596100000000000000e+04 -2.341145651275937212e+01
1.598100000000000000e+04 -2.341145651275937212e+01
1.600100000000000000e+04 -2.341145651275937212e+01
1.602100000000000000e+04 -2.341145651275937212e+01
1.604100000000000000e+04 -2.341145651275937212e+01
1.606100000000000000e+04 -2.341145651275937212e+01
1.608100000000000000e+04 -2.341145651275937212e+01
1.610100000000000000e+04 -2.341145651275937212e+01
1.612100000000000000e+04 -2.341145651275937212e+01
1.614100000000000000e+04 -2.341145651275937212e+01
1.616100000000000000e+04 -2.341145651275937212e+01
1.618100000000000000e+04 -2.341145651275937212e+01
1.620100000000000000e+04 -2.341145651275937212e+01
1.622100000000000000e+04 -2.341145651275937212e+01
1.624100000000000000e+04 -2.341145651275937212e+01
1.626100000000000000e+04 -2.341145651275937212e+01
1.628100000000000000e+04 -2.341145651275937212e+01
1.630100000000000000e+04 -2.341145651275937212e+01
1.632100000000000000e+04 -2.341145651275937212e+01
1.634100000000000000e+04 -2.341145651275937212e+01
1.636100000000000000e+04 -2.341145651275937212e+01
1.638100000000000000e+04 -2.341145651275937212e+01
1.640100000000000000e+04 -2.341145651275937212e+01
1.642100000000000000e+04 -2.341145651275937212e+01
1.644100000000000000e+04 -2.341145651275937212e+01
1.646100000000000000e+04 -2.341145651275937212e+01
1.648100000000000000e+04 -2.341145651275937212e+01
1.650100000000000000e+04 -2.341145651275937212e+01
1.652100000000000000e+04 -2.341145651275937212e+01
1.654100000000000000e+04 -2.341145651275937212e+01
1.656100000000000000e+04 -2.341145651275937212e+01
1.658100000000000000e+04 -2.341145651275937212e+01
1.660100000000000000e+04 -2.341145651275937212e+01
1.662100000000000000e+04 -2.341145651275937212e+01
1.664100000000000000e+04 -2.341145651275937212e+01
1.666100000000000000e+04 -2.341145651275937212e+01
1.668100000000000000e+04 -2.341145651275937212e+01
1.670100000000000000e+04 -2.341145651275937212e+01
1.672100000000000000e+04 -2.341145651275937212e+01
1.674100000000000000e+04 -2.341145651275937212e+01
1.676100000000000000e+04 -2.341145651275937212e+01
1.678100000000000000e+04 -2.341145651275937212e+01
1.680100000000000000e+04 -2.341145651275937212e+01
1.682100000000000000e+04 -2.341145651275937212e+01
1.684100000000000000e+04 -2.341145651275937212e+01
1.686100000000000000e+04 -2.341145651275937212e+01
1.688100000000000000e+04 -2.341145651275937212e+01
1.690100000000000000e+04 -2.341145651275937212e+01
1.692100000000000000e+04 -2.341145651275937212e+01
1.694100000000000000e+04 -2.341145651275937212e+01
1.696100000000000000e+04 -2.341145651275937212e+01
1.698100000000000000e+04 -2.341145651275937212e+01
1.700100000000000000e+04 -2.341145651275937212e+01
1.702100000000000000e+04 -2.341145651275937212e+01
1.704100000000000000e+04 -2.341145651275937212e+01
1.706100000000000000e+04 -2.341145651275937212e+01
1.708100000000000000e+04 -2.341145651275937212e+01
1.710100000000000000e+04 -2.341145651275937212e+01
1.712100000000000000e+04 -2.341145651275937212e+01
1.714100000000000000e+04 -2.341145651275937212e+01
1.716100000000000000e+04 -2.341145651275937212e+01
1.718100000000000000e+04 -2.341145651275937212e+01
1.720100000000000000e+04 -2.341145651275937212e+01
1.722100000000000000e+04 -2.341145651275937212e+01
1.724100000000000000e+04 -2.341145651275937212e+01
1.726100000000000000e+04 -2.341145651275937212e+01
1.728100000000000000e+04 -2.341145651275937212e+01
1.730100000000000000e+04 -2.341145651275937212e+01
1.732100000000000000e+04 -2.341145651275937212e+01
1.734100000000000000e+04 -2.341145651275937212e+01
1.736100000000000000e+04 -2.341145651275937212e+01
1.738100000000000000e+04 -2.341145651275937212e+01
1.740100000000000000e+04 -2.341145651275937212e+01
1.742100000000000000e+04 -2.341145651275937212e+01
1.744100000000000000e+04 -2.341145651275937212e+01
1.746100000000000000e+04 -2.341145651275937212e+01
1.748100000000000000e+04 -2.341145651275937212e+01
1.750100000000000000e+04 -2.341145651275937212e+01
1.752100000000000000e+04 -2.341145651275937212e+01
1.754100000000000000e+04 -2.341145651275937212e+01
1.756100000000000000e+04 -2.341145651275937212e+01
1.758100000000000000e+04 -2.341145651275937212e+01
1.760100000000000000e+04 -2.341145651275937212e+01
1.762100000000000000e+04 -2.341145651275937212e+01
1.764100000000000000e+04 -2.341145651275937212e+01
1.766100000000000000e+04 -2.341145651275937212e+01
1.768100000000000000e+04 -2.341145651275937212e+01
1.770100000000000000e+04 -2.341145651275937212e+01
1.772100000000000000e+04 -2.341145651275937212e+01
1.774100000000000000e+04 -2.341145651275937212e+01
1.776100000000000000e+04 -2.341145651275937212e+01
1.778100000000000000e+04 -2.341145651275937212e+01
1.780100000000000000e+04 -2.341145651275937212e+01
1.782100000000000000e+04 -2.341145651275937212e+01
1.784100000000000000e+04 -2.341145651275937212e+01
1.786100000000000000e+04 -2.341145651275937212e+01
1.788100000000000000e+04 -2.341145651275937212e+01
1.790100000000000000e+04 -2.341145651275937212e+01
1.792100000000000000e+04 -2.341145651275937212e+01
1.794100000000000000e+04 -2.341145651275937212e+01
1.796100000000000000e+04 -2.341145651275937212e+01
1.798100000000000000e+04 -2.341145651275937212e+01
1.800100000000000000e+04 -2.341145651275937212e+01
1.802100000000000000e+04 -2.341145651275937212e+01
1.804100000000000000e+04 -2.341145651275937212e+01
1.806100000000000000e+04 -2.341145651275937212e+01
1.808100000000000000e+04 -2.341145651275937212e+01
1.810100000000000000e+04 -2.341145651275937212e+01
1.812100000000000000e+04 -2.341145651275937212e+01
1.814100000000000000e+04 -2.341145651275937212e+01
1.816100000000000000e+04 -2.341145651275937212e+01
1.818100000000000000e+04 -2.341145651275937212e+01
1.820100000000000000e+04 -2.341145651275937212e+01
1.822100000000000000e+04 -2.341145651275937212e+01
1.824100000000000000e+04 -2.341145651275937212e+01
1.826100000000000000e+04 -2.341145651275937212e+01
1.828100000000000000e+04 -2.341145651275937212e+01
1.830100000000000000e+04 -2.341145651275937212e+01
1.832100000000000000e+04 -2.341145651275937212e+01
1.834100000000000000e+04 -2.341145651275937212e+01
1.836100000000000000e+04 -2.341145651275937212e+01
1.838100000000000000e+04 -2.341145651275937212e+01
1.840100000000000000e+04 -2.341145651275937212e+01
1.842100000000000000e+04 -2.341145651275937212e+01
1.844100000000000000e+04 -2.341145651275937212e+01
1.846100000000000000e+04 -2.341145651275937212e+01
1.848100000000000000e+04 -2.341145651275937212e+01
1.850100000000000000e+04 -2.341145651275937212e+01
1.852100000000000000e+04 -2.341145651275937212e+01
1.854100000000000000e+04 -2.341145651275937212e+01
1.856100000000000000e+04 -2.341145651275937212e+01
1.858100000000000000e+04 -2.341145651275937212e+01
1.860100000000000000e+04 -2.341145651275937212e+01
1.862100000000000000e+04 -2.341145651275937212e+01
1.864100000000000000e+04 -2.341145651275937212e+01
1.866100000000000000e+04 -2.341145651275937212e+01
1.868100000000000000e+04 -2.341145651275937212e+01
1.870100000000000000e+04 -2.341145651275937212e+01
1.872100000000000000e+04 -2.341145651275937212e+01
1.874100000000000000e+04 -2.341145651275937212e+01
1.876100000000000000e+04 -2.341145651275937212e+01
1.878100000000000000e+04 -2.341145651275937212e+01
1.880100000000000000e+04 -2.341145651275937212e+01
1.882100000000000000e+04 -2.341145651275937212e+01
1.884100000000000000e+04 -2.341145651275937212e+01
1.886100000000000000e+04 -2.341145651275937212e+01
1.888100000000000000e+04 -2.341145651275937212e+01
1.890100000000000000e+04 -2.341145651275937212e+01
1.892100000000000000e+04 -2.341145651275937212e+01
1.894100000000000000e+04 -2.341145651275937212e+01
1.896100000000000000e+04 -2.341145651275937212e+01
1.898100000000000000e+04 -2.341145651275937212e+01
1.900100000000000000e+04 -2.341145651275937212e+01
1.902100000000000000e+04 -2.341145651275937212e+01
1.904100000000000000e+04 -2.341145651275937212e+01
1.906100000000000000e+04 -2.341145651275937212e+01
1.908100000000000000e+04 -2.341145651275937212e+01
1.910100000000000000e+04 -2.341145651275937212e+01
1.912100000000000000e+04 -2.341145651275937212e+01
1.914100000000000000e+04 -2.341145651275937212e+01
1.916100000000000000e+04 -2.341145651275937212e+01
1.918100000000000000e+04 -2.341145651275937212e+01
1.920100000000000000e+04 -2.341145651275937212e+01
1.922100000000000000e+04 -2.341145651275937212e+01
1.924100000000000000e+04 -2.341145651275937212e+01
1.926100000000000000e+04 -2.341145651275937212e+01
1.928100000000000000e+04 -2.341145651275937212e+01
1.930100000000000000e+04 -2.341145651275937212e+01
1.932100000000000000e+04 -2.341145651275937212e+01
1.934100000000000000e+04 -2.341145651275937212e+01
1.936100000000000000e+04 -2.341145651275937212e+01
1.938100000000000000e+04 -2.341145651275937212e+01
1.940100000000000000e+04 -2.341145651275937212e+01
1.942100000000000000e+04 -2.341145651275937212e+01
1.944100000000000000e+04 -2.341145651275937212e+01
1.946100000000000000e+04 -2.341145651275937212e+01
1.948100000000000000e+04 -2.341145651275937212e+01
1.950100000000000000e+04 -2.341145651275937212e+01
1.952100000000000000e+04 -2.341145651275937212e+01
1.954100000000000000e+04 -2.341145651275937212e+01
1.956100000000000000e+04 -2.341145651275937212e+01
1.958100000000000000e+04 -2.341145651275937212e+01
1.960100000000000000e+04 -2.341145651275937212e+01
1.962100000000000000e+04 -2.341145651275937212e+01
1.964100000000000000e+04 -2.341145651275937212e+01
1.966100000000000000e+04 -2.341145651275937212e+01
1.968100000000000000e+04 -2.341145651275937212e+01
1.970100000000000000e+04 -2.341145651275937212e+01
1.972100000000000000e+04 -2.341145651275937212e+01
1.974100000000000000e+04 -2.341145651275937212e+01
1.976100000000000000e+04 -2.341145651275937212e+01
1.978100000000000000e+04 -2.341145651275937212e+01
1.980100000000000000e+04 -2.341145651275937212e+01
1.982100000000000000e+04 -2.341145651275937212e+01
1.984100000000000000e+04 -2.341145651275937212e+01
1.986100000000000000e+04 -2.341145651275937212e+01
1.988100000000000000e+04 -2.341145651275937212e+01
1.990100000000000000e+04 -2.341145651275937212e+01
1.992100000000000000e+04 -2.341145651275937212e+01
1.994100000000000000e+04 -2.341145651275937212e+01
1.996100000000000000e+04 -2.341145651275937212e+01
1.998100000000000000e+04 -2.341145651275937212e+01
