1.000000000000000000e+00 0.000000000000000000e+00
2.100000000000000000e+01 -1.102621131480676908e+01
4.100000000000000000e+01 -1.685132927616025711e+01
6.100000000000000000e+01 -1.945072561226286467e+01
8.100000000000000000e+01 -2.068528475131751065e+01
1.010000000000000000e+02 -2.088462267398649175e+01
1.210000000000000000e+02 -2.115832101323415060e+01
1.410000000000000000e+02 -2.131138600307727415e+01
1.610000000000000000e+02 -2.132291532895078490e+01
1.810000000000000000e+02 -2.133279866540416236e+01
2.010000000000000000e+02 -2.137999292230844972e+01
2.210000000000000000e+02 -2.135530921596206611e+01
2.410000000000000000e+02 -2.141123848746442349e+01
2.610000000000000000e+02 -2.140840118336500453e+01
2.810000000000000000e+02 -2.142102618780156931e+01
3.010000000000000000e+02 -2.146740276647383538e+01
3.210000000000000000e+02 -2.144095602848274140e+01
3.410000000000000000e+02 -2.149690626153863349e+01
3.610000000000000000e+02 -2.149229701224833633e+01
3.810000000000000000e+02 -2.150435534222042833e+01
4.010000000000000000e+02 -2.155017818544372332e+01
4.210000000000000000e+02 -2.152209867468770454e+01
4.410000000000000000e+02 -2.157799725543670633e+01
4.610000000000000000e+02 -2.157204711063712566e+01
4.810000000000000000e+02 -2.158322754070167093e+01
5.010000000000000000e+02 -2.162878091203324260e+01
5.210000000000000000e+02 -2.159905156969733753e+01
5.410000000000000000e+02 -2.165477446345638768e+01
5.610000000000000000e+02 -2.164785871972467746e+01
5.810000000000000000e+02 -2.165782342254313875e+01
6.010000000000000000e+02 -2.170337882849290168e+01
6.210000000000000000e+02 -2.167199348105637213e+01
6.410000000000000000e+02 -2.172739555583586224e+01
6.610000000000000000e+02 -2.171988209578129769e+01
6.810000000000000000e+02 -2.172831050034065470e+01
7.010000000000000000e+02 -2.177411899706259035e+01
7.210000000000000000e+02 -2.174107107211395018e+01
7.410000000000000000e+02 -2.179601372976733131e+01
7.610000000000000000e+02 -2.178826938100491972e+01
7.810000000000000000e+02 -2.179484162646151191e+01
8.010000000000000000e+02 -2.184114367994635231e+01
8.210000000000000000e+02 -2.180645899440817459e+01
8.410000000000000000e+02 -2.186077812440059276e+01
8.610000000000000000e+02 -2.185316881958052093e+01
8.810000000000000000e+02 -2.185758545062523339e+01
9.010000000000000000e+02 -2.190459231495699655e+01
9.210000000000000000e+02 -2.186831199798552561e+01
9.410000000000000000e+02 -2.192183888963226934e+01
9.610000000000000000e+02 -2.191473017291409064e+01
9.810000000000000000e+02 -2.191669879441353430e+01
1.001000000000000000e+03 -2.196460022782406796e+01
1.021000000000000000e+03 -2.192680686712904858e+01
1.041000000000000000e+03 -2.197934241680963297e+01
1.061000000000000000e+03 -2.197309882122352676e+01
1.081000000000000000e+03 -2.197235101839464733e+01
1.101000000000000000e+03 -2.202129968321972342e+01
1.121000000000000000e+03 -2.198210165559853024e+01
1.141000000000000000e+03 -2.203343564582366554e+01
1.161000000000000000e+03 -2.202841797442346561e+01
1.181000000000000000e+03 -2.202470030970172843e+01
1.201000000000000000e+03 -2.207481854440731084e+01
1.221000000000000000e+03 -2.203437076899706426e+01
1.241000000000000000e+03 -2.208426173569347384e+01
1.261000000000000000e+03 -2.208082590900331965e+01
1.281000000000000000e+03 -2.207391466664077129e+01
1.301000000000000000e+03 -2.212528149835479496e+01
1.321000000000000000e+03 -2.208377075655203114e+01
1.341000000000000000e+03 -2.213196412829092452e+01
1.361000000000000000e+03 -2.213045567686137716e+01
1.381000000000000000e+03 -2.212015148999283554e+01
1.401000000000000000e+03 -2.217280888631218261e+01
1.421000000000000000e+03 -2.213046949629575266e+01
1.441000000000000000e+03 -2.217668246240852881e+01
1.461000000000000000e+03 -2.217743496893820065e+01
1.481000000000000000e+03 -2.216357567481102464e+01
1.501000000000000000e+03 -2.221751796524465306e+01
1.521000000000000000e+03 -2.217461775805571378e+01
1.541000000000000000e+03 -2.221855652334055975e+01
1.561000000000000000e+03 -2.222188418353574235e+01
1.581000000000000000e+03 -2.220434201078144554e+01
1.601000000000000000e+03 -2.225952207491015500e+01
1.621000000000000000e+03 -2.221637311044822383e+01
1.641000000000000000e+03 -2.225772222878128304e+01
1.661000000000000000e+03 -2.226391808623001012e+01
1.681000000000000000e+03 -2.224261072661466798e+01
1.701000000000000000e+03 -2.229893173322202671e+01
1.721000000000000000e+03 -2.225587675778829322e+01
1.741000000000000000e+03 -2.229431557955686927e+01
1.761000000000000000e+03 -2.230364320295146285e+01
1.781000000000000000e+03 -2.227853231396503020e+01
1.801000000000000000e+03 -2.233585424199203118e+01
1.821000000000000000e+03 -2.229327259981700848e+01
1.841000000000000000e+03 -2.232846858942394164e+01
1.861000000000000000e+03 -2.234116037905726415e+01
1.881000000000000000e+03 -2.231226082083162510e+01
1.901000000000000000e+03 -2.237039444502237373e+01
1.921000000000000000e+03 -2.232868901900274494e+01
1.941000000000000000e+03 -2.236031332543136685e+01
1.961000000000000000e+03 -2.237656234616870776e+01
1.981000000000000000e+03 -2.234394074515005002e+01
2.001000000000000000e+03 -2.240265477422457963e+01
2.021000000000000000e+03 -2.236225345506101547e+01
2.041000000000000000e+03 -2.238997771109277224e+01
2.061000000000000000e+03 -2.240993640825007205e+01
2.081000000000000000e+03 -2.237371837413926556e+01
2.101000000000000000e+03 -2.243273558830150094e+01
2.121000000000000000e+03 -2.239407885767527162e+01
2.141000000000000000e+03 -2.241758969207549512e+01
2.161000000000000000e+03 -2.244136275028031235e+01
2.181000000000000000e+03 -2.240173040089207745e+01
2.201000000000000000e+03 -2.246073556629541912e+01
2.221000000000000000e+03 -2.242427418911157488e+01
2.241000000000000000e+03 -2.244327291210633035e+01
2.261000000000000000e+03 -2.247091673006199031e+01
2.281000000000000000e+03 -2.242811361241732726e+01
2.301000000000000000e+03 -2.248675164568578566e+01
2.321000000000000000e+03 -2.245293516619642915e+01
2.341000000000000000e+03 -2.246715096611049489e+01
2.361000000000000000e+03 -2.249866814012823113e+01
2.381000000000000000e+03 -2.245299491611980258e+01
2.401000000000000000e+03 -2.251087962066508652e+01
2.421000000000000000e+03 -2.248015124639500328e+01
2.441000000000000000e+03 -2.248934301617240550e+01
2.461000000000000000e+03 -2.252468287636724042e+01
2.481000000000000000e+03 -2.247649965609343781e+01
2.501000000000000000e+03 -2.253321376898803763e+01
2.521000000000000000e+03 -2.250600010805937501e+01
2.541000000000000000e+03 -2.250996801913595391e+01
2.561000000000000000e+03 -2.254902303963415378e+01
2.581000000000000000e+03 -2.249874282378925017e+01
2.601000000000000000e+03 -2.255384752605702658e+01
2.621000000000000000e+03 -2.253055184194653293e+01
2.641000000000000000e+03 -2.252914039777502708e+01
2.661000000000000000e+03 -2.257174799778742624e+01
2.681000000000000000e+03 -2.251983622068865287e+01
2.701000000000000000e+03 -2.257287290716497452e+01
2.721000000000000000e+03 -2.255386643762090060e+01
2.741000000000000000e+03 -2.254697407792173180e+01
2.761000000000000000e+03 -2.259291500927939822e+01
2.781000000000000000e+03 -2.253988075926398693e+01
2.801000000000000000e+03 -2.259038119244208076e+01
2.821000000000000000e+03 -2.257599600931540351e+01
2.841000000000000000e+03 -2.256357834326783163e+01
2.861000000000000000e+03 -2.261257983281337758e+01
2.881000000000000000e+03 -2.255897260639253687e+01
2.901000000000000000e+03 -2.260646222208130141e+01
2.921000000000000000e+03 -2.259698444353455926e+01
2.941000000000000000e+03 -2.257906150942114465e+01
2.961000000000000000e+03 -2.263079750486641117e+01
2.981000000000000000e+03 -2.257719661585850446e+01
3.001000000000000000e+03 -2.262120510079746438e+01
3.021000000000000000e+03 -2.261686847157685776e+01
3.041000000000000000e+03 -2.259352706371878838e+01
3.061000000000000000e+03 -2.264762267343646585e+01
3.081000000000000000e+03 -2.259463150886880101e+01
3.101000000000000000e+03 -2.263469739839667483e+01
3.121000000000000000e+03 -2.263567862972113431e+01
3.141000000000000000e+03 -2.260707684764795289e+01
3.161000000000000000e+03 -2.266311023604324504e+01
3.181000000000000000e+03 -2.261134456635185330e+01
3.201000000000000000e+03 -2.264702592238550238e+01
3.221000000000000000e+03 -2.265343983906548786e+01
3.241000000000000000e+03 -2.261980752550481455e+01
3.261000000000000000e+03 -2.267731552346342738e+01
3.281000000000000000e+03 -2.262739585960101962e+01
3.301000000000000000e+03 -2.265827582536929086e+01
3.321000000000000000e+03 -2.267017293758443941e+01
3.341000000000000000e+03 -2.263181322766028103e+01
3.361000000000000000e+03 -2.269029464209824098e+01
3.381000000000000000e+03 -2.264283433318414041e+01
3.401000000000000000e+03 -2.266853148290410047e+01
3.421000000000000000e+03 -2.268589518598565746e+01
3.441000000000000000e+03 -2.264318233325243312e+01
3.461000000000000000e+03 -2.270210456956480982e+01
3.481000000000000000e+03 -2.265770111172910717e+01
3.501000000000000000e+03 -2.267787550294159615e+01
3.521000000000000000e+03 -2.270062182489919422e+01
3.541000000000000000e+03 -2.265399961267894113e+01
3.561000000000000000e+03 -2.271280318430095591e+01
3.581000000000000000e+03 -2.267202702073657861e+01
3.601000000000000000e+03 -2.268638969769057567e+01
3.621000000000000000e+03 -2.271436667092210726e+01
3.641000000000000000e+03 -2.266434328666496612e+01
3.661000000000000000e+03 -2.272244929828903537e+01
3.681000000000000000e+03 -2.268583506414052664e+01
3.701000000000000000e+03 -2.269415399960613655e+01
3.721000000000000000e+03 -2.272714338353397423e+01
3.741000000000000000e+03 -2.267428676729169723e+01
3.761000000000000000e+03 -2.273110245349100111e+01
3.781000000000000000e+03 -2.269913929549326070e+01
3.801000000000000000e+03 -2.270124746179579489e+01
3.821000000000000000e+03 -2.273896612204098489e+01
3.841000000000000000e+03 -2.268389598599501156e+01
3.861000000000000000e+03 -2.273882291572644476e+01
3.881000000000000000e+03 -2.271194664803238794e+01
3.901000000000000000e+03 -2.270774709687604087e+01
3.921000000000000000e+03 -2.274985041158684496e+01
3.941000000000000000e+03 -2.269323085643177862e+01
3.961000000000000000e+03 -2.274567135122176609e+01
3.981000000000000000e+03 -2.272425693197392604e+01
4.001000000000000000e+03 -2.271372880708068465e+01
4.021000000000000000e+03 -2.275981373658046536e+01
4.041000000000000000e+03 -2.270234292762337702e+01
4.061000000000000000e+03 -2.275170882153554786e+01
4.081000000000000000e+03 -2.273606424521041802e+01
4.101000000000000000e+03 -2.271926616871162707e+01
4.121000000000000000e+03 -2.276887602415013134e+01
4.141000000000000000e+03 -2.271127668187646975e+01
4.161000000000000000e+03 -2.275699643177112108e+01
4.181000000000000000e+03 -2.274735777086913302e+01
4.201000000000000000e+03 -2.272443119392260513e+01
4.221000000000000000e+03 -2.277706004569069620e+01
4.241000000000000000e+03 -2.272006762271974623e+01
4.261000000000000000e+03 -2.276159537335043126e+01
4.281000000000000000e+03 -2.275812296502594734e+01
4.301000000000000000e+03 -2.272929308116661673e+01
4.321000000000000000e+03 -2.278439158600236070e+01
4.341000000000000000e+03 -2.272874348691790303e+01
4.361000000000000000e+03 -2.276556658772078379e+01
4.381000000000000000e+03 -2.276834278198750638e+01
4.401000000000000000e+03 -2.273391874425529124e+01
4.421000000000000000e+03 -2.279089957943564571e+01
4.441000000000000000e+03 -2.273732288501529197e+01
4.461000000000000000e+03 -2.276897088658734702e+01
4.481000000000000000e+03 -2.277799874173929240e+01
4.501000000000000000e+03 -2.273837154197423871e+01
4.521000000000000000e+03 -2.279661604038874856e+01
4.541000000000000000e+03 -2.274581646755680708e+01
4.561000000000000000e+03 -2.277186863067613842e+01
4.581000000000000000e+03 -2.278707223108784774e+01
4.601000000000000000e+03 -2.274271156377990621e+01
4.621000000000000000e+03 -2.280157593904053925e+01
4.641000000000000000e+03 -2.275422619577694405e+01
4.661000000000000000e+03 -2.277431992005930539e+01
4.681000000000000000e+03 -2.279554545333036231e+01
4.701000000000000000e+03 -2.274699435390190416e+01
4.721000000000000000e+03 -2.280581697137656505e+01
4.741000000000000000e+03 -2.276254648328917796e+01
4.761000000000000000e+03 -2.277638425994850735e+01
4.781000000000000000e+03 -2.280340254096622488e+01
4.801000000000000000e+03 -2.275127100120602464e+01
4.821000000000000000e+03 -2.280937924986994858e+01
4.841000000000000000e+03 -2.277076410830241571e+01
4.861000000000000000e+03 -2.277812077453527095e+01
4.881000000000000000e+03 -2.281063033136882012e+01
4.901000000000000000e+03 -2.275558689895438391e+01
4.921000000000000000e+03 -2.281230499836584613e+01
4.941000000000000000e+03 -2.277885935931957562e+01
4.961000000000000000e+03 -2.277958782121130454e+01
4.981000000000000000e+03 -2.281721915009756430e+01
5.001000000000000000e+03 -2.275998173545853120e+01
5.021000000000000000e+03 -2.281463816799250566e+01
5.041000000000000000e+03 -2.278680652949394059e+01
5.061000000000000000e+03 -2.278084315761577017e+01
5.081000000000000000e+03 -2.282316334828258775e+01
5.101000000000000000e+03 -2.276448837428538852e+01
5.121000000000000000e+03 -2.281642414150901388e+01
5.141000000000000000e+03 -2.279457510037949675e+01
5.161000000000000000e+03 -2.278194346900695777e+01
5.181000000000000000e+03 -2.282846172357031378e+01
5.201000000000000000e+03 -2.276913286832460415e+01
5.221000000000000000e+03 -2.281770937308126079e+01
5.241000000000000000e+03 -2.280213068851235292e+01
5.261000000000000000e+03 -2.278294441869704912e+01
5.281000000000000000e+03 -2.283311777774656903e+01
5.301000000000000000e+03 -2.277393357715133959e+01
5.321000000000000000e+03 -2.281854116643824781e+01
5.341000000000000000e+03 -2.280943627054302070e+01
5.361000000000000000e+03 -2.278390006600825757e+01
5.381000000000000000e+03 -2.283713980541061872e+01
5.401000000000000000e+03 -2.277890131728725720e+01
5.421000000000000000e+03 -2.281896739233223670e+01
5.441000000000000000e+03 -2.281645338631324549e+01
5.461000000000000000e+03 -2.278486275289719032e+01
5.481000000000000000e+03 -2.284054086646786175e+01
5.501000000000000000e+03 -2.278403882618320608e+01
5.521000000000000000e+03 -2.281903636698152837e+01
5.541000000000000000e+03 -2.282314334523504584e+01
5.561000000000000000e+03 -2.278588240715130908e+01
5.581000000000000000e+03 -2.284333860254504600e+01
5.601000000000000000e+03 -2.278934111978113819e+01
5.621000000000000000e+03 -2.281879664887972226e+01
5.641000000000000000e+03 -2.282946845377097489e+01
5.661000000000000000e+03 -2.278700625507532962e+01
5.681000000000000000e+03 -2.284555496386947482e+01
5.701000000000000000e+03 -2.279479536898652015e+01
5.721000000000000000e+03 -2.281829700042594666e+01
5.741000000000000000e+03 -2.283539309138358320e+01
5.761000000000000000e+03 -2.278827802752282849e+01
5.781000000000000000e+03 -2.284721583616607887e+01
5.801000000000000000e+03 -2.280038148947937415e+01
5.821000000000000000e+03 -2.281758622546329462e+01
5.841000000000000000e+03 -2.284088475339780189e+01
5.861000000000000000e+03 -2.278973753426013360e+01
5.881000000000000000e+03 -2.284835060765262682e+01
5.901000000000000000e+03 -2.280607244462341754e+01
5.921000000000000000e+03 -2.281671316132193539e+01
5.941000000000000000e+03 -2.284591488443134111e+01
5.961000000000000000e+03 -2.279141982569526803e+01
5.981000000000000000e+03 -2.284899170946738423e+01
6.001000000000000000e+03 -2.281183506624689628e+01
6.021000000000000000e+03 -2.281572649753417892e+01
6.041000000000000000e+03 -2.285045960600185921e+01
6.061000000000000000e+03 -2.279335471365934396e+01
6.081000000000000000e+03 -2.284917413522670415e+01
6.101000000000000000e+03 -2.281763075517818962e+01
6.121000000000000000e+03 -2.281467472805411845e+01
6.141000000000000000e+03 -2.285450023963727872e+01
6.161000000000000000e+03 -2.279556598560952807e+01
6.181000000000000000e+03 -2.284893499964852026e+01
6.201000000000000000e+03 -2.282341651551229944e+01
6.221000000000000000e+03 -2.281360589097207736e+01
6.241000000000000000e+03 -2.285802367837984406e+01
6.261000000000000000e+03 -2.279807099412229476e+01
6.281000000000000000e+03 -2.284831311220056094e+01
6.301000000000000000e+03 -2.282914597892099096e+01
6.321000000000000000e+03 -2.281256741543751687e+01
6.341000000000000000e+03 -2.286102258405595578e+01
6.361000000000000000e+03 -2.280088004906168564e+01
6.381000000000000000e+03 -2.284734863076596412e+01
6.401000000000000000e+03 -2.283477059812355137e+01
6.421000000000000000e+03 -2.281160573835622429e+01
6.441000000000000000e+03 -2.286349542334824037e+01
6.461000000000000000e+03 -2.280399620126343763e+01
6.481000000000000000e+03 -2.284608274677162854e+01
6.501000000000000000e+03 -2.284024086133051767e+01
6.521000000000000000e+03 -2.281076600343498484e+01
6.541000000000000000e+03 -2.286544636259515073e+01
6.561000000000000000e+03 -2.280741492631399581e+01
6.581000000000000000e+03 -2.284455746249296482e+01
6.601000000000000000e+03 -2.284550753026708492e+01
6.621000000000000000e+03 -2.281009153651826082e+01
6.641000000000000000e+03 -2.286688502252613375e+01
6.661000000000000000e+03 -2.281112418958784360e+01
6.681000000000000000e+03 -2.284281539002786587e+01
6.701000000000000000e+03 -2.285052285849171483e+01
6.721000000000000000e+03 -2.280962338744487283e+01
6.741000000000000000e+03 -2.286782612699795081e+01
6.761000000000000000e+03 -2.281510448664968038e+01
6.781000000000000000e+03 -2.284089963090128350e+01
6.801000000000000000e+03 -2.285524171611857724e+01
6.821000000000000000e+03 -2.280939967689351278e+01
6.841000000000000000e+03 -2.286828905782197197e+01
6.861000000000000000e+03 -2.281932922172155997e+01
6.881000000000000000e+03 -2.283885364600894263e+01
6.901000000000000000e+03 -2.285962262332287054e+01
6.921000000000000000e+03 -2.280945501228580952e+01
6.941000000000000000e+03 -2.286829734903536604e+01
6.961000000000000000e+03 -2.282376511669661312e+01
6.981000000000000000e+03 -2.283672117930067103e+01
7.001000000000000000e+03 -2.286362861842556526e+01
7.021000000000000000e+03 -2.280981975885685742e+01
7.041000000000000000e+03 -2.286787814903865268e+01
7.061000000000000000e+03 -2.282837289577101103e+01
7.081000000000000000e+03 -2.283454613042863812e+01
7.101000000000000000e+03 -2.286722797777689919e+01
7.121000000000000000e+03 -2.281051940818304047e+01
7.141000000000000000e+03 -2.286706167525843014e+01
7.161000000000000000e+03 -2.283310803927628641e+01
7.181000000000000000e+03 -2.283237244811802569e+01
7.201000000000000000e+03 -2.287039474788721805e+01
7.221000000000000000e+03 -2.281157387218045329e+01
7.241000000000000000e+03 -2.286588069649327082e+01
7.261000000000000000e+03 -2.283792174354885773e+01
7.281000000000000000e+03 -2.283024393432242505e+01
7.301000000000000000e+03 -2.287310910694908017e+01
7.321000000000000000e+03 -2.281299692473897167e+01
7.341000000000000000e+03 -2.286437005314853721e+01
7.361000000000000000e+03 -2.284276196225071232e+01
7.381000000000000000e+03 -2.282820403920442942e+01
7.401000000000000000e+03 -2.287535754996382309e+01
7.421000000000000000e+03 -2.281479564830887341e+01
7.441000000000000000e+03 -2.286256624468794030e+01
7.461000000000000000e+03 -2.284757457328443309e+01
7.481000000000000000e+03 -2.282629554235459679e+01
7.501000000000000000e+03 -2.287713290991597503e+01
7.521000000000000000e+03 -2.281697007977827596e+01
7.541000000000000000e+03 -2.286050707719212483e+01
7.561000000000000000e+03 -2.285230459656829893e+01
7.581000000000000000e+03 -2.282456020512431394e+01
7.601000000000000000e+03 -2.287843422887999267e+01
7.621000000000000000e+03 -2.281951292923264063e+01
7.641000000000000000e+03 -2.285823138889263717e+01
7.661000000000000000e+03 -2.285689743997009415e+01
7.681000000000000000e+03 -2.282303830299638747e+01
7.701000000000000000e+03 -2.287926649135282631e+01
7.721000000000000000e+03 -2.282240952680566792e+01
7.741000000000000000e+03 -2.285577883004962985e+01
7.761000000000000000e+03 -2.286130012442784221e+01
7.781000000000000000e+03 -2.282176812388250653e+01
7.801000000000000000e+03 -2.287964024369432892e+01
7.821000000000000000e+03 -2.282563788333806443e+01
7.841000000000000000e+03 -2.285318970570340724e+01
7.861000000000000000e+03 -2.286546243582618843e+01
7.881000000000000000e+03 -2.282078535982988043e+01
7.901000000000000000e+03 -2.287957111952562173e+01
7.921000000000000000e+03 -2.282916897663462308e+01
7.941000000000000000e+03 -2.285050484460903775e+01
7.961000000000000000e+03 -2.286933797334502216e+01
7.981000000000000000e+03 -2.282012247867828592e+01
8.001000000000000000e+03 -2.287907930048888971e+01
8.021000000000000000e+03 -2.283296716761827838e+01
8.041000000000000000e+03 -2.284776549915525834e+01
8.061000000000000000e+03 -2.287288504819006363e+01
8.081000000000000000e+03 -2.281980802445166745e+01
8.101000000000000000e+03 -2.287818894115267909e+01
8.121000000000000000e+03 -2.283699081868626024e+01
8.141000000000000000e+03 -2.284501323182352550e+01
8.161000000000000000e+03 -2.287606742148588523e+01
8.181000000000000000e+03 -2.281986593602116642e+01
8.201000000000000000e+03 -2.287692758699661155e+01
8.221000000000000000e+03 -2.284119304308804743e+01
8.241000000000000000e+03 -2.284228979498895029e+01
8.261000000000000000e+03 -2.287885485974707223e+01
8.281000000000000000e+03 -2.282031485266284676e+01
8.301000000000000000e+03 -2.287532561542553822e+01
8.321000000000000000e+03 -2.284552262163446201e+01
8.341000000000000000e+03 -2.283963695842971120e+01
8.361000000000000000e+03 -2.288122351154214229e+01
8.381000000000000000e+03 -2.282116749758172247e+01
8.401000000000000000e+03 -2.287341571978483756e+01
8.421000000000000000e+03 -2.284992503421415933e+01
8.441000000000000000e+03 -2.283709629753996140e+01
8.461000000000000000e+03 -2.288315610579786252e+01
8.481000000000000000e+03 -2.282243011922899711e+01
8.501000000000000000e+03 -2.287123245738086297e+01
8.521000000000000000e+03 -2.285434360580244828e+01
8.541000000000000000e+03 -2.283470890155256683e+01
8.561000000000000000e+03 -2.288464198244924575e+01
8.581000000000000000e+03 -2.282410207364938159e+01
8.601000000000000000e+03 -2.286881186652863107e+01
8.621000000000000000e+03 -2.285872071971802555e+01
8.641000000000000000e+03 -2.283251502251035703e+01
8.661000000000000000e+03 -2.288567696831372089e+01
8.681000000000000000e+03 -2.282617552618216550e+01
8.701000000000000000e+03 -2.286619115998626128e+01
8.721000000000000000e+03 -2.286299906518554792e+01
8.741000000000000000e+03 -2.283055363314585406e+01
8.761000000000000000e+03 -2.288626311309637984e+01
8.781000000000000000e+03 -2.282863533645237908e+01
8.801000000000000000e+03 -2.286340848439317952e+01
8.821000000000000000e+03 -2.286712287157745749e+01
8.841000000000000000e+03 -2.282886192187142171e+01
8.861000000000000000e+03 -2.288640830624012779e+01
8.881000000000000000e+03 -2.283145909653202210e+01
8.901000000000000000e+03 -2.286050274136713156e+01
8.921000000000000000e+03 -2.287103908099089011e+01
8.941000000000000000e+03 -2.282747470423476344e+01
8.961000000000000000e+03 -2.288612579645231904e+01
8.981000000000000000e+03 -2.283461736329730130e+01
9.001000000000000000e+03 -2.285751344808240404e+01
9.021000000000000000e+03 -2.287469841933414472e+01
9.041000000000000000e+03 -2.282642378727141619e+01
9.061000000000000000e+03 -2.288543364155696835e+01
9.081000000000000000e+03 -2.283807405051769734e+01
9.101000000000000000e+03 -2.285448062667928681e+01
9.121000000000000000e+03 -2.287805632594757199e+01
9.141000000000000000e+03 -2.282573727962884647e+01
9.161000000000000000e+03 -2.288435411773746608e+01
9.181000000000000000e+03 -2.284178700349055546e+01
9.201000000000000000e+03 -2.285144469392461275e+01
9.221000000000000000e+03 -2.288107372068417433e+01
9.241000000000000000e+03 -2.282543889410764493e+01
9.261000000000000000e+03 -2.288291311817797435e+01
9.281000000000000000e+03 -2.284570872450673562e+01
9.301000000000000000e+03 -2.284844634033922972e+01
9.321000000000000000e+03 -2.288371759061428889e+01
9.341000000000000000e+03 -2.282554724908201749e+01
9.361000000000000000e+03 -2.288113957041323232e+01
9.381000000000000000e+03 -2.284978725651408382e+01
9.401000000000000000e+03 -2.284552636978165907e+01
9.421000000000000000e+03 -2.288596139461795431e+01
9.441000000000000000e+03 -2.282607522378862797e+01
9.461000000000000000e+03 -2.287906489571297186e+01
9.481000000000000000e+03 -2.285396719452574743e+01
9.501000000000000000e+03 -2.284272549397824292e+01
9.521000000000000000e+03 -2.288778528758111008e+01
9.541000000000000000e+03 -2.282702938074893950e+01
9.561000000000000000e+03 -2.287672253045367654e+01
9.581000000000000000e+03 -2.285819081214368964e+01
9.601000000000000000e+03 -2.284008405769884575e+01
9.621000000000000000e+03 -2.288917617370031365e+01
9.641000000000000000e+03 -2.282840950909722011e+01
9.661000000000000000e+03 -2.287414751880216457e+01
9.681000000000000000e+03 -2.286239926564742930e+01
9.701000000000000000e+03 -2.283764169745339956e+01
9.721000000000000000e+03 -2.289012760136899516e+01
9.741000000000000000e+03 -2.283020829654823203e+01
9.761000000000000000e+03 -2.287137618241470349e+01
9.781000000000000000e+03 -2.286653384025028402e+01
9.801000000000000000e+03 -2.283543691701466116e+01
9.821000000000000000e+03 -2.289063951487887039e+01
9.841000000000000000e+03 -2.283241117053027125e+01
9.861000000000000000e+03 -2.286844586114660771e+01
9.881000000000000000e+03 -2.287053719227589355e+01
9.901000000000000000e+03 -2.283350659183015097e+01
9.921000000000000000e+03 -2.289071788241238181e+01
9.941000000000000000e+03 -2.283499630238257794e+01
9.961000000000000000e+03 -2.286539471780541177e+01
9.981000000000000000e+03 -2.287435453958006804e+01
1.000100000000000000e+04 -2.283188539476917001e+01
1.002100000000000000e+04 -2.289037422223923812e+01
1.004100000000000000e+04 -2.283793479748331023e+01
1.006100000000000000e+04 -2.286226158903930639e+01
1.008100000000000000e+04 -2.287793475706204305e+01
1.010100000000000000e+04 -2.283060516543041985e+01
1.012100000000000000e+04 -2.288962505381352130e+01
1.014100000000000000e+04 -2.284119105413256534e+01
1.016100000000000000e+04 -2.285908586795986253e+01
1.018100000000000000e+04 -2.288123133743365401e+01
1.020100000000000000e+04 -2.282969422671417448e+01
1.022100000000000000e+04 -2.288849130269865029e+01
1.024100000000000000e+04 -2.284472330097113613e+01
1.026100000000000000e+04 -2.285590739409161642e+01
1.028100000000000000e+04 -2.288420319176879758e+01
1.030100000000000000e+04 -2.282917668298647840e+01
1.032100000000000000e+04 -2.288699768964478665e+01
1.034100000000000000e+04 -2.284848429228600963e+01
1.036100000000000000e+04 -2.285276633508483712e+01
1.038100000000000000e+04 -2.288681527135376825e+01
1.040100000000000000e+04 -2.282907171558439785e+01
1.042100000000000000e+04 -2.288517213342495893e+01
1.044100000000000000e+04 -2.285242216113679703e+01
1.046100000000000000e+04 -2.284970303517161483e+01
1.048100000000000000e+04 -2.288903900623959231e+01
1.050100000000000000e+04 -2.282939292058955871e+01
1.052100000000000000e+04 -2.288304519242943513e+01
1.054100000000000000e+04 -2.285648140662836170e+01
1.056100000000000000e+04 -2.284675781944161344e+01
1.058100000000000000e+04 -2.289085256159951598e+01
1.060100000000000000e+04 -2.283014771103409757e+01
1.062100000000000000e+04 -2.288064956573963116e+01
1.064100000000000000e+04 -2.286060400040707563e+01
1.066100000000000000e+04 -2.284397073336442929e+01
1.068100000000000000e+04 -2.289224092043316006e+01
1.070100000000000000e+04 -2.283133682992520974e+01
1.072100000000000000e+04 -2.287801966531075593e+01
1.074100000000000000e+04 -2.286473057870363945e+01
1.076100000000000000e+04 -2.284138121498195773e+01
1.078100000000000000e+04 -2.289319580457283365e+01
1.080100000000000000e+04 -2.283295399068195053e+01
1.082100000000000000e+04 -2.287519126565315020e+01
1.084100000000000000e+04 -2.286880168499937227e+01
1.086100000000000000e+04 -2.283902768647497439e+01
1.088100000000000000e+04 -2.289371544894473232e+01
1.090100000000000000e+04 -2.283498568040033661e+01
1.092100000000000000e+04 -2.287220122720768245e+01
1.094100000000000000e+04 -2.287275901812927970e+01
1.096100000000000000e+04 -2.283694707206890939e+01
1.098100000000000000e+04 -2.289380424778755696e+01
1.100100000000000000e+04 -2.283741112766272252e+01
1.102100000000000000e+04 -2.286908728655134482e+01
1.104100000000000000e+04 -2.287654663840809377e+01
1.106100000000000000e+04 -2.283517423758274845e+01
1.108100000000000000e+04 -2.289347229425784747e+01
1.110100000000000000e+04 -2.284020245384760983e+01
1.112100000000000000e+04 -2.286588789732430982e+01
1.114100000000000000e+04 -2.288011208698918253e+01
1.116100000000000000e+04 -2.283374136907119123e+01
1.118100000000000000e+04 -2.289273483936711173e+01
1.120100000000000000e+04 -2.284332499634368219e+01
1.122100000000000000e+04 -2.286264210678654152e+01
1.124100000000000000e+04 -2.288340737737896902e+01
1.126100000000000000e+04 -2.283267729643656097e+01
1.128100000000000000e+04 -2.289161169880013347e+01
1.130100000000000000e+04 -2.284673781029194117e+01
1.132100000000000000e+04 -2.285938944496727032e+01
1.134100000000000000e+04 -2.288638983072151944e+01
1.136100000000000000e+04 -2.283200679188336935e+01
1.138100000000000000e+04 -2.289012663800152581e+01
1.140100000000000000e+04 -2.285039433169283996e+01
1.142100000000000000e+04 -2.285616980934257469e+01
1.144100000000000000e+04 -2.288902273449922475e+01
1.146100000000000000e+04 -2.283174986089641223e+01
1.148100000000000000e+04 -2.288830676553321197e+01
1.150100000000000000e+04 -2.285424320014310240e+01
1.152100000000000000e+04 -2.285302332098678946e+01
1.154100000000000000e+04 -2.289127581778131315e+01
1.156100000000000000e+04 -2.283192106708654023e+01
1.158100000000000000e+04 -2.288618196089073109e+01
1.160100000000000000e+04 -2.285822922014096292e+01
1.162100000000000000e+04 -2.284999013913481036e+01
1.164100000000000000e+04 -2.289312554284228440e+01
1.166100000000000000e+04 -2.283252891568771048e+01
1.168100000000000000e+04 -2.288378435866091110e+01
1.170100000000000000e+04 -2.286229444640129671e+01
1.172100000000000000e+04 -2.284711021427092703e+01
1.174100000000000000e+04 -2.289455522071511950e+01
1.176100000000000000e+04 -2.283357534004533207e+01
1.178100000000000000e+04 -2.288114790245863617e+01
1.180100000000000000e+04 -2.286637936177981700e+01
1.182100000000000000e+04 -2.284442297474799943e+01
1.184100000000000000e+04 -2.289555496197654350e+01
1.186100000000000000e+04 -2.283505531138494504e+01
1.188100000000000000e+04 -2.287830797632074109e+01
1.190100000000000000e+04 -2.287042411424662447e+01
1.192100000000000000e+04 -2.284196693421685609e+01
1.194100000000000000e+04 -2.289612147726816715e+01
1.196100000000000000e+04 -2.283695660656664472e+01
1.198100000000000000e+04 -2.287530111149035505e+01
1.200100000000000000e+04 -2.287436976876701067e+01
1.202100000000000000e+04 -2.283977922439182962e+01
1.204100000000000000e+04 -2.289625774557089954e+01
1.206100000000000000e+04 -2.283925973945773436e+01
1.208100000000000000e+04 -2.287216476254510056e+01
1.210100000000000000e+04 -2.287815952707342149e+01
1.212100000000000000e+04 -2.283789504888998323e+01
1.214100000000000000e+04 -2.289597257103100603e+01
1.216100000000000000e+04 -2.284193807443902102e+01
1.218100000000000000e+04 -2.286893713807792494e+01
1.220100000000000000e+04 -2.288173986945830407e+01
1.222100000000000000e+04 -2.283634707306024225e+01
1.224100000000000000e+04 -2.289528005354874196e+01
1.226100000000000000e+04 -2.284495811333751902e+01
1.228100000000000000e+04 -2.286565707093772204e+01
1.230100000000000000e+04 -2.288506157610179415e+01
1.232100000000000000e+04 -2.283516475584077909e+01
1.234100000000000000e+04 -2.289419900117456308e+01
1.236100000000000000e+04 -2.284827996165193298e+01
1.238100000000000000e+04 -2.286236390580221922e+01
1.240100000000000000e+04 -2.288808059704861009e+01
1.242100000000000000e+04 -2.283437365086403403e+01
1.244100000000000000e+04 -2.289275231461845550e+01
1.246100000000000000e+04 -2.285185795866820513e+01
1.248100000000000000e+04 -2.285909738635158561e+01
1.250100000000000000e+04 -2.289075874829841339e+01
1.252100000000000000e+04 -2.283399469470976584e+01
1.254100000000000000e+04 -2.289096637419173419e+01
1.256100000000000000e+04 -2.285564146935264063e+01
1.258100000000000000e+04 -2.285589751833344252e+01
1.260100000000000000e+04 -2.289306422493129745e+01
1.262100000000000000e+04 -2.283404352142879645e+01
1.264100000000000000e+04 -2.288887045636753470e+01
1.266100000000000000e+04 -2.285957581858356846e+01
1.268100000000000000e+04 -2.285280439411699760e+01
1.270100000000000000e+04 -2.289497192954517146e+01
1.272100000000000000e+04 -2.283452982923844132e+01
1.274100000000000000e+04 -2.288649620302427934e+01
1.276100000000000000e+04 -2.286360335406225985e+01
1.278100000000000000e+04 -2.284985795888596982e+01
1.280100000000000000e+04 -2.289646362249517608e+01
1.282100000000000000e+04 -2.283545684270964671e+01
1.284100000000000000e+04 -2.288387715850060999e+01
1.286100000000000000e+04 -2.286766460839204029e+01
1.288100000000000000e+04 -2.284709771175958792e+01
1.290100000000000000e+04 -2.289752790447016650e+01
1.292100000000000000e+04 -2.283682089321670361e+01
1.294100000000000000e+04 -2.288104838355931037e+01
1.296100000000000000e+04 -2.287169952837778553e+01
1.298100000000000000e+04 -2.284456232908752682e+01
1.300100000000000000e+04 -2.289816004540248784e+01
1.302100000000000000e+04 -2.283861115249874985e+01
1.304100000000000000e+04 -2.287804614588111818e+01
1.306100000000000000e+04 -2.287564872855161013e+01
1.308100000000000000e+04 -2.284228921257869871e+01
1.310100000000000000e+04 -2.289836167705639980e+01
1.312100000000000000e+04 -2.284080952807615006e+01
1.314100000000000000e+04 -2.287490768206890124e+01
1.316100000000000000e+04 -2.287945472250742185e+01
1.318100000000000000e+04 -2.284031395795303254e+01
1.320100000000000000e+04 -2.289814036943534248e+01
1.322100000000000000e+04 -2.284339073933723085e+01
1.324100000000000000e+04 -2.287167101764853072e+01
1.326100000000000000e+04 -2.288306308539394962e+01
1.328100000000000000e+04 -2.283866975696230384e+01
1.330100000000000000e+04 -2.289750911546385126e+01
1.332100000000000000e+04 -2.284632256804319894e+01
1.334100000000000000e+04 -2.286837483040956442e+01
1.336100000000000000e+04 -2.288642350379307544e+01
1.338100000000000000e+04 -2.283738673860099055e+01
1.340100000000000000e+04 -2.289648575141100295e+01
1.342100000000000000e+04 -2.284956628887121255e+01
1.344100000000000000e+04 -2.286505833562755186e+01
1.346100000000000000e+04 -2.288949067974003526e+01
1.348100000000000000e+04 -2.283649127442945570e+01
1.350100000000000000e+04 -2.289509234316508568e+01
1.352100000000000000e+04 -2.285307726608309054e+01
1.354100000000000000e+04 -2.286176117500336602e+01
1.356100000000000000e+04 -2.289222506413727487e+01
1.358100000000000000e+04 -2.283600526575181888e+01
1.360100000000000000e+04 -2.289335456888635179e+01
1.362100000000000000e+04 -2.285680571403279870e+01
1.364100000000000000e+04 -2.285852328588690696e+01
1.366100000000000000e+04 -2.289459340819324140e+01
1.368100000000000000e+04 -2.283594544975260376e+01
1.370100000000000000e+04 -2.289130112609062095e+01
1.372100000000000000e+04 -2.286069760348151902e+01
1.374100000000000000e+04 -2.285538473526216308e+01
1.376100000000000000e+04 -2.289656912948703393e+01
1.378100000000000000e+04 -2.283632275119834532e+01
1.380100000000000000e+04 -2.288896318735682911e+01
1.382100000000000000e+04 -2.286469570093948889e+01
1.384100000000000000e+04 -2.285238549858386037e+01
1.386100000000000000e+04 -2.289813249794301342e+01
1.388100000000000000e+04 -2.283714172208855331e+01
1.390100000000000000e+04 -2.288637392141335525e+01
1.392100000000000000e+04 -2.286874071337238945e+01
1.394100000000000000e+04 -2.284956517518846653e+01
1.396100000000000000e+04 -2.289927065142645191e+01
1.398100000000000000e+04 -2.283840009414481642e+01
1.400100000000000000e+04 -2.288356809015954241e+01
1.402100000000000000e+04 -2.287277250793383487e+01
1.404100000000000000e+04 -2.284696262739299399e+01
1.406100000000000000e+04 -2.289997745439638166e+01
1.408100000000000000e+04 -2.284008847923455221e+01
1.410100000000000000e+04 -2.288058172293659709e+01
1.412100000000000000e+04 -2.287673136506132110e+01
1.414100000000000000e+04 -2.284461554420034446e+01
1.416100000000000000e+04 -2.290025321630348643e+01
1.418100000000000000e+04 -2.284219022939694455e+01
1.420100000000000000e+04 -2.287745186415991228e+01
1.422100000000000000e+04 -2.288055921926780201e+01
1.424100000000000000e+04 -2.284255992514878741e+01
1.426100000000000000e+04 -2.290010428921863905e+01
1.428100000000000000e+04 -2.284468147577550923e+01
1.430100000000000000e+04 -2.287421638210409469e+01
1.432100000000000000e+04 -2.288420084046602554e+01
1.434100000000000000e+04 -2.284082949522095163e+01
1.436100000000000000e+04 -2.289954256837344815e+01
1.438100000000000000e+04 -2.284753134264412822e+01
1.440100000000000000e+04 -2.287091382465373357e+01
1.442100000000000000e+04 -2.288760491092360994e+01
1.444100000000000000e+04 -2.283945505633189299e+01
1.446100000000000000e+04 -2.289858492245409494e+01
1.448100000000000000e+04 -2.285070234206114748e+01
1.450100000000000000e+04 -2.286758330135132411e+01
1.452100000000000000e+04 -2.289072496238690491e+01
1.454100000000000000e+04 -2.283846379812663585e+01
1.456100000000000000e+04 -2.289725258345569259e+01
1.458100000000000000e+04 -2.285415093673308462e+01
1.460100000000000000e+04 -2.286426437329131645e+01
1.462100000000000000e+04 -2.289352014640985544e+01
1.464100000000000000e+04 -2.283787858554071093e+01
1.466100000000000000e+04 -2.289557052673167448e+01
1.468100000000000000e+04 -2.285782826862146067e+01
1.470100000000000000e+04 -2.286099692770962832e+01
1.472100000000000000e+04 -2.289595582416945163e+01
1.474100000000000000e+04 -2.283771725823111609e+01
1.476100000000000000e+04 -2.289356687003161994e+01
1.478100000000000000e+04 -2.286168103660531870e+01
1.480100000000000000e+04 -2.285782102075207689e+01
1.482100000000000000e+04 -2.289800397058186476e+01
1.484100000000000000e+04 -2.283799196895538230e+01
1.486100000000000000e+04 -2.289127231677609231e+01
1.488100000000000000e+04 -2.286565251119725772e+01
1.490100000000000000e+04 -2.285477666842204414e+01
1.492100000000000000e+04 -2.289964339668230764e+01
1.494100000000000000e+04 -2.283870860230677380e+01
1.496100000000000000e+04 -2.288871966189041984e+01
1.498100000000000000e+04 -2.286968366045594792e+01
1.500100000000000000e+04 -2.285190357597619126e+01
1.502100000000000000e+04 -2.290085979907706815e+01
1.504100000000000000e+04 -2.283986630055795075e+01
1.506100000000000000e+04 -2.288594337222562913e+01
1.508100000000000000e+04 -2.287371435836554667e+01
1.510100000000000000e+04 -2.284924079267003094e+01
1.512100000000000000e+04 -2.290164564931405877e+01
1.514100000000000000e+04 -2.284145713196446792e+01
1.516100000000000000e+04 -2.288297924457895505e+01
1.518100000000000000e+04 -2.287768463547718767e+01
1.520100000000000000e+04 -2.284682629113195773e+01
1.522100000000000000e+04 -2.290199993920709431e+01
1.524100000000000000e+04 -2.284346591598330889e+01
1.526100000000000000e+04 -2.287986413863712798e+01
1.528100000000000000e+04 -2.288153592705400996e+01
1.530100000000000000e+04 -2.284469646667748677e+01
1.532100000000000000e+04 -2.290192780095964054e+01
1.534100000000000000e+04 -2.284587022533180445e+01
1.536100000000000000e+04 -2.287663577396848424e+01
1.538100000000000000e+04 -2.288521227128646274e+01
1.540100000000000000e+04 -2.284288556566189143e+01
1.542100000000000000e+04 -2.290144002498759335e+01
1.544100000000000000e+04 -2.284864056350566841e+01
1.546100000000000000e+04 -2.287333257746004733e+01
1.548100000000000000e+04 -2.288866141172016455e+01
1.550100000000000000e+04 -2.284142504802058582e+01
1.552100000000000000e+04 -2.290055250161877609e+01
1.554100000000000000e+04 -2.285174072336705109e+01
1.556100000000000000e+04 -2.286999356134436923e+01
1.558100000000000000e+04 -2.289183576636364137e+01
1.560100000000000000e+04 -2.284034290464810368e+01
1.562100000000000000e+04 -2.289928561608485680e+01
1.564100000000000000e+04 -2.285512831586590821e+01
1.566100000000000000e+04 -2.286665821320886138e+01
1.568100000000000000e+04 -2.289469323432189896e+01
1.570100000000000000e+04 -2.283966294665165719e+01
1.572100000000000000e+04 -2.289766362744665074e+01
1.574100000000000000e+04 -2.285875546628626864e+01
1.576100000000000000e+04 -2.286336637511927705e+01
1.578100000000000000e+04 -2.289719782384095481e+01
1.580100000000000000e+04 -2.283940409963641827e+01
1.582100000000000000e+04 -2.289571406086167116e+01
1.584100000000000000e+04 -2.286256966258591206e+01
1.586100000000000000e+04 -2.286015809448145220e+01
1.588100000000000000e+04 -2.289932009469547225e+01
1.590100000000000000e+04 -2.283957973034057787e+01
1.592100000000000000e+04 -2.289346713942544298e+01
1.594100000000000000e+04 -2.286651474451804944e+01
1.596100000000000000e+04 -2.285707342651739538e+01
1.598100000000000000e+04 -2.290103741743805799e+01
1.600100000000000000e+04 -2.284019704602924250e+01
1.602100000000000000e+04 -2.289095527540230179e+01
1.604100000000000000e+04 -2.287053200942882469e+01
1.606100000000000000e+04 -2.285415217727891246e+01
1.608100000000000000e+04 -2.290233405735371264e+01
1.610100000000000000e+04 -2.284125659499163774e+01
1.612100000000000000e+04 -2.288821263434518727e+01
1.614100000000000000e+04 -2.287456140758716927e+01
1.616100000000000000e+04 -2.285143357381706863e+01
1.618100000000000000e+04 -2.290320109532562043e+01
1.620100000000000000e+04 -2.284275190376625275e+01
1.622100000000000000e+04 -2.288527477682194800e+01
1.624100000000000000e+04 -2.287854278840676159e+01
1.626100000000000000e+04 -2.284895585924476080e+01
1.628100000000000000e+04 -2.290363620100816888e+01
1.630100000000000000e+04 -2.284466926816580212e+01
1.632100000000000000e+04 -2.288217837634284990e+01
1.634100000000000000e+04 -2.288241715385217034e+01
1.636100000000000000e+04 -2.284675580770077730e+01
1.638100000000000000e+04 -2.290364327652432053e+01
1.640100000000000000e+04 -2.284698771878555945e+01
1.642100000000000000e+04 -2.287896100398365462e+01
1.644100000000000000e+04 -2.288612787156137074e+01
1.646100000000000000e+04 -2.284486816661252107e+01
1.648100000000000000e+04 -2.290323199281206001e+01
1.650100000000000000e+04 -2.284967916201183868e+01
1.652100000000000000e+04 -2.287566096678198591e+01
1.654100000000000000e+04 -2.288962180105466260e+01
1.656100000000000000e+04 -2.284332503096135980e+01
1.658100000000000000e+04 -2.290241724410303448e+01
1.660100000000000000e+04 -2.285270870239365237e+01
1.662100000000000000e+04 -2.287231718089438459e+01
1.664100000000000000e+04 -2.289285029357716894e+01
1.666100000000000000e+04 -2.284215516824754744e+01
1.668100000000000000e+04 -2.290121854947786417e+01
1.670100000000000000e+04 -2.285603513691075506e+01
1.672100000000000000e+04 -2.286896906086211345e+01
1.674100000000000000e+04 -2.289577003429145208e+01
1.676100000000000000e+04 -2.284138331064617589e+01
1.678100000000000000e+04 -2.289965943205084642e+01
1.680100000000000000e+04 -2.285961161843679790e+01
1.682100000000000000e+04 -2.286565640242376674e+01
1.684100000000000000e+04 -2.289834370825909815e+01
1.686100000000000000e+04 -2.284102944562877724e+01
1.688100000000000000e+04 -2.289776680568751388e+01
1.690100000000000000e+04 -2.286338647413748504e+01
1.692100000000000000e+04 -2.286241924074392529e+01
1.694100000000000000e+04 -2.290054048119345254e+01
1.696100000000000000e+04 -2.284110813237482773e+01
1.698100000000000000e+04 -2.289557039638307856e+01
1.700100000000000000e+04 -2.286730416811234079e+01
1.702100000000000000e+04 -2.285929766379881656e+01
1.704100000000000000e+04 -2.290233629592805897e+01
1.706100000000000000e+04 -2.284162788338127115e+01
1.708100000000000000e+04 -2.289310221953425639e+01
1.710100000000000000e+04 -2.287130638584305586e+01
1.712100000000000000e+04 -2.285633156859498527e+01
1.714100000000000000e+04 -2.290371399141132258e+01
1.716100000000000000e+04 -2.284259064092285740e+01
1.718100000000000000e+04 -2.289039612807734159e+01
1.720100000000000000e+04 -2.287533321486284876e+01
1.722100000000000000e+04 -2.285356034649037937e+01
1.724100000000000000e+04 -2.290466325573992634e+01
1.726100000000000000e+04 -2.284399138428302578e+01
1.728100000000000000e+04 -2.288748743789091122e+01
1.730100000000000000e+04 -2.287932438465571749e+01
1.732100000000000000e+04 -2.285102249391360729e+01
1.734100000000000000e+04 -2.290518042799329379e+01
1.736100000000000000e+04 -2.284581788724483786e+01
1.738100000000000000e+04 -2.288441263040644458e+01
1.740100000000000000e+04 -2.288322052325620248e+01
1.742100000000000000e+04 -2.284875514309866418e+01
1.744100000000000000e+04 -2.290526816647256680e+01
1.746100000000000000e+04 -2.284805064742645087e+01
1.748100000000000000e+04 -2.288120912430497000e+01
1.750100000000000000e+04 -2.288696438326788751e+01
1.752100000000000000e+04 -2.284679351865763763e+01
1.754100000000000000e+04 -2.290493500470450172e+01
1.756100000000000000e+04 -2.285066299081034558e+01
1.758100000000000000e+04 -2.287791510416434448e+01
1.760100000000000000e+04 -2.289050199008618947e+01
1.762100000000000000e+04 -2.284517032416875182e+01
1.764100000000000000e+04 -2.290419481997820128e+01
1.766100000000000000e+04 -2.285362135778472137e+01
1.768100000000000000e+04 -2.287456938789771499e+01
1.770100000000000000e+04 -2.289378367113615553e+01
1.772100000000000000e+04 -2.284391507564839330e+01
1.774100000000000000e+04 -2.290306624281912917e+01
1.776100000000000000e+04 -2.285688576265920702e+01
1.778100000000000000e+04 -2.287121131442512834e+01
1.780100000000000000e+04 -2.289676493275207747e+01
1.782100000000000000e+04 -2.284305339774455490e+01
1.784100000000000000e+04 -2.290157203777341266e+01
1.786100000000000000e+04 -2.286041042396397671e+01
1.788100000000000000e+04 -2.286788062930317977e+01
1.790100000000000000e+04 -2.289940716371068419e+01
1.792100000000000000e+04 -2.284260631210877790e+01
1.794100000000000000e+04 -2.289973848577988136e+01
1.796100000000000000e+04 -2.286414455232915088e+01
1.798100000000000000e+04 -2.286461734958208680e+01
1.800100000000000000e+04 -2.290167815433517973e+01
1.802100000000000000e+04 -2.284258954506946537e+01
1.804100000000000000e+04 -2.289759479606859571e+01
1.806100000000000000e+04 -2.286803328583155803e+01
1.808100000000000000e+04 -2.286146158744331558e+01
1.810100000000000000e+04 -2.290355243046423794e+01
1.812100000000000000e+04 -2.284301289300194071e+01
1.814100000000000000e+04 -2.289517257014901830e+01
1.816100000000000000e+04 -2.287201875194442380e+01
1.818100000000000000e+04 -2.285845331917451873e+01
1.820100000000000000e+04 -2.290501140795434765e+01
1.822100000000000000e+04 -2.284387967608715542e+01
1.824100000000000000e+04 -2.289250533431667378e+01
1.826100000000000000e+04 -2.287604123201960604e+01
1.828100000000000000e+04 -2.285563208532961355e+01
1.830100000000000000e+04 -2.290604337849039496e+01
1.832100000000000000e+04 -2.284518631667628696e+01
1.834100000000000000e+04 -2.288962814875041474e+01
1.836100000000000000e+04 -2.288004039302816750e+01
1.838100000000000000e+04 -2.285303661702410238e+01
1.840100000000000000e+04 -2.290664334082716991e+01
1.842100000000000000e+04 -2.284692206396838543e+01
1.844100000000000000e+04 -2.288657729454126866e+01
1.846100000000000000e+04 -2.288395654530942380e+01
1.848100000000000000e+04 -2.285070438251758418e+01
1.850100000000000000e+04 -2.290681269446658774e+01
1.852100000000000000e+04 -2.284906888760169608e+01
1.854100000000000000e+04 -2.288339003194084853e+01
1.856100000000000000e+04 -2.288773187946284793e+01
1.858100000000000000e+04 -2.284867105843454027e+01
1.860100000000000000e+04 -2.290655881638261349e+01
1.862100000000000000e+04 -2.285160154578392877e+01
1.864100000000000000e+04 -2.288010441856825139e+01
1.866100000000000000e+04 -2.289131163476401198e+01
1.868100000000000000e+04 -2.284696992920954983e+01
1.870100000000000000e+04 -2.290589454483239606e+01
1.872100000000000000e+04 -2.285448783491397151e+01
1.874100000000000000e+04 -2.287675917030444950e+01
1.876100000000000000e+04 -2.289464515636237252e+01
1.878100000000000000e+04 -2.284563122991848161e+01
1.880100000000000000e+04 -2.290483759805999497e+01
1.882100000000000000e+04 -2.285768901407450215e+01
1.884100000000000000e+04 -2.287339354651095391e+01
1.886100000000000000e+04 -2.289768680588430172e+01
1.888100000000000000e+04 -2.284468144757826735e+01
1.890100000000000000e+04 -2.290340995799963864e+01
1.892100000000000000e+04 -2.286116040180774434e+01
1.894100000000000000e+04 -2.287004723760892588e+01
1.896100000000000000e+04 -2.290039670202502720e+01
1.898100000000000000e+04 -2.284414260862489954e+01
1.900100000000000000e+04 -2.290163724951387181e+01
1.902100000000000000e+04 -2.286485213294353258e+01
1.904100000000000000e+04 -2.286676023579246575e+01
1.906100000000000000e+04 -2.290274127792509518e+01
1.908100000000000000e+04 -2.284403157930103134e+01
1.910100000000000000e+04 -2.289954814381852444e+01
1.912100000000000000e+04 -2.286871006590340016e+01
1.914100000000000000e+04 -2.286357266824287393e+01
1.916100000000000000e+04 -2.290469365284737790e+01
1.918100000000000000e+04 -2.284435941632439793e+01
1.920100000000000000e+04 -2.289717380990841633e+01
1.922100000000000000e+04 -2.287267682107131961e+01
1.924100000000000000e+04 -2.286052457837146079e+01
1.926100000000000000e+04 -2.290623382261182783e+01
1.928100000000000000e+04 -2.284513079930741242e+01
1.930100000000000000e+04 -2.289454743183307528e+01
1.932100000000000000e+04 -2.287669292765554729e+01
1.934100000000000000e+04 -2.285765564047161291e+01
1.936100000000000000e+04 -2.290734867874650504e+01
1.938100000000000000e+04 -2.284634358142877630e+01
1.940100000000000000e+04 -2.289170380155998430e+01
1.942100000000000000e+04 -2.288069804549103026e+01
1.944100000000000000e+04 -2.285500480146834690e+01
1.946100000000000000e+04 -2.290803186983683659e+01
1.948100000000000000e+04 -2.284798848208244237e+01
1.950100000000000000e+04 -2.288867899020048213e+01
1.952100000000000000e+04 -2.288463222194241808e+01
1.954100000000000000e+04 -2.285260984337956458e+01
1.956100000000000000e+04 -2.290828352148643887e+01
1.958100000000000000e+04 -2.285004894521318874e+01
1.960100000000000000e+04 -2.288551009232856259e+01
1.962100000000000000e+04 -2.288843713763405319e+01
1.964100000000000000e+04 -2.285050686947236187e+01
1.966100000000000000e+04 -2.290810983477290819e+01
1.968100000000000000e+04 -2.285250117117573865e+01
1.970100000000000000e+04 -2.288223503308761764e+01
1.972100000000000000e+04 -2.289205729318862126e+01
1.974100000000000000e+04 -2.284872971704590938e+01
1.976100000000000000e+04 -2.290752258650217499e+01
1.978100000000000000e+04 -2.285531432987991707e+01
1.980100000000000000e+04 -2.287889242173339710e+01
1.982100000000000000e+04 -2.289544109287468743e+01
1.984100000000000000e+04 -2.284730931040562751e+01
1.986100000000000000e+04 -2.290653855841966546e+01
1.988100000000000000e+04 -2.285845095001586458e+01
1.990100000000000000e+04 -2.287552143354600886e+01
1.992100000000000000e+04 -2.289854178787005878e+01
1.994100000000000000e+04 -2.284627296827980913e+01
1.996100000000000000e+04 -2.290517892514109377e+01
1.998100000000000000e+04 -2.286186748196934815e+01
