1.000000000000000000e+00 0.000000000000000000e+00
2.100000000000000000e+01 -1.180709068767979097e+01
4.100000000000000000e+01 -2.140494130875318746e+01
6.100000000000000000e+01 -2.151257010948772574e+01
8.100000000000000000e+01 -2.159470424879327055e+01
1.010000000000000000e+02 -2.161051707784254461e+01
1.210000000000000000e+02 -2.167525062259790758e+01
1.410000000000000000e+02 -2.182684648944235661e+01
1.610000000000000000e+02 -2.200013779477028208e+01
1.810000000000000000e+02 -2.228953048519139912e+01
2.010000000000000000e+02 -2.230313148529307909e+01
2.210000000000000000e+02 -2.234452498706883716e+01
2.410000000000000000e+02 -2.235132614787328009e+01
2.610000000000000000e+02 -2.235347987821342741e+01
2.810000000000000000e+02 -2.236503204022261215e+01
3.010000000000000000e+02 -2.236897763925480831e+01
3.210000000000000000e+02 -2.237248668556436826e+01
3.410000000000000000e+02 -2.237535470562795226e+01
3.610000000000000000e+02 -2.237668371112638965e+01
3.810000000000000000e+02 -2.237792291159553670e+01
4.010000000000000000e+02 -2.237927788933502526e+01
4.210000000000000000e+02 -2.238067611724857642e+01
4.410000000000000000e+02 -2.238250168816534114e+01
4.610000000000000000e+02 -2.238489855049617816e+01
4.810000000000000000e+02 -2.238859699088738964e+01
5.010000000000000000e+02 -2.239636448760955290e+01
5.210000000000000000e+02 -2.240997974805400617e+01
5.410000000000000000e+02 -2.241424158579740222e+01
5.610000000000000000e+02 -2.242005100814240848e+01
5.810000000000000000e+02 -2.244061311810629178e+01
6.010000000000000000e+02 -2.244893401495414764e+01
6.210000000000000000e+02 -2.245663889411895653e+01
6.410000000000000000e+02 -2.246331969974811926e+01
6.610000000000000000e+02 -2.246417701680535473e+01
6.810000000000000000e+02 -2.246560167051609014e+01
7.010000000000000000e+02 -2.246647707021700313e+01
7.210000000000000000e+02 -2.246727648025009927e+01
7.410000000000000000e+02 -2.246750355518386044e+01
7.610000000000000000e+02 -2.246790706161461060e+01
7.810000000000000000e+02 -2.246802819963481568e+01
8.010000000000000000e+02 -2.246823943018100067e+01
8.210000000000000000e+02 -2.246869028811003943e+01
8.410000000000000000e+02 -2.247085548714396808e+01
8.610000000000000000e+02 -2.247628797732483008e+01
8.810000000000000000e+02 -2.263643055825379946e+01
9.010000000000000000e+02 -2.304050111792626865e+01
9.210000000000000000e+02 -2.318505241347155987e+01
9.410000000000000000e+02 -2.319251601379735206e+01
9.610000000000000000e+02 -2.319323832407439667e+01
9.810000000000000000e+02 -2.319490692508820118e+01
1.001000000000000000e+03 -2.320199715542083041e+01
1.021000000000000000e+03 -2.320762371388961753e+01
1.041000000000000000e+03 -2.320916697775856363e+01
1.061000000000000000e+03 -2.321288169704030935e+01
1.081000000000000000e+03 -2.322792302750571025e+01
1.101000000000000000e+03 -2.325550398448159939e+01
1.121000000000000000e+03 -2.327482475375546045e+01
1.141000000000000000e+03 -2.329489823298573015e+01
1.161000000000000000e+03 -2.333692011594556703e+01
1.181000000000000000e+03 -2.350852446829177822e+01
1.201000000000000000e+03 -2.352202383764062787e+01
1.221000000000000000e+03 -2.352400913059992860e+01
1.241000000000000000e+03 -2.352506958096018508e+01
1.261000000000000000e+03 -2.356131712141427670e+01
1.281000000000000000e+03 -2.362763467934604122e+01
1.301000000000000000e+03 -2.363172919991819043e+01
1.321000000000000000e+03 -2.363245276306410148e+01
1.341000000000000000e+03 -2.363248849345396607e+01
1.361000000000000000e+03 -2.363248851295457698e+01
1.381000000000000000e+03 -2.363248853234399149e+01
1.401000000000000000e+03 -2.363248855170104079e+01
1.421000000000000000e+03 -2.363248857481183407e+01
1.441000000000000000e+03 -2.363248859473820218e+01
1.461000000000000000e+03 -2.363248861425028480e+01
1.481000000000000000e+03 -2.363248863356267293e+01
1.501000000000000000e+03 -2.363248865291975065e+01
1.521000000000000000e+03 -2.363248867602085213e+01
1.541000000000000000e+03 -2.363248869595499713e+01
1.561000000000000000e+03 -2.363248871546809227e+01
1.581000000000000000e+03 -2.363248873486013224e+01
1.601000000000000000e+03 -2.363248875421733430e+01
1.621000000000000000e+03 -2.363248877730267239e+01
1.641000000000000000e+03 -2.363248879724877582e+01
1.661000000000000000e+03 -2.363248881676423352e+01
1.681000000000000000e+03 -2.363248883615684193e+01
1.701000000000000000e+03 -2.363248885551356793e+01
1.721000000000000000e+03 -2.363248887861684722e+01
1.741000000000000000e+03 -2.363248889855048418e+01
1.761000000000000000e+03 -2.363248891806145835e+01
1.781000000000000000e+03 -2.363248893745200263e+01
1.801000000000000000e+03 -2.363248895680822059e+01
1.821000000000000000e+03 -2.363248897993114639e+01
1.841000000000000000e+03 -2.363248899985087093e+01
1.861000000000000000e+03 -2.363248901935709156e+01
1.881000000000000000e+03 -2.363248903874590923e+01
1.901000000000000000e+03 -2.363248905810135625e+01
1.921000000000000000e+03 -2.363248908125591541e+01
1.941000000000000000e+03 -2.363248910115284218e+01
1.961000000000000000e+03 -2.363248912065195739e+01
1.981000000000000000e+03 -2.363248914003841961e+01
2.001000000000000000e+03 -2.363248915939303885e+01
2.021000000000000000e+03 -2.363248918259929354e+01
2.041000000000000000e+03 -2.363248920245872853e+01
2.061000000000000000e+03 -2.363248922194672730e+01
2.081000000000000000e+03 -2.363248924132978246e+01
2.101000000000000000e+03 -2.363248926290271967e+01
2.121000000000000000e+03 -2.363248928394351722e+01
2.141000000000000000e+03 -2.363248930376355972e+01
2.161000000000000000e+03 -2.363248932323998019e+01
2.181000000000000000e+03 -2.363248934261953949e+01
2.201000000000000000e+03 -2.363248936437876324e+01
2.221000000000000000e+03 -2.363248938527436138e+01
2.241000000000000000e+03 -2.363248940506325368e+01
2.261000000000000000e+03 -2.363248942453066093e+01
2.281000000000000000e+03 -2.363248944390741002e+01
2.301000000000000000e+03 -2.363248946580766230e+01
2.321000000000000000e+03 -2.363248948661129134e+01
2.341000000000000000e+03 -2.363248950636071299e+01
2.361000000000000000e+03 -2.363248952581951201e+01
2.381000000000000000e+03 -2.363248954519359302e+01
2.401000000000000000e+03 -2.363248956722243577e+01
2.421000000000000000e+03 -2.363248958793190013e+01
2.441000000000000000e+03 -2.363248960765789519e+01
2.461000000000000000e+03 -2.363248962710711254e+01
2.481000000000000000e+03 -2.363248964647834072e+01
2.501000000000000000e+03 -2.363248966864810896e+01
2.521000000000000000e+03 -2.363248968925418225e+01
2.541000000000000000e+03 -2.363248970895144652e+01
2.561000000000000000e+03 -2.363248972839187800e+01
2.581000000000000000e+03 -2.363248974776108824e+01
2.601000000000000000e+03 -2.363248977001824613e+01
2.621000000000000000e+03 -2.363248979055941845e+01
2.641000000000000000e+03 -2.363248981023900441e+01
2.661000000000000000e+03 -2.363248982967512646e+01
2.681000000000000000e+03 -2.363248984904230099e+01
2.701000000000000000e+03 -2.363248987138893398e+01
2.721000000000000000e+03 -2.363248989186349291e+01
2.741000000000000000e+03 -2.363248991152500622e+01
2.761000000000000000e+03 -2.363248993095611183e+01
2.781000000000000000e+03 -2.363248995012407505e+01
2.801000000000000000e+03 -2.363248997265380069e+01
2.821000000000000000e+03 -2.363248999299409903e+01
2.841000000000000000e+03 -2.363249001261846871e+01
2.861000000000000000e+03 -2.363249003203912935e+01
2.881000000000000000e+03 -2.363249005140167114e+01
2.901000000000000000e+03 -2.363249007395633683e+01
2.921000000000000000e+03 -2.363249009427628522e+01
2.941000000000000000e+03 -2.363249011389594401e+01
2.961000000000000000e+03 -2.363249013331537896e+01
2.981000000000000000e+03 -2.363249015267746245e+01
3.001000000000000000e+03 -2.363249017522408124e+01
3.021000000000000000e+03 -2.363249019554714181e+01
3.041000000000000000e+03 -2.363249021516893222e+01
3.061000000000000000e+03 -2.363249023458923403e+01
3.081000000000000000e+03 -2.363249025394032543e+01
3.101000000000000000e+03 -2.363249027644682698e+01
3.121000000000000000e+03 -2.363249029679558788e+01
3.141000000000000000e+03 -2.363249031642626363e+01
3.161000000000000000e+03 -2.363249033584942183e+01
3.181000000000000000e+03 -2.363249035521223362e+01
3.201000000000000000e+03 -2.363249037759901228e+01
3.221000000000000000e+03 -2.363249039802987639e+01
3.241000000000000000e+03 -2.363249041768611036e+01
3.261000000000000000e+03 -2.363249043709033970e+01
3.281000000000000000e+03 -2.363249045645522983e+01
3.301000000000000000e+03 -2.363249047870049324e+01
3.321000000000000000e+03 -2.363249049922808709e+01
3.341000000000000000e+03 -2.363249051891479269e+01
3.361000000000000000e+03 -2.363249053835516733e+01
3.381000000000000000e+03 -2.363249055772319807e+01
3.401000000000000000e+03 -2.363249057971964362e+01
3.421000000000000000e+03 -2.363249060041903604e+01
3.441000000000000000e+03 -2.363249062015882274e+01
3.461000000000000000e+03 -2.363249063961570329e+01
3.481000000000000000e+03 -2.363249065898869361e+01
3.501000000000000000e+03 -2.363249068060409996e+01
3.521000000000000000e+03 -2.363249070156630083e+01
3.541000000000000000e+03 -2.363249072138828666e+01
3.561000000000000000e+03 -2.363249074087064372e+01
3.581000000000000000e+03 -2.363249076025138251e+01
3.601000000000000000e+03 -2.363249077960161060e+01
3.621000000000000000e+03 -2.363249080263216939e+01
3.641000000000000000e+03 -2.363249082259123313e+01
3.661000000000000000e+03 -2.363249084211748396e+01
3.681000000000000000e+03 -2.363249086151043343e+01
3.701000000000000000e+03 -2.363249088086426752e+01
3.721000000000000000e+03 -2.363249090358721816e+01
3.741000000000000000e+03 -2.363249092374205773e+01
3.761000000000000000e+03 -2.363249094332834233e+01
3.781000000000000000e+03 -2.363249096274138594e+01
3.801000000000000000e+03 -2.363249098210116017e+01
3.821000000000000000e+03 -2.363249100434364891e+01
3.841000000000000000e+03 -2.363249102484411779e+01
3.861000000000000000e+03 -2.363249104453672089e+01
3.881000000000000000e+03 -2.363249106398588850e+01
3.901000000000000000e+03 -2.363249108335718063e+01
3.921000000000000000e+03 -2.363249110270427522e+01
3.941000000000000000e+03 -2.363249112581397782e+01
3.961000000000000000e+03 -2.363249114570640685e+01
3.981000000000000000e+03 -2.363249116521803828e+01
4.001000000000000000e+03 -2.363249118460795728e+01
4.021000000000000000e+03 -2.363249120396084280e+01
4.041000000000000000e+03 -2.363249122660140955e+01
4.061000000000000000e+03 -2.363249124681231805e+01
4.081000000000000000e+03 -2.363249126642556774e+01
4.101000000000000000e+03 -2.363249128584884673e+01
4.121000000000000000e+03 -2.363249130521303698e+01
4.141000000000000000e+03 -2.363249132690750542e+01
4.161000000000000000e+03 -2.363249134775751159e+01
4.181000000000000000e+03 -2.363249136757968927e+01
4.201000000000000000e+03 -2.363249138707216446e+01
4.221000000000000000e+03 -2.363249140645835666e+01
4.241000000000000000e+03 -2.363249142581008400e+01
4.261000000000000000e+03 -2.363249144838991711e+01
4.281000000000000000e+03 -2.363249146862779071e+01
4.301000000000000000e+03 -2.363249148825803303e+01
4.321000000000000000e+03 -2.363249150768987761e+01
4.341000000000000000e+03 -2.363249152705671818e+01
4.361000000000000000e+03 -2.363249154640213590e+01
4.381000000000000000e+03 -2.363249156940975482e+01
4.401000000000000000e+03 -2.363249158935155947e+01
4.421000000000000000e+03 -2.363249160888872780e+01
4.441000000000000000e+03 -2.363249162829109551e+01
4.461000000000000000e+03 -2.363249164764818744e+01
4.481000000000000000e+03 -2.363249166953159630e+01
4.501000000000000000e+03 -2.363249169020441443e+01
4.521000000000000000e+03 -2.363249171000263971e+01
4.541000000000000000e+03 -2.363249172949596755e+01
4.561000000000000000e+03 -2.363249174888327531e+01
4.581000000000000000e+03 -2.363249176823564923e+01
4.601000000000000000e+03 -2.363249179047116399e+01
4.621000000000000000e+03 -2.363249181090884576e+01
4.641000000000000000e+03 -2.363249183062341530e+01
4.661000000000000000e+03 -2.363249185008947961e+01
4.681000000000000000e+03 -2.363249186946946878e+01
4.701000000000000000e+03 -2.363249188881942686e+01
4.721000000000000000e+03 -2.363249191113946068e+01
4.741000000000000000e+03 -2.363249193150866745e+01
4.761000000000000000e+03 -2.363249195120708634e+01
4.781000000000000000e+03 -2.363249197067006335e+01
4.801000000000000000e+03 -2.363249199004969014e+01
4.821000000000000000e+03 -2.363249200939964467e+01
4.841000000000000000e+03 -2.363249203161604584e+01
4.861000000000000000e+03 -2.363249205203842607e+01
4.881000000000000000e+03 -2.363249207176384914e+01
4.901000000000000000e+03 -2.363249209123930328e+01
4.921000000000000000e+03 -2.363249211062434441e+01
4.941000000000000000e+03 -2.363249212997623516e+01
4.961000000000000000e+03 -2.363249215178793250e+01
4.981000000000000000e+03 -2.363249217245032341e+01
5.001000000000000000e+03 -2.363249219227419218e+01
5.021000000000000000e+03 -2.363249221178942960e+01
5.041000000000000000e+03 -2.363249223119021636e+01
5.061000000000000000e+03 -2.363249225054837055e+01
5.081000000000000000e+03 -2.363249226989072937e+01
5.101000000000000000e+03 -2.363249229267960416e+01
5.121000000000000000e+03 -2.363249231271070983e+01
5.141000000000000000e+03 -2.363249233230597923e+01
5.161000000000000000e+03 -2.363249235174114560e+01
5.181000000000000000e+03 -2.363249237111338275e+01
5.201000000000000000e+03 -2.363249239046071182e+01
5.221000000000000000e+03 -2.363249241249379651e+01
5.241000000000000000e+03 -2.363249243296416324e+01
5.261000000000000000e+03 -2.363249245275102695e+01
5.281000000000000000e+03 -2.363249247226150729e+01
5.301000000000000000e+03 -2.363249249166297972e+01
5.321000000000000000e+03 -2.363249251102310922e+01
5.341000000000000000e+03 -2.363249253036622477e+01
5.361000000000000000e+03 -2.363249255273345639e+01
5.381000000000000000e+03 -2.363249257293042049e+01
5.401000000000000000e+03 -2.363249259262088842e+01
5.421000000000000000e+03 -2.363249261209926289e+01
5.441000000000000000e+03 -2.363249263148896517e+01
5.461000000000000000e+03 -2.363249265084423811e+01
5.481000000000000000e+03 -2.363249267018558086e+01
5.501000000000000000e+03 -2.363249269267945607e+01
5.521000000000000000e+03 -2.363249271284139397e+01
5.541000000000000000e+03 -2.363249273251669891e+01
5.561000000000000000e+03 -2.363249275199333965e+01
5.581000000000000000e+03 -2.363249277138400828e+01
5.601000000000000000e+03 -2.363249279074017295e+01
5.621000000000000000e+03 -2.363249281008190650e+01
5.641000000000000000e+03 -2.363249283224648423e+01
5.661000000000000000e+03 -2.363249285256334531e+01
5.681000000000000000e+03 -2.363249287233346507e+01
5.701000000000000000e+03 -2.363249289184939528e+01
5.721000000000000000e+03 -2.363249291126035345e+01
5.741000000000000000e+03 -2.363249293062654743e+01
5.761000000000000000e+03 -2.363249294997221384e+01
5.781000000000000000e+03 -2.363249296930963084e+01
5.801000000000000000e+03 -2.363249299197624254e+01
5.821000000000000000e+03 -2.363249301199506291e+01
5.841000000000000000e+03 -2.363249303163216553e+01
5.861000000000000000e+03 -2.363249305110068477e+01
5.881000000000000000e+03 -2.363249307049259329e+01
5.901000000000000000e+03 -2.363249308985196606e+01
5.921000000000000000e+03 -2.363249310919515978e+01
5.941000000000000000e+03 -2.363249312853127648e+01
5.961000000000000000e+03 -2.363249315121358052e+01
5.981000000000000000e+03 -2.363249317119909421e+01
6.001000000000000000e+03 -2.363249319083346123e+01
6.021000000000000000e+03 -2.363249321030631123e+01
6.041000000000000000e+03 -2.363249322970336408e+01
6.061000000000000000e+03 -2.363249324906555060e+01
6.081000000000000000e+03 -2.363249326841007658e+01
6.101000000000000000e+03 -2.363249328774719160e+01
6.121000000000000000e+03 -2.363249330997863495e+01
6.141000000000000000e+03 -2.363249333015571807e+01
6.161000000000000000e+03 -2.363249334991576944e+01
6.181000000000000000e+03 -2.363249336944690171e+01
6.201000000000000000e+03 -2.363249338887985473e+01
6.221000000000000000e+03 -2.363249340825835532e+01
6.241000000000000000e+03 -2.363249342761319127e+01
6.261000000000000000e+03 -2.363249344695468324e+01
6.281000000000000000e+03 -2.363249346629030967e+01
6.301000000000000000e+03 -2.363249348852296450e+01
6.321000000000000000e+03 -2.363249350865447695e+01
6.341000000000000000e+03 -2.363249352841383910e+01
6.361000000000000000e+03 -2.363249354795380697e+01
6.381000000000000000e+03 -2.363249356739737905e+01
6.401000000000000000e+03 -2.363249358678307743e+01
6.421000000000000000e+03 -2.363249360614263139e+01
6.441000000000000000e+03 -2.363249362548755528e+01
6.461000000000000000e+03 -2.363249364482484083e+01
6.481000000000000000e+03 -2.363249366415803365e+01
6.501000000000000000e+03 -2.363249368659161220e+01
6.521000000000000000e+03 -2.363249370657892001e+01
6.541000000000000000e+03 -2.363249372628283496e+01
6.561000000000000000e+03 -2.363249374580571072e+01
6.581000000000000000e+03 -2.363249376524470335e+01
6.601000000000000000e+03 -2.363249378463384431e+01
6.621000000000000000e+03 -2.363249380399608413e+01
6.641000000000000000e+03 -2.363249382334313964e+01
6.661000000000000000e+03 -2.363249384268171127e+01
6.681000000000000000e+03 -2.363249386201601610e+01
6.701000000000000000e+03 -2.363249388134736506e+01
6.721000000000000000e+03 -2.363249390385456650e+01
6.741000000000000000e+03 -2.363249392375291080e+01
6.761000000000000000e+03 -2.363249394343034737e+01
6.781000000000000000e+03 -2.363249396295437066e+01
6.801000000000000000e+03 -2.363249398239793209e+01
6.821000000000000000e+03 -2.363249400179513060e+01
6.841000000000000000e+03 -2.363249402116189302e+01
6.861000000000000000e+03 -2.363249404051428826e+01
6.881000000000000000e+03 -2.363249405985615681e+01
6.901000000000000000e+03 -2.363249407919214562e+01
6.921000000000000000e+03 -2.363249409852503646e+01
6.941000000000000000e+03 -2.363249411785550080e+01
6.961000000000000000e+03 -2.363249414001735360e+01
6.981000000000000000e+03 -2.363249415998533109e+01
7.001000000000000000e+03 -2.363249417970547128e+01
7.021000000000000000e+03 -2.363249419929526596e+01
7.041000000000000000e+03 -2.363249421878188983e+01
7.061000000000000000e+03 -2.363249423820864692e+01
7.081000000000000000e+03 -2.363249425760374223e+01
7.101000000000000000e+03 -2.363249427697276062e+01
7.121000000000000000e+03 -2.363249429632640641e+01
7.141000000000000000e+03 -2.363249431567192005e+01
7.161000000000000000e+03 -2.363249433501042773e+01
7.181000000000000000e+03 -2.363249435434467216e+01
7.201000000000000000e+03 -2.363249437367674588e+01
7.221000000000000000e+03 -2.363249439300687271e+01
7.241000000000000000e+03 -2.363249441233559622e+01
7.261000000000000000e+03 -2.363249443437121400e+01
7.281000000000000000e+03 -2.363249445427358708e+01
7.301000000000000000e+03 -2.363249447396809444e+01
7.321000000000000000e+03 -2.363249449356378307e+01
7.341000000000000000e+03 -2.363249451308353599e+01
7.361000000000000000e+03 -2.363249453253888532e+01
7.381000000000000000e+03 -2.363249455195354543e+01
7.401000000000000000e+03 -2.363249457134631371e+01
7.421000000000000000e+03 -2.363249459072167014e+01
7.441000000000000000e+03 -2.363249461008127739e+01
7.461000000000000000e+03 -2.363249462943077006e+01
7.481000000000000000e+03 -2.363249464877416983e+01
7.501000000000000000e+03 -2.363249466811412347e+01
7.521000000000000000e+03 -2.363249468745016202e+01
7.541000000000000000e+03 -2.363249470663605933e+01
7.561000000000000000e+03 -2.363249472596664447e+01
7.581000000000000000e+03 -2.363249474529611760e+01
7.601000000000000000e+03 -2.363249476462478782e+01
7.621000000000000000e+03 -2.363249478395255210e+01
7.641000000000000000e+03 -2.363249480327954188e+01
7.661000000000000000e+03 -2.363249482260606626e+01
7.681000000000000000e+03 -2.363249484413372770e+01
7.701000000000000000e+03 -2.363249486390822440e+01
7.721000000000000000e+03 -2.363249488358151496e+01
7.741000000000000000e+03 -2.363249490315410384e+01
7.761000000000000000e+03 -2.363249492266911389e+01
7.781000000000000000e+03 -2.363249494214919011e+01
7.801000000000000000e+03 -2.363249496160124608e+01
7.821000000000000000e+03 -2.363249498103949975e+01
7.841000000000000000e+03 -2.363249500046371665e+01
7.861000000000000000e+03 -2.363249501986869561e+01
7.881000000000000000e+03 -2.363249503925850092e+01
7.901000000000000000e+03 -2.363249505863148059e+01
7.921000000000000000e+03 -2.363249507799210747e+01
7.941000000000000000e+03 -2.363249509734696829e+01
7.961000000000000000e+03 -2.363249511669697256e+01
7.981000000000000000e+03 -2.363249513604293384e+01
8.001000000000000000e+03 -2.363249515538539214e+01
8.021000000000000000e+03 -2.363249517472488037e+01
8.041000000000000000e+03 -2.363249519406173249e+01
8.061000000000000000e+03 -2.363249521338247305e+01
8.081000000000000000e+03 -2.363249523271950636e+01
8.101000000000000000e+03 -2.363249525205415225e+01
8.121000000000000000e+03 -2.363249527138679085e+01
8.141000000000000000e+03 -2.363249529071760691e+01
8.161000000000000000e+03 -2.363249531004686688e+01
8.181000000000000000e+03 -2.363249532937465602e+01
8.201000000000000000e+03 -2.363249534870109159e+01
8.221000000000000000e+03 -2.363249536802630146e+01
8.241000000000000000e+03 -2.363249538735026434e+01
8.261000000000000000e+03 -2.363249540667302995e+01
8.281000000000000000e+03 -2.363249542599458408e+01
8.301000000000000000e+03 -2.363249544531487700e+01
8.321000000000000000e+03 -2.363249546463379502e+01
8.341000000000000000e+03 -2.363249548395128841e+01
8.361000000000000000e+03 -2.363249550326721504e+01
8.381000000000000000e+03 -2.363249552258135822e+01
8.401000000000000000e+03 -2.363249554189349055e+01
8.421000000000000000e+03 -2.363249556120329231e+01
8.441000000000000000e+03 -2.363249558050483046e+01
8.461000000000000000e+03 -2.363249559980179626e+01
8.481000000000000000e+03 -2.363249561909311680e+01
8.501000000000000000e+03 -2.363249563837742784e+01
8.521000000000000000e+03 -2.363249565765296012e+01
8.541000000000000000e+03 -2.363249567692808739e+01
8.561000000000000000e+03 -2.363249569619327062e+01
8.581000000000000000e+03 -2.363249571544623961e+01
8.601000000000000000e+03 -2.363249573468401366e+01
8.621000000000000000e+03 -2.363249575389362889e+01
8.641000000000000000e+03 -2.363249577306341465e+01
8.661000000000000000e+03 -2.363249579219094443e+01
8.681000000000000000e+03 -2.363249581127920251e+01
8.701000000000000000e+03 -2.363249583032351353e+01
8.721000000000000000e+03 -2.363249584929450364e+01
8.741000000000000000e+03 -2.363249586598158558e+01
8.761000000000000000e+03 -2.363249588530242917e+01
8.781000000000000000e+03 -2.363249590462278249e+01
8.801000000000000000e+03 -2.363249592394259579e+01
8.821000000000000000e+03 -2.363249594326177316e+01
8.841000000000000000e+03 -2.363249596258003038e+01
8.861000000000000000e+03 -2.363249598189646150e+01
8.881000000000000000e+03 -2.363249600121074678e+01
8.901000000000000000e+03 -2.363249602052243148e+01
8.921000000000000000e+03 -2.363249603983096492e+01
8.941000000000000000e+03 -2.363249605913367191e+01
8.961000000000000000e+03 -2.363249607842726618e+01
8.981000000000000000e+03 -2.363249609771186144e+01
9.001000000000000000e+03 -2.363249611698137187e+01
9.021000000000000000e+03 -2.363249613622244638e+01
9.041000000000000000e+03 -2.363249615542489579e+01
9.061000000000000000e+03 -2.363249617458360774e+01
9.081000000000000000e+03 -2.363249619365869592e+01
9.101000000000000000e+03 -2.363249621259687316e+01
9.121000000000000000e+03 -2.363249623137648214e+01
9.141000000000000000e+03 -2.363249624783785308e+01
9.161000000000000000e+03 -2.363249626715623464e+01
9.181000000000000000e+03 -2.363249628647316314e+01
9.201000000000000000e+03 -2.363249630578804883e+01
9.221000000000000000e+03 -2.363249632509883469e+01
9.241000000000000000e+03 -2.363249634440393621e+01
9.261000000000000000e+03 -2.363249636369972961e+01
9.281000000000000000e+03 -2.363249638297873645e+01
9.301000000000000000e+03 -2.363249640223495618e+01
9.321000000000000000e+03 -2.363249642144454299e+01
9.341000000000000000e+03 -2.363249644058395660e+01
9.361000000000000000e+03 -2.363249645960287992e+01
9.381000000000000000e+03 -2.363249647839742806e+01
9.401000000000000000e+03 -2.363249649686540010e+01
9.421000000000000000e+03 -2.363249651374947291e+01
9.441000000000000000e+03 -2.363249653306447229e+01
9.461000000000000000e+03 -2.363249655237549618e+01
9.481000000000000000e+03 -2.363249657167933648e+01
9.501000000000000000e+03 -2.363249659097130007e+01
9.521000000000000000e+03 -2.363249661023841242e+01
9.541000000000000000e+03 -2.363249662946646623e+01
9.561000000000000000e+03 -2.363249664861072930e+01
9.581000000000000000e+03 -2.363249666761922185e+01
9.601000000000000000e+03 -2.363249668633318379e+01
9.621000000000000000e+03 -2.363249670237664901e+01
9.641000000000000000e+03 -2.363249672169198234e+01
9.661000000000000000e+03 -2.363249674100344677e+01
9.681000000000000000e+03 -2.363249676030661917e+01
9.701000000000000000e+03 -2.363249677959517570e+01
9.721000000000000000e+03 -2.363249679872303588e+01
9.741000000000000000e+03 -2.363249681792464330e+01
9.761000000000000000e+03 -2.363249683700654558e+01
9.781000000000000000e+03 -2.363249685584449367e+01
9.801000000000000000e+03 -2.363249687419678580e+01
9.821000000000000000e+03 -2.363249689085761673e+01
9.841000000000000000e+03 -2.363249691016810061e+01
9.861000000000000000e+03 -2.363249692946853742e+01
9.881000000000000000e+03 -2.363249694874820150e+01
9.901000000000000000e+03 -2.363249696798239796e+01
9.921000000000000000e+03 -2.363249698711741331e+01
9.941000000000000000e+03 -2.363249700602272441e+01
9.961000000000000000e+03 -2.363249702446708511e+01
9.981000000000000000e+03 -2.363249704080801195e+01
1.000100000000000000e+04 -2.363249706011778883e+01
1.002100000000000000e+04 -2.363249707941564637e+01
1.004100000000000000e+04 -2.363249709868665605e+01
1.006100000000000000e+04 -2.363249711789448071e+01
1.008100000000000000e+04 -2.363249713695278231e+01
1.010100000000000000e+04 -2.363249715565470055e+01
1.012100000000000000e+04 -2.363249717146493012e+01
1.014100000000000000e+04 -2.363249719077587230e+01
1.016100000000000000e+04 -2.363249721007620252e+01
1.018100000000000000e+04 -2.363249722935092834e+01
1.020100000000000000e+04 -2.363249724855969447e+01
1.022100000000000000e+04 -2.363249726760236058e+01
1.024100000000000000e+04 -2.363249728622048451e+01
1.026100000000000000e+04 -2.363249730211640198e+01
1.028100000000000000e+04 -2.363249732142487147e+01
1.030100000000000000e+04 -2.363249734071740704e+01
1.032100000000000000e+04 -2.363249735996853929e+01
1.034100000000000000e+04 -2.363249737910797421e+01
1.036100000000000000e+04 -2.363249739795254456e+01
1.038100000000000000e+04 -2.363249741596945697e+01
1.040100000000000000e+04 -2.363249743276055170e+01
1.042100000000000000e+04 -2.363249745205752106e+01
1.044100000000000000e+04 -2.363249747131705902e+01
1.046100000000000000e+04 -2.363249749046975623e+01
1.048100000000000000e+04 -2.363249750931401749e+01
1.050100000000000000e+04 -2.363249752725842967e+01
1.052100000000000000e+04 -2.363249754408942138e+01
1.054100000000000000e+04 -2.363249756338206709e+01
1.056100000000000000e+04 -2.363249758262550415e+01
1.058100000000000000e+04 -2.363249760171986225e+01
1.060100000000000000e+04 -2.363249762035661661e+01
1.062100000000000000e+04 -2.363249763610675558e+01
1.064100000000000000e+04 -2.363249765541037561e+01
1.066100000000000000e+04 -2.363249767468502327e+01
1.068100000000000000e+04 -2.363249769386733234e+01
1.070100000000000000e+04 -2.363249771275154387e+01
1.072100000000000000e+04 -2.363249773066201342e+01
1.074100000000000000e+04 -2.363249774742587661e+01
1.076100000000000000e+04 -2.363249776671070279e+01
1.078100000000000000e+04 -2.363249778592221162e+01
1.080100000000000000e+04 -2.363249780488106211e+01
1.082100000000000000e+04 -2.363249782297265966e+01
1.084100000000000000e+04 -2.363249783943551208e+01
1.086100000000000000e+04 -2.363249785872109854e+01
1.088100000000000000e+04 -2.363249787793003520e+01
1.090100000000000000e+04 -2.363249789686125268e+01
1.092100000000000000e+04 -2.363249791478740747e+01
1.094100000000000000e+04 -2.363249793144033362e+01
1.096100000000000000e+04 -2.363249795071806858e+01
1.098100000000000000e+04 -2.363249796989051887e+01
1.100100000000000000e+04 -2.363249798866589657e+01
1.102100000000000000e+04 -2.363249800413891322e+01
1.104100000000000000e+04 -2.363249802343849737e+01
1.106100000000000000e+04 -2.363249804269077003e+01
1.108100000000000000e+04 -2.363249806175651813e+01
1.110100000000000000e+04 -2.363249808007816455e+01
1.112100000000000000e+04 -2.363249809613829555e+01
1.114100000000000000e+04 -2.363249811542011258e+01
1.116100000000000000e+04 -2.363249813459683679e+01
1.118100000000000000e+04 -2.363249815333677617e+01
1.120100000000000000e+04 -2.363249816883080356e+01
1.122100000000000000e+04 -2.363249818812510483e+01
1.124100000000000000e+04 -2.363249820734964857e+01
1.126100000000000000e+04 -2.363249822627685859e+01
1.128100000000000000e+04 -2.363249824388784148e+01
1.130100000000000000e+04 -2.363249826081958815e+01
1.132100000000000000e+04 -2.363249828004165209e+01
1.134100000000000000e+04 -2.363249829904313870e+01
1.136100000000000000e+04 -2.363249831692455416e+01
1.138100000000000000e+04 -2.363249833348417184e+01
1.140100000000000000e+04 -2.363249835273416366e+01
1.142100000000000000e+04 -2.363249837174160461e+01
1.144100000000000000e+04 -2.363249838958827098e+01
1.146100000000000000e+04 -2.363249840616854058e+01
1.148100000000000000e+04 -2.363249842541055301e+01
1.150100000000000000e+04 -2.363249844436549552e+01
1.152100000000000000e+04 -2.363249846188512393e+01
1.154100000000000000e+04 -2.363249847884842936e+01
1.156100000000000000e+04 -2.363249849806537739e+01
1.158100000000000000e+04 -2.363249851688392056e+01
1.160100000000000000e+04 -2.363249853223454622e+01
1.162100000000000000e+04 -2.363249855151979517e+01
1.164100000000000000e+04 -2.363249857068050375e+01
1.166100000000000000e+04 -2.363249858915335722e+01
1.168100000000000000e+04 -2.363249860487282561e+01
1.170100000000000000e+04 -2.363249862413577063e+01
1.172100000000000000e+04 -2.363249864315982762e+01
1.174100000000000000e+04 -2.363249866084192519e+01
1.176100000000000000e+04 -2.363249867754316824e+01
1.178100000000000000e+04 -2.363249869674332260e+01
1.180100000000000000e+04 -2.363249871539556324e+01
1.182100000000000000e+04 -2.363249873092473763e+01
1.184100000000000000e+04 -2.363249875018976454e+01
1.186100000000000000e+04 -2.363249876920537673e+01
1.188100000000000000e+04 -2.363249878670438164e+01
1.190100000000000000e+04 -2.363249880358766930e+01
1.192100000000000000e+04 -2.363249882273922964e+01
1.194100000000000000e+04 -2.363249884112211063e+01
1.196100000000000000e+04 -2.363249885695101682e+01
1.198100000000000000e+04 -2.363249887618344403e+01
1.200100000000000000e+04 -2.363249889497349443e+01
1.202100000000000000e+04 -2.363249891032370797e+01
1.204100000000000000e+04 -2.363249892958837606e+01
1.206100000000000000e+04 -2.363249894856878441e+01
1.208100000000000000e+04 -2.363249896369259062e+01
1.210100000000000000e+04 -2.363249898297210549e+01
1.212100000000000000e+04 -2.363249900205285314e+01
1.214100000000000000e+04 -2.363249901973761524e+01
1.216100000000000000e+04 -2.363249903634825699e+01
1.218100000000000000e+04 -2.363249905548525476e+01
1.220100000000000000e+04 -2.363249907352070167e+01
1.222100000000000000e+04 -2.363249908971847901e+01
1.224100000000000000e+04 -2.363249910887829941e+01
1.226100000000000000e+04 -2.363249912701947508e+01
1.228100000000000000e+04 -2.363249914308433475e+01
1.230100000000000000e+04 -2.363249916224705771e+01
1.232100000000000000e+04 -2.363249918037110575e+01
1.234100000000000000e+04 -2.363249919644743358e+01
1.236100000000000000e+04 -2.363249921557098077e+01
1.238100000000000000e+04 -2.363249923358757343e+01
1.240100000000000000e+04 -2.363249924978056882e+01
1.242100000000000000e+04 -2.363249926890732766e+01
1.244100000000000000e+04 -2.363249928667301347e+01
1.246100000000000000e+04 -2.363249930313791580e+01
1.248100000000000000e+04 -2.363249932221277305e+01
1.250100000000000000e+04 -2.363249933947861336e+01
1.252100000000000000e+04 -2.363249935648883593e+01
1.254100000000000000e+04 -2.363249937545369406e+01
1.256100000000000000e+04 -2.363249939057525495e+01
1.258100000000000000e+04 -2.363249940982544572e+01
1.260100000000000000e+04 -2.363249942857338581e+01
1.262100000000000000e+04 -2.363249944393239588e+01
1.264100000000000000e+04 -2.363249946302877191e+01
1.266100000000000000e+04 -2.363249948137827161e+01
1.268100000000000000e+04 -2.363249949716797715e+01
1.270100000000000000e+04 -2.363249951628421996e+01
1.272100000000000000e+04 -2.363249953368068290e+01
1.274100000000000000e+04 -2.363249955050574869e+01
1.276100000000000000e+04 -2.363249956939516139e+01
1.278100000000000000e+04 -2.363249958459077504e+01
1.280100000000000000e+04 -2.363249960380748860e+01
1.282100000000000000e+04 -2.363249962211380151e+01
1.284100000000000000e+04 -2.363249963793626307e+01
1.286100000000000000e+04 -2.363249965700291355e+01
1.288100000000000000e+04 -2.363249967200434654e+01
1.290100000000000000e+04 -2.363249969125232042e+01
1.292100000000000000e+04 -2.363249970986671755e+01
1.294100000000000000e+04 -2.363249972535195553e+01
1.296100000000000000e+04 -2.363249974446954127e+01
1.298100000000000000e+04 -2.363249975941387504e+01
1.300100000000000000e+04 -2.363249977866852092e+01
1.302100000000000000e+04 -2.363249979732024997e+01
1.304100000000000000e+04 -2.363249981275979295e+01
1.306100000000000000e+04 -2.363249983186413772e+01
1.308100000000000000e+04 -2.363249984682059335e+01
1.310100000000000000e+04 -2.363249986606341579e+01
1.312100000000000000e+04 -2.363249988452350436e+01
1.314100000000000000e+04 -2.363249990015966517e+01
1.316100000000000000e+04 -2.363249991917261639e+01
1.318100000000000000e+04 -2.363249993422364525e+01
1.320100000000000000e+04 -2.363249995342467358e+01
1.322100000000000000e+04 -2.363249997127548241e+01
1.324100000000000000e+04 -2.363249998754494641e+01
1.326100000000000000e+04 -2.363250000627818892e+01
1.328100000000000000e+04 -2.363250002161934304e+01
1.330100000000000000e+04 -2.363250004068996191e+01
1.332100000000000000e+04 -2.363250005567698153e+01
1.334100000000000000e+04 -2.363250007488169757e+01
1.336100000000000000e+04 -2.363250009266346296e+01
1.338100000000000000e+04 -2.363250010893957409e+01
1.340100000000000000e+04 -2.363250012754802754e+01
1.342100000000000000e+04 -2.363250014301232227e+01
1.344100000000000000e+04 -2.363250016197353887e+01
1.346100000000000000e+04 -2.363250017707085249e+01
1.348100000000000000e+04 -2.363250019619845688e+01
1.350100000000000000e+04 -2.363250021112297361e+01
1.352100000000000000e+04 -2.363250023033357294e+01
1.354100000000000000e+04 -2.363250024804137439e+01
1.356100000000000000e+04 -2.363250026442450746e+01
1.358100000000000000e+04 -2.363250028278859816e+01
1.360100000000000000e+04 -2.363250029849471900e+01
1.362100000000000000e+04 -2.363250031722237665e+01
1.364100000000000000e+04 -2.363250033255372884e+01
1.366100000000000000e+04 -2.363250035148393735e+01
1.368100000000000000e+04 -2.363250036660707210e+01
1.370100000000000000e+04 -2.363250038565871236e+01
1.372100000000000000e+04 -2.363250040065696567e+01
1.374100000000000000e+04 -2.363250041978067628e+01
1.376100000000000000e+04 -2.363250043470502604e+01
1.378100000000000000e+04 -2.363250045387376019e+01
1.380100000000000000e+04 -2.363250046875178612e+01
1.382100000000000000e+04 -2.363250048795015346e+01
1.384100000000000000e+04 -2.363250050511236466e+01
1.386100000000000000e+04 -2.363250052201498974e+01
1.388100000000000000e+04 -2.363250053950059382e+01
1.390100000000000000e+04 -2.363250055607140965e+01
1.392100000000000000e+04 -2.363250057373920754e+01
1.394100000000000000e+04 -2.363250059012241167e+01
1.396100000000000000e+04 -2.363250060789177454e+01
1.398100000000000000e+04 -2.363250062416965847e+01
1.400100000000000000e+04 -2.363250064195963063e+01
1.402100000000000000e+04 -2.363250065821293688e+01
1.404100000000000000e+04 -2.363250067594648840e+01
1.406100000000000000e+04 -2.363250069225204086e+01
1.408100000000000000e+04 -2.363250070984348028e+01
1.410100000000000000e+04 -2.363250072628631315e+01
1.412100000000000000e+04 -2.363250074360948716e+01
1.414100000000000000e+04 -2.363250076031409108e+01
1.416100000000000000e+04 -2.363250077514966563e+01
1.418100000000000000e+04 -2.363250079433159101e+01
1.420100000000000000e+04 -2.363250080919148388e+01
1.422100000000000000e+04 -2.363250082833408072e+01
1.424100000000000000e+04 -2.363250084323221500e+01
1.426100000000000000e+04 -2.363250086231392899e+01
1.428100000000000000e+04 -2.363250087727129767e+01
1.430100000000000000e+04 -2.363250089625148576e+01
1.432100000000000000e+04 -2.363250091130783304e+01
1.434100000000000000e+04 -2.363250093011567543e+01
1.436100000000000000e+04 -2.363250094533923829e+01
1.438100000000000000e+04 -2.363250096385288401e+01
1.440100000000000000e+04 -2.363250097936271388e+01
1.442100000000000000e+04 -2.363250099734045406e+01
1.444100000000000000e+04 -2.363250101336878117e+01
1.446100000000000000e+04 -2.363250102818394538e+01
1.448100000000000000e+04 -2.363250104734082058e+01
1.450100000000000000e+04 -2.363250106222137603e+01
1.452100000000000000e+04 -2.363250108124518789e+01
1.454100000000000000e+04 -2.363250109625390394e+01
1.456100000000000000e+04 -2.363250111498950190e+01
1.458100000000000000e+04 -2.363250113027468302e+01
1.460100000000000000e+04 -2.363250114836144178e+01
1.462100000000000000e+04 -2.363250116426836556e+01
1.464100000000000000e+04 -2.363250117908462400e+01
1.466100000000000000e+04 -2.363250119819518602e+01
1.468100000000000000e+04 -2.363250121311742902e+01
1.470100000000000000e+04 -2.363250123194861629e+01
1.472100000000000000e+04 -2.363250124713668043e+01
1.474100000000000000e+04 -2.363250126523089634e+01
1.476100000000000000e+04 -2.363250128111864967e+01
1.478100000000000000e+04 -2.363250129594090865e+01
1.480100000000000000e+04 -2.363250131499204088e+01
1.482100000000000000e+04 -2.363250132996826380e+01
1.484100000000000000e+04 -2.363250134855148232e+01
1.486100000000000000e+04 -2.363250136396928625e+01
1.488100000000000000e+04 -2.363250138112124787e+01
1.490100000000000000e+04 -2.363250139788462079e+01
1.492100000000000000e+04 -2.363250141278808414e+01
1.494100000000000000e+04 -2.363250143150091631e+01
1.496100000000000000e+04 -2.363250144679125242e+01
1.498100000000000000e+04 -2.363250146408825003e+01
1.500100000000000000e+04 -2.363250148070113354e+01
1.502100000000000000e+04 -2.363250149560101931e+01
1.504100000000000000e+04 -2.363250151424595202e+01
1.506100000000000000e+04 -2.363250152959478356e+01
1.508100000000000000e+04 -2.363250154438504325e+01
1.510100000000000000e+04 -2.363250156344662400e+01
1.512100000000000000e+04 -2.363250157840633392e+01
1.514100000000000000e+04 -2.363250159668941563e+01
1.516100000000000000e+04 -2.363250161236586067e+01
1.518100000000000000e+04 -2.363250162719270975e+01
1.520100000000000000e+04 -2.363250164603982739e+01
1.522100000000000000e+04 -2.363250166119376416e+01
1.524100000000000000e+04 -2.363250167831576221e+01
1.526100000000000000e+04 -2.363250169504496512e+01
1.528100000000000000e+04 -2.363250170998909994e+01
1.530100000000000000e+04 -2.363250172810642979e+01
1.532100000000000000e+04 -2.363250174392030445e+01
1.534100000000000000e+04 -2.363250175877133330e+01
1.536100000000000000e+04 -2.363250177735533342e+01
1.538100000000000000e+04 -2.363250179274080764e+01
1.540100000000000000e+04 -2.363250180754774021e+01
1.542100000000000000e+04 -2.363250182635752594e+01
1.544100000000000000e+04 -2.363250184153589473e+01
1.546100000000000000e+04 -2.363250185632137956e+01
1.548100000000000000e+04 -2.363250187524660362e+01
1.550100000000000000e+04 -2.363250189031853665e+01
1.552100000000000000e+04 -2.363250190509329940e+01
1.554100000000000000e+04 -2.363250192406867001e+01
1.556100000000000000e+04 -2.363250193909376407e+01
1.558100000000000000e+04 -2.363250195386408237e+01
1.560100000000000000e+04 -2.363250197284757093e+01
1.562100000000000000e+04 -2.363250198786334266e+01
1.564100000000000000e+04 -2.363250200263383149e+01
1.566100000000000000e+04 -2.363250202158639723e+01
1.568100000000000000e+04 -2.363250203662705218e+01
1.570100000000000000e+04 -2.363250205140241889e+01
1.572100000000000000e+04 -2.363250207027321181e+01
1.574100000000000000e+04 -2.363250208538249098e+01
1.576100000000000000e+04 -2.363250210016937913e+01
1.578100000000000000e+04 -2.363250211886875718e+01
1.580100000000000000e+04 -2.363250213412354128e+01
1.582100000000000000e+04 -2.363250214893385603e+01
1.584100000000000000e+04 -2.363250216730268960e+01
1.586100000000000000e+04 -2.363250218283539894e+01
1.588100000000000000e+04 -2.363250219769280136e+01
1.590100000000000000e+04 -2.363250221535881224e+01
1.592100000000000000e+04 -2.363250223148178719e+01
1.594100000000000000e+04 -2.363250224644029629e+01
1.596100000000000000e+04 -2.363250226120936404e+01
1.598100000000000000e+04 -2.363250227996656960e+01
1.600100000000000000e+04 -2.363250229515811185e+01
1.602100000000000000e+04 -2.363250230996828805e+01
1.604100000000000000e+04 -2.363250232801304307e+01
1.606100000000000000e+04 -2.363250234379395209e+01
1.608100000000000000e+04 -2.363250235871140248e+01
1.610100000000000000e+04 -2.363250237347653737e+01
1.612100000000000000e+04 -2.363250239217808968e+01
1.614100000000000000e+04 -2.363250240740448049e+01
1.616100000000000000e+04 -2.363250242222925124e+01
1.618100000000000000e+04 -2.363250243972214193e+01
1.620100000000000000e+04 -2.363250245592934107e+01
1.622100000000000000e+04 -2.363250247094681455e+01
1.624100000000000000e+04 -2.363250248573501722e+01
1.626100000000000000e+04 -2.363250250377140205e+01
1.628100000000000000e+04 -2.363250251951942360e+01
1.630100000000000000e+04 -2.363250253446014781e+01
1.632100000000000000e+04 -2.363250254923524452e+01
1.634100000000000000e+04 -2.363250256745434896e+01
1.636100000000000000e+04 -2.363250258304439910e+01
1.638100000000000000e+04 -2.363250259796082631e+01
1.640100000000000000e+04 -2.363250261273258701e+01
1.642100000000000000e+04 -2.363250263090600356e+01
1.644100000000000000e+04 -2.363250264651627575e+01
1.646100000000000000e+04 -2.363250266144851253e+01
1.648100000000000000e+04 -2.363250267622626666e+01
1.650100000000000000e+04 -2.363250269403696535e+01
1.652100000000000000e+04 -2.363250270989059132e+01
1.654100000000000000e+04 -2.363250272489492687e+01
1.656100000000000000e+04 -2.363250273969234172e+01
1.658100000000000000e+04 -2.363250275664700339e+01
1.660100000000000000e+04 -2.363250277314296355e+01
1.662100000000000000e+04 -2.363250278832208551e+01
1.664100000000000000e+04 -2.363250280316868768e+01
1.666100000000000000e+04 -2.363250281792954866e+01
1.668100000000000000e+04 -2.363250283598565815e+01
1.670100000000000000e+04 -2.363250285163060127e+01
1.672100000000000000e+04 -2.363250286661005006e+01
1.674100000000000000e+04 -2.363250288140874034e+01
1.676100000000000000e+04 -2.363250289615823263e+01
1.678100000000000000e+04 -2.363250291454036400e+01
1.680100000000000000e+04 -2.363250292992821855e+01
1.682100000000000000e+04 -2.363250294484918967e+01
1.684100000000000000e+04 -2.363250295963585046e+01
1.686100000000000000e+04 -2.363250297438292336e+01
1.688100000000000000e+04 -2.363250299274115207e+01
1.690100000000000000e+04 -2.363250300812644866e+01
1.692100000000000000e+04 -2.363250302299638506e+01
1.694100000000000000e+04 -2.363250303778882966e+01
1.696100000000000000e+04 -2.363250305253871275e+01
1.698100000000000000e+04 -2.363250307052276256e+01
1.700100000000000000e+04 -2.363250308614130546e+01
1.702100000000000000e+04 -2.363250310116240627e+01
1.704100000000000000e+04 -2.363250311599033537e+01
1.706100000000000000e+04 -2.363250313075338482e+01
1.708100000000000000e+04 -2.363250314549486575e+01
1.710100000000000000e+04 -2.363250316387343020e+01
1.712100000000000000e+04 -2.363250317919782617e+01
1.714100000000000000e+04 -2.363250319414110834e+01
1.716100000000000000e+04 -2.363250320894761813e+01
1.718100000000000000e+04 -2.363250322370581813e+01
1.720100000000000000e+04 -2.363250323844620837e+01
1.722100000000000000e+04 -2.363250325670745866e+01
1.724100000000000000e+04 -2.363250327207535051e+01
1.726100000000000000e+04 -2.363250328705207792e+01
1.728100000000000000e+04 -2.363250330187904069e+01
1.730100000000000000e+04 -2.363250331664714565e+01
1.732100000000000000e+04 -2.363250333139218284e+01
1.734100000000000000e+04 -2.363250334880753201e+01
1.736100000000000000e+04 -2.363250336463250534e+01
1.738100000000000000e+04 -2.363250337982029237e+01
1.740100000000000000e+04 -2.363250339474495476e+01
1.742100000000000000e+04 -2.363250340955775997e+01
1.744100000000000000e+04 -2.363250342432332118e+01
1.746100000000000000e+04 -2.363250343906853601e+01
1.748100000000000000e+04 -2.363250345380505735e+01
1.750100000000000000e+04 -2.363250347194052381e+01
1.752100000000000000e+04 -2.363250348729427230e+01
1.754100000000000000e+04 -2.363250350231169250e+01
1.756100000000000000e+04 -2.363250351717567810e+01
1.758100000000000000e+04 -2.363250353196879061e+01
1.760100000000000000e+04 -2.363250354672869591e+01
1.762100000000000000e+04 -2.363250356147274545e+01
1.764100000000000000e+04 -2.363250357620931652e+01
1.766100000000000000e+04 -2.363250359383837562e+01
1.768100000000000000e+04 -2.363250360936946848e+01
1.770100000000000000e+04 -2.363250362451404740e+01
1.772100000000000000e+04 -2.363250363945848065e+01
1.774100000000000000e+04 -2.363250365430067745e+01
1.776100000000000000e+04 -2.363250366908985001e+01
1.778100000000000000e+04 -2.363250368385127587e+01
1.780100000000000000e+04 -2.363250369859797217e+01
1.782100000000000000e+04 -2.363250371333661803e+01
1.784100000000000000e+04 -2.363250372807097577e+01
1.786100000000000000e+04 -2.363250374548603006e+01
1.788100000000000000e+04 -2.363250376098538652e+01
1.790100000000000000e+04 -2.363250377615837650e+01
1.792100000000000000e+04 -2.363250379114981925e+01
1.794100000000000000e+04 -2.363250380603745526e+01
1.796100000000000000e+04 -2.363250382086214429e+01
1.798100000000000000e+04 -2.363250383564896140e+01
1.800100000000000000e+04 -2.363250385041374813e+01
1.802100000000000000e+04 -2.363250386516538271e+01
1.804100000000000000e+04 -2.363250387990843393e+01
1.806100000000000000e+04 -2.363250389452343114e+01
1.808100000000000000e+04 -2.363250390925782085e+01
1.810100000000000000e+04 -2.363250392399013577e+01
1.812100000000000000e+04 -2.363250393872117172e+01
1.814100000000000000e+04 -2.363250395626111100e+01
1.816100000000000000e+04 -2.363250397149489146e+01
1.818100000000000000e+04 -2.363250398656654028e+01
1.820100000000000000e+04 -2.363250400139635943e+01
1.822100000000000000e+04 -2.363250401628093300e+01
1.824100000000000000e+04 -2.363250403112335718e+01
1.826100000000000000e+04 -2.363250404593395970e+01
1.828100000000000000e+04 -2.363250406072121734e+01
1.830100000000000000e+04 -2.363250407549400833e+01
1.832100000000000000e+04 -2.363250409025469878e+01
1.834100000000000000e+04 -2.363250410500799958e+01
1.836100000000000000e+04 -2.363250411975524301e+01
1.838100000000000000e+04 -2.363250413449758014e+01
1.840100000000000000e+04 -2.363250414923673404e+01
1.842100000000000000e+04 -2.363250416397368880e+01
1.844100000000000000e+04 -2.363250417870867892e+01
1.846100000000000000e+04 -2.363250419344196018e+01
1.848100000000000000e+04 -2.363250420817409037e+01
1.850100000000000000e+04 -2.363250422290547448e+01
1.852100000000000000e+04 -2.363250423763611252e+01
1.854100000000000000e+04 -2.363250425236614305e+01
1.856100000000000000e+04 -2.363250426709549856e+01
1.858100000000000000e+04 -2.363250428182446328e+01
1.860100000000000000e+04 -2.363250429655305851e+01
1.862100000000000000e+04 -2.363250431128126650e+01
1.864100000000000000e+04 -2.363250432600922579e+01
1.866100000000000000e+04 -2.363250434073684048e+01
1.868100000000000000e+04 -2.363250435546419936e+01
1.870100000000000000e+04 -2.363250437019122074e+01
1.872100000000000000e+04 -2.363250438491791172e+01
1.874100000000000000e+04 -2.363250439964425098e+01
1.876100000000000000e+04 -2.363250441437013194e+01
1.878100000000000000e+04 -2.363250442909554039e+01
1.880100000000000000e+04 -2.363250444382058646e+01
1.882100000000000000e+04 -2.363250445854489712e+01
1.884100000000000000e+04 -2.363250447326836934e+01
1.886100000000000000e+04 -2.363250448799066206e+01
1.888100000000000000e+04 -2.363250450271157987e+01
1.890100000000000000e+04 -2.363250451743102687e+01
1.892100000000000000e+04 -2.363250453214833513e+01
1.894100000000000000e+04 -2.363250454686238200e+01
1.896100000000000000e+04 -2.363250456157251378e+01
1.898100000000000000e+04 -2.363250457627794177e+01
1.900100000000000000e+04 -2.363250459097584155e+01
1.902100000000000000e+04 -2.363250460566484890e+01
1.904100000000000000e+04 -2.363250462034088528e+01
1.906100000000000000e+04 -2.363250463499715437e+01
1.908100000000000000e+04 -2.363250464962902342e+01
1.910100000000000000e+04 -2.363250466422147156e+01
1.912100000000000000e+04 -2.363250467876308747e+01
1.914100000000000000e+04 -2.363250469322247937e+01
1.916100000000000000e+04 -2.363250470756515398e+01
1.918100000000000000e+04 -2.363250472174239647e+01
1.920100000000000000e+04 -2.363250473381406636e+01
1.922100000000000000e+04 -2.363250474853789029e+01
1.924100000000000000e+04 -2.363250476326027893e+01
1.926100000000000000e+04 -2.363250477798036897e+01
1.928100000000000000e+04 -2.363250479269672866e+01
1.930100000000000000e+04 -2.363250480740749282e+01
1.932100000000000000e+04 -2.363250482210917269e+01
1.934100000000000000e+04 -2.363250483679539116e+01
1.936100000000000000e+04 -2.363250485145650970e+01
1.938100000000000000e+04 -2.363250486607583056e+01
1.940100000000000000e+04 -2.363250488062421439e+01
1.942100000000000000e+04 -2.363250489505478313e+01
1.944100000000000000e+04 -2.363250490927952541e+01
1.946100000000000000e+04 -2.363250492314471529e+01
1.948100000000000000e+04 -2.363250493541337249e+01
1.950100000000000000e+04 -2.363250495013330976e+01
1.952100000000000000e+04 -2.363250496484825902e+01
1.954100000000000000e+04 -2.363250497955396767e+01
1.956100000000000000e+04 -2.363250499424261264e+01
1.958100000000000000e+04 -2.363250500889936134e+01
1.960100000000000000e+04 -2.363250502349393045e+01
1.962100000000000000e+04 -2.363250503796908220e+01
1.964100000000000000e+04 -2.363250505221019182e+01
1.966100000000000000e+04 -2.363250506599692358e+01
1.968100000000000000e+04 -2.363250507810464640e+01
1.970100000000000000e+04 -2.363250509282167400e+01
1.972100000000000000e+04 -2.363250510752930822e+01
1.974100000000000000e+04 -2.363250512221743094e+01
1.976100000000000000e+04 -2.363250513686523036e+01
1.978100000000000000e+04 -2.363250515142546959e+01
1.980100000000000000e+04 -2.363250516580020744e+01
1.982100000000000000e+04 -2.363250517976243259e+01
1.984100000000000000e+04 -2.363250519134368943e+01
1.986100000000000000e+04 -2.363250520600383453e+01
1.988100000000000000e+04 -2.363250522070990911e+01
1.990100000000000000e+04 -2.363250523538770054e+01
1.992100000000000000e+04 -2.363250525000947988e+01
1.994100000000000000e+04 -2.363250526449411026e+01
1.996100000000000000e+04 -2.363250527864660455e+01
1.998100000000000000e+04 -2.363250529200806582e+01
