1.000000000000000000e+00 0.000000000000000000e+00
2.000000000000000000e+00 -9.818647261889307032e+00
3.000000000000000000e+00 -9.872221473618013832e+00
4.000000000000000000e+00 -9.874791813706403687e+00
5.000000000000000000e+00 -9.874871902778213695e+00
6.000000000000000000e+00 -9.878819653906724341e+00
7.000000000000000000e+00 -9.925363971305769084e+00
8.000000000000000000e+00 -9.932877867392113203e+00
9.000000000000000000e+00 -1.002470315713467031e+01
1.000000000000000000e+01 -1.004100823951271870e+01
1.100000000000000000e+01 -1.020021828342233405e+01
1.200000000000000000e+01 -1.020843666495058599e+01
1.300000000000000000e+01 -1.024868441736963298e+01
1.400000000000000000e+01 -1.040737406268746490e+01
1.500000000000000000e+01 -1.062104991702542911e+01
1.600000000000000000e+01 -1.075364665889189375e+01
1.700000000000000000e+01 -1.082095456927480370e+01
1.800000000000000000e+01 -1.107461030558841308e+01
1.900000000000000000e+01 -1.127255491659614073e+01
2.000000000000000000e+01 -1.166927721861917178e+01
2.100000000000000000e+01 -1.180709068767979097e+01
2.200000000000000000e+01 -1.186336142814777972e+01
2.300000000000000000e+01 -1.197517726543401828e+01
2.400000000000000000e+01 -1.207577082686986891e+01
2.500000000000000000e+01 -1.224223028119512335e+01
2.600000000000000000e+01 -1.235542826618827128e+01
2.700000000000000000e+01 -1.268242464601451047e+01
2.800000000000000000e+01 -1.299957026129006721e+01
2.900000000000000000e+01 -1.337440023703520886e+01
3.000000000000000000e+01 -1.413769594940878704e+01
3.100000000000000000e+01 -1.467697669215676903e+01
3.200000000000000000e+01 -1.698115966579203828e+01
3.300000000000000000e+01 -2.049764966282269540e+01
3.400000000000000000e+01 -2.073120174259972615e+01
3.500000000000000000e+01 -2.079406975493180454e+01
3.600000000000000000e+01 -2.102244145334329062e+01
3.700000000000000000e+01 -2.119695732915304021e+01
3.800000000000000000e+01 -2.131968183301287922e+01
3.900000000000000000e+01 -2.135554956515962388e+01
4.000000000000000000e+01 -2.139712614138023028e+01
4.100000000000000000e+01 -2.140494130875318746e+01
4.200000000000000000e+01 -2.140642615797849757e+01
4.300000000000000000e+01 -2.140687572231382418e+01
4.400000000000000000e+01 -2.140695976116698773e+01
4.500000000000000000e+01 -2.140705754770973002e+01
4.600000000000000000e+01 -2.140762746109783876e+01
4.700000000000000000e+01 -2.140874809148082392e+01
4.800000000000000000e+01 -2.141178955244786408e+01
4.900000000000000000e+01 -2.141855594093435400e+01
5.000000000000000000e+01 -2.143177525287354612e+01
5.100000000000000000e+01 -2.144820283765213986e+01
5.200000000000000000e+01 -2.145813830655922771e+01
5.300000000000000000e+01 -2.146726125134947338e+01
5.400000000000000000e+01 -2.150466615528446113e+01
5.500000000000000000e+01 -2.150723613636404608e+01
5.600000000000000000e+01 -2.150955122534965369e+01
5.700000000000000000e+01 -2.151226039020092884e+01
5.800000000000000000e+01 -2.151245069693545275e+01
5.900000000000000000e+01 -2.151246872387144293e+01
6.000000000000000000e+01 -2.151250448746526800e+01
6.100000000000000000e+01 -2.151257010948772574e+01
6.200000000000000000e+01 -2.151277382919738912e+01
6.300000000000000000e+01 -2.151326822831145336e+01
6.400000000000000000e+01 -2.151451104133503733e+01
6.500000000000000000e+01 -2.151720326764519342e+01
6.600000000000000000e+01 -2.152347281392887623e+01
6.700000000000000000e+01 -2.153810600677481091e+01
6.800000000000000000e+01 -2.154225103734323099e+01
6.900000000000000000e+01 -2.155445795377577056e+01
7.000000000000000000e+01 -2.155596814730870747e+01
7.100000000000000000e+01 -2.155803953026473962e+01
7.200000000000000000e+01 -2.156061315860890559e+01
7.300000000000000000e+01 -2.156676036067326407e+01
7.400000000000000000e+01 -2.157279297094086701e+01
7.500000000000000000e+01 -2.157781937121997728e+01
7.600000000000000000e+01 -2.157887502003731939e+01
7.700000000000000000e+01 -2.158184249066113125e+01
7.800000000000000000e+01 -2.158662195795883321e+01
7.900000000000000000e+01 -2.158832320100838942e+01
8.000000000000000000e+01 -2.159166516872296526e+01
8.100000000000000000e+01 -2.159470424879327055e+01
8.200000000000000000e+01 -2.159658720886060479e+01
8.300000000000000000e+01 -2.159962269831683912e+01
8.400000000000000000e+01 -2.160079677042747193e+01
8.500000000000000000e+01 -2.160260043480791481e+01
8.600000000000000000e+01 -2.160381958839300864e+01
8.700000000000000000e+01 -2.160517794706709793e+01
8.800000000000000000e+01 -2.160642691127798543e+01
8.900000000000000000e+01 -2.160738179340701492e+01
9.000000000000000000e+01 -2.160776010747551368e+01
9.100000000000000000e+01 -2.160834346798157668e+01
9.200000000000000000e+01 -2.160854730452579275e+01
9.300000000000000000e+01 -2.160901849455816759e+01
9.400000000000000000e+01 -2.160958533472129872e+01
9.500000000000000000e+01 -2.160972389440317798e+01
9.600000000000000000e+01 -2.161012359864763255e+01
9.700000000000000000e+01 -2.161030083465563223e+01
9.800000000000000000e+01 -2.161038828137498058e+01
9.900000000000000000e+01 -2.161044528476796245e+01
1.000000000000000000e+02 -2.161049018811416289e+01
1.010000000000000000e+02 -2.161051707784254461e+01
1.020000000000000000e+02 -2.161054220735287856e+01
1.030000000000000000e+02 -2.161055135200960819e+01
1.040000000000000000e+02 -2.161055509592369361e+01
1.050000000000000000e+02 -2.161055652536930438e+01
1.060000000000000000e+02 -2.161055747722022247e+01
1.070000000000000000e+02 -2.161055973078417480e+01
1.080000000000000000e+02 -2.161056357976138997e+01
1.090000000000000000e+02 -2.161057255502924690e+01
1.100000000000000000e+02 -2.161062339123151332e+01
1.110000000000000000e+02 -2.161081606160245272e+01
1.120000000000000000e+02 -2.161138929610164539e+01
1.130000000000000000e+02 -2.161153254350993080e+01
1.140000000000000000e+02 -2.161497844821702330e+01
1.150000000000000000e+02 -2.161676709278449238e+01
1.160000000000000000e+02 -2.162550729127448790e+01
1.170000000000000000e+02 -2.162970611604000482e+01
1.180000000000000000e+02 -2.163734189874550395e+01
1.190000000000000000e+02 -2.165407807912065152e+01
1.200000000000000000e+02 -2.166428685124451192e+01
1.210000000000000000e+02 -2.167525062259790758e+01
1.220000000000000000e+02 -2.167846934041803308e+01
1.230000000000000000e+02 -2.168172284230944769e+01
1.240000000000000000e+02 -2.168587524172487235e+01
1.250000000000000000e+02 -2.168872417538240782e+01
1.260000000000000000e+02 -2.169458297317365592e+01
1.270000000000000000e+02 -2.170512934574921005e+01
1.280000000000000000e+02 -2.171607936690893581e+01
1.290000000000000000e+02 -2.174741524057869668e+01
1.300000000000000000e+02 -2.175365140267384589e+01
1.310000000000000000e+02 -2.175417409921958267e+01
1.320000000000000000e+02 -2.175959397761546654e+01
1.330000000000000000e+02 -2.176315193472690623e+01
1.340000000000000000e+02 -2.177162840230522889e+01
1.350000000000000000e+02 -2.177976745438645523e+01
1.360000000000000000e+02 -2.178822579480336330e+01
1.370000000000000000e+02 -2.179328649280585495e+01
1.380000000000000000e+02 -2.180039007180009847e+01
1.390000000000000000e+02 -2.180950047451966611e+01
1.400000000000000000e+02 -2.181846749305517363e+01
1.410000000000000000e+02 -2.182684648944235661e+01
1.420000000000000000e+02 -2.183669492350129815e+01
1.430000000000000000e+02 -2.184027285403963958e+01
1.440000000000000000e+02 -2.184647271142233649e+01
1.450000000000000000e+02 -2.185420286727616102e+01
1.460000000000000000e+02 -2.186550007557206499e+01
1.470000000000000000e+02 -2.187044222732329501e+01
1.480000000000000000e+02 -2.189123488081277458e+01
1.490000000000000000e+02 -2.190058867919281482e+01
1.500000000000000000e+02 -2.190548240854942819e+01
1.510000000000000000e+02 -2.191019884240657944e+01
1.520000000000000000e+02 -2.191685475717695653e+01
1.530000000000000000e+02 -2.192304766987442122e+01
1.540000000000000000e+02 -2.193118922799553872e+01
1.550000000000000000e+02 -2.193344987000842394e+01
1.560000000000000000e+02 -2.193705669044707562e+01
1.570000000000000000e+02 -2.193966392053033587e+01
1.580000000000000000e+02 -2.194111700790773867e+01
1.590000000000000000e+02 -2.194393614671872683e+01
1.600000000000000000e+02 -2.195268581119886520e+01
1.610000000000000000e+02 -2.200013779477028208e+01
1.620000000000000000e+02 -2.202520966069872443e+01
1.630000000000000000e+02 -2.207184805057070065e+01
1.640000000000000000e+02 -2.209738764484683315e+01
1.650000000000000000e+02 -2.211315279197302175e+01
1.660000000000000000e+02 -2.211763218605664960e+01
1.670000000000000000e+02 -2.212968263280206216e+01
1.680000000000000000e+02 -2.214893367621020204e+01
1.690000000000000000e+02 -2.217111523334439838e+01
1.700000000000000000e+02 -2.218729464296857401e+01
1.710000000000000000e+02 -2.220701713308679714e+01
1.720000000000000000e+02 -2.222769164973158951e+01
1.730000000000000000e+02 -2.224019938690869580e+01
1.740000000000000000e+02 -2.224959958385070280e+01
1.750000000000000000e+02 -2.226098364548354880e+01
1.760000000000000000e+02 -2.226590752839972254e+01
1.770000000000000000e+02 -2.227379007902390384e+01
1.780000000000000000e+02 -2.227925069944489422e+01
1.790000000000000000e+02 -2.228377773764125180e+01
1.800000000000000000e+02 -2.228726824459873157e+01
1.810000000000000000e+02 -2.228953048519139912e+01
1.820000000000000000e+02 -2.229230534125177599e+01
1.830000000000000000e+02 -2.229453455525820971e+01
1.840000000000000000e+02 -2.229649835044905970e+01
1.850000000000000000e+02 -2.229791259363613776e+01
1.860000000000000000e+02 -2.229986178922084505e+01
1.870000000000000000e+02 -2.230042635564565856e+01
1.880000000000000000e+02 -2.230135845707633990e+01
1.890000000000000000e+02 -2.230176837786018140e+01
1.900000000000000000e+02 -2.230193728781868145e+01
1.910000000000000000e+02 -2.230211385546421710e+01
1.920000000000000000e+02 -2.230230605480534933e+01
1.930000000000000000e+02 -2.230244151746580172e+01
1.940000000000000000e+02 -2.230269273664978513e+01
1.950000000000000000e+02 -2.230287864061483560e+01
1.960000000000000000e+02 -2.230294824238692541e+01
1.970000000000000000e+02 -2.230299270328801242e+01
1.980000000000000000e+02 -2.230301835904294450e+01
1.990000000000000000e+02 -2.230310852160863888e+01
2.000000000000000000e+02 -2.230311971992752262e+01
2.010000000000000000e+02 -2.230313148529307909e+01
2.020000000000000000e+02 -2.230313884723236129e+01
2.030000000000000000e+02 -2.230314471385455732e+01
2.040000000000000000e+02 -2.230315499100974819e+01
2.050000000000000000e+02 -2.230318050765648152e+01
2.060000000000000000e+02 -2.230323304860755940e+01
2.070000000000000000e+02 -2.230332952301827731e+01
2.080000000000000000e+02 -2.230364711261882604e+01
2.090000000000000000e+02 -2.230399617528348699e+01
2.100000000000000000e+02 -2.230500194031683847e+01
2.110000000000000000e+02 -2.230824424249064819e+01
2.120000000000000000e+02 -2.231008833421784487e+01
2.130000000000000000e+02 -2.231194714749003083e+01
2.140000000000000000e+02 -2.231583116643799514e+01
2.150000000000000000e+02 -2.231708209271490162e+01
2.160000000000000000e+02 -2.232117896072681518e+01
2.170000000000000000e+02 -2.232483221854426247e+01
2.180000000000000000e+02 -2.233621926816854142e+01
2.190000000000000000e+02 -2.233836633470072641e+01
2.200000000000000000e+02 -2.234168528496878281e+01
2.210000000000000000e+02 -2.234452498706883716e+01
2.220000000000000000e+02 -2.234705016469726502e+01
2.230000000000000000e+02 -2.234771452273969317e+01
2.240000000000000000e+02 -2.234836179775125586e+01
2.250000000000000000e+02 -2.234849620843058204e+01
2.260000000000000000e+02 -2.234858640812568353e+01
2.270000000000000000e+02 -2.234859906084089332e+01
2.280000000000000000e+02 -2.234860180344182368e+01
2.290000000000000000e+02 -2.234860671584159064e+01
2.300000000000000000e+02 -2.234862510843996475e+01
2.310000000000000000e+02 -2.234865989183360568e+01
2.320000000000000000e+02 -2.234874431461559041e+01
2.330000000000000000e+02 -2.234892007661407121e+01
2.340000000000000000e+02 -2.234924688180202068e+01
2.350000000000000000e+02 -2.234964557977243516e+01
2.360000000000000000e+02 -2.235016830004988719e+01
2.370000000000000000e+02 -2.235047020474798529e+01
2.380000000000000000e+02 -2.235061293888194456e+01
2.390000000000000000e+02 -2.235086186191391988e+01
2.400000000000000000e+02 -2.235096186413679575e+01
2.410000000000000000e+02 -2.235132614787328009e+01
2.420000000000000000e+02 -2.235156727139988675e+01
2.430000000000000000e+02 -2.235214513504448064e+01
2.440000000000000000e+02 -2.235228012036163392e+01
2.450000000000000000e+02 -2.235246708829890494e+01
2.460000000000000000e+02 -2.235265309606807804e+01
2.470000000000000000e+02 -2.235273007518412669e+01
2.480000000000000000e+02 -2.235294949266813092e+01
2.490000000000000000e+02 -2.235298173229475793e+01
2.500000000000000000e+02 -2.235306466253513946e+01
2.510000000000000000e+02 -2.235313129004971344e+01
2.520000000000000000e+02 -2.235316154619537343e+01
2.530000000000000000e+02 -2.235320317792399791e+01
2.540000000000000000e+02 -2.235326154176890157e+01
2.550000000000000000e+02 -2.235328420615223877e+01
2.560000000000000000e+02 -2.235333394322377742e+01
2.570000000000000000e+02 -2.235338500735334577e+01
2.580000000000000000e+02 -2.235340845921534125e+01
2.590000000000000000e+02 -2.235344111474222473e+01
2.600000000000000000e+02 -2.235346737376771031e+01
2.610000000000000000e+02 -2.235347987821342741e+01
2.620000000000000000e+02 -2.235348446563531155e+01
2.630000000000000000e+02 -2.235348707726683415e+01
2.640000000000000000e+02 -2.235348835154923819e+01
2.650000000000000000e+02 -2.235349007228005647e+01
2.660000000000000000e+02 -2.235349468913133109e+01
2.670000000000000000e+02 -2.235353178547707742e+01
2.680000000000000000e+02 -2.235363955212103093e+01
2.690000000000000000e+02 -2.235370419430246614e+01
2.700000000000000000e+02 -2.235394019014127309e+01
2.710000000000000000e+02 -2.235428215638084026e+01
2.720000000000000000e+02 -2.235547961989867360e+01
2.730000000000000000e+02 -2.235685191309688946e+01
2.740000000000000000e+02 -2.235832769155338440e+01
2.750000000000000000e+02 -2.236136316183680606e+01
2.760000000000000000e+02 -2.236339492174355215e+01
2.770000000000000000e+02 -2.236404819057852933e+01
2.780000000000000000e+02 -2.236418408607043418e+01
2.790000000000000000e+02 -2.236467538668848221e+01
2.800000000000000000e+02 -2.236491825999163652e+01
2.810000000000000000e+02 -2.236503204022261215e+01
2.820000000000000000e+02 -2.236506082789613004e+01
2.830000000000000000e+02 -2.236508192145395313e+01
2.840000000000000000e+02 -2.236510677630386468e+01
2.850000000000000000e+02 -2.236513591017621394e+01
2.860000000000000000e+02 -2.236520919107548622e+01
2.870000000000000000e+02 -2.236536694261154423e+01
2.880000000000000000e+02 -2.236574613963961156e+01
2.890000000000000000e+02 -2.236645113699781362e+01
2.900000000000000000e+02 -2.236663625727052462e+01
2.910000000000000000e+02 -2.236700214993398106e+01
2.920000000000000000e+02 -2.236728603518206171e+01
2.930000000000000000e+02 -2.236737332790207233e+01
2.940000000000000000e+02 -2.236749508124950125e+01
2.950000000000000000e+02 -2.236783463509664927e+01
2.960000000000000000e+02 -2.236803404465883105e+01
2.970000000000000000e+02 -2.236823724242255906e+01
2.980000000000000000e+02 -2.236842261004580479e+01
2.990000000000000000e+02 -2.236865670899609881e+01
3.000000000000000000e+02 -2.236887683013527806e+01
3.010000000000000000e+02 -2.236897763925480831e+01
3.020000000000000000e+02 -2.236919503520840635e+01
3.030000000000000000e+02 -2.236952245033351971e+01
3.040000000000000000e+02 -2.236974719017647573e+01
3.050000000000000000e+02 -2.237018087151199097e+01
3.060000000000000000e+02 -2.237035278581427633e+01
3.070000000000000000e+02 -2.237056516469813161e+01
3.080000000000000000e+02 -2.237073183393670206e+01
3.090000000000000000e+02 -2.237097581661882373e+01
3.100000000000000000e+02 -2.237137577691460066e+01
3.110000000000000000e+02 -2.237161740124530240e+01
3.120000000000000000e+02 -2.237181940551861459e+01
3.130000000000000000e+02 -2.237192815486913489e+01
3.140000000000000000e+02 -2.237199623142003801e+01
3.150000000000000000e+02 -2.237206755731391894e+01
3.160000000000000000e+02 -2.237212529470401634e+01
3.170000000000000000e+02 -2.237219539253617384e+01
3.180000000000000000e+02 -2.237222359426999319e+01
3.190000000000000000e+02 -2.237227953199166564e+01
3.200000000000000000e+02 -2.237239524300941440e+01
3.210000000000000000e+02 -2.237248668556436826e+01
3.220000000000000000e+02 -2.237276395523316808e+01
3.230000000000000000e+02 -2.237315102872798889e+01
3.240000000000000000e+02 -2.237354631542110184e+01
3.250000000000000000e+02 -2.237374756151749011e+01
3.260000000000000000e+02 -2.237385156823133414e+01
3.270000000000000000e+02 -2.237412407118630142e+01
3.280000000000000000e+02 -2.237420013689647647e+01
3.290000000000000000e+02 -2.237433298412448579e+01
3.300000000000000000e+02 -2.237443061412243495e+01
3.310000000000000000e+02 -2.237445841695373971e+01
3.320000000000000000e+02 -2.237446261540291559e+01
3.330000000000000000e+02 -2.237447180986906758e+01
3.340000000000000000e+02 -2.237447826801200890e+01
3.350000000000000000e+02 -2.237450895744051849e+01
3.360000000000000000e+02 -2.237456498310926634e+01
3.370000000000000000e+02 -2.237461238353924742e+01
3.380000000000000000e+02 -2.237480045117347061e+01
3.390000000000000000e+02 -2.237518893943814646e+01
3.400000000000000000e+02 -2.237524848773277597e+01
3.410000000000000000e+02 -2.237535470562795226e+01
3.420000000000000000e+02 -2.237537709183245127e+01
3.430000000000000000e+02 -2.237539608901664678e+01
3.440000000000000000e+02 -2.237542630499641660e+01
3.450000000000000000e+02 -2.237549159182419345e+01
3.460000000000000000e+02 -2.237558835207571661e+01
3.470000000000000000e+02 -2.237567869625321393e+01
3.480000000000000000e+02 -2.237573913683296922e+01
3.490000000000000000e+02 -2.237583205296299838e+01
3.500000000000000000e+02 -2.237588986597577190e+01
3.510000000000000000e+02 -2.237600681744264364e+01
3.520000000000000000e+02 -2.237601563641703351e+01
3.530000000000000000e+02 -2.237608001995733531e+01
3.540000000000000000e+02 -2.237613097389798611e+01
3.550000000000000000e+02 -2.237621724123744116e+01
3.560000000000000000e+02 -2.237631207881859297e+01
3.570000000000000000e+02 -2.237639623496888674e+01
3.580000000000000000e+02 -2.237649770766740431e+01
3.590000000000000000e+02 -2.237654636201989788e+01
3.600000000000000000e+02 -2.237661056865159992e+01
3.610000000000000000e+02 -2.237668371112638965e+01
3.620000000000000000e+02 -2.237674438361340634e+01
3.630000000000000000e+02 -2.237681353448604682e+01
3.640000000000000000e+02 -2.237683380364985197e+01
3.650000000000000000e+02 -2.237691040449512769e+01
3.660000000000000000e+02 -2.237694125637366227e+01
3.670000000000000000e+02 -2.237699515698285424e+01
3.680000000000000000e+02 -2.237704610135275018e+01
3.690000000000000000e+02 -2.237712182319385334e+01
3.700000000000000000e+02 -2.237719104178808749e+01
3.710000000000000000e+02 -2.237727134666597451e+01
3.720000000000000000e+02 -2.237740816114412112e+01
3.730000000000000000e+02 -2.237747536174360263e+01
3.740000000000000000e+02 -2.237752983613606261e+01
3.750000000000000000e+02 -2.237754028193851141e+01
3.760000000000000000e+02 -2.237759945670644868e+01
3.770000000000000000e+02 -2.237763521193240734e+01
3.780000000000000000e+02 -2.237767551993223236e+01
3.790000000000000000e+02 -2.237775209357668871e+01
3.800000000000000000e+02 -2.237787858778787253e+01
3.810000000000000000e+02 -2.237792291159553670e+01
3.820000000000000000e+02 -2.237797273482762606e+01
3.830000000000000000e+02 -2.237808624268361157e+01
3.840000000000000000e+02 -2.237813161209224688e+01
3.850000000000000000e+02 -2.237823775726121056e+01
3.860000000000000000e+02 -2.237829425945738748e+01
3.870000000000000000e+02 -2.237834653119586648e+01
3.880000000000000000e+02 -2.237839494711300858e+01
3.890000000000000000e+02 -2.237852119515766347e+01
3.900000000000000000e+02 -2.237856720006275779e+01
3.910000000000000000e+02 -2.237865623773292256e+01
3.920000000000000000e+02 -2.237871557037352943e+01
3.930000000000000000e+02 -2.237873169922492167e+01
3.940000000000000000e+02 -2.237878441523695017e+01
3.950000000000000000e+02 -2.237882197180581656e+01
3.960000000000000000e+02 -2.237891773173825172e+01
3.970000000000000000e+02 -2.237893947288788610e+01
3.980000000000000000e+02 -2.237899047885014170e+01
3.990000000000000000e+02 -2.237903969859408448e+01
4.000000000000000000e+02 -2.237916320374716861e+01
