-1.250000000000000000e-01 -6.645509047974951500e+01
-1.245107632093933464e-01 -6.686739867597927400e+01
-1.240215264187866928e-01 -6.690799836044639903e+01
-1.235322896281800392e-01 -6.642686073850246942e+01
-1.230430528375733856e-01 -6.590828832419452965e+01
-1.225538160469667320e-01 -6.524394438647806282e+01
-1.220645792563600784e-01 -6.591833333169036280e+01
-1.215753424657534248e-01 -6.673263479573543577e+01
-1.210861056751467713e-01 -6.637739502000421510e+01
-1.205968688845401177e-01 -6.585017496645502888e+01
-1.201076320939334641e-01 -6.574600683111744104e+01
-1.196183953033268105e-01 -6.589766697456664701e+01
-1.191291585127201569e-01 -6.600093855523481068e+01
-1.186399217221135033e-01 -6.624302838008492245e+01
-1.181506849315068497e-01 -6.601361603112601983e+01
-1.176614481409001961e-01 -6.590825083207518276e+01
-1.171722113502935425e-01 -6.633364293789846045e+01
-1.166829745596868889e-01 -6.590773823205778115e+01
-1.161937377690802353e-01 -6.677287625610675548e+01
-1.157045009784735817e-01 -6.769098138813858156e+01
-1.152152641878669281e-01 -6.744256882216602378e+01
-1.147260273972602745e-01 -6.752856963127148049e+01
-1.142367906066536209e-01 -6.719578927430481485e+01
-1.137475538160469674e-01 -6.685287202602295054e+01
-1.132583170254403138e-01 -6.663125330657750567e+01
-1.127690802348336602e-01 -6.683049784753615086e+01
-1.122798434442270066e-01 -6.636711618834031867e+01
-1.117906066536203530e-01 -6.628237352517422210e+01
-1.113013698630136994e-01 -6.674278623420430279e+01
-1.108121330724070458e-01 -6.699476295460031849e+01
-1.103228962818003922e-01 -6.705449561664626401e+01
-1.098336594911937386e-01 -6.718921150703350520e+01
-1.093444227005870850e-01 -6.736138432015026467e+01
-1.088551859099804314e-01 -6.766299373688457308e+01
-1.083659491193737778e-01 -6.779820917014576764e+01
-1.078767123287671242e-01 -6.773396992420666152e+01
-1.073874755381604706e-01 -6.751483294714712713e+01
-1.068982387475538171e-01 -6.644470405174971006e+01
-1.064090019569471635e-01 -6.684931106504595277e+01
-1.059197651663405099e-01 -6.669749566846428479e+01
-1.054305283757338563e-01 -6.617413966853122531e+01
-1.049412915851272027e-01 -6.656184790718918975e+01
-1.044520547945205491e-01 -6.761466856051427499e+01
-1.039628180039138955e-01 -6.742005176652560294e+01
-1.034735812133072419e-01 -6.752032651980373146e+01
-1.029843444227005883e-01 -6.830424878639558983e+01
-1.024951076320939347e-01 -6.843284091682625103e+01
-1.020058708414872811e-01 -6.756421631195325972e+01
-1.015166340508806275e-01 -6.761096588879365754e+01
-1.010273972602739739e-01 -6.709659962622011165e+01
-1.005381604696673203e-01 -6.704718710530637793e+01
-1.000489236790606667e-01 -6.764079655508446365e+01
-9.955968688845401315e-02 -6.811388466517539086e+01
-9.907045009784735956e-02 -6.776051723956624073e+01
-9.858121330724070597e-02 -6.839199354936062036e+01
-9.809197651663405237e-02 -6.845150217897695200e+01
-9.760273972602739878e-02 -6.779874363396926640e+01
-9.711350293542074519e-02 -6.786616875069927346e+01
-9.662426614481409159e-02 -6.819708860325999922e+01
-9.613502935420743800e-02 -6.747441687752403539e+01
-9.564579256360078441e-02 -6.691470659568375368e+01
-9.515655577299413082e-02 -6.724973603448231074e+01
-9.466731898238747722e-02 -6.774390418728440011e+01
-9.417808219178082363e-02 -6.787842601504158324e+01
-9.368884540117417004e-02 -6.776895250917989699e+01
-9.319960861056751644e-02 -6.752270014883879412e+01
-9.271037181996086285e-02 -6.720507101114645820e+01
-9.222113502935420926e-02 -6.759137922104504526e+01
-9.173189823874755566e-02 -6.817357192037994196e+01
-9.124266144814090207e-02 -6.778393363270745908e+01
-9.075342465753424848e-02 -6.760164717245389454e+01
-9.026418786692759488e-02 -6.767390148264485106e+01
-8.977495107632094129e-02 -6.769006496613161517e+01
-8.928571428571428770e-02 -6.762599593665991904e+01
-8.879647749510763410e-02 -6.839943200540642465e+01
-8.830724070450098051e-02 -6.804675364449562380e+01
-8.781800391389432692e-02 -6.773073602400427262e+01
-8.732876712328767332e-02 -6.827469215361260524e+01
-8.683953033268101973e-02 -6.823404168511049761e+01
-8.635029354207436614e-02 -6.831810062989875121e+01
-8.586105675146771254e-02 -6.836224678851723979e+01
-8.537181996086105895e-02 -6.889408103001146344e+01
-8.488258317025440536e-02 -6.868285458127257925e+01
-8.439334637964775176e-02 -6.882600670834816015e+01
-8.390410958904109817e-02 -6.876773321999451127e+01
-8.341487279843444458e-02 -6.892145030157739427e+01
-8.292563600782779099e-02 -6.913741819432057412e+01
-8.243639921722113739e-02 -6.913174695803857617e+01
-8.194716242661448380e-02 -6.886916427972549570e+01
-8.145792563600783021e-02 -6.871770743829161177e+01
-8.096868884540117661e-02 -6.844335653572728972e+01
-8.047945205479452302e-02 -6.830884717361522007e+01
-7.999021526418786943e-02 -6.863338976263348457e+01
-7.950097847358121583e-02 -6.848935953046138536e+01
-7.901174168297456224e-02 -6.860738594353040298e+01
-7.852250489236790865e-02 -6.896345423243153050e+01
-7.803326810176125505e-02 -6.851253856715599966e+01
-7.754403131115460146e-02 -6.844217040094349613e+01
-7.705479452054794787e-02 -6.816602082721384193e+01
-7.656555772994129427e-02 -6.750073753122885023e+01
-7.607632093933464068e-02 -6.819070190123093766e+01
-7.558708414872798709e-02 -6.886322052906204760e+01
-7.509784735812133349e-02 -6.840854831919634194e+01
-7.460861056751467990e-02 -6.827608555580452787e+01
-7.411937377690802631e-02 -6.809692131698639628e+01
-7.363013698630137271e-02 -6.855998573554059305e+01
-7.314090019569471912e-02 -6.907032704725483541e+01
-7.265166340508806553e-02 -6.886519329065851025e+01
-7.216242661448141194e-02 -6.916049716471709985e+01
-7.167318982387475834e-02 -6.851929519024209014e+01
-7.118395303326810475e-02 -6.830294532145506992e+01
-7.069471624266145116e-02 -6.861909961432836269e+01
-7.020547945205479756e-02 -6.873134840406736146e+01
-6.971624266144814397e-02 -6.819843793155206413e+01
-6.922700587084149038e-02 -6.885844967168475250e+01
-6.873776908023483678e-02 -6.884679095804672500e+01
-6.824853228962818319e-02 -6.854884883400241335e+01
-6.775929549902152960e-02 -6.794804811849913051e+01
-6.727005870841487600e-02 -6.790180194226812205e+01
-6.678082191780822241e-02 -6.780269131145601591e+01
-6.629158512720156882e-02 -6.775038534496601983e+01
-6.580234833659491522e-02 -6.802246588314342546e+01
-6.531311154598826163e-02 -6.842344664153137046e+01
-6.482387475538160804e-02 -6.719831550870777903e+01
-6.433463796477495444e-02 -6.668564946138970129e+01
-6.384540117416830085e-02 -6.760776846600072076e+01
-6.335616438356164726e-02 -6.772505128068213764e+01
-6.286692759295499366e-02 -6.842172545640021042e+01
-6.237769080234834007e-02 -6.920707613114315393e+01
-6.188845401174168648e-02 -6.832516774261745240e+01
-6.139921722113503288e-02 -6.813830860836597481e+01
-6.090998043052837929e-02 -6.785715128064313717e+01
-6.042074363992172570e-02 -6.849569499586903021e+01
-5.993150684931507211e-02 -6.897812948069640981e+01
-5.944227005870841851e-02 -6.969045606297487438e+01
-5.895303326810176492e-02 -6.881423117268114709e+01
-5.846379647749511133e-02 -6.792460511801405687e+01
-5.797455968688845773e-02 -6.847021430300304701e+01
-5.748532289628180414e-02 -6.886911738294242014e+01
-5.699608610567515055e-02 -6.914266880760676770e+01
-5.650684931506849695e-02 -6.888047677188828288e+01
-5.601761252446184336e-02 -6.790912320668724078e+01
-5.552837573385518977e-02 -6.760805394998808993e+01
-5.503913894324853617e-02 -6.812117237233393041e+01
-5.454990215264188258e-02 -6.784012852786243286e+01
-5.406066536203522899e-02 -6.890986221497348652e+01
-5.357142857142857539e-02 -6.965754828464092441e+01
-5.308219178082192180e-02 -6.887778648796599157e+01
-5.259295499021526821e-02 -6.863087189789922604e+01
-5.210371819960861461e-02 -6.845698524068068025e+01
-5.161448140900196102e-02 -6.817955195347563802e+01
-5.112524461839530743e-02 -6.806495915971785848e+01
-5.063600782778865383e-02 -6.778778413938086089e+01
-5.014677103718200024e-02 -6.773856798069174090e+01
-4.965753424657534665e-02 -6.820188734984373014e+01
-4.916829745596869305e-02 -6.827427381416555363e+01
-4.867906066536203946e-02 -6.851632915807061863e+01
-4.818982387475538587e-02 -6.833894753028343416e+01
-4.770058708414873228e-02 -6.894684702353831085e+01
-4.721135029354207868e-02 -6.913662643855319345e+01
-4.672211350293542509e-02 -6.874691538446269590e+01
-4.623287671232877150e-02 -6.847732813259429463e+01
-4.574363992172211790e-02 -6.767789801694610219e+01
-4.525440313111546431e-02 -6.725922765463425890e+01
-4.476516634050881072e-02 -6.783274955535097206e+01
-4.427592954990215712e-02 -6.808414218652814043e+01
-4.378669275929550353e-02 -6.907564800179738995e+01
-4.329745596868884994e-02 -7.005024970838474019e+01
-4.280821917808219634e-02 -6.944296809096186962e+01
-4.231898238747554275e-02 -6.852568107519191187e+01
-4.182974559686888916e-02 -6.843917182594830706e+01
-4.134050880626223556e-02 -6.884366706356202315e+01
-4.085127201565558197e-02 -6.868558466341133339e+01
-4.036203522504892838e-02 -6.760714215833908725e+01
-3.987279843444227478e-02 -6.815665296808897722e+01
-3.938356164383562119e-02 -6.830953138412820635e+01
-3.889432485322896760e-02 -6.854905670757865721e+01
-3.840508806262231400e-02 -6.856108214013491420e+01
-3.791585127201566041e-02 -6.820309211203225175e+01
-3.742661448140900682e-02 -6.907858861819137530e+01
-3.693737769080235323e-02 -6.928421424236213966e+01
-3.644814090019569963e-02 -6.930685895604825930e+01
-3.595890410958904604e-02 -6.888055863512366273e+01
-3.546966731898239245e-02 -6.854643073439737577e+01
-3.498043052837573885e-02 -6.862939711087838646e+01
-3.449119373776908526e-02 -6.835899610745407529e+01
-3.400195694716243167e-02 -6.673648950034325367e+01
-3.351272015655577807e-02 -6.651305991759933534e+01
-3.302348336594912448e-02 -6.765860760369348270e+01
-3.253424657534247089e-02 -6.761719013964000169e+01
-3.204500978473581729e-02 -6.787509088565516890e+01
-3.155577299412916370e-02 -6.916551711572992645e+01
-3.106653620352251011e-02 -6.899927167568415598e+01
-3.057729941291585651e-02 -6.864881995948350379e+01
-3.008806262230920292e-02 -6.841613490732595437e+01
-2.959882583170254933e-02 -6.785452125428635384e+01
-2.910958904109589573e-02 -6.829675790006164959e+01
-2.862035225048924214e-02 -6.785717643926930975e+01
-2.813111545988258855e-02 -6.579352634008780853e+01
-2.764187866927593495e-02 -6.642544421545549937e+01
-2.715264187866928136e-02 -6.747929765250061962e+01
-2.666340508806262777e-02 -6.794849986365866812e+01
-2.617416829745597417e-02 -6.849425966834294854e+01
-2.568493150684932058e-02 -6.872354447221249529e+01
-2.519569471624266699e-02 -6.791774822344078189e+01
-2.470645792563601340e-02 -6.676421225185224273e+01
-2.421722113502935980e-02 -6.702015235102062718e+01
-2.372798434442270621e-02 -6.801462929664492663e+01
-2.323874755381605262e-02 -6.756845395961892109e+01
-2.274951076320939902e-02 -6.607462714822173666e+01
-2.226027397260274543e-02 -6.536437328499242483e+01
-2.177103718199609184e-02 -6.736818230118389295e+01
-2.128180039138943824e-02 -6.805225834126120787e+01
-2.079256360078278465e-02 -6.697929085524484094e+01
-2.030332681017613106e-02 -6.701950900549832113e+01
-1.981409001956947746e-02 -6.709632354170226165e+01
-1.932485322896282387e-02 -6.613987867403812970e+01
-1.883561643835617028e-02 -6.639781197022996651e+01
-1.834637964774951668e-02 -6.790445388912823432e+01
-1.785714285714286309e-02 -6.855342744166860314e+01
-1.736790606653620950e-02 -6.827954506113245259e+01
-1.687866927592955590e-02 -6.777315942645670077e+01
-1.638943248532290231e-02 -6.839687763892021621e+01
-1.590019569471624872e-02 -6.781418301037209062e+01
-1.541095890410959512e-02 -6.730671938530748832e+01
-1.492172211350294153e-02 -6.736000492398696338e+01
-1.443248532289628794e-02 -6.704812422208131295e+01
-1.394324853228963434e-02 -6.722883577437360714e+01
-1.345401174168298075e-02 -6.712880718939555891e+01
-1.296477495107632716e-02 -6.779502532348773514e+01
-1.247553816046967357e-02 -6.761844157475675843e+01
-1.198630136986301997e-02 -6.673684524524368555e+01
-1.149706457925636638e-02 -6.657081301560336328e+01
-1.100782778864971279e-02 -6.706703981307636298e+01
-1.051859099804305919e-02 -6.652715591087725500e+01
-1.002935420743640560e-02 -6.601286857545856890e+01
-9.540117416829752006e-03 -6.565978575106878168e+01
-9.050880626223098413e-03 -6.630127955660017847e+01
-8.561643835616444820e-03 -6.637415962260450897e+01
-8.072407045009791227e-03 -6.669408814968987542e+01
-7.583170254403137633e-03 -6.674000100475325326e+01
-7.093933463796484040e-03 -6.584270205441582391e+01
-6.604696673189830447e-03 -6.533347982745192439e+01
-6.115459882583176854e-03 -6.536767650025802823e+01
-5.626223091976523261e-03 -6.422478256258371232e+01
-5.136986301369869667e-03 -6.151492043536202203e+01
-4.647749510763216074e-03 -5.977133123629415223e+01
-4.158512720156562481e-03 -6.131618351667088973e+01
-3.669275929549908888e-03 -6.448439656105979623e+01
-3.180039138943255295e-03 -6.467187843915573353e+01
-2.690802348336601701e-03 -6.374401866219951529e+01
-2.201565557729948108e-03 -6.252535359290139638e+01
-1.712328767123294515e-03 -6.248605465185576691e+01
-1.223091976516640922e-03 -6.217887283749973903e+01
-7.338551859099873287e-04 -5.939240711366121417e+01
-2.446183953033337355e-04 -5.234857446968809569e+01
2.446183953033198577e-04 -4.926407382282555147e+01
7.338551859099595731e-04 -5.234857446968809569e+01
1.223091976516627044e-03 -5.939240711366121417e+01
1.712328767123294515e-03 -6.217887283749973903e+01
2.201565557729934230e-03 -6.248605465185576691e+01
2.690802348336573946e-03 -6.252535359290139638e+01
3.180039138943241417e-03 -6.374401866219951529e+01
3.669275929549908888e-03 -6.467187843915573353e+01
4.158512720156548603e-03 -6.448439656105979623e+01
4.647749510763188319e-03 -6.131618351667088973e+01
5.136986301369855790e-03 -5.977133123629415223e+01
5.626223091976523261e-03 -6.151492043536202203e+01
6.115459882583162976e-03 -6.422478256258371232e+01
6.604696673189802691e-03 -6.536767650025802823e+01
7.093933463796470162e-03 -6.533347982745192439e+01
7.583170254403137633e-03 -6.584270205441582391e+01
8.072407045009777349e-03 -6.674000100475325326e+01
8.561643835616417064e-03 -6.669408814968987542e+01
9.050880626223084535e-03 -6.637415962260450897e+01
9.540117416829752006e-03 -6.630127955660019268e+01
1.002935420743639172e-02 -6.565978575106878168e+01
1.051859099804303144e-02 -6.601286857545856890e+01
1.100782778864969891e-02 -6.652715591087726921e+01
1.149706457925636638e-02 -6.706703981307636298e+01
1.198630136986300609e-02 -6.657081301560336328e+01
1.247553816046964581e-02 -6.673684524524368555e+01
1.296477495107631328e-02 -6.761844157475675843e+01
1.345401174168298075e-02 -6.779502532348773514e+01
1.394324853228962047e-02 -6.712880718939555891e+01
1.443248532289626018e-02 -6.722883577437360714e+01
1.492172211350292765e-02 -6.704812422208131295e+01
1.541095890410959512e-02 -6.736000492398696338e+01
1.590019569471623484e-02 -6.730671938530748832e+01
1.638943248532287456e-02 -6.781418301037209062e+01
1.687866927592954203e-02 -6.839687763892023042e+01
1.736790606653620950e-02 -6.777315942645670077e+01
1.785714285714284921e-02 -6.827954506113245259e+01
1.834637964774948893e-02 -6.855342744166860314e+01
1.883561643835615640e-02 -6.790445388912823432e+01
1.932485322896282387e-02 -6.639781197022996651e+01
1.981409001956946359e-02 -6.613987867403812970e+01
2.030332681017610330e-02 -6.709632354170226165e+01
2.079256360078277077e-02 -6.701950900549832113e+01
2.128180039138943824e-02 -6.697929085524484094e+01
2.177103718199607796e-02 -6.805225834126120787e+01
2.226027397260271767e-02 -6.736818230118389295e+01
2.274951076320938514e-02 -6.536437328499242483e+01
2.323874755381605262e-02 -6.607462714822173666e+01
2.372798434442269233e-02 -6.756845395961892109e+01
2.421722113502933205e-02 -6.801462929664492663e+01
2.470645792563599952e-02 -6.702015235102062718e+01
2.519569471624266699e-02 -6.676421225185224273e+01
2.568493150684930670e-02 -6.791774822344078189e+01
2.617416829745594642e-02 -6.872354447221249529e+01
2.666340508806261389e-02 -6.849425966834294854e+01
2.715264187866928136e-02 -6.794849986365866812e+01
2.764187866927592108e-02 -6.747929765250061962e+01
2.813111545988256079e-02 -6.642544421545549937e+01
2.862035225048922826e-02 -6.579352634008780853e+01
2.910958904109589573e-02 -6.785717643926930975e+01
2.959882583170253545e-02 -6.829675790006164959e+01
3.008806262230917516e-02 -6.785452125428635384e+01
3.057729941291584264e-02 -6.841613490732595437e+01
3.106653620352251011e-02 -6.864881995948350379e+01
3.155577299412914982e-02 -6.899927167568415598e+01
3.204500978473578954e-02 -6.916551711572992645e+01
3.253424657534245701e-02 -6.787509088565516890e+01
3.302348336594912448e-02 -6.761719013964001590e+01
3.351272015655576419e-02 -6.765860760369348270e+01
3.400195694716240391e-02 -6.651305991759933534e+01
3.449119373776907138e-02 -6.673648950034325367e+01
3.498043052837573885e-02 -6.835899610745407529e+01
3.546966731898237857e-02 -6.862939711087838646e+01
3.595890410958901828e-02 -6.854643073439737577e+01
3.644814090019568575e-02 -6.888055863512366273e+01
3.693737769080235323e-02 -6.930685895604825930e+01
3.742661448140899294e-02 -6.928421424236213966e+01
3.791585127201563266e-02 -6.907858861819137530e+01
3.840508806262230013e-02 -6.820309211203225175e+01
3.889432485322896760e-02 -6.856108214013491420e+01
3.938356164383560731e-02 -6.854905670757865721e+01
3.987279843444224703e-02 -6.830953138412820635e+01
4.036203522504891450e-02 -6.815665296808897722e+01
4.085127201565558197e-02 -6.760714215833908725e+01
4.134050880626222169e-02 -6.868558466341133339e+01
4.182974559686886140e-02 -6.884366706356202315e+01
4.231898238747552887e-02 -6.843917182594830706e+01
4.280821917808219634e-02 -6.852568107519189766e+01
4.329745596868883606e-02 -6.944296809096186962e+01
4.378669275929547577e-02 -7.005024970838474019e+01
4.427592954990214325e-02 -6.907564800179738995e+01
4.476516634050881072e-02 -6.808414218652815464e+01
4.525440313111545043e-02 -6.783274955535097206e+01
4.574363992172209015e-02 -6.725922765463425890e+01
4.623287671232875762e-02 -6.767789801694610219e+01
4.672211350293542509e-02 -6.847732813259428042e+01
4.721135029354206480e-02 -6.874691538446269590e+01
4.770058708414870452e-02 -6.913662643855320766e+01
4.818982387475537199e-02 -6.894684702353831085e+01
4.867906066536203946e-02 -6.833894753028343416e+01
4.916829745596867918e-02 -6.851632915807061863e+01
4.965753424657531889e-02 -6.827427381416555363e+01
5.014677103718198636e-02 -6.820188734984373014e+01
5.063600782778865383e-02 -6.773856798069174090e+01
5.112524461839529355e-02 -6.778778413938086089e+01
5.161448140900193327e-02 -6.806495915971785848e+01
5.210371819960860074e-02 -6.817955195347563802e+01
5.259295499021526821e-02 -6.845698524068068025e+01
5.308219178082190792e-02 -6.863087189789921183e+01
5.357142857142854764e-02 -6.887778648796599157e+01
5.406066536203521511e-02 -6.965754828464092441e+01
5.454990215264188258e-02 -6.890986221497348652e+01
5.503913894324852230e-02 -6.784012852786243286e+01
5.552837573385516201e-02 -6.812117237233393041e+01
5.601761252446182948e-02 -6.760805394998808993e+01
5.650684931506849695e-02 -6.790912320668724078e+01
5.699608610567513667e-02 -6.888047677188828288e+01
5.748532289628177638e-02 -6.914266880760676770e+01
5.797455968688844385e-02 -6.886911738294242014e+01
5.846379647749511133e-02 -6.847021430300304701e+01
5.895303326810175104e-02 -6.792460511801405687e+01
5.944227005870839076e-02 -6.881423117268114709e+01
5.993150684931505823e-02 -6.969045606297487438e+01
6.042074363992172570e-02 -6.897812948069640981e+01
6.090998043052836541e-02 -6.849569499586903021e+01
6.139921722113500513e-02 -6.785715128064313717e+01
6.188845401174167260e-02 -6.813830860836597481e+01
6.237769080234834007e-02 -6.832516774261745240e+01
6.286692759295497979e-02 -6.920707613114315393e+01
6.335616438356161950e-02 -6.842172545640021042e+01
6.384540117416828697e-02 -6.772505128068213764e+01
6.433463796477495444e-02 -6.760776846600072076e+01
6.482387475538159416e-02 -6.668564946138970129e+01
6.531311154598823387e-02 -6.719831550870777903e+01
6.580234833659490135e-02 -6.842344664153137046e+01
6.629158512720156882e-02 -6.802246588314342546e+01
6.678082191780820853e-02 -6.775038534496603404e+01
6.727005870841484825e-02 -6.780269131145601591e+01
6.775929549902151572e-02 -6.790180194226813626e+01
6.824853228962818319e-02 -6.794804811849913051e+01
6.873776908023482290e-02 -6.854884883400241335e+01
6.922700587084146262e-02 -6.884679095804672500e+01
6.971624266144813009e-02 -6.885844967168475250e+01
7.020547945205479756e-02 -6.819843793155206413e+01
7.069471624266143728e-02 -6.873134840406736146e+01
7.118395303326807699e-02 -6.861909961432836269e+01
7.167318982387474446e-02 -6.830294532145506992e+01
7.216242661448141194e-02 -6.851929519024209014e+01
7.265166340508805165e-02 -6.916049716471709985e+01
7.314090019569469137e-02 -6.886519329065851025e+01
7.363013698630135884e-02 -6.907032704725483541e+01
7.411937377690802631e-02 -6.855998573554059305e+01
7.460861056751466602e-02 -6.809692131698639628e+01
7.509784735812130574e-02 -6.827608555580452787e+01
7.558708414872797321e-02 -6.840854831919634194e+01
7.607632093933464068e-02 -6.886322052906204760e+01
7.656555772994128040e-02 -6.819070190123093766e+01
7.705479452054792011e-02 -6.750073753122885023e+01
7.754403131115458758e-02 -6.816602082721384193e+01
7.803326810176125505e-02 -6.844217040094349613e+01
7.852250489236789477e-02 -6.851253856715599966e+01
7.901174168297453448e-02 -6.896345423243153050e+01
7.950097847358120196e-02 -6.860738594353040298e+01
7.999021526418786943e-02 -6.848935953046138536e+01
8.047945205479450914e-02 -6.863338976263348457e+01
8.096868884540114886e-02 -6.830884717361522007e+01
8.145792563600781633e-02 -6.844335653572728972e+01
8.194716242661448380e-02 -6.871770743829161177e+01
8.243639921722112351e-02 -6.886916427972549570e+01
8.292563600782776323e-02 -6.913174695803857617e+01
8.341487279843443070e-02 -6.913741819432057412e+01
8.390410958904109817e-02 -6.892145030157739427e+01
8.439334637964773789e-02 -6.876773321999451127e+01
8.488258317025437760e-02 -6.882600670834816015e+01
8.537181996086104507e-02 -6.868285458127257925e+01
8.586105675146771254e-02 -6.889408103001146344e+01
8.635029354207435226e-02 -6.836224678851723979e+01
8.683953033268099198e-02 -6.831810062989875121e+01
8.732876712328765945e-02 -6.823404168511049761e+01
8.781800391389432692e-02 -6.827469215361260524e+01
8.830724070450096663e-02 -6.773073602400427262e+01
8.879647749510760635e-02 -6.804675364449562380e+01
8.928571428571427382e-02 -6.839943200540642465e+01
8.977495107632094129e-02 -6.762599593665991904e+01
9.026418786692758101e-02 -6.769006496613161517e+01
9.075342465753422072e-02 -6.767390148264485106e+01
9.124266144814088819e-02 -6.760164717245389454e+01
9.173189823874755566e-02 -6.778393363270745908e+01
9.222113502935419538e-02 -6.817357192037992775e+01
9.271037181996083509e-02 -6.759137922104504526e+01
9.319960861056750256e-02 -6.720507101114645820e+01
9.368884540117417004e-02 -6.752270014883879412e+01
9.417808219178080975e-02 -6.776895250917989699e+01
9.466731898238744947e-02 -6.787842601504158324e+01
9.515655577299411694e-02 -6.774390418728440011e+01
9.564579256360078441e-02 -6.724973603448231074e+01
9.613502935420742412e-02 -6.691470659568375368e+01
9.662426614481406384e-02 -6.747441687752403539e+01
9.711350293542073131e-02 -6.819708860325999922e+01
9.760273972602739878e-02 -6.786616875069927346e+01
9.809197651663403850e-02 -6.779874363396926640e+01
9.858121330724067821e-02 -6.845150217897695200e+01
9.907045009784734568e-02 -6.839199354936062036e+01
9.955968688845401315e-02 -6.776051723956624073e+01
1.000489236790606529e-01 -6.811388466517539086e+01
1.005381604696672926e-01 -6.764079655508446365e+01
1.010273972602739601e-01 -6.704718710530637793e+01
1.015166340508806275e-01 -6.709659962622011165e+01
1.020058708414872672e-01 -6.761096588879365754e+01
1.024951076320939070e-01 -6.756421631195325972e+01
1.029843444227005744e-01 -6.843284091682625103e+01
1.034735812133072419e-01 -6.830424878639558983e+01
1.039628180039138816e-01 -6.752032651980373146e+01
1.044520547945205213e-01 -6.742005176652560294e+01
1.049412915851271888e-01 -6.761466856051427499e+01
1.054305283757338563e-01 -6.656184790718918975e+01
1.059197651663404960e-01 -6.617413966853122531e+01
1.064090019569471357e-01 -6.669749566846428479e+01
1.068982387475538032e-01 -6.684931106504595277e+01
1.073874755381604706e-01 -6.644470405174971006e+01
1.078767123287671104e-01 -6.751483294714712713e+01
1.083659491193737501e-01 -6.773396992420666152e+01
1.088551859099804175e-01 -6.779820917014576764e+01
1.093444227005870850e-01 -6.766299373688457308e+01
1.098336594911937247e-01 -6.736138432015026467e+01
1.103228962818003644e-01 -6.718921150703350520e+01
1.108121330724070319e-01 -6.705449561664626401e+01
1.113013698630136994e-01 -6.699476295460031849e+01
1.117906066536203391e-01 -6.674278623420430279e+01
1.122798434442269788e-01 -6.628237352517422210e+01
1.127690802348336463e-01 -6.636711618834030446e+01
1.132583170254403138e-01 -6.683049784753615086e+01
1.137475538160469535e-01 -6.663125330657750567e+01
1.142367906066535932e-01 -6.685287202602295054e+01
1.147260273972602607e-01 -6.719578927430481485e+01
1.152152641878669281e-01 -6.752856963127148049e+01
1.157045009784735679e-01 -6.744256882216600957e+01
1.161937377690802076e-01 -6.769098138813858156e+01
1.166829745596868750e-01 -6.677287625610675548e+01
1.171722113502935425e-01 -6.590773823205778115e+01
1.176614481409001822e-01 -6.633364293789846045e+01
1.181506849315068219e-01 -6.590825083207518276e+01
1.186399217221134894e-01 -6.601361603112601983e+01
1.191291585127201569e-01 -6.624302838008492245e+01
1.196183953033267966e-01 -6.600093855523481068e+01
1.201076320939334363e-01 -6.589766697456664701e+01
1.205968688845401038e-01 -6.574600683111744104e+01
1.210861056751467713e-01 -6.585017496645502888e+01
1.215753424657534110e-01 -6.637739502000421510e+01
1.220645792563600507e-01 -6.673263479573543577e+01
1.225538160469667182e-01 -6.591833333169036280e+01
1.230430528375733856e-01 -6.524394438647806282e+01
1.235322896281800253e-01 -6.590828832419452965e+01
1.240215264187866651e-01 -6.642686073850246942e+01
1.245107632093933325e-01 -6.690799836044639903e+01
1.250000000000000000e-01 -6.686739867597927400e+01
