-1.250000000000000000e-01 -6.640113404672105446e+01
-1.245107632093933464e-01 -6.689350382439884868e+01
-1.240215264187866928e-01 -6.706314599080540972e+01
-1.235322896281800392e-01 -6.670141691528246497e+01
-1.230430528375733856e-01 -6.613317116171606358e+01
-1.225538160469667320e-01 -6.545752843352126149e+01
-1.220645792563600784e-01 -6.628568856868574244e+01
-1.215753424657534248e-01 -6.692495789583242072e+01
-1.210861056751467713e-01 -6.651212789132276271e+01
-1.205968688845401177e-01 -6.605664002471519325e+01
-1.201076320939334641e-01 -6.582981642862360161e+01
-1.196183953033268105e-01 -6.614825179772714137e+01
-1.191291585127201569e-01 -6.640755983950833752e+01
-1.186399217221135033e-01 -6.663225033962461907e+01
-1.181506849315068497e-01 -6.639569893283291435e+01
-1.176614481409001961e-01 -6.614708335543772932e+01
-1.171722113502935425e-01 -6.644320982949940912e+01
-1.166829745596868889e-01 -6.600203480847247306e+01
-1.161937377690802353e-01 -6.679525681329802467e+01
-1.157045009784735817e-01 -6.789923523305240849e+01
-1.152152641878669281e-01 -6.778141199182027776e+01
-1.147260273972602745e-01 -6.763148874608778272e+01
-1.142367906066536209e-01 -6.725994663036740917e+01
-1.137475538160469674e-01 -6.715100273606671522e+01
-1.132583170254403138e-01 -6.699119702940438970e+01
-1.127690802348336602e-01 -6.717590029713194610e+01
-1.122798434442270066e-01 -6.662992414561854559e+01
-1.117906066536203530e-01 -6.653034696972017059e+01
-1.113013698630136994e-01 -6.703160219535172359e+01
-1.108121330724070458e-01 -6.749282177955747386e+01
-1.103228962818003922e-01 -6.743455391521656850e+01
-1.098336594911937386e-01 -6.732862094523456165e+01
-1.093444227005870850e-01 -6.749451205400063714e+01
-1.088551859099804314e-01 -6.785442057983387087e+01
-1.083659491193737778e-01 -6.798618167728280071e+01
-1.078767123287671242e-01 -6.782829255958986892e+01
-1.073874755381604706e-01 -6.749676818479295548e+01
-1.068982387475538171e-01 -6.659794783547496877e+01
-1.064090019569471635e-01 -6.714365618718292694e+01
-1.059197651663405099e-01 -6.701931820214285551e+01
-1.054305283757338563e-01 -6.662284021465943340e+01
-1.049412915851272027e-01 -6.697742696694250242e+01
-1.044520547945205491e-01 -6.781119960906968913e+01
-1.039628180039138955e-01 -6.762762741866838212e+01
-1.034735812133072419e-01 -6.785705264897644895e+01
-1.029843444227005883e-01 -6.868972442021090785e+01
-1.024951076320939347e-01 -6.885553454009070151e+01
-1.020058708414872811e-01 -6.787071978581042231e+01
-1.015166340508806275e-01 -6.795898595998610858e+01
-1.010273972602739739e-01 -6.744302589556249927e+01
-1.005381604696673203e-01 -6.726065608357907877e+01
-1.000489236790606667e-01 -6.773110384607642231e+01
-9.955968688845401315e-02 -6.842087573267592404e+01
-9.907045009784735956e-02 -6.815310104886228260e+01
-9.858121330724070597e-02 -6.867589305875131345e+01
-9.809197651663405237e-02 -6.866186815544055833e+01
-9.760273972602739878e-02 -6.809677653366924233e+01
-9.711350293542074519e-02 -6.808542168102820824e+01
-9.662426614481409159e-02 -6.844578593134008315e+01
-9.613502935420743800e-02 -6.771694242786945495e+01
-9.564579256360078441e-02 -6.725044118151134853e+01
-9.515655577299413082e-02 -6.767465529698165483e+01
-9.466731898238747722e-02 -6.814262141365155401e+01
-9.417808219178082363e-02 -6.806182022773944595e+01
-9.368884540117417004e-02 -6.796617525847543106e+01
-9.319960861056751644e-02 -6.789028477357562963e+01
-9.271037181996086285e-02 -6.771564728442220371e+01
-9.222113502935420926e-02 -6.806367413963501178e+01
-9.173189823874755566e-02 -6.850928878487235352e+01
-9.124266144814090207e-02 -6.814977718255049410e+01
-9.075342465753424848e-02 -6.816913780601085193e+01
-9.026418786692759488e-02 -6.821482318508606113e+01
-8.977495107632094129e-02 -6.832599931555610340e+01
-8.928571428571428770e-02 -6.808074774998867440e+01
-8.879647749510763410e-02 -6.873259869792083521e+01
-8.830724070450098051e-02 -6.821394068135886357e+01
-8.781800391389432692e-02 -6.801025779556911743e+01
-8.732876712328767332e-02 -6.856621921645695750e+01
-8.683953033268101973e-02 -6.862599815735462983e+01
-8.635029354207436614e-02 -6.853372205478137857e+01
-8.586105675146771254e-02 -6.881239154665092883e+01
-8.537181996086105895e-02 -6.949674893323093272e+01
-8.488258317025440536e-02 -6.927165472306135996e+01
-8.439334637964775176e-02 -6.909244532593538679e+01
-8.390410958904109817e-02 -6.915632790164013954e+01
-8.341487279843444458e-02 -6.942904041274678661e+01
-8.292563600782779099e-02 -6.931487479383787331e+01
-8.243639921722113739e-02 -6.953691734824518278e+01
-8.194716242661448380e-02 -6.933819671989350297e+01
-8.145792563600783021e-02 -6.921453433110320930e+01
-8.096868884540117661e-02 -6.898452119298043783e+01
-8.047945205479452302e-02 -6.899549687763708050e+01
-7.999021526418786943e-02 -6.958595113105236862e+01
-7.950097847358121583e-02 -6.912565383215368797e+01
-7.901174168297456224e-02 -6.882793014641771379e+01
-7.852250489236790865e-02 -6.915115176604311387e+01
-7.803326810176125505e-02 -6.920484417726326853e+01
-7.754403131115460146e-02 -6.911653266156338304e+01
-7.705479452054794787e-02 -6.889194451965514077e+01
-7.656555772994129427e-02 -6.826535377256777792e+01
-7.607632093933464068e-02 -6.899579808781049906e+01
-7.558708414872798709e-02 -6.948288909267220959e+01
-7.509784735812133349e-02 -6.908159338833826268e+01
-7.460861056751467990e-02 -6.919477303981329896e+01
-7.411937377690802631e-02 -6.916243931943746759e+01
-7.363013698630137271e-02 -6.946565162033861895e+01
-7.314090019569471912e-02 -6.963396238679257522e+01
-7.265166340508806553e-02 -6.915956631957286049e+01
-7.216242661448141194e-02 -6.950004611101472562e+01
-7.167318982387475834e-02 -6.899135330702038971e+01
-7.118395303326810475e-02 -6.892358740256722172e+01
-7.069471624266145116e-02 -6.948208723433486966e+01
-7.020547945205479756e-02 -6.928691238479382264e+01
-6.971624266144814397e-02 -6.877508238880804470e+01
-6.922700587084149038e-02 -6.937669317291219784e+01
-6.873776908023483678e-02 -6.926114103953146639e+01
-6.824853228962818319e-02 -6.886389622077207662e+01
-6.775929549902152960e-02 -6.853991847284757455e+01
-6.727005870841487600e-02 -6.883723886705267603e+01
-6.678082191780822241e-02 -6.890394746641443646e+01
-6.629158512720156882e-02 -6.891315041753885851e+01
-6.580234833659491522e-02 -6.921347872686439473e+01
-6.531311154598826163e-02 -6.939807424364272492e+01
-6.482387475538160804e-02 -6.804496495858754201e+01
-6.433463796477495444e-02 -6.758698603072738820e+01
-6.384540117416830085e-02 -6.855610588457227550e+01
-6.335616438356164726e-02 -6.824242836844963733e+01
-6.286692759295499366e-02 -6.888808942422055281e+01
-6.237769080234834007e-02 -6.992928397295196419e+01
-6.188845401174168648e-02 -6.923730977256651897e+01
-6.139921722113503288e-02 -6.905651566828777277e+01
-6.090998043052837929e-02 -6.852582179540371499e+01
-6.042074363992172570e-02 -6.900978066258080901e+01
-5.993150684931507211e-02 -6.932368327110316386e+01
-5.944227005870841851e-02 -7.010823928409968175e+01
-5.895303326810176492e-02 -6.954261035122883072e+01
-5.846379647749511133e-02 -6.874362418584078682e+01
-5.797455968688845773e-02 -6.926253985327642226e+01
-5.748532289628180414e-02 -6.953192357833336246e+01
-5.699608610567515055e-02 -7.002545237186355109e+01
-5.650684931506849695e-02 -6.981333151385283031e+01
-5.601761252446184336e-02 -6.844231215978399518e+01
-5.552837573385518977e-02 -6.809628567875213889e+01
-5.503913894324853617e-02 -6.873417116076780076e+01
-5.454990215264188258e-02 -6.862212310747494826e+01
-5.406066536203522899e-02 -6.981564324684971723e+01
-5.357142857142857539e-02 -7.060237763171728886e+01
-5.308219178082192180e-02 -6.987248943501515441e+01
-5.259295499021526821e-02 -6.951786184600787522e+01
-5.210371819960861461e-02 -6.899434698973777813e+01
-5.161448140900196102e-02 -6.881136444021971954e+01
-5.112524461839530743e-02 -6.884984671511919885e+01
-5.063600782778865383e-02 -6.870317679841451763e+01
-5.014677103718200024e-02 -6.855723616210200078e+01
-4.965753424657534665e-02 -6.877202246837541111e+01
-4.916829745596869305e-02 -6.889710988618043075e+01
-4.867906066536203946e-02 -6.946009863297516063e+01
-4.818982387475538587e-02 -6.957460640270414842e+01
-4.770058708414873228e-02 -6.983936074021070795e+01
-4.721135029354207868e-02 -6.984903735193262264e+01
-4.672211350293542509e-02 -6.970935131090541859e+01
-4.623287671232877150e-02 -6.914412411860503482e+01
-4.574363992172211790e-02 -6.818829577794238617e+01
-4.525440313111546431e-02 -6.792311369152160694e+01
-4.476516634050881072e-02 -6.842133850432891506e+01
-4.427592954990215712e-02 -6.883131409370426468e+01
-4.378669275929550353e-02 -6.979255894590475862e+01
-4.329745596868884994e-02 -7.060804328732146473e+01
-4.280821917808219634e-02 -7.020621049940055514e+01
-4.231898238747554275e-02 -6.938935412533973590e+01
-4.182974559686888916e-02 -6.954590708225252627e+01
-4.134050880626223556e-02 -6.982039555288250199e+01
-4.085127201565558197e-02 -6.948363242085899572e+01
-4.036203522504892838e-02 -6.868606001035831810e+01
-3.987279843444227478e-02 -6.910285541773112072e+01
-3.938356164383562119e-02 -6.919483429352739279e+01
-3.889432485322896760e-02 -6.963128286778336928e+01
-3.840508806262231400e-02 -6.995739139283868724e+01
-3.791585127201566041e-02 -6.952111280947410421e+01
-3.742661448140900682e-02 -7.018235694734113395e+01
-3.693737769080235323e-02 -7.001593804417738909e+01
-3.644814090019569963e-02 -6.991419621543299456e+01
-3.595890410958904604e-02 -6.951364264588231379e+01
-3.546966731898239245e-02 -6.917037087831522513e+01
-3.498043052837573885e-02 -6.951813022056103364e+01
-3.449119373776908526e-02 -6.939372745166497225e+01
-3.400195694716243167e-02 -6.732176137341151900e+01
-3.351272015655577807e-02 -6.698251572378126184e+01
-3.302348336594912448e-02 -6.835868201676376543e+01
-3.253424657534247089e-02 -6.847816046407106683e+01
-3.204500978473581729e-02 -6.891988590825685890e+01
-3.155577299412916370e-02 -6.995926389172734616e+01
-3.106653620352251011e-02 -7.007270491776351662e+01
-3.057729941291585651e-02 -6.974285164790455838e+01
-3.008806262230920292e-02 -6.941582319699290338e+01
-2.959882583170254933e-02 -6.875248191444521240e+01
-2.910958904109589573e-02 -6.860145781492774120e+01
-2.862035225048924214e-02 -6.794621355615269920e+01
-2.813111545988258855e-02 -6.575033901496119881e+01
-2.764187866927593495e-02 -6.669870668541078373e+01
-2.715264187866928136e-02 -6.833652006270162360e+01
-2.666340508806262777e-02 -6.887311649941266012e+01
-2.617416829745597417e-02 -6.909021262601639535e+01
-2.568493150684932058e-02 -6.916243402689399034e+01
-2.519569471624266699e-02 -6.879484703500496323e+01
-2.470645792563601340e-02 -6.798626438891918156e+01
-2.421722113502935980e-02 -6.806872124655284040e+01
-2.372798434442270621e-02 -6.864034801327198920e+01
-2.323874755381605262e-02 -6.788447921233371574e+01
-2.274951076320939902e-02 -6.639357149343970832e+01
-2.226027397260274543e-02 -6.585278967858839394e+01
-2.177103718199609184e-02 -6.807502738178988011e+01
-2.128180039138943824e-02 -6.862767829728244351e+01
-2.079256360078278465e-02 -6.765743628665330789e+01
-2.030332681017613106e-02 -6.734446685556734735e+01
-1.981409001956947746e-02 -6.733185412131072667e+01
-1.932485322896282387e-02 -6.650264308720399242e+01
-1.883561643835617028e-02 -6.684144590685592391e+01
-1.834637964774951668e-02 -6.874870591775422213e+01
-1.785714285714286309e-02 -6.937826926004856887e+01
-1.736790606653620950e-02 -6.870186960475828641e+01
-1.687866927592955590e-02 -6.820880737223011181e+01
-1.638943248532290231e-02 -6.864015939795181964e+01
-1.590019569471624872e-02 -6.825099772313551227e+01
-1.541095890410959512e-02 -6.800458638297179448e+01
-1.492172211350294153e-02 -6.800834993477334933e+01
-1.443248532289628794e-02 -6.738383299937521542e+01
-1.394324853228963434e-02 -6.795294790270132523e+01
-1.345401174168298075e-02 -6.801012347434478045e+01
-1.296477495107632716e-02 -6.867915000152420646e+01
-1.247553816046967357e-02 -6.887751388993814317e+01
-1.198630136986301997e-02 -6.785338080817881234e+01
-1.149706457925636638e-02 -6.746422442735705260e+01
-1.100782778864971279e-02 -6.769487452447134501e+01
-1.051859099804305919e-02 -6.720494641494556731e+01
-1.002935420743640560e-02 -6.648200341811465819e+01
-9.540117416829752006e-03 -6.583323858225763558e+01
-9.050880626223098413e-03 -6.653951691973949778e+01
-8.561643835616444820e-03 -6.697381807966857536e+01
-8.072407045009791227e-03 -6.733425406336036190e+01
-7.583170254403137633e-03 -6.704427740983929596e+01
-7.093933463796484040e-03 -6.629140382648026275e+01
-6.604696673189830447e-03 -6.588388045220733602e+01
-6.115459882583176854e-03 -6.589681015658806018e+01
-5.626223091976523261e-03 -6.465326111246822904e+01
-5.136986301369869667e-03 -6.195765892124390462e+01
-4.647749510763216074e-03 -6.003147849546452619e+01
-4.158512720156562481e-03 -6.151607849410915918e+01
-3.669275929549908888e-03 -6.455662023619360923e+01
-3.180039138943255295e-03 -6.471998147751470754e+01
-2.690802348336601701e-03 -6.387869000666306363e+01
-2.201565557729948108e-03 -6.274368710630654533e+01
-1.712328767123294515e-03 -6.271946461282895768e+01
-1.223091976516640922e-03 -6.233851251178501229e+01
-7.338551859099873287e-04 -5.940810554351752160e+01
-2.446183953033337355e-04 -5.247052774264133035e+01
2.446183953033198577e-04 -4.947294316557514549e+01
7.338551859099595731e-04 -5.247052774264133035e+01
1.223091976516627044e-03 -5.940810554351752160e+01
1.712328767123294515e-03 -6.233851251178501229e+01
2.201565557729934230e-03 -6.271946461282895768e+01
2.690802348336573946e-03 -6.274368710630654533e+01
3.180039138943241417e-03 -6.387869000666306363e+01
3.669275929549908888e-03 -6.471998147751470754e+01
4.158512720156548603e-03 -6.455662023619360923e+01
4.647749510763188319e-03 -6.151607849410916629e+01
5.136986301369855790e-03 -6.003147849546452619e+01
5.626223091976523261e-03 -6.195765892124390462e+01
6.115459882583162976e-03 -6.465326111246822904e+01
6.604696673189802691e-03 -6.589681015658806018e+01
7.093933463796470162e-03 -6.588388045220733602e+01
7.583170254403137633e-03 -6.629140382648026275e+01
8.072407045009777349e-03 -6.704427740983929596e+01
8.561643835616417064e-03 -6.733425406336036190e+01
9.050880626223084535e-03 -6.697381807966857536e+01
9.540117416829752006e-03 -6.653951691973949778e+01
1.002935420743639172e-02 -6.583323858225763558e+01
1.051859099804303144e-02 -6.648200341811465819e+01
1.100782778864969891e-02 -6.720494641494556731e+01
1.149706457925636638e-02 -6.769487452447134501e+01
1.198630136986300609e-02 -6.746422442735705260e+01
1.247553816046964581e-02 -6.785338080817881234e+01
1.296477495107631328e-02 -6.887751388993814317e+01
1.345401174168298075e-02 -6.867915000152420646e+01
1.394324853228962047e-02 -6.801012347434478045e+01
1.443248532289626018e-02 -6.795294790270132523e+01
1.492172211350292765e-02 -6.738383299937521542e+01
1.541095890410959512e-02 -6.800834993477334933e+01
1.590019569471623484e-02 -6.800458638297179448e+01
1.638943248532287456e-02 -6.825099772313551227e+01
1.687866927592954203e-02 -6.864015939795181964e+01
1.736790606653620950e-02 -6.820880737223011181e+01
1.785714285714284921e-02 -6.870186960475828641e+01
1.834637964774948893e-02 -6.937826926004856887e+01
1.883561643835615640e-02 -6.874870591775422213e+01
1.932485322896282387e-02 -6.684144590685592391e+01
1.981409001956946359e-02 -6.650264308720399242e+01
2.030332681017610330e-02 -6.733185412131072667e+01
2.079256360078277077e-02 -6.734446685556734735e+01
2.128180039138943824e-02 -6.765743628665330789e+01
2.177103718199607796e-02 -6.862767829728244351e+01
2.226027397260271767e-02 -6.807502738178988011e+01
2.274951076320938514e-02 -6.585278967858839394e+01
2.323874755381605262e-02 -6.639357149343970832e+01
2.372798434442269233e-02 -6.788447921233371574e+01
2.421722113502933205e-02 -6.864034801327198920e+01
2.470645792563599952e-02 -6.806872124655284040e+01
2.519569471624266699e-02 -6.798626438891918156e+01
2.568493150684930670e-02 -6.879484703500496323e+01
2.617416829745594642e-02 -6.916243402689399034e+01
2.666340508806261389e-02 -6.909021262601639535e+01
2.715264187866928136e-02 -6.887311649941266012e+01
2.764187866927592108e-02 -6.833652006270162360e+01
2.813111545988256079e-02 -6.669870668541078373e+01
2.862035225048922826e-02 -6.575033901496119881e+01
2.910958904109589573e-02 -6.794621355615269920e+01
2.959882583170253545e-02 -6.860145781492774120e+01
3.008806262230917516e-02 -6.875248191444521240e+01
3.057729941291584264e-02 -6.941582319699290338e+01
3.106653620352251011e-02 -6.974285164790455838e+01
3.155577299412914982e-02 -7.007270491776351662e+01
3.204500978473578954e-02 -6.995926389172734616e+01
3.253424657534245701e-02 -6.891988590825685890e+01
3.302348336594912448e-02 -6.847816046407106683e+01
3.351272015655576419e-02 -6.835868201676376543e+01
3.400195694716240391e-02 -6.698251572378126184e+01
3.449119373776907138e-02 -6.732176137341151900e+01
3.498043052837573885e-02 -6.939372745166497225e+01
3.546966731898237857e-02 -6.951813022056103364e+01
3.595890410958901828e-02 -6.917037087831522513e+01
3.644814090019568575e-02 -6.951364264588231379e+01
3.693737769080235323e-02 -6.991419621543299456e+01
3.742661448140899294e-02 -7.001593804417738909e+01
3.791585127201563266e-02 -7.018235694734113395e+01
3.840508806262230013e-02 -6.952111280947410421e+01
3.889432485322896760e-02 -6.995739139283868724e+01
3.938356164383560731e-02 -6.963128286778336928e+01
3.987279843444224703e-02 -6.919483429352739279e+01
4.036203522504891450e-02 -6.910285541773112072e+01
4.085127201565558197e-02 -6.868606001035831810e+01
4.134050880626222169e-02 -6.948363242085899572e+01
4.182974559686886140e-02 -6.982039555288250199e+01
4.231898238747552887e-02 -6.954590708225252627e+01
4.280821917808219634e-02 -6.938935412533973590e+01
4.329745596868883606e-02 -7.020621049940055514e+01
4.378669275929547577e-02 -7.060804328732146473e+01
4.427592954990214325e-02 -6.979255894590475862e+01
4.476516634050881072e-02 -6.883131409370427889e+01
4.525440313111545043e-02 -6.842133850432891506e+01
4.574363992172209015e-02 -6.792311369152160694e+01
4.623287671232875762e-02 -6.818829577794238617e+01
4.672211350293542509e-02 -6.914412411860503482e+01
4.721135029354206480e-02 -6.970935131090541859e+01
4.770058708414870452e-02 -6.984903735193263685e+01
4.818982387475537199e-02 -6.983936074021070795e+01
4.867906066536203946e-02 -6.957460640270414842e+01
4.916829745596867918e-02 -6.946009863297516063e+01
4.965753424657531889e-02 -6.889710988618043075e+01
5.014677103718198636e-02 -6.877202246837541111e+01
5.063600782778865383e-02 -6.855723616210200078e+01
5.112524461839529355e-02 -6.870317679841450342e+01
5.161448140900193327e-02 -6.884984671511919885e+01
5.210371819960860074e-02 -6.881136444021971954e+01
5.259295499021526821e-02 -6.899434698973777813e+01
5.308219178082190792e-02 -6.951786184600787522e+01
5.357142857142854764e-02 -6.987248943501515441e+01
5.406066536203521511e-02 -7.060237763171728886e+01
5.454990215264188258e-02 -6.981564324684971723e+01
5.503913894324852230e-02 -6.862212310747494826e+01
5.552837573385516201e-02 -6.873417116076781497e+01
5.601761252446182948e-02 -6.809628567875213889e+01
5.650684931506849695e-02 -6.844231215978399518e+01
5.699608610567513667e-02 -6.981333151385283031e+01
5.748532289628177638e-02 -7.002545237186355109e+01
5.797455968688844385e-02 -6.953192357833336246e+01
5.846379647749511133e-02 -6.926253985327640805e+01
5.895303326810175104e-02 -6.874362418584078682e+01
5.944227005870839076e-02 -6.954261035122883072e+01
5.993150684931505823e-02 -7.010823928409968175e+01
6.042074363992172570e-02 -6.932368327110316386e+01
6.090998043052836541e-02 -6.900978066258080901e+01
6.139921722113500513e-02 -6.852582179540371499e+01
6.188845401174167260e-02 -6.905651566828777277e+01
6.237769080234834007e-02 -6.923730977256651897e+01
6.286692759295497979e-02 -6.992928397295196419e+01
6.335616438356161950e-02 -6.888808942422055281e+01
6.384540117416828697e-02 -6.824242836844963733e+01
6.433463796477495444e-02 -6.855610588457227550e+01
6.482387475538159416e-02 -6.758698603072738820e+01
6.531311154598823387e-02 -6.804496495858754201e+01
6.580234833659490135e-02 -6.939807424364272492e+01
6.629158512720156882e-02 -6.921347872686440894e+01
6.678082191780820853e-02 -6.891315041753885851e+01
6.727005870841484825e-02 -6.890394746641443646e+01
6.775929549902151572e-02 -6.883723886705267603e+01
6.824853228962818319e-02 -6.853991847284757455e+01
6.873776908023482290e-02 -6.886389622077207662e+01
6.922700587084146262e-02 -6.926114103953146639e+01
6.971624266144813009e-02 -6.937669317291219784e+01
7.020547945205479756e-02 -6.877508238880804470e+01
7.069471624266143728e-02 -6.928691238479382264e+01
7.118395303326807699e-02 -6.948208723433486966e+01
7.167318982387474446e-02 -6.892358740256722172e+01
7.216242661448141194e-02 -6.899135330702040392e+01
7.265166340508805165e-02 -6.950004611101472562e+01
7.314090019569469137e-02 -6.915956631957286049e+01
7.363013698630135884e-02 -6.963396238679257522e+01
7.411937377690802631e-02 -6.946565162033861895e+01
7.460861056751466602e-02 -6.916243931943746759e+01
7.509784735812130574e-02 -6.919477303981329896e+01
7.558708414872797321e-02 -6.908159338833826268e+01
7.607632093933464068e-02 -6.948288909267220959e+01
7.656555772994128040e-02 -6.899579808781049906e+01
7.705479452054792011e-02 -6.826535377256777792e+01
7.754403131115458758e-02 -6.889194451965515498e+01
7.803326810176125505e-02 -6.911653266156338304e+01
7.852250489236789477e-02 -6.920484417726326853e+01
7.901174168297453448e-02 -6.915115176604311387e+01
7.950097847358120196e-02 -6.882793014641771379e+01
7.999021526418786943e-02 -6.912565383215368797e+01
8.047945205479450914e-02 -6.958595113105236862e+01
8.096868884540114886e-02 -6.899549687763709471e+01
8.145792563600781633e-02 -6.898452119298043783e+01
8.194716242661448380e-02 -6.921453433110320930e+01
8.243639921722112351e-02 -6.933819671989348876e+01
8.292563600782776323e-02 -6.953691734824518278e+01
8.341487279843443070e-02 -6.931487479383787331e+01
8.390410958904109817e-02 -6.942904041274678661e+01
8.439334637964773789e-02 -6.915632790164013954e+01
8.488258317025437760e-02 -6.909244532593538679e+01
8.537181996086104507e-02 -6.927165472306135996e+01
8.586105675146771254e-02 -6.949674893323094693e+01
8.635029354207435226e-02 -6.881239154665092883e+01
8.683953033268099198e-02 -6.853372205478137857e+01
8.732876712328765945e-02 -6.862599815735462983e+01
8.781800391389432692e-02 -6.856621921645695750e+01
8.830724070450096663e-02 -6.801025779556911743e+01
8.879647749510760635e-02 -6.821394068135886357e+01
8.928571428571427382e-02 -6.873259869792083521e+01
8.977495107632094129e-02 -6.808074774998867440e+01
9.026418786692758101e-02 -6.832599931555610340e+01
9.075342465753422072e-02 -6.821482318508606113e+01
9.124266144814088819e-02 -6.816913780601085193e+01
9.173189823874755566e-02 -6.814977718255049410e+01
9.222113502935419538e-02 -6.850928878487235352e+01
9.271037181996083509e-02 -6.806367413963501178e+01
9.319960861056750256e-02 -6.771564728442220371e+01
9.368884540117417004e-02 -6.789028477357562963e+01
9.417808219178080975e-02 -6.796617525847543106e+01
9.466731898238744947e-02 -6.806182022773944595e+01
9.515655577299411694e-02 -6.814262141365153980e+01
9.564579256360078441e-02 -6.767465529698165483e+01
9.613502935420742412e-02 -6.725044118151134853e+01
9.662426614481406384e-02 -6.771694242786945495e+01
9.711350293542073131e-02 -6.844578593134008315e+01
9.760273972602739878e-02 -6.808542168102820824e+01
9.809197651663403850e-02 -6.809677653366924233e+01
9.858121330724067821e-02 -6.866186815544055833e+01
9.907045009784734568e-02 -6.867589305875131345e+01
9.955968688845401315e-02 -6.815310104886228260e+01
1.000489236790606529e-01 -6.842087573267592404e+01
1.005381604696672926e-01 -6.773110384607642231e+01
1.010273972602739601e-01 -6.726065608357907877e+01
1.015166340508806275e-01 -6.744302589556249927e+01
1.020058708414872672e-01 -6.795898595998610858e+01
1.024951076320939070e-01 -6.787071978581042231e+01
1.029843444227005744e-01 -6.885553454009070151e+01
1.034735812133072419e-01 -6.868972442021090785e+01
1.039628180039138816e-01 -6.785705264897644895e+01
1.044520547945205213e-01 -6.762762741866838212e+01
1.049412915851271888e-01 -6.781119960906968913e+01
1.054305283757338563e-01 -6.697742696694250242e+01
1.059197651663404960e-01 -6.662284021465943340e+01
1.064090019569471357e-01 -6.701931820214286972e+01
1.068982387475538032e-01 -6.714365618718294115e+01
1.073874755381604706e-01 -6.659794783547496877e+01
1.078767123287671104e-01 -6.749676818479295548e+01
1.083659491193737501e-01 -6.782829255958986892e+01
1.088551859099804175e-01 -6.798618167728280071e+01
1.093444227005870850e-01 -6.785442057983387087e+01
1.098336594911937247e-01 -6.749451205400063714e+01
1.103228962818003644e-01 -6.732862094523456165e+01
1.108121330724070319e-01 -6.743455391521656850e+01
1.113013698630136994e-01 -6.749282177955747386e+01
1.117906066536203391e-01 -6.703160219535172359e+01
1.122798434442269788e-01 -6.653034696972017059e+01
1.127690802348336463e-01 -6.662992414561853138e+01
1.132583170254403138e-01 -6.717590029713196031e+01
1.137475538160469535e-01 -6.699119702940438970e+01
1.142367906066535932e-01 -6.715100273606671522e+01
1.147260273972602607e-01 -6.725994663036740917e+01
1.152152641878669281e-01 -6.763148874608778272e+01
1.157045009784735679e-01 -6.778141199182027776e+01
1.161937377690802076e-01 -6.789923523305240849e+01
1.166829745596868750e-01 -6.679525681329802467e+01
1.171722113502935425e-01 -6.600203480847247306e+01
1.176614481409001822e-01 -6.644320982949940912e+01
1.181506849315068219e-01 -6.614708335543772932e+01
1.186399217221134894e-01 -6.639569893283292856e+01
1.191291585127201569e-01 -6.663225033962461907e+01
1.196183953033267966e-01 -6.640755983950833752e+01
1.201076320939334363e-01 -6.614825179772714137e+01
1.205968688845401038e-01 -6.582981642862358740e+01
1.210861056751467713e-01 -6.605664002471519325e+01
1.215753424657534110e-01 -6.651212789132276271e+01
1.220645792563600507e-01 -6.692495789583242072e+01
1.225538160469667182e-01 -6.628568856868574244e+01
1.230430528375733856e-01 -6.545752843352126149e+01
1.235322896281800253e-01 -6.613317116171606358e+01
1.240215264187866651e-01 -6.670141691528246497e+01
1.245107632093933325e-01 -6.706314599080540972e+01
1.250000000000000000e-01 -6.689350382439884868e+01
