-1.250000000000000000e-01 -6.656374359130859375e+01
-1.245107632093933464e-01 -6.698474121093750000e+01
-1.240215264187866928e-01 -6.698576354980468750e+01
-1.235322896281800392e-01 -6.642582702636718750e+01
-1.230430528375733856e-01 -6.586283111572265625e+01
-1.225538160469667320e-01 -6.527333068847656250e+01
-1.220645792563600784e-01 -6.597956848144531250e+01
-1.215753424657534248e-01 -6.676754760742187500e+01
-1.210861056751467713e-01 -6.644738769531250000e+01
-1.205968688845401177e-01 -6.602394866943359375e+01
-1.201076320939334641e-01 -6.592270660400390625e+01
-1.196183953033268105e-01 -6.591430664062500000e+01
-1.191291585127201569e-01 -6.600614166259765625e+01
-1.186399217221135033e-01 -6.622007751464843750e+01
-1.181506849315068497e-01 -6.606079864501953125e+01
-1.176614481409001961e-01 -6.592698669433593750e+01
-1.171722113502935425e-01 -6.639103698730468750e+01
-1.166829745596868889e-01 -6.608921813964843750e+01
-1.161937377690802353e-01 -6.689123535156250000e+01
-1.157045009784735817e-01 -6.779380035400390625e+01
-1.152152641878669281e-01 -6.763542938232421875e+01
-1.147260273972602745e-01 -6.764859008789062500e+01
-1.142367906066536209e-01 -6.730185699462890625e+01
-1.137475538160469674e-01 -6.695027923583984375e+01
-1.132583170254403138e-01 -6.676041412353515625e+01
-1.127690802348336602e-01 -6.674018859863281250e+01
-1.122798434442270066e-01 -6.626608276367187500e+01
-1.117906066536203530e-01 -6.628722381591796875e+01
-1.113013698630136994e-01 -6.690997314453125000e+01
-1.108121330724070458e-01 -6.725012969970703125e+01
-1.103228962818003922e-01 -6.743397521972656250e+01
-1.098336594911937386e-01 -6.758478546142578125e+01
-1.093444227005870850e-01 -6.761647796630859375e+01
-1.088551859099804314e-01 -6.776625823974609375e+01
-1.083659491193737778e-01 -6.789260101318359375e+01
-1.078767123287671242e-01 -6.776026916503906250e+01
-1.073874755381604706e-01 -6.759477996826171875e+01
-1.068982387475538171e-01 -6.666712951660156250e+01
-1.064090019569471635e-01 -6.686416625976562500e+01
-1.059197651663405099e-01 -6.676222229003906250e+01
-1.054305283757338563e-01 -6.628721618652343750e+01
-1.049412915851272027e-01 -6.656747436523437500e+01
-1.044520547945205491e-01 -6.753109741210937500e+01
-1.039628180039138955e-01 -6.750736999511718750e+01
-1.034735812133072419e-01 -6.766991424560546875e+01
-1.029843444227005883e-01 -6.833155822753906250e+01
-1.024951076320939347e-01 -6.841792297363281250e+01
-1.020058708414872811e-01 -6.758972167968750000e+01
-1.015166340508806275e-01 -6.761666107177734375e+01
-1.010273972602739739e-01 -6.742115020751953125e+01
-1.005381604696673203e-01 -6.739925384521484375e+01
-1.000489236790606667e-01 -6.780426788330078125e+01
-9.955968688845401315e-02 -6.817903137207031250e+01
-9.907045009784735956e-02 -6.795106506347656250e+01
-9.858121330724070597e-02 -6.855700683593750000e+01
-9.809197651663405237e-02 -6.861874389648437500e+01
-9.760273972602739878e-02 -6.812322998046875000e+01
-9.711350293542074519e-02 -6.801190185546875000e+01
-9.662426614481409159e-02 -6.828556823730468750e+01
-9.613502935420743800e-02 -6.778369903564453125e+01
-9.564579256360078441e-02 -6.718901824951171875e+01
-9.515655577299413082e-02 -6.750809478759765625e+01
-9.466731898238747722e-02 -6.795309448242187500e+01
-9.417808219178082363e-02 -6.804782104492187500e+01
-9.368884540117417004e-02 -6.768275451660156250e+01
-9.319960861056751644e-02 -6.738535308837890625e+01
-9.271037181996086285e-02 -6.712525177001953125e+01
-9.222113502935420926e-02 -6.750216674804687500e+01
-9.173189823874755566e-02 -6.812675476074218750e+01
-9.124266144814090207e-02 -6.782424163818359375e+01
-9.075342465753424848e-02 -6.772224426269531250e+01
-9.026418786692759488e-02 -6.785685729980468750e+01
-8.977495107632094129e-02 -6.792046356201171875e+01
-8.928571428571428770e-02 -6.787290954589843750e+01
-8.879647749510763410e-02 -6.856889343261718750e+01
-8.830724070450098051e-02 -6.815734100341796875e+01
-8.781800391389432692e-02 -6.793868255615234375e+01
-8.732876712328767332e-02 -6.887509155273437500e+01
-8.683953033268101973e-02 -6.871555328369140625e+01
-8.635029354207436614e-02 -6.867110443115234375e+01
-8.586105675146771254e-02 -6.853701019287109375e+01
-8.537181996086105895e-02 -6.904717254638671875e+01
-8.488258317025440536e-02 -6.888726043701171875e+01
-8.439334637964775176e-02 -6.899222564697265625e+01
-8.390410958904109817e-02 -6.889293670654296875e+01
-8.341487279843444458e-02 -6.918123626708984375e+01
-8.292563600782779099e-02 -6.944712066650390625e+01
-8.243639921722113739e-02 -6.925150299072265625e+01
-8.194716242661448380e-02 -6.881666564941406250e+01
-8.145792563600783021e-02 -6.872644042968750000e+01
-8.096868884540117661e-02 -6.845797729492187500e+01
-8.047945205479452302e-02 -6.832981109619140625e+01
-7.999021526418786943e-02 -6.870053863525390625e+01
-7.950097847358121583e-02 -6.834435272216796875e+01
-7.901174168297456224e-02 -6.854407501220703125e+01
-7.852250489236790865e-02 -6.920841979980468750e+01
-7.803326810176125505e-02 -6.851253509521484375e+01
-7.754403131115460146e-02 -6.817501068115234375e+01
-7.705479452054794787e-02 -6.809593963623046875e+01
-7.656555772994129427e-02 -6.756355285644531250e+01
-7.607632093933464068e-02 -6.813632965087890625e+01
-7.558708414872798709e-02 -6.913644409179687500e+01
-7.509784735812133349e-02 -6.858975219726562500e+01
-7.460861056751467990e-02 -6.823663330078125000e+01
-7.411937377690802631e-02 -6.843199920654296875e+01
-7.363013698630137271e-02 -6.887815093994140625e+01
-7.314090019569471912e-02 -6.923403167724609375e+01
-7.265166340508806553e-02 -6.906426239013671875e+01
-7.216242661448141194e-02 -6.908512878417968750e+01
-7.167318982387475834e-02 -6.831628417968750000e+01
-7.118395303326810475e-02 -6.822012329101562500e+01
-7.069471624266145116e-02 -6.863447570800781250e+01
-7.020547945205479756e-02 -6.860919952392578125e+01
-6.971624266144814397e-02 -6.818103790283203125e+01
-6.922700587084149038e-02 -6.895505523681640625e+01
-6.873776908023483678e-02 -6.908837127685546875e+01
-6.824853228962818319e-02 -6.886173248291015625e+01
-6.775929549902152960e-02 -6.822846221923828125e+01
-6.727005870841487600e-02 -6.798039245605468750e+01
-6.678082191780822241e-02 -6.795173645019531250e+01
-6.629158512720156882e-02 -6.776406860351562500e+01
-6.580234833659491522e-02 -6.776956939697265625e+01
-6.531311154598826163e-02 -6.810946655273437500e+01
-6.482387475538160804e-02 -6.715602111816406250e+01
-6.433463796477495444e-02 -6.670943450927734375e+01
-6.384540117416830085e-02 -6.770156097412109375e+01
-6.335616438356164726e-02 -6.761122131347656250e+01
-6.286692759295499366e-02 -6.787461090087890625e+01
-6.237769080234834007e-02 -6.857344818115234375e+01
-6.188845401174168648e-02 -6.797221374511718750e+01
-6.139921722113503288e-02 -6.782125091552734375e+01
-6.090998043052837929e-02 -6.785183715820312500e+01
-6.042074363992172570e-02 -6.849357604980468750e+01
-5.993150684931507211e-02 -6.937483215332031250e+01
-5.944227005870841851e-02 -6.957171630859375000e+01
-5.895303326810176492e-02 -6.823876190185546875e+01
-5.846379647749511133e-02 -6.761783599853515625e+01
-5.797455968688845773e-02 -6.821546173095703125e+01
-5.748532289628180414e-02 -6.821809387207031250e+01
-5.699608610567515055e-02 -6.814337921142578125e+01
-5.650684931506849695e-02 -6.816715240478515625e+01
-5.601761252446184336e-02 -6.760343933105468750e+01
-5.552837573385518977e-02 -6.746258544921875000e+01
-5.503913894324853617e-02 -6.847913360595703125e+01
-5.454990215264188258e-02 -6.791484069824218750e+01
-5.406066536203522899e-02 -6.831820678710937500e+01
-5.357142857142857539e-02 -6.890480041503906250e+01
-5.308219178082192180e-02 -6.809819793701171875e+01
-5.259295499021526821e-02 -6.793883514404296875e+01
-5.210371819960861461e-02 -6.858454895019531250e+01
-5.161448140900196102e-02 -6.851710510253906250e+01
-5.112524461839530743e-02 -6.824904632568359375e+01
-5.063600782778865383e-02 -6.756720733642578125e+01
-5.014677103718200024e-02 -6.723162841796875000e+01
-4.965753424657534665e-02 -6.773011016845703125e+01
-4.916829745596869305e-02 -6.748465728759765625e+01
-4.867906066536203946e-02 -6.754274749755859375e+01
-4.818982387475538587e-02 -6.748210144042968750e+01
-4.770058708414873228e-02 -6.798851776123046875e+01
-4.721135029354207868e-02 -6.832017517089843750e+01
-4.672211350293542509e-02 -6.815884399414062500e+01
-4.623287671232877150e-02 -6.805023956298828125e+01
-4.574363992172211790e-02 -6.764451599121093750e+01
-4.525440313111546431e-02 -6.689781951904296875e+01
-4.476516634050881072e-02 -6.692482757568359375e+01
-4.427592954990215712e-02 -6.706414794921875000e+01
-4.378669275929550353e-02 -6.820641326904296875e+01
-4.329745596868884994e-02 -6.866933441162109375e+01
-4.280821917808219634e-02 -6.847891235351562500e+01
-4.231898238747554275e-02 -6.784340667724609375e+01
-4.182974559686888916e-02 -6.757205200195312500e+01
-4.134050880626223556e-02 -6.810703277587890625e+01
-4.085127201565558197e-02 -6.783431243896484375e+01
-4.036203522504892838e-02 -6.629136657714843750e+01
-3.987279843444227478e-02 -6.699751281738281250e+01
-3.938356164383562119e-02 -6.766808319091796875e+01
-3.889432485322896760e-02 -6.777378845214843750e+01
-3.840508806262231400e-02 -6.766950988769531250e+01
-3.791585127201566041e-02 -6.745772552490234375e+01
-3.742661448140900682e-02 -6.749970245361328125e+01
-3.693737769080235323e-02 -6.788771057128906250e+01
-3.644814090019569963e-02 -6.782848358154296875e+01
-3.595890410958904604e-02 -6.728621673583984375e+01
-3.546966731898239245e-02 -6.752174377441406250e+01
-3.498043052837573885e-02 -6.831491088867187500e+01
-3.449119373776908526e-02 -6.848950195312500000e+01
-3.400195694716243167e-02 -6.620268249511718750e+01
-3.351272015655577807e-02 -6.576233673095703125e+01
-3.302348336594912448e-02 -6.722164154052734375e+01
-3.253424657534247089e-02 -6.753208923339843750e+01
-3.204500978473581729e-02 -6.761840057373046875e+01
-3.155577299412916370e-02 -6.804150390625000000e+01
-3.106653620352251011e-02 -6.786988067626953125e+01
-3.057729941291585651e-02 -6.769020080566406250e+01
-3.008806262230920292e-02 -6.709800720214843750e+01
-2.959882583170254933e-02 -6.598011779785156250e+01
-2.910958904109589573e-02 -6.683918762207031250e+01
-2.862035225048924214e-02 -6.730428314208984375e+01
-2.813111545988258855e-02 -6.527388763427734375e+01
-2.764187866927593495e-02 -6.574150085449218750e+01
-2.715264187866928136e-02 -6.696958923339843750e+01
-2.666340508806262777e-02 -6.708103942871093750e+01
-2.617416829745597417e-02 -6.746675872802734375e+01
-2.568493150684932058e-02 -6.756726074218750000e+01
-2.519569471624266699e-02 -6.667997741699218750e+01
-2.470645792563601340e-02 -6.622786712646484375e+01
-2.421722113502935980e-02 -6.702000427246093750e+01
-2.372798434442270621e-02 -6.834030914306640625e+01
-2.323874755381605262e-02 -6.785073089599609375e+01
-2.274951076320939902e-02 -6.567752075195312500e+01
-2.226027397260274543e-02 -6.529694366455078125e+01
-2.177103718199609184e-02 -6.743369293212890625e+01
-2.128180039138943824e-02 -6.790143585205078125e+01
-2.079256360078278465e-02 -6.775068664550781250e+01
-2.030332681017613106e-02 -6.794133758544921875e+01
-1.981409001956947746e-02 -6.810711669921875000e+01
-1.932485322896282387e-02 -6.737796020507812500e+01
-1.883561643835617028e-02 -6.733378601074218750e+01
-1.834637964774951668e-02 -6.811595153808593750e+01
-1.785714285714286309e-02 -6.825531768798828125e+01
-1.736790606653620950e-02 -6.787158203125000000e+01
-1.687866927592955590e-02 -6.792977905273437500e+01
-1.638943248532290231e-02 -6.935202026367187500e+01
-1.590019569471624872e-02 -6.904618835449218750e+01
-1.541095890410959512e-02 -6.868743133544921875e+01
-1.492172211350294153e-02 -6.896765899658203125e+01
-1.443248532289628794e-02 -6.898053741455078125e+01
-1.394324853228963434e-02 -6.895041656494140625e+01
-1.345401174168298075e-02 -6.946135711669921875e+01
-1.296477495107632716e-02 -6.983312988281250000e+01
-1.247553816046967357e-02 -6.899725341796875000e+01
-1.198630136986301997e-02 -6.833516693115234375e+01
-1.149706457925636638e-02 -6.834076690673828125e+01
-1.100782778864971279e-02 -6.942012786865234375e+01
-1.051859099804305919e-02 -6.878668212890625000e+01
-1.002935420743640560e-02 -6.803276824951171875e+01
-9.540117416829752006e-03 -6.758270263671875000e+01
-9.050880626223098413e-03 -6.878302001953125000e+01
-8.561643835616444820e-03 -6.866813659667968750e+01
-8.072407045009791227e-03 -6.873217010498046875e+01
-7.583170254403137633e-03 -6.855257415771484375e+01
-7.093933463796484040e-03 -6.782609558105468750e+01
-6.604696673189830447e-03 -6.762343597412109375e+01
-6.115459882583176854e-03 -6.766188049316406250e+01
-5.626223091976523261e-03 -6.542478942871093750e+01
-5.136986301369869667e-03 -6.187289810180664062e+01
-4.647749510763216074e-03 -6.001711273193359375e+01
-4.158512720156562481e-03 -6.175283813476562500e+01
-3.669275929549908888e-03 -6.506797790527343750e+01
-3.180039138943255295e-03 -6.612835693359375000e+01
-2.690802348336601701e-03 -6.597261810302734375e+01
-2.201565557729948108e-03 -6.423123168945312500e+01
-1.712328767123294515e-03 -6.363422393798828125e+01
-1.223091976516640922e-03 -6.361322784423828125e+01
-7.338551859099873287e-04 -6.039451980590820312e+01
-2.446183953033337355e-04 -5.268753814697265625e+01
2.446183953033198577e-04 -4.959897613525390625e+01
7.338551859099595731e-04 -5.268753814697265625e+01
1.223091976516627044e-03 -6.039451980590820312e+01
1.712328767123294515e-03 -6.361322784423828125e+01
2.201565557729934230e-03 -6.363422393798828125e+01
2.690802348336573946e-03 -6.423123168945312500e+01
3.180039138943241417e-03 -6.597261810302734375e+01
3.669275929549908888e-03 -6.612835693359375000e+01
4.158512720156548603e-03 -6.506797790527343750e+01
4.647749510763188319e-03 -6.175283813476562500e+01
5.136986301369855790e-03 -6.001711273193359375e+01
5.626223091976523261e-03 -6.187289810180664062e+01
6.115459882583162976e-03 -6.542478942871093750e+01
6.604696673189802691e-03 -6.766188049316406250e+01
7.093933463796470162e-03 -6.762343597412109375e+01
7.583170254403137633e-03 -6.782609558105468750e+01
8.072407045009777349e-03 -6.855257415771484375e+01
8.561643835616417064e-03 -6.873217010498046875e+01
9.050880626223084535e-03 -6.866813659667968750e+01
9.540117416829752006e-03 -6.878302001953125000e+01
1.002935420743639172e-02 -6.758270263671875000e+01
1.051859099804303144e-02 -6.803276824951171875e+01
1.100782778864969891e-02 -6.878668212890625000e+01
1.149706457925636638e-02 -6.942012786865234375e+01
1.198630136986300609e-02 -6.834076690673828125e+01
1.247553816046964581e-02 -6.833516693115234375e+01
1.296477495107631328e-02 -6.899725341796875000e+01
1.345401174168298075e-02 -6.983312988281250000e+01
1.394324853228962047e-02 -6.946135711669921875e+01
1.443248532289626018e-02 -6.895041656494140625e+01
1.492172211350292765e-02 -6.898053741455078125e+01
1.541095890410959512e-02 -6.896765899658203125e+01
1.590019569471623484e-02 -6.868743133544921875e+01
1.638943248532287456e-02 -6.904618835449218750e+01
1.687866927592954203e-02 -6.935202789306640625e+01
1.736790606653620950e-02 -6.792977905273437500e+01
1.785714285714284921e-02 -6.787158203125000000e+01
1.834637964774948893e-02 -6.825531768798828125e+01
1.883561643835615640e-02 -6.811595153808593750e+01
1.932485322896282387e-02 -6.733378601074218750e+01
1.981409001956946359e-02 -6.737796020507812500e+01
2.030332681017610330e-02 -6.810711669921875000e+01
2.079256360078277077e-02 -6.794133758544921875e+01
2.128180039138943824e-02 -6.775068664550781250e+01
2.177103718199607796e-02 -6.790143585205078125e+01
2.226027397260271767e-02 -6.743369293212890625e+01
2.274951076320938514e-02 -6.529694366455078125e+01
2.323874755381605262e-02 -6.567752075195312500e+01
2.372798434442269233e-02 -6.785073089599609375e+01
2.421722113502933205e-02 -6.834030914306640625e+01
2.470645792563599952e-02 -6.702000427246093750e+01
2.519569471624266699e-02 -6.622786712646484375e+01
2.568493150684930670e-02 -6.667997741699218750e+01
2.617416829745594642e-02 -6.756726074218750000e+01
2.666340508806261389e-02 -6.746675872802734375e+01
2.715264187866928136e-02 -6.708103942871093750e+01
2.764187866927592108e-02 -6.696958923339843750e+01
2.813111545988256079e-02 -6.574150085449218750e+01
2.862035225048922826e-02 -6.527388763427734375e+01
2.910958904109589573e-02 -6.730428314208984375e+01
2.959882583170253545e-02 -6.683918762207031250e+01
3.008806262230917516e-02 -6.598011779785156250e+01
3.057729941291584264e-02 -6.709800720214843750e+01
3.106653620352251011e-02 -6.769020080566406250e+01
3.155577299412914982e-02 -6.786988067626953125e+01
3.204500978473578954e-02 -6.804150390625000000e+01
3.253424657534245701e-02 -6.761840057373046875e+01
3.302348336594912448e-02 -6.753208923339843750e+01
3.351272015655576419e-02 -6.722164154052734375e+01
3.400195694716240391e-02 -6.576233673095703125e+01
3.449119373776907138e-02 -6.620268249511718750e+01
3.498043052837573885e-02 -6.848950195312500000e+01
3.546966731898237857e-02 -6.831491088867187500e+01
3.595890410958901828e-02 -6.752174377441406250e+01
3.644814090019568575e-02 -6.728621673583984375e+01
3.693737769080235323e-02 -6.782848358154296875e+01
3.742661448140899294e-02 -6.788771057128906250e+01
3.791585127201563266e-02 -6.749970245361328125e+01
3.840508806262230013e-02 -6.745772552490234375e+01
3.889432485322896760e-02 -6.766950988769531250e+01
3.938356164383560731e-02 -6.777378845214843750e+01
3.987279843444224703e-02 -6.766808319091796875e+01
4.036203522504891450e-02 -6.699751281738281250e+01
4.085127201565558197e-02 -6.629136657714843750e+01
4.134050880626222169e-02 -6.783431243896484375e+01
4.182974559686886140e-02 -6.810703277587890625e+01
4.231898238747552887e-02 -6.757205200195312500e+01
4.280821917808219634e-02 -6.784340667724609375e+01
4.329745596868883606e-02 -6.847891235351562500e+01
4.378669275929547577e-02 -6.866933441162109375e+01
4.427592954990214325e-02 -6.820641326904296875e+01
4.476516634050881072e-02 -6.706414794921875000e+01
4.525440313111545043e-02 -6.692482757568359375e+01
4.574363992172209015e-02 -6.689781951904296875e+01
4.623287671232875762e-02 -6.764451599121093750e+01
4.672211350293542509e-02 -6.805023956298828125e+01
4.721135029354206480e-02 -6.815884399414062500e+01
4.770058708414870452e-02 -6.832017517089843750e+01
4.818982387475537199e-02 -6.798851776123046875e+01
4.867906066536203946e-02 -6.748210144042968750e+01
4.916829745596867918e-02 -6.754274749755859375e+01
4.965753424657531889e-02 -6.748465728759765625e+01
5.014677103718198636e-02 -6.773011016845703125e+01
5.063600782778865383e-02 -6.723162841796875000e+01
5.112524461839529355e-02 -6.756720733642578125e+01
5.161448140900193327e-02 -6.824904632568359375e+01
5.210371819960860074e-02 -6.851710510253906250e+01
5.259295499021526821e-02 -6.858454895019531250e+01
5.308219178082190792e-02 -6.793883514404296875e+01
5.357142857142854764e-02 -6.809819793701171875e+01
5.406066536203521511e-02 -6.890480041503906250e+01
5.454990215264188258e-02 -6.831820678710937500e+01
5.503913894324852230e-02 -6.791484069824218750e+01
5.552837573385516201e-02 -6.847913360595703125e+01
5.601761252446182948e-02 -6.746258544921875000e+01
5.650684931506849695e-02 -6.760343933105468750e+01
5.699608610567513667e-02 -6.816715240478515625e+01
5.748532289628177638e-02 -6.814337921142578125e+01
5.797455968688844385e-02 -6.821809387207031250e+01
5.846379647749511133e-02 -6.821546936035156250e+01
5.895303326810175104e-02 -6.761783599853515625e+01
5.944227005870839076e-02 -6.823876190185546875e+01
5.993150684931505823e-02 -6.957171630859375000e+01
6.042074363992172570e-02 -6.937483215332031250e+01
6.090998043052836541e-02 -6.849357604980468750e+01
6.139921722113500513e-02 -6.785183715820312500e+01
6.188845401174167260e-02 -6.782125854492187500e+01
6.237769080234834007e-02 -6.797221374511718750e+01
6.286692759295497979e-02 -6.857344818115234375e+01
6.335616438356161950e-02 -6.787461090087890625e+01
6.384540117416828697e-02 -6.761122131347656250e+01
6.433463796477495444e-02 -6.770156097412109375e+01
6.482387475538159416e-02 -6.670943450927734375e+01
6.531311154598823387e-02 -6.715602111816406250e+01
6.580234833659490135e-02 -6.810946655273437500e+01
6.629158512720156882e-02 -6.776957702636718750e+01
6.678082191780820853e-02 -6.776407623291015625e+01
6.727005870841484825e-02 -6.795173645019531250e+01
6.775929549902151572e-02 -6.798039245605468750e+01
6.824853228962818319e-02 -6.822846221923828125e+01
6.873776908023482290e-02 -6.886173248291015625e+01
6.922700587084146262e-02 -6.908837127685546875e+01
6.971624266144813009e-02 -6.895505523681640625e+01
7.020547945205479756e-02 -6.818103790283203125e+01
7.069471624266143728e-02 -6.860919952392578125e+01
7.118395303326807699e-02 -6.863447570800781250e+01
7.167318982387474446e-02 -6.822012329101562500e+01
7.216242661448141194e-02 -6.831628417968750000e+01
7.265166340508805165e-02 -6.908513641357421875e+01
7.314090019569469137e-02 -6.906426239013671875e+01
7.363013698630135884e-02 -6.923403167724609375e+01
7.411937377690802631e-02 -6.887815093994140625e+01
7.460861056751466602e-02 -6.843199920654296875e+01
7.509784735812130574e-02 -6.823663330078125000e+01
7.558708414872797321e-02 -6.858975219726562500e+01
7.607632093933464068e-02 -6.913644409179687500e+01
7.656555772994128040e-02 -6.813632965087890625e+01
7.705479452054792011e-02 -6.756355285644531250e+01
7.754403131115458758e-02 -6.809593963623046875e+01
7.803326810176125505e-02 -6.817501068115234375e+01
7.852250489236789477e-02 -6.851252746582031250e+01
7.901174168297453448e-02 -6.920841979980468750e+01
7.950097847358120196e-02 -6.854407501220703125e+01
7.999021526418786943e-02 -6.834435272216796875e+01
8.047945205479450914e-02 -6.870053863525390625e+01
8.096868884540114886e-02 -6.832980346679687500e+01
8.145792563600781633e-02 -6.845797729492187500e+01
8.194716242661448380e-02 -6.872644042968750000e+01
8.243639921722112351e-02 -6.881666564941406250e+01
8.292563600782776323e-02 -6.925150299072265625e+01
8.341487279843443070e-02 -6.944711303710937500e+01
8.390410958904109817e-02 -6.918123626708984375e+01
8.439334637964773789e-02 -6.889293670654296875e+01
8.488258317025437760e-02 -6.899222564697265625e+01
8.537181996086104507e-02 -6.888726043701171875e+01
8.586105675146771254e-02 -6.904717254638671875e+01
8.635029354207435226e-02 -6.853701019287109375e+01
8.683953033268099198e-02 -6.867110443115234375e+01
8.732876712328765945e-02 -6.871555328369140625e+01
8.781800391389432692e-02 -6.887509155273437500e+01
8.830724070450096663e-02 -6.793869018554687500e+01
8.879647749510760635e-02 -6.815734100341796875e+01
8.928571428571427382e-02 -6.856889343261718750e+01
8.977495107632094129e-02 -6.787290954589843750e+01
9.026418786692758101e-02 -6.792046356201171875e+01
9.075342465753422072e-02 -6.785685729980468750e+01
9.124266144814088819e-02 -6.772224426269531250e+01
9.173189823874755566e-02 -6.782424163818359375e+01
9.222113502935419538e-02 -6.812675476074218750e+01
9.271037181996083509e-02 -6.750216674804687500e+01
9.319960861056750256e-02 -6.712525177001953125e+01
9.368884540117417004e-02 -6.738535308837890625e+01
9.417808219178080975e-02 -6.768275451660156250e+01
9.466731898238744947e-02 -6.804782104492187500e+01
9.515655577299411694e-02 -6.795309448242187500e+01
9.564579256360078441e-02 -6.750809478759765625e+01
9.613502935420742412e-02 -6.718901824951171875e+01
9.662426614481406384e-02 -6.778369903564453125e+01
9.711350293542073131e-02 -6.828556060791015625e+01
9.760273972602739878e-02 -6.801190185546875000e+01
9.809197651663403850e-02 -6.812322998046875000e+01
9.858121330724067821e-02 -6.861874389648437500e+01
9.907045009784734568e-02 -6.855700683593750000e+01
9.955968688845401315e-02 -6.795105743408203125e+01
1.000489236790606529e-01 -6.817903137207031250e+01
1.005381604696672926e-01 -6.780426788330078125e+01
1.010273972602739601e-01 -6.739925384521484375e+01
1.015166340508806275e-01 -6.742115020751953125e+01
1.020058708414872672e-01 -6.761666107177734375e+01
1.024951076320939070e-01 -6.758972167968750000e+01
1.029843444227005744e-01 -6.841792297363281250e+01
1.034735812133072419e-01 -6.833155822753906250e+01
1.039628180039138816e-01 -6.766991424560546875e+01
1.044520547945205213e-01 -6.750736999511718750e+01
1.049412915851271888e-01 -6.753109741210937500e+01
1.054305283757338563e-01 -6.656747436523437500e+01
1.059197651663404960e-01 -6.628721618652343750e+01
1.064090019569471357e-01 -6.676222229003906250e+01
1.068982387475538032e-01 -6.686416625976562500e+01
1.073874755381604706e-01 -6.666712951660156250e+01
1.078767123287671104e-01 -6.759477996826171875e+01
1.083659491193737501e-01 -6.776026916503906250e+01
1.088551859099804175e-01 -6.789260101318359375e+01
1.093444227005870850e-01 -6.776625823974609375e+01
1.098336594911937247e-01 -6.761647796630859375e+01
1.103228962818003644e-01 -6.758478546142578125e+01
1.108121330724070319e-01 -6.743397521972656250e+01
1.113013698630136994e-01 -6.725012969970703125e+01
1.117906066536203391e-01 -6.690997314453125000e+01
1.122798434442269788e-01 -6.628722381591796875e+01
1.127690802348336463e-01 -6.626608276367187500e+01
1.132583170254403138e-01 -6.674018859863281250e+01
1.137475538160469535e-01 -6.676041412353515625e+01
1.142367906066535932e-01 -6.695027923583984375e+01
1.147260273972602607e-01 -6.730185699462890625e+01
1.152152641878669281e-01 -6.764859008789062500e+01
1.157045009784735679e-01 -6.763542938232421875e+01
1.161937377690802076e-01 -6.779380035400390625e+01
1.166829745596868750e-01 -6.689123535156250000e+01
1.171722113502935425e-01 -6.608921813964843750e+01
1.176614481409001822e-01 -6.639104461669921875e+01
1.181506849315068219e-01 -6.592698669433593750e+01
1.186399217221134894e-01 -6.606079864501953125e+01
1.191291585127201569e-01 -6.622007751464843750e+01
1.196183953033267966e-01 -6.600614166259765625e+01
1.201076320939334363e-01 -6.591430664062500000e+01
1.205968688845401038e-01 -6.592270660400390625e+01
1.210861056751467713e-01 -6.602394866943359375e+01
1.215753424657534110e-01 -6.644738769531250000e+01
1.220645792563600507e-01 -6.676755523681640625e+01
1.225538160469667182e-01 -6.597956848144531250e+01
1.230430528375733856e-01 -6.527333068847656250e+01
1.235322896281800253e-01 -6.586283874511718750e+01
1.240215264187866651e-01 -6.642582702636718750e+01
1.245107632093933325e-01 -6.698576354980468750e+01
1.250000000000000000e-01 -6.698474121093750000e+01
