-1.250000000000000000e-01 -6.567139276596199693e+01
-1.245107632093933464e-01 -6.614439801701908550e+01
-1.240215264187866928e-01 -6.626130293849084296e+01
-1.235322896281800392e-01 -6.590828468030292697e+01
-1.230430528375733856e-01 -6.552168405969521814e+01
-1.225538160469667320e-01 -6.470169394782330130e+01
-1.220645792563600784e-01 -6.541856415207072928e+01
-1.215753424657534248e-01 -6.612203628906128472e+01
-1.210861056751467713e-01 -6.591692536325147955e+01
-1.205968688845401177e-01 -6.559716215729734756e+01
-1.201076320939334641e-01 -6.518827705854327803e+01
-1.196183953033268105e-01 -6.535741883253498941e+01
-1.191291585127201569e-01 -6.543389702571860767e+01
-1.186399217221135033e-01 -6.551281471394558764e+01
-1.181506849315068497e-01 -6.534920727553716802e+01
-1.176614481409001961e-01 -6.538789534328954289e+01
-1.171722113502935425e-01 -6.569876646041448964e+01
-1.166829745596868889e-01 -6.526939842807033187e+01
-1.161937377690802353e-01 -6.611433486384397895e+01
-1.157045009784735817e-01 -6.705119284637791566e+01
-1.152152641878669281e-01 -6.651531071808619799e+01
-1.147260273972602745e-01 -6.647039662626576728e+01
-1.142367906066536209e-01 -6.642688886018456174e+01
-1.137475538160469674e-01 -6.602558365410823171e+01
-1.132583170254403138e-01 -6.574573487695136009e+01
-1.127690802348336602e-01 -6.584766613853935269e+01
-1.122798434442270066e-01 -6.538704158861850146e+01
-1.117906066536203530e-01 -6.535501576790971967e+01
-1.113013698630136994e-01 -6.579602512496111899e+01
-1.108121330724070458e-01 -6.608809323476523900e+01
-1.103228962818003922e-01 -6.602876967249865459e+01
-1.098336594911937386e-01 -6.611215924939644140e+01
-1.093444227005870850e-01 -6.650661842524394274e+01
-1.088551859099804314e-01 -6.706497967166144747e+01
-1.083659491193737778e-01 -6.708945648815645768e+01
-1.078767123287671242e-01 -6.704162871541973345e+01
-1.073874755381604706e-01 -6.656235695268968300e+01
-1.068982387475538171e-01 -6.565118899681836240e+01
-1.064090019569471635e-01 -6.595776107107565167e+01
-1.059197651663405099e-01 -6.565762402230365069e+01
-1.054305283757338563e-01 -6.521736719678614236e+01
-1.049412915851272027e-01 -6.545073055140663598e+01
-1.044520547945205491e-01 -6.611729937736276952e+01
-1.039628180039138955e-01 -6.607264420603547705e+01
-1.034735812133072419e-01 -6.646705428745417521e+01
-1.029843444227005883e-01 -6.699503167841176321e+01
-1.024951076320939347e-01 -6.738828036070265171e+01
-1.020058708414872811e-01 -6.619319645130154584e+01
-1.015166340508806275e-01 -6.607261663033159493e+01
-1.010273972602739739e-01 -6.592854212883801779e+01
-1.005381604696673203e-01 -6.578878791243627688e+01
-1.000489236790606667e-01 -6.627792983171752894e+01
-9.955968688845401315e-02 -6.644978241630329308e+01
-9.907045009784735956e-02 -6.605506582349423184e+01
-9.858121330724070597e-02 -6.676134719340633694e+01
-9.809197651663405237e-02 -6.658138943102956375e+01
-9.760273972602739878e-02 -6.597601947803720179e+01
-9.711350293542074519e-02 -6.600516770556343715e+01
-9.662426614481409159e-02 -6.656113100540773075e+01
-9.613502935420743800e-02 -6.592629479468419618e+01
-9.564579256360078441e-02 -6.523243462635937817e+01
-9.515655577299413082e-02 -6.592531367478373738e+01
-9.466731898238747722e-02 -6.645133579419642444e+01
-9.417808219178082363e-02 -6.638033102620069315e+01
-9.368884540117417004e-02 -6.594486041428369560e+01
-9.319960861056751644e-02 -6.538693487750150268e+01
-9.271037181996086285e-02 -6.507358469988756156e+01
-9.222113502935420926e-02 -6.524730699862328720e+01
-9.173189823874755566e-02 -6.604797085477973440e+01
-9.124266144814090207e-02 -6.629138369159386457e+01
-9.075342465753424848e-02 -6.614892790055348826e+01
-9.026418786692759488e-02 -6.575959176419021901e+01
-8.977495107632094129e-02 -6.538771836006792171e+01
-8.928571428571428770e-02 -6.533342304860045147e+01
-8.879647749510763410e-02 -6.622627688443907346e+01
-8.830724070450098051e-02 -6.569915917601628053e+01
-8.781800391389432692e-02 -6.511262075900742730e+01
-8.732876712328767332e-02 -6.552026867314580727e+01
-8.683953033268101973e-02 -6.546793641369784211e+01
-8.635029354207436614e-02 -6.547445071435004138e+01
-8.586105675146771254e-02 -6.558081729717095243e+01
-8.537181996086105895e-02 -6.598401227007784087e+01
-8.488258317025440536e-02 -6.612525630809169286e+01
-8.439334637964775176e-02 -6.615128288757520636e+01
-8.390410958904109817e-02 -6.612372827813902632e+01
-8.341487279843444458e-02 -6.653082101263503034e+01
-8.292563600782779099e-02 -6.623274801388932076e+01
-8.243639921722113739e-02 -6.646154534959488558e+01
-8.194716242661448380e-02 -6.610311809018276108e+01
-8.145792563600783021e-02 -6.561664191069284868e+01
-8.096868884540117661e-02 -6.582084603322805094e+01
-8.047945205479452302e-02 -6.544881967978602688e+01
-7.999021526418786943e-02 -6.469274189336459813e+01
-7.950097847358121583e-02 -6.503730284468315404e+01
-7.901174168297456224e-02 -6.622902288541978066e+01
-7.852250489236790865e-02 -6.628733016781816900e+01
-7.803326810176125505e-02 -6.482084287875269979e+01
-7.754403131115460146e-02 -6.442850592442157165e+01
-7.705479452054794787e-02 -6.465010554172854995e+01
-7.656555772994129427e-02 -6.482649790542667745e+01
-7.607632093933464068e-02 -6.581737885948153632e+01
-7.558708414872798709e-02 -6.546754911027177570e+01
-7.509784735812133349e-02 -6.477423157292498956e+01
-7.460861056751467990e-02 -6.419338895401881473e+01
-7.411937377690802631e-02 -6.379954020121105884e+01
-7.363013698630137271e-02 -6.430162893740073571e+01
-7.314090019569471912e-02 -6.491512516110444153e+01
-7.265166340508806553e-02 -6.511232473555131151e+01
-7.216242661448141194e-02 -6.533960989681561671e+01
-7.167318982387475834e-02 -6.482640985424934854e+01
-7.118395303326810475e-02 -6.476367612806581064e+01
-7.069471624266145116e-02 -6.433546194328661727e+01
-7.020547945205479756e-02 -6.353679206481147190e+01
-6.971624266144814397e-02 -6.287279323581695678e+01
-6.922700587084149038e-02 -6.368630793261421275e+01
-6.873776908023483678e-02 -6.406564092449403347e+01
-6.824853228962818319e-02 -6.412646966142554561e+01
-6.775929549902152960e-02 -6.430727785550021736e+01
-6.727005870841487600e-02 -6.424484358430771636e+01
-6.678082191780822241e-02 -6.412097509838638132e+01
-6.629158512720156882e-02 -6.397665236690460944e+01
-6.580234833659491522e-02 -6.408774226954561470e+01
-6.531311154598826163e-02 -6.410746742369988738e+01
-6.482387475538160804e-02 -6.349780908593995576e+01
-6.433463796477495444e-02 -6.323091822713675469e+01
-6.384540117416830085e-02 -6.321875711334448766e+01
-6.335616438356164726e-02 -6.352674780424262480e+01
-6.286692759295499366e-02 -6.374089222672211008e+01
-6.237769080234834007e-02 -6.323540884958516983e+01
-6.188845401174168648e-02 -6.257897929161124750e+01
-6.139921722113503288e-02 -6.278037559566591597e+01
-6.090998043052837929e-02 -6.287856086249810517e+01
-6.042074363992172570e-02 -6.276506407029760481e+01
-5.993150684931507211e-02 -6.299724082087662680e+01
-5.944227005870841851e-02 -6.293508786364193952e+01
-5.895303326810176492e-02 -6.230525495699335892e+01
-5.846379647749511133e-02 -6.211654017017724527e+01
-5.797455968688845773e-02 -6.205617107302651192e+01
-5.748532289628180414e-02 -6.221574476908354256e+01
-5.699608610567515055e-02 -6.283909582499508417e+01
-5.650684931506849695e-02 -6.282637889556413313e+01
-5.601761252446184336e-02 -6.192064823392382067e+01
-5.552837573385518977e-02 -6.144716716753685404e+01
-5.503913894324853617e-02 -6.180913809695842076e+01
-5.454990215264188258e-02 -6.170330528745874688e+01
-5.406066536203522899e-02 -6.164404058902847083e+01
-5.357142857142857539e-02 -6.213908906464034487e+01
-5.308219178082192180e-02 -6.152183719639110393e+01
-5.259295499021526821e-02 -6.082207920427661918e+01
-5.210371819960861461e-02 -6.127496797281789753e+01
-5.161448140900196102e-02 -6.142419385194364878e+01
-5.112524461839530743e-02 -6.117879134916896078e+01
-5.063600782778865383e-02 -6.055814733420230311e+01
-5.014677103718200024e-02 -6.048729345606031416e+01
-4.965753424657534665e-02 -6.083654806306743268e+01
-4.916829745596869305e-02 -6.077705591854596889e+01
-4.867906066536203946e-02 -6.040013024000927544e+01
-4.818982387475538587e-02 -6.003082442137683472e+01
-4.770058708414873228e-02 -6.049974101123055448e+01
-4.721135029354207868e-02 -6.084538415180655591e+01
-4.672211350293542509e-02 -6.022345111152411334e+01
-4.623287671232877150e-02 -6.001110482120756728e+01
-4.574363992172211790e-02 -5.997433352562245545e+01
-4.525440313111546431e-02 -5.986981891437214642e+01
-4.476516634050881072e-02 -5.983934473526701936e+01
-4.427592954990215712e-02 -5.925086707439308498e+01
-4.378669275929550353e-02 -5.937493270956335323e+01
-4.329745596868884994e-02 -5.962930167312167384e+01
-4.280821917808219634e-02 -5.921575365599747443e+01
-4.231898238747554275e-02 -5.946123366124584919e+01
-4.182974559686888916e-02 -5.866245994450338941e+01
-4.134050880626223556e-02 -5.847497822873157247e+01
-4.085127201565558197e-02 -5.846176352070285986e+01
-4.036203522504892838e-02 -5.805150851464473760e+01
-3.987279843444227478e-02 -5.819676607395127377e+01
-3.938356164383562119e-02 -5.817519533718722613e+01
-3.889432485322896760e-02 -5.748029058805208535e+01
-3.840508806262231400e-02 -5.720156626301501035e+01
-3.791585127201566041e-02 -5.771368059697964270e+01
-3.742661448140900682e-02 -5.735527589579869812e+01
-3.693737769080235323e-02 -5.729844789797312643e+01
-3.644814090019569963e-02 -5.706959366631552655e+01
-3.595890410958904604e-02 -5.748966760556961475e+01
-3.546966731898239245e-02 -5.785289934465470196e+01
-3.498043052837573885e-02 -5.747668476336147592e+01
-3.449119373776908526e-02 -5.714499687431175801e+01
-3.400195694716243167e-02 -5.650034690122588898e+01
-3.351272015655577807e-02 -5.603565926825726962e+01
-3.302348336594912448e-02 -5.625104310173988864e+01
-3.253424657534247089e-02 -5.668475865619234355e+01
-3.204500978473581729e-02 -5.603299183013096041e+01
-3.155577299412916370e-02 -5.579915281169035524e+01
-3.106653620352251011e-02 -5.545233558152717990e+01
-3.057729941291585651e-02 -5.542643407657202204e+01
-3.008806262230920292e-02 -5.365920453764501019e+01
-2.959882583170254933e-02 -5.215896295676184735e+01
-2.910958904109589573e-02 -5.245770992400720445e+01
-2.862035225048924214e-02 -5.332957296058020802e+01
-2.813111545988258855e-02 -5.246928894681929734e+01
-2.764187866927593495e-02 -5.168262176002962605e+01
-2.715264187866928136e-02 -5.067104160917668310e+01
-2.666340508806262777e-02 -5.006407500282623602e+01
-2.617416829745597417e-02 -5.082154084004077532e+01
-2.568493150684932058e-02 -5.000520719796219282e+01
-2.519569471624266699e-02 -4.887513868649654114e+01
-2.470645792563601340e-02 -4.936089703515079208e+01
-2.421722113502935980e-02 -4.969306444439251180e+01
-2.372798434442270621e-02 -5.038465553272256869e+01
-2.323874755381605262e-02 -5.007252246246737570e+01
-2.274951076320939902e-02 -4.913661189538156293e+01
-2.226027397260274543e-02 -4.906463087977404314e+01
-2.177103718199609184e-02 -4.874660315565211022e+01
-2.128180039138943824e-02 -4.838163960223377558e+01
-2.079256360078278465e-02 -4.845333833064785978e+01
-2.030332681017613106e-02 -4.795614056469993614e+01
-1.981409001956947746e-02 -4.733717514261385872e+01
-1.932485322896282387e-02 -4.648036913495123201e+01
-1.883561643835617028e-02 -4.681725109407332042e+01
-1.834637964774951668e-02 -4.822705606582044169e+01
-1.785714285714286309e-02 -4.857068865199310181e+01
-1.736790606653620950e-02 -4.786974844628174708e+01
-1.687866927592955590e-02 -4.713087240273338097e+01
-1.638943248532290231e-02 -4.586714462277655713e+01
-1.590019569471624872e-02 -4.585480111432397621e+01
-1.541095890410959512e-02 -4.710668840537834967e+01
-1.492172211350294153e-02 -4.748552969895000331e+01
-1.443248532289628794e-02 -4.743504167417677309e+01
-1.394324853228963434e-02 -4.692058220012266645e+01
-1.345401174168298075e-02 -4.643295941997376985e+01
-1.296477495107632716e-02 -4.594822849336907211e+01
-1.247553816046967357e-02 -4.573554581900908289e+01
-1.198630136986301997e-02 -4.596247580218147277e+01
-1.149706457925636638e-02 -4.579974225687006850e+01
-1.100782778864971279e-02 -4.616169033172809577e+01
-1.051859099804305919e-02 -4.600223125498630594e+01
-1.002935420743640560e-02 -4.611375486546108959e+01
-9.540117416829752006e-03 -4.571332628037248469e+01
-9.050880626223098413e-03 -4.516183251258907205e+01
-8.561643835616444820e-03 -4.487502805808388473e+01
-8.072407045009791227e-03 -4.508931717339060441e+01
-7.583170254403137633e-03 -4.537907066788599053e+01
-7.093933463796484040e-03 -4.527218150393123608e+01
-6.604696673189830447e-03 -4.471283076428161252e+01
-6.115459882583176854e-03 -4.380727975404938235e+01
-5.626223091976523261e-03 -4.369076248131498375e+01
-5.136986301369869667e-03 -4.435390713230336246e+01
-4.647749510763216074e-03 -4.445028182565429375e+01
-4.158512720156562481e-03 -4.408088845643875686e+01
-3.669275929549908888e-03 -4.424565330322478474e+01
-3.180039138943255295e-03 -4.361488068019664865e+01
-2.690802348336601701e-03 -4.376819028982378512e+01
-2.201565557729948108e-03 -4.448911820062705402e+01
-1.712328767123294515e-03 -4.448117863860112209e+01
-1.223091976516640922e-03 -4.446125033117755976e+01
-7.338551859099873287e-04 -3.719695411739604651e+01
-2.446183953033337355e-04 -2.263635606356852747e+01
2.446183953033198577e-04 -1.818373408129873070e+01
7.338551859099595731e-04 -2.263635606356852747e+01
1.223091976516627044e-03 -3.719695411739604651e+01
1.712328767123294515e-03 -4.446125033117755976e+01
2.201565557729934230e-03 -4.448117863860112209e+01
2.690802348336573946e-03 -4.448911820062705402e+01
3.180039138943241417e-03 -4.376819028982378512e+01
3.669275929549908888e-03 -4.361488068019664865e+01
4.158512720156548603e-03 -4.424565330322478474e+01
4.647749510763188319e-03 -4.408088845643875686e+01
5.136986301369855790e-03 -4.445028182565429375e+01
5.626223091976523261e-03 -4.435390713230336246e+01
6.115459882583162976e-03 -4.369076248131498375e+01
6.604696673189802691e-03 -4.380727975404938235e+01
7.093933463796470162e-03 -4.471283076428161252e+01
7.583170254403137633e-03 -4.527218150393123608e+01
8.072407045009777349e-03 -4.537907066788599053e+01
8.561643835616417064e-03 -4.508931717339060441e+01
9.050880626223084535e-03 -4.487502805808388473e+01
9.540117416829752006e-03 -4.516183251258907205e+01
1.002935420743639172e-02 -4.571332628037248469e+01
1.051859099804303144e-02 -4.611375486546108959e+01
1.100782778864969891e-02 -4.600223125498630594e+01
1.149706457925636638e-02 -4.616169033172809577e+01
1.198630136986300609e-02 -4.579974225687006850e+01
1.247553816046964581e-02 -4.596247580218147277e+01
1.296477495107631328e-02 -4.573554581900908289e+01
1.345401174168298075e-02 -4.594822849336907211e+01
1.394324853228962047e-02 -4.643295941997376985e+01
1.443248532289626018e-02 -4.692058220012266645e+01
1.492172211350292765e-02 -4.743504167417677309e+01
1.541095890410959512e-02 -4.748552969895000331e+01
1.590019569471623484e-02 -4.710668840537834967e+01
1.638943248532287456e-02 -4.585480111432397621e+01
1.687866927592954203e-02 -4.586714462277655713e+01
1.736790606653620950e-02 -4.713087240273338097e+01
1.785714285714284921e-02 -4.786974844628174708e+01
1.834637964774948893e-02 -4.857068865199310181e+01
1.883561643835615640e-02 -4.822705606582044169e+01
1.932485322896282387e-02 -4.681725109407332042e+01
1.981409001956946359e-02 -4.648036913495123201e+01
2.030332681017610330e-02 -4.733717514261385872e+01
2.079256360078277077e-02 -4.795614056469993614e+01
2.128180039138943824e-02 -4.845333833064785978e+01
2.177103718199607796e-02 -4.838163960223377558e+01
2.226027397260271767e-02 -4.874660315565211022e+01
2.274951076320938514e-02 -4.906463087977404314e+01
2.323874755381605262e-02 -4.913661189538156293e+01
2.372798434442269233e-02 -5.007252246246737570e+01
2.421722113502933205e-02 -5.038465553272256869e+01
2.470645792563599952e-02 -4.969306444439251180e+01
2.519569471624266699e-02 -4.936089703515079208e+01
2.568493150684930670e-02 -4.887513868649654114e+01
2.617416829745594642e-02 -5.000520719796219282e+01
2.666340508806261389e-02 -5.082154084004077532e+01
2.715264187866928136e-02 -5.006407500282623602e+01
2.764187866927592108e-02 -5.067104160917668310e+01
2.813111545988256079e-02 -5.168262176002962605e+01
2.862035225048922826e-02 -5.246928894681929734e+01
2.910958904109589573e-02 -5.332957296058020802e+01
2.959882583170253545e-02 -5.245770992400720445e+01
3.008806262230917516e-02 -5.215896295676184735e+01
3.057729941291584264e-02 -5.365920453764501019e+01
3.106653620352251011e-02 -5.542643407657202204e+01
3.155577299412914982e-02 -5.545233558152717990e+01
3.204500978473578954e-02 -5.579915281169035524e+01
3.253424657534245701e-02 -5.603299183013096041e+01
3.302348336594912448e-02 -5.668475865619234355e+01
3.351272015655576419e-02 -5.625104310173988864e+01
3.400195694716240391e-02 -5.603565926825726962e+01
3.449119373776907138e-02 -5.650034690122588898e+01
3.498043052837573885e-02 -5.714499687431175801e+01
3.546966731898237857e-02 -5.747668476336147592e+01
3.595890410958901828e-02 -5.785289934465470196e+01
3.644814090019568575e-02 -5.748966760556961475e+01
3.693737769080235323e-02 -5.706959366631552655e+01
3.742661448140899294e-02 -5.729844789797312643e+01
3.791585127201563266e-02 -5.735527589579869812e+01
3.840508806262230013e-02 -5.771368059697964270e+01
3.889432485322896760e-02 -5.720156626301501035e+01
3.938356164383560731e-02 -5.748029058805208535e+01
3.987279843444224703e-02 -5.817519533718722613e+01
4.036203522504891450e-02 -5.819676607395127377e+01
4.085127201565558197e-02 -5.805150851464473760e+01
4.134050880626222169e-02 -5.846176352070285986e+01
4.182974559686886140e-02 -5.847497822873157247e+01
4.231898238747552887e-02 -5.866245994450338941e+01
4.280821917808219634e-02 -5.946123366124584919e+01
4.329745596868883606e-02 -5.921575365599747443e+01
4.378669275929547577e-02 -5.962930167312167384e+01
4.427592954990214325e-02 -5.937493270956335323e+01
4.476516634050881072e-02 -5.925086707439308498e+01
4.525440313111545043e-02 -5.983934473526701936e+01
4.574363992172209015e-02 -5.986981891437214642e+01
4.623287671232875762e-02 -5.997433352562245545e+01
4.672211350293542509e-02 -6.001110482120756728e+01
4.721135029354206480e-02 -6.022345111152411334e+01
4.770058708414870452e-02 -6.084538415180655591e+01
4.818982387475537199e-02 -6.049974101123055448e+01
4.867906066536203946e-02 -6.003082442137683472e+01
4.916829745596867918e-02 -6.040013024000927544e+01
4.965753424657531889e-02 -6.077705591854596889e+01
5.014677103718198636e-02 -6.083654806306743268e+01
5.063600782778865383e-02 -6.048729345606031416e+01
5.112524461839529355e-02 -6.055814733420230311e+01
5.161448140900193327e-02 -6.117879134916896078e+01
5.210371819960860074e-02 -6.142419385194364878e+01
5.259295499021526821e-02 -6.127496797281789753e+01
5.308219178082190792e-02 -6.082207920427661918e+01
5.357142857142854764e-02 -6.152183719639110393e+01
5.406066536203521511e-02 -6.213908906464034487e+01
5.454990215264188258e-02 -6.164404058902847083e+01
5.503913894324852230e-02 -6.170330528745874688e+01
5.552837573385516201e-02 -6.180913809695842076e+01
5.601761252446182948e-02 -6.144716716753685404e+01
5.650684931506849695e-02 -6.192064823392382067e+01
5.699608610567513667e-02 -6.282637889556413313e+01
5.748532289628177638e-02 -6.283909582499508417e+01
5.797455968688844385e-02 -6.221574476908354256e+01
5.846379647749511133e-02 -6.205617107302651192e+01
5.895303326810175104e-02 -6.211654017017724527e+01
5.944227005870839076e-02 -6.230525495699335892e+01
5.993150684931505823e-02 -6.293508786364193952e+01
6.042074363992172570e-02 -6.299724082087662680e+01
6.090998043052836541e-02 -6.276506407029760481e+01
6.139921722113500513e-02 -6.287856086249810517e+01
6.188845401174167260e-02 -6.278037559566591597e+01
6.237769080234834007e-02 -6.257897929161124750e+01
6.286692759295497979e-02 -6.323540884958516983e+01
6.335616438356161950e-02 -6.374089222672211008e+01
6.384540117416828697e-02 -6.352674780424262480e+01
6.433463796477495444e-02 -6.321875711334448766e+01
6.482387475538159416e-02 -6.323091822713675469e+01
6.531311154598823387e-02 -6.349780908593995576e+01
6.580234833659490135e-02 -6.410746742369988738e+01
6.629158512720156882e-02 -6.408774226954561470e+01
6.678082191780820853e-02 -6.397665236690460944e+01
6.727005870841484825e-02 -6.412097509838638132e+01
6.775929549902151572e-02 -6.424484358430771636e+01
6.824853228962818319e-02 -6.430727785550021736e+01
6.873776908023482290e-02 -6.412646966142554561e+01
6.922700587084146262e-02 -6.406564092449403347e+01
6.971624266144813009e-02 -6.368630793261421275e+01
7.020547945205479756e-02 -6.287279323581695678e+01
7.069471624266143728e-02 -6.353679206481147190e+01
7.118395303326807699e-02 -6.433546194328661727e+01
7.167318982387474446e-02 -6.476367612806581064e+01
7.216242661448141194e-02 -6.482640985424934854e+01
7.265166340508805165e-02 -6.533960989681561671e+01
7.314090019569469137e-02 -6.511232473555131151e+01
7.363013698630135884e-02 -6.491512516110444153e+01
7.411937377690802631e-02 -6.430162893740073571e+01
7.460861056751466602e-02 -6.379954020121105884e+01
7.509784735812130574e-02 -6.419338895401881473e+01
7.558708414872797321e-02 -6.477423157292498956e+01
7.607632093933464068e-02 -6.546754911027177570e+01
7.656555772994128040e-02 -6.581737885948153632e+01
7.705479452054792011e-02 -6.482649790542667745e+01
7.754403131115458758e-02 -6.465010554172854995e+01
7.803326810176125505e-02 -6.442850592442157165e+01
7.852250489236789477e-02 -6.482084287875269979e+01
7.901174168297453448e-02 -6.628733016781816900e+01
7.950097847358120196e-02 -6.622902288541978066e+01
7.999021526418786943e-02 -6.503730284468315404e+01
8.047945205479450914e-02 -6.469274189336459813e+01
8.096868884540114886e-02 -6.544881967978602688e+01
8.145792563600781633e-02 -6.582084603322805094e+01
8.194716242661448380e-02 -6.561664191069284868e+01
8.243639921722112351e-02 -6.610311809018276108e+01
8.292563600782776323e-02 -6.646154534959488558e+01
8.341487279843443070e-02 -6.623274801388932076e+01
8.390410958904109817e-02 -6.653082101263503034e+01
8.439334637964773789e-02 -6.612372827813902632e+01
8.488258317025437760e-02 -6.615128288757520636e+01
8.537181996086104507e-02 -6.612525630809169286e+01
8.586105675146771254e-02 -6.598401227007784087e+01
8.635029354207435226e-02 -6.558081729717095243e+01
8.683953033268099198e-02 -6.547445071435004138e+01
8.732876712328765945e-02 -6.546793641369784211e+01
8.781800391389432692e-02 -6.552026867314580727e+01
8.830724070450096663e-02 -6.511262075900742730e+01
8.879647749510760635e-02 -6.569915917601628053e+01
8.928571428571427382e-02 -6.622627688443907346e+01
8.977495107632094129e-02 -6.533342304860045147e+01
9.026418786692758101e-02 -6.538771836006792171e+01
9.075342465753422072e-02 -6.575959176419021901e+01
9.124266144814088819e-02 -6.614892790055348826e+01
9.173189823874755566e-02 -6.629138369159386457e+01
9.222113502935419538e-02 -6.604797085477973440e+01
9.271037181996083509e-02 -6.524730699862328720e+01
9.319960861056750256e-02 -6.507358469988756156e+01
9.368884540117417004e-02 -6.538693487750150268e+01
9.417808219178080975e-02 -6.594486041428369560e+01
9.466731898238744947e-02 -6.638033102620069315e+01
9.515655577299411694e-02 -6.645133579419642444e+01
9.564579256360078441e-02 -6.592531367478373738e+01
9.613502935420742412e-02 -6.523243462635937817e+01
9.662426614481406384e-02 -6.592629479468419618e+01
9.711350293542073131e-02 -6.656113100540773075e+01
9.760273972602739878e-02 -6.600516770556343715e+01
9.809197651663403850e-02 -6.597601947803720179e+01
9.858121330724067821e-02 -6.658138943102956375e+01
9.907045009784734568e-02 -6.676134719340633694e+01
9.955968688845401315e-02 -6.605506582349423184e+01
1.000489236790606529e-01 -6.644978241630329308e+01
1.005381604696672926e-01 -6.627792983171752894e+01
1.010273972602739601e-01 -6.578878791243627688e+01
1.015166340508806275e-01 -6.592854212883801779e+01
1.020058708414872672e-01 -6.607261663033159493e+01
1.024951076320939070e-01 -6.619319645130154584e+01
1.029843444227005744e-01 -6.738828036070265171e+01
1.034735812133072419e-01 -6.699503167841176321e+01
1.039628180039138816e-01 -6.646705428745417521e+01
1.044520547945205213e-01 -6.607264420603547705e+01
1.049412915851271888e-01 -6.611729937736276952e+01
1.054305283757338563e-01 -6.545073055140663598e+01
1.059197651663404960e-01 -6.521736719678614236e+01
1.064090019569471357e-01 -6.565762402230365069e+01
1.068982387475538032e-01 -6.595776107107565167e+01
1.073874755381604706e-01 -6.565118899681836240e+01
1.078767123287671104e-01 -6.656235695268968300e+01
1.083659491193737501e-01 -6.704162871541973345e+01
1.088551859099804175e-01 -6.708945648815645768e+01
1.093444227005870850e-01 -6.706497967166144747e+01
1.098336594911937247e-01 -6.650661842524394274e+01
1.103228962818003644e-01 -6.611215924939644140e+01
1.108121330724070319e-01 -6.602876967249865459e+01
1.113013698630136994e-01 -6.608809323476523900e+01
1.117906066536203391e-01 -6.579602512496111899e+01
1.122798434442269788e-01 -6.535501576790971967e+01
1.127690802348336463e-01 -6.538704158861850146e+01
1.132583170254403138e-01 -6.584766613853935269e+01
1.137475538160469535e-01 -6.574573487695136009e+01
1.142367906066535932e-01 -6.602558365410823171e+01
1.147260273972602607e-01 -6.642688886018456174e+01
1.152152641878669281e-01 -6.647039662626576728e+01
1.157045009784735679e-01 -6.651531071808619799e+01
1.161937377690802076e-01 -6.705119284637791566e+01
1.166829745596868750e-01 -6.611433486384397895e+01
1.171722113502935425e-01 -6.526939842807033187e+01
1.176614481409001822e-01 -6.569876646041448964e+01
1.181506849315068219e-01 -6.538789534328954289e+01
1.186399217221134894e-01 -6.534920727553716802e+01
1.191291585127201569e-01 -6.551281471394558764e+01
1.196183953033267966e-01 -6.543389702571860767e+01
1.201076320939334363e-01 -6.535741883253498941e+01
1.205968688845401038e-01 -6.518827705854327803e+01
1.210861056751467713e-01 -6.559716215729734756e+01
1.215753424657534110e-01 -6.591692536325147955e+01
1.220645792563600507e-01 -6.612203628906128472e+01
1.225538160469667182e-01 -6.541856415207072928e+01
1.230430528375733856e-01 -6.470169394782330130e+01
1.235322896281800253e-01 -6.552168405969521814e+01
1.240215264187866651e-01 -6.590828468030292697e+01
1.245107632093933325e-01 -6.626130293849084296e+01
1.250000000000000000e-01 -6.614439801701908550e+01
