-5.000000000000000000e-01 -7.212031261500213475e+01
-4.990234375000000000e-01 -7.213214645024618221e+01
-4.980468750000000000e-01 -7.216782451994633618e+01
-4.970703125000000000e-01 -7.222788037365663172e+01
-4.960937500000000000e-01 -7.231321644901895240e+01
-4.951171875000000000e-01 -7.242512504371300963e+01
-4.941406250000000000e-01 -7.256532019106923315e+01
-4.931640625000000000e-01 -7.273598329972514875e+01
-4.921875000000000000e-01 -7.293982680744741742e+01
-4.912109375000000000e-01 -7.318018208094383681e+01
-4.902343750000000000e-01 -7.346112073678719412e+01
-4.892578125000000000e-01 -7.378762308747708687e+01
-4.882812500000000000e-01 -7.416581461694244126e+01
-4.873046875000000000e-01 -7.460330322490074195e+01
-4.863281250000000000e-01 -7.510967013961915484e+01
-4.853515625000000000e-01 -7.569720314256076676e+01
-4.843750000000000000e-01 -7.638202710791068739e+01
-4.833984375000000000e-01 -7.718591692252769576e+01
-4.824218750000000000e-01 -7.813934990249688894e+01
-4.814453125000000000e-01 -7.928697119050534070e+01
-4.804687500000000000e-01 -8.069819028085231594e+01
-4.794921875000000000e-01 -8.249004547434245183e+01
-4.785156250000000000e-01 -8.488465951232122109e+01
-4.775390625000000000e-01 -8.839261613705158993e+01
-4.765625000000000000e-01 -9.473863827680989402e+01
-4.755859375000000000e-01 -1.134547649135168825e+02
-4.746093750000000000e-01 -9.268137079973467962e+01
-4.736328125000000000e-01 -8.695825349571524043e+01
-4.726562500000000000e-01 -8.347786302010673865e+01
-4.716796875000000000e-01 -8.096570136201107459e+01
-4.707031250000000000e-01 -7.900159622281444172e+01
-4.697265625000000000e-01 -7.739430401097781953e+01
-4.687500000000000000e-01 -7.604069971209509049e+01
-4.677734375000000000e-01 -7.487894059094924160e+01
-4.667968750000000000e-01 -7.386913930973888398e+01
-4.658203125000000000e-01 -7.298418294892931613e+01
-4.648437500000000000e-01 -7.220491213230017991e+01
-4.638671875000000000e-01 -7.151739223179436067e+01
-4.628906250000000000e-01 -7.091127637045555332e+01
-4.619140625000000000e-01 -7.037877751711849328e+01
-4.609375000000000000e-01 -6.991399958211684407e+01
-4.599609375000000000e-01 -6.951249031765489406e+01
-4.589843750000000000e-01 -6.917093720858059669e+01
-4.580078125000000000e-01 -6.888695941929842093e+01
-4.570312500000000000e-01 -6.865896715112542381e+01
-4.560546875000000000e-01 -6.848607078358197953e+01
-4.550781250000000000e-01 -6.836802919948017632e+01
-4.541015625000000000e-01 -6.830523152873564641e+01
-4.531250000000000000e-01 -6.829871026552082469e+01
-4.521484375000000000e-01 -6.835018705040877762e+01
-4.511718750000000000e-01 -6.846215598588827334e+01
-4.501953125000000000e-01 -6.863801386051888187e+01
-4.492187500000000000e-01 -6.888225306738297604e+01
-4.482421875000000000e-01 -6.920074290698737229e+01
-4.472656250000000000e-01 -6.960114121150783717e+01
-4.462890625000000000e-01 -7.009350624343215941e+01
-4.453125000000000000e-01 -7.069122954660828384e+01
-4.443359375000000000e-01 -7.141250725993357662e+01
-4.433593750000000000e-01 -7.228276390001445861e+01
-4.423828125000000000e-01 -7.333887172479732897e+01
-4.414062500000000000e-01 -7.463703523107719207e+01
-4.404296875000000000e-01 -7.626897087693266997e+01
-4.394531250000000000e-01 -7.839970840411537267e+01
-4.384765625000000000e-01 -8.137480818794593063e+01
-4.375000000000000000e-01 -8.614489704318968677e+01
-4.365234375000000000e-01 -9.822039510088892200e+01
-4.355468750000000000e-01 -9.189850236628691960e+01
-4.345703125000000000e-01 -8.394592403629764021e+01
-4.335937500000000000e-01 -7.985711367622708678e+01
-4.326171875000000000e-01 -7.710113559576805642e+01
-4.316406250000000000e-01 -7.503747150344398165e+01
-4.306640625000000000e-01 -7.340469300428532051e+01
-4.296875000000000000e-01 -7.207027785798153730e+01
-4.287109375000000000e-01 -7.095788988193815783e+01
-4.277343750000000000e-01 -7.001968580076912474e+01
-4.267578125000000000e-01 -6.922385631722661969e+01
-4.257812500000000000e-01 -6.854833939697343226e+01
-4.248046875000000000e-01 -6.797737025330994243e+01
-4.238281250000000000e-01 -6.749946408091497574e+01
-4.228515625000000000e-01 -6.710617832195876531e+01
-4.218750000000000000e-01 -6.679132605146941160e+01
-4.208984375000000000e-01 -6.655046506419019181e+01
-4.199218750000000000e-01 -6.638056459577099133e+01
-4.189453125000000000e-01 -6.627979327315348712e+01
-4.179687500000000000e-01 -6.624739582326478171e+01
-4.169921875000000000e-01 -6.628364096291198848e+01
-4.160156250000000000e-01 -6.638983331688295664e+01
-4.150390625000000000e-01 -6.656839091320082957e+01
-4.140625000000000000e-01 -6.682299887279333461e+01
-4.130859375000000000e-01 -6.715886157232665710e+01
-4.121093750000000000e-01 -6.758309304892507896e+01
-4.111328125000000000e-01 -6.810531443443376531e+01
-4.101562500000000000e-01 -6.873857895664598061e+01
-4.091796875000000000e-01 -6.950084331198370080e+01
-4.082031250000000000e-01 -7.041740337758078283e+01
-4.072265625000000000e-01 -7.152514738338582845e+01
-4.062500000000000000e-01 -7.288052203796821971e+01
-4.052734375000000000e-01 -7.457591647295534187e+01
-4.042968750000000000e-01 -7.677804612747594604e+01
-4.033203125000000000e-01 -7.983726978288405007e+01
-4.023437500000000000e-01 -8.472378902390900635e+01
-4.013671875000000000e-01 -9.721351662275452554e+01
-4.003906250000000000e-01 -9.030987371304487965e+01
-3.994140625000000000e-01 -8.256444782196608401e+01
-3.984375000000000000e-01 -7.859370625107145258e+01
-3.974609375000000000e-01 -7.594294812315439458e+01
-3.964843750000000000e-01 -7.398289654507532020e+01
-3.955078125000000000e-01 -7.245560996582868540e+01
-3.945312500000000000e-01 -7.123013588579905786e+01
-3.935546875000000000e-01 -7.023107268571851591e+01
-3.925781250000000000e-01 -6.941127754682818818e+01
-3.916015625000000000e-01 -6.873956610671288558e+01
-3.906250000000000000e-01 -6.819450248989392094e+01
-3.896484375000000000e-01 -6.776099535702623200e+01
-3.886718750000000000e-01 -6.742831560733877438e+01
-3.876953125000000000e-01 -6.718889158896229219e+01
-3.867187500000000000e-01 -6.703755881405004402e+01
-3.857421875000000000e-01 -6.697109319937383987e+01
-3.847656250000000000e-01 -6.698793462888298222e+01
-3.837890625000000000e-01 -6.708805083394149449e+01
-3.828125000000000000e-01 -6.727291839858874312e+01
-3.818359375000000000e-01 -6.754561751492438759e+01
-3.808593750000000000e-01 -6.791105594250764455e+01
-3.798828125000000000e-01 -6.837636101201267991e+01
-3.789062500000000000e-01 -6.895151415953486662e+01
-3.779296875000000000e-01 -6.965036438100935356e+01
-3.769531250000000000e-01 -7.049227454125843906e+01
-3.759765625000000000e-01 -7.150489560701585390e+01
-3.750000000000000000e-01 -7.272910101887927681e+01
-3.740234375000000000e-01 -7.422843413885024688e+01
-3.730468750000000000e-01 -7.610910822681977095e+01
-3.720703125000000000e-01 -7.856883677257650334e+01
-3.710937500000000000e-01 -8.204538994950098640e+01
-3.701171875000000000e-01 -8.789272715932476387e+01
-3.691406250000000000e-01 -1.129702395178759531e+02
-3.681640625000000000e-01 -8.919604288868733022e+01
-3.671875000000000000e-01 -8.309243387636479383e+01
-3.662109375000000000e-01 -7.971114077809079390e+01
-3.652343750000000000e-01 -7.743955920100184187e+01
-3.642578125000000000e-01 -7.579013591179007392e+01
-3.632812500000000000e-01 -7.455026181718091038e+01
-3.623046875000000000e-01 -7.360898471842334345e+01
-3.613281250000000000e-01 -7.290206461083138834e+01
-3.603515625000000000e-01 -7.239001114303772511e+01
-3.593750000000000000e-01 -7.204794322042802435e+01
-3.583984375000000000e-01 -7.186045696428305973e+01
-3.574218750000000000e-01 -7.181890770797627965e+01
-3.564453125000000000e-01 -7.192000640373971976e+01
-3.554687500000000000e-01 -7.216524688342440186e+01
-3.544921875000000000e-01 -7.256098263155632822e+01
-3.535156250000000000e-01 -7.311917069034794281e+01
-3.525390625000000000e-01 -7.385900840941988577e+01
-3.515625000000000000e-01 -7.481002650990862435e+01
-3.505859375000000000e-01 -7.601791591826219019e+01
-3.496093750000000000e-01 -7.755614426488735091e+01
-3.486328125000000000e-01 -7.955158646478496109e+01
-3.476562500000000000e-01 -8.225068828579127000e+01
-3.466796875000000000e-01 -8.624007759355002634e+01
-3.457031250000000000e-01 -9.367954466283009651e+01
-3.447265625000000000e-01 -1.040288322374300662e+02
-3.437500000000000000e-01 -9.002772250494024320e+01
-3.427734375000000000e-01 -8.530410990696815077e+01
-3.417968750000000000e-01 -8.262284979809918184e+01
-3.408203125000000000e-01 -8.093677367523484634e+01
-3.398437500000000000e-01 -7.989593044301238933e+01
-3.388671875000000000e-01 -7.935823597930250628e+01
-3.378906250000000000e-01 -7.927658514232993525e+01
-3.369140625000000000e-01 -7.967031060110534213e+01
-3.359375000000000000e-01 -8.063578203473520034e+01
-3.349609375000000000e-01 -8.241152164268851266e+01
-3.339843750000000000e-01 -8.562733541720666608e+01
-3.330078125000000000e-01 -9.284655520486336400e+01
-3.320312500000000000e-01 -9.807851320496658332e+01
-3.310546875000000000e-01 -8.552953127501754693e+01
-3.300781250000000000e-01 -8.020016119921362474e+01
-3.291015625000000000e-01 -7.671992584496224765e+01
-3.281250000000000000e-01 -7.415080904046688204e+01
-3.271484375000000000e-01 -7.215422483423739664e+01
-3.261718750000000000e-01 -7.057331548570927282e+01
-3.251953125000000000e-01 -6.932772149211388069e+01
-3.242187500000000000e-01 -6.837750893065160085e+01
-3.232421875000000000e-01 -6.770949917301105359e+01
-3.222656250000000000e-01 -6.733367263457236618e+01
-3.212890625000000000e-01 -6.728697215267158072e+01
-3.203125000000000000e-01 -6.764741693392576849e+01
-3.193359375000000000e-01 -6.857148773859530877e+01
-3.183593750000000000e-01 -7.040427767988860808e+01
-3.173828125000000000e-01 -7.412509180379090878e+01
-3.164062500000000000e-01 -8.574116070370820353e+01
-3.154296875000000000e-01 -7.712226073178487695e+01
-3.144531250000000000e-01 -6.834770445615755818e+01
-3.134765625000000000e-01 -6.328871274313346618e+01
-3.125000000000000000e-01 -5.954780670157027345e+01
-3.115234375000000000e-01 -5.650136219065210241e+01
-3.105468750000000000e-01 -5.389099761226774632e+01
-3.095703125000000000e-01 -5.158389474547782783e+01
-3.085937500000000000e-01 -4.950234509171288266e+01
-3.076171875000000000e-01 -4.759672838005867845e+01
-3.066406250000000000e-01 -4.583328600452169610e+01
-3.056640625000000000e-01 -4.418791664188252355e+01
-3.046875000000000000e-01 -4.264274875869715942e+01
-3.037109375000000000e-01 -4.118411848009277065e+01
-3.027343750000000000e-01 -3.980131219294418088e+01
-3.017578125000000000e-01 -3.848575025730529831e+01
-3.007812500000000000e-01 -3.723043765905691771e+01
-2.998046875000000000e-01 -3.602958283890652069e+01
-2.988281250000000000e-01 -3.487832617033278382e+01
-2.978515625000000000e-01 -3.377254207387820628e+01
-2.968750000000000000e-01 -3.270869187567931391e+01
-2.958984375000000000e-01 -3.168371243828728367e+01
-2.949218750000000000e-01 -3.069493052276762768e+01
-2.939453125000000000e-01 -2.973999599593284060e+01
-2.929687500000000000e-01 -2.881682906477664829e+01
-2.919921875000000000e-01 -2.792357810592981693e+01
-2.910156250000000000e-01 -2.705858560490593590e+01
-2.900390625000000000e-01 -2.622036037865555613e+01
-2.890625000000000000e-01 -2.540755472073421828e+01
-2.880859375000000000e-01 -2.461894544267993368e+01
-2.871093750000000000e-01 -2.385341802842017955e+01
-2.861328125000000000e-01 -2.310995329774501172e+01
-2.851562500000000000e-01 -2.238761610848643357e+01
-2.841796875000000000e-01 -2.168554572773106059e+01
-2.832031250000000000e-01 -2.100294757904278953e+01
-2.822265625000000000e-01 -2.033908613157350942e+01
-2.812500000000000000e-01 -1.969327874260477884e+01
-2.802734375000000000e-01 -1.906489030075779567e+01
-2.792968750000000000e-01 -1.845332854522767718e+01
-2.783203125000000000e-01 -1.785803995871124883e+01
-2.773437500000000000e-01 -1.727850614952481223e+01
-2.763671875000000000e-01 -1.671424065274540638e+01
-2.753906250000000000e-01 -1.616478609180947856e+01
-2.744140625000000000e-01 -1.562971165144362296e+01
-2.734375000000000000e-01 -1.510861082052868021e+01
-2.724609375000000000e-01 -1.460109936985342216e+01
-2.714843750000000000e-01 -1.410681353496953250e+01
-2.705078125000000000e-01 -1.362540837872393240e+01
-2.695312500000000000e-01 -1.315655631168711537e+01
-2.685546875000000000e-01 -1.269994575174876417e+01
-2.675781250000000000e-01 -1.225527990672047096e+01
-2.666015625000000000e-01 -1.182227566595613411e+01
-2.656250000000000000e-01 -1.140066258884115236e+01
-2.646484375000000000e-01 -1.099018197956844389e+01
-2.636718750000000000e-01 -1.059058603895792139e+01
-2.626953125000000000e-01 -1.020163708522321677e+01
-2.617187500000000000e-01 -9.823106836576272372e+00
-2.607421875000000000e-01 -9.454775749411474806e+00
-2.597656250000000000e-01 -9.096432406547886984e+00
-2.587890625000000000e-01 -8.747872950647476387e+00
-2.578125000000000000e-01 -8.408900558484269538e+00
-2.568359375000000000e-01 -8.079324952225281464e+00
-2.558593750000000000e-01 -7.758961944310250658e+00
-2.548828125000000000e-01 -7.447633012890903181e+00
-2.539062500000000000e-01 -7.145164905120139132e+00
-2.529296875000000000e-01 -6.851389265872399825e+00
-2.519531250000000000e-01 -6.566142289734297144e+00
-2.509765625000000000e-01 -6.289264394333712538e+00
-2.500000000000000000e-01 -6.020599913279624182e+00
-2.490234375000000000e-01 -5.759996807167286903e+00
-2.480468750000000000e-01 -5.507306391267055901e+00
-2.470703125000000000e-01 -5.262383078662012714e+00
-2.460937500000000000e-01 -5.025084137732354961e+00
-2.451171875000000000e-01 -4.795269463004289356e+00
-2.441406250000000000e-01 -4.572801358490241164e+00
-2.431640625000000000e-01 -4.357544332746215332e+00
-2.421875000000000000e-01 -4.149364904962705936e+00
-2.412109375000000000e-01 -3.948131421488357162e+00
-2.402343750000000000e-01 -3.753713882261811463e+00
-2.392578125000000000e-01 -3.565983776697063234e+00
-2.382812500000000000e-01 -3.384813928632421032e+00
-2.373046875000000000e-01 -3.210078350012741222e+00
-2.363281250000000000e-01 -3.041652103029956145e+00
-2.353515625000000000e-01 -2.879411170497955919e+00
-2.343750000000000000e-01 -2.723232334285300205e+00
-2.333984375000000000e-01 -2.572993061672876891e+00
-2.324218750000000000e-01 -2.428571399543993259e+00
-2.314453125000000000e-01 -2.289845876351455978e+00
-2.304687500000000000e-01 -2.156695411839862242e+00
-2.294921875000000000e-01 -2.028999234532102403e+00
-2.285156250000000000e-01 -1.906636807016300228e+00
-2.275390625000000000e-01 -1.789487759093636443e+00
-2.265625000000000000e-01 -1.677431828868257480e+00
-2.255859375000000000e-01 -1.570348811877702921e+00
-2.246093750000000000e-01 -1.468118518376111181e+00
-2.236328125000000000e-01 -1.370620738892244450e+00
-2.226562500000000000e-01 -1.277735218190537703e+00
-2.216796875000000000e-01 -1.189341637765114701e+00
-2.207031250000000000e-01 -1.105319606994371595e+00
-2.197265625000000000e-01 -1.025548663076772282e+00
-2.187500000000000000e-01 -9.499082798569237207e-01
-2.177734375000000000e-01 -8.782778856345672125e-01
-2.167968750000000000e-01 -8.105368900277515332e-01
-2.158203125000000000e-01 -7.465647199350423646e-01
-2.148437500000000000e-01 -6.862408646099916743e-01
-2.138671875000000000e-01 -6.294449298245275992e-01
-2.128906250000000000e-01 -5.760567010560539991e-01
-2.119140625000000000e-01 -5.259562155864446753e-01
-2.109375000000000000e-01 -4.790238433496240011e-01
-2.099609375000000000e-01 -4.351403763084973897e-01
-2.089843750000000000e-01 -3.941871260820284939e-01
-2.080078125000000000e-01 -3.560460294795639857e-01
-2.070312500000000000e-01 -3.205997615328371464e-01
-2.060546875000000000e-01 -2.877318555469948191e-01
-2.050781250000000000e-01 -2.573268296212268824e-01
-2.041015625000000000e-01 -2.292703190181294426e-01
-2.031250000000000000e-01 -2.034492136896550174e-01
-2.021484375000000000e-01 -1.797518001973478774e-01
-2.011718750000000000e-01 -1.580679071969567362e-01
-2.001953125000000000e-01 -1.382890535931175224e-01
-1.992187500000000000e-01 -1.203085984103643424e-01
-1.982421875000000000e-01 -1.040218913728953448e-01
-1.972656250000000000e-01 -8.932642313908084608e-02
-1.962890625000000000e-01 -7.612197409818986793e-02
-1.953125000000000000e-01 -6.431076060797887017e-02
-1.943359375000000000e-01 -5.379757753302558121e-02
-1.933593750000000000e-01 -4.448993593645693412e-02
-1.923828125000000000e-01 -3.629819478233951846e-02
-1.914062500000000000e-01 -2.913568552332583897e-02
-1.904296875000000000e-01 -2.291882847845112814e-02
-1.894531250000000000e-01 -1.756723994947018141e-02
-1.884765625000000000e-01 -1.300382908081479036e-02
-1.875000000000000000e-01 -9.154883537758359488e-03
-1.865234375000000000e-01 -5.950143159288401665e-03
-1.855468750000000000e-01 -3.322860835702095596e-03
-1.845703125000000000e-01 -1.209849965047543434e-03
-1.835937500000000000e-01 4.484820439162021024e-04
-1.826171875000000000e-01 1.708114633050602984e-03
-1.816406250000000000e-01 2.621409603216507019e-03
-1.806640625000000000e-01 3.237121419892734654e-03
-1.796875000000000000e-01 3.600422330390285267e-03
-1.787109375000000000e-01 3.752942170717698221e-03
-1.777343750000000000e-01 3.732822604114519049e-03
-1.767578125000000000e-01 3.574785400627306532e-03
-1.757812500000000000e-01 3.310214238769826952e-03
-1.748046875000000000e-01 2.967249388497730442e-03
-1.738281250000000000e-01 2.570894521080288944e-03
-1.728515625000000000e-01 2.143134787177092271e-03
-1.718750000000000000e-01 1.703065211144480723e-03
-1.708984375000000000e-01 1.267028368111471981e-03
-1.699218750000000000e-01 8.487602417406999930e-04
-1.689453125000000000e-01 4.595431052801380429e-04
-1.679687500000000000e-01 1.083642270587227568e-04
-1.669921875000000000e-01 -1.979208259836464452e-04
-1.660156250000000000e-01 -4.544215268615611520e-04
-1.650390625000000000e-01 -6.580436093880630971e-04
-1.640625000000000000e-01 -8.073193986791859372e-04
-1.630859375000000000e-01 -9.022384531709047497e-04
-1.621093750000000000e-01 -9.440796832095951384e-04
-1.611328125000000000e-01 -9.352460635779478483e-04
-1.601562500000000000e-01 -8.791030001741548553e-04
-1.591796875000000000e-01 -7.798213453909911847e-04
-1.582031250000000000e-01 -6.422259836797004776e-04
-1.572265625000000000e-01 -4.716508297802215837e-04
-1.562500000000000000e-01 -2.738009979538653656e-04
-1.552734375000000000e-01 -5.462281283857344053e-05
-1.542968750000000000e-01 1.798177579459489539e-04
-1.533203125000000000e-01 4.234477611894806146e-04
-1.523437500000000000e-01 6.702906097384305709e-04
-1.513671875000000000e-01 9.145598246956052188e-04
-1.503906250000000000e-01 1.150742955164298954e-03
-1.494140625000000000e-01 1.373675551219152337e-03
-1.484375000000000000e-01 1.578605151600981187e-03
-1.474609375000000000e-01 1.761245330175633186e-03
-1.464843750000000000e-01 1.917819923639900968e-03
-1.455078125000000000e-01 2.045097637131671267e-03
-1.445312500000000000e-01 2.140417293814878604e-03
-1.435546875000000000e-01 2.201704058697385134e-03
-1.425781250000000000e-01 2.227477025959979668e-03
-1.416015625000000000e-01 2.216848612425559480e-03
-1.406250000000000000e-01 2.169516247503213043e-03
-1.396484375000000000e-01 2.085746891943887540e-03
-1.386718750000000000e-01 1.966354953757373878e-03
-1.376953125000000000e-01 1.812674199876572554e-03
-1.367187500000000000e-01 1.626524286555002235e-03
-1.357421875000000000e-01 1.410172550028285839e-03
-1.347656250000000000e-01 1.166291711672342657e-03
-1.337890625000000000e-01 8.979141592278250261e-04
-1.328125000000000000e-01 6.083834670155875441e-04
-1.318359375000000000e-01 3.013038145307065535e-04
-1.308593750000000000e-01 -1.951204634636003379e-05
-1.298828125000000000e-01 -3.500956393171075287e-04
-1.289062500000000000e-01 -6.863758092700387049e-04
-1.279296875000000000e-01 -1.024231371562178607e-03
-1.269531250000000000e-01 -1.359542798474381274e-03
-1.259765625000000000e-01 -1.688242408069570710e-03
-1.250000000000000000e-01 -2.006362555858918172e-03
-1.240234375000000000e-01 -2.310081368271412351e-03
-1.230468750000000000e-01 -2.595765598291796625e-03
-1.220703125000000000e-01 -2.860010227651592525e-03
-1.210937500000000000e-01 -3.099674485911360806e-03
-1.201171875000000000e-01 -3.311914004474216140e-03
-1.191406250000000000e-01 -3.494208872425894931e-03
-1.181640625000000000e-01 -3.644387410626688702e-03
-1.171875000000000000e-01 -3.760645530450866351e-03
-1.162109375000000000e-01 -3.841561593031955421e-03
-1.152343750000000000e-01 -3.886106734077039455e-03
-1.142578125000000000e-01 -3.893650667000670210e-03
-1.132812500000000000e-01 -3.863963023574297669e-03
-1.123046875000000000e-01 -3.797210335690054395e-03
-1.113281250000000000e-01 -3.693948803744695648e-03
-1.103515625000000000e-01 -3.555113036695448266e-03
-1.093750000000000000e-01 -3.382000985015733065e-03
-1.083984375000000000e-01 -3.176255320884797690e-03
-1.074218750000000000e-01 -2.939841549434744992e-03
-1.064453125000000000e-01 -2.675023160633911452e-03
-1.054687500000000000e-01 -2.384334153230002144e-03
-1.044921875000000000e-01 -2.070549280058287412e-03
-1.035156250000000000e-01 -1.736652377799612762e-03
-1.025390625000000000e-01 -1.385803153997275557e-03
-1.015625000000000000e-01 -1.021302809786026836e-03
-1.005859375000000000e-01 -6.465588784264084208e-04
-9.960937500000000000e-02 -2.650496576072190616e-04
-9.863281250000000000e-02 1.197113926174832223e-04
-9.765625000000000000e-02 5.042109237340653121e-04
-9.667968750000000000e-02 8.849702950076072158e-04
-9.570312500000000000e-02 1.258579158441816212e-03
-9.472656250000000000e-02 1.621727717670986115e-03
-9.375000000000000000e-02 1.971237367462481700e-03
-9.277343750000000000e-02 2.304089444198128851e-03
-9.179687500000000000e-02 2.617451843349163313e-03
-9.082031250000000000e-02 2.908703287379437417e-03
-8.984375000000000000e-02 3.175455056236837874e-03
-8.886718750000000000e-02 3.415570022294286360e-03
-8.789062500000000000e-02 3.627178862216834821e-03
-8.691406250000000000e-02 3.808693349079050102e-03
-8.593750000000000000e-02 3.958816659076637434e-03
-8.496093750000000000e-02 4.076550658177251381e-03
-8.398437500000000000e-02 4.161200164295691950e-03
-8.300781250000000000e-02 4.212374210433360473e-03
-8.203125000000000000e-02 4.229984362811151782e-03
-8.105468750000000000e-02 4.214240175591799954e-03
-8.007812500000000000e-02 4.165641889807573418e-03
-7.910156250000000000e-02 4.084970508547949679e-03
-7.812500000000000000e-02 3.973275402997761968e-03
-7.714843750000000000e-02 3.831859624538935718e-03
-7.617187500000000000e-02 3.662263116560205735e-03
-7.519531250000000000e-02 3.466244035796582548e-03
-7.421875000000000000e-02 3.245758406796097739e-03
-7.324218750000000000e-02 3.002938344537357980e-03
-7.226562500000000000e-02 2.740069088975054679e-03
-7.128906250000000000e-02 2.459565101669447963e-03
-7.031250000000000000e-02 2.163945478309816685e-03
-6.933593750000000000e-02 1.855808932220997035e-03
-6.835937500000000000e-02 1.537808602470774324e-03
-6.738281250000000000e-02 1.212626936531260163e-03
-6.640625000000000000e-02 8.829508910907444543e-04
-6.542968750000000000e-02 5.514476862791573572e-04
-6.445312500000000000e-02 2.207413377204297394e-04
-6.347656250000000000e-02 -1.066098217362636920e-04
-6.250000000000000000e-02 -4.281344334508714318e-04
-6.152343750000000000e-02 -7.414680366846092448e-04
-6.054687500000000000e-02 -1.044371461509097532e-03
-5.957031250000000000e-02 -1.334747546984461040e-03
-5.859375000000000000e-02 -1.610656060928156641e-03
-5.761718750000000000e-02 -1.870326718705844250e-03
-5.664062500000000000e-02 -2.112170220209841701e-03
-5.566406250000000000e-02 -2.334787246385520553e-03
-5.468750000000000000e-02 -2.536975379009934889e-03
-5.371093750000000000e-02 -2.717733929604231220e-03
-5.273437500000000000e-02 -2.876266685526797807e-03
-5.175781250000000000e-02 -3.011982602465843560e-03
-5.078125000000000000e-02 -3.124494493480487606e-03
-4.980468750000000000e-02 -3.213615784339199019e-03
-4.882812500000000000e-02 -3.279355423487605517e-03
-4.785156250000000000e-02 -3.321911052291027719e-03
-4.687500000000000000e-02 -3.341660556886824618e-03
-4.589843750000000000e-02 -3.339152137116138935e-03
-4.492187500000000000e-02 -3.315093040330771568e-03
-4.394531250000000000e-02 -3.270337118436420290e-03
-4.296875000000000000e-02 -3.205871374937896163e-03
-4.199218750000000000e-02 -3.122801675460831067e-03
-4.101562500000000000e-02 -3.022337799594408854e-03
-4.003906250000000000e-02 -2.905778014456514464e-03
-3.906250000000000000e-02 -2.774493350806723786e-03
-3.808593750000000000e-02 -2.629911760944742515e-03
-3.710937500000000000e-02 -2.473502334178244791e-03
-3.613281250000000000e-02 -2.306759740274806972e-03
-3.515625000000000000e-02 -2.131189064159855293e-03
-3.417968750000000000e-02 -1.948291186397520247e-03
-3.320312500000000000e-02 -1.759548853597554720e-03
-3.222656250000000000e-02 -1.566413571281809842e-03
-3.125000000000000000e-02 -1.370293438768438758e-03
-3.027343750000000000e-02 -1.172542031618761370e-03
-2.929687500000000000e-02 -9.744484223350625843e-04
-2.832031250000000000e-02 -7.772284144069547488e-04
-2.734375000000000000e-02 -5.820170485971386774e-04
-2.636718750000000000e-02 -3.898624239828319044e-04
-2.539062500000000000e-02 -2.017208595191711824e-04
-2.441406250000000000e-02 -1.845340539202909333e-05
-2.343750000000000000e-02 1.591763030267823458e-04
-2.246093750000000000e-02 3.305028718092444667e-04
-2.148437500000000000e-02 4.949586942733125465e-04
-2.050781250000000000e-02 6.520722692921274025e-04
-1.953125000000000000e-02 8.014653592747281435e-04
-1.855468750000000000e-02 9.428490677634854137e-04
-1.757812500000000000e-02 1.076018928288327266e-03
-1.660156250000000000e-02 1.200849106493971988e-03
-1.562500000000000000e-02 1.317285826507764860e-03
-1.464843750000000000e-02 1.425340140207647125e-03
-1.367187500000000000e-02 1.525080163903552461e-03
-1.269531250000000000e-02 1.616622911494468946e-03
-1.171875000000000000e-02 1.700125855966393281e-03
-1.074218750000000000e-02 1.775778352201615303e-03
-9.765625000000000000e-03 1.843793053700248930e-03
-8.789062500000000000e-03 1.904397453645805330e-03
-7.812500000000000000e-03 1.957825677108230873e-03
-6.835937500000000000e-03 2.004310645960797905e-03
-5.859375000000000000e-03 2.044076731378682149e-03
-4.882812500000000000e-03 2.077333000772569292e-03
-3.906250000000000000e-03 2.104267156609723396e-03
-2.929687500000000000e-03 2.125040254085366811e-03
-1.953125000000000000e-03 2.139782273105145498e-03
-9.765625000000000000e-04 2.148588607476051987e-03
0.000000000000000000e+00 2.151517521160407290e-03
9.765625000000000000e-04 2.148588607477980132e-03
1.953125000000000000e-03 2.139782273105145498e-03
2.929687500000000000e-03 2.125040254087294956e-03
3.906250000000000000e-03 2.104267156609723396e-03
4.882812500000000000e-03 2.077333000774497871e-03
5.859375000000000000e-03 2.044076731378682149e-03
6.835937500000000000e-03 2.004310645960797905e-03
7.812500000000000000e-03 1.957825677108230873e-03
8.789062500000000000e-03 1.904397453645805330e-03
9.765625000000000000e-03 1.843793053700248930e-03
1.074218750000000000e-02 1.775778352199686941e-03
1.171875000000000000e-02 1.700125855966393281e-03
1.269531250000000000e-02 1.616622911496397308e-03
1.367187500000000000e-02 1.525080163905480823e-03
1.464843750000000000e-02 1.425340140209575271e-03
1.562500000000000000e-02 1.317285826509693222e-03
1.660156250000000000e-02 1.200849106493971988e-03
1.757812500000000000e-02 1.076018928290255628e-03
1.855468750000000000e-02 9.428490677634854137e-04
1.953125000000000000e-02 8.014653592747281435e-04
2.050781250000000000e-02 6.520722692921274025e-04
2.148437500000000000e-02 4.949586942733125465e-04
2.246093750000000000e-02 3.305028718092444667e-04
2.343750000000000000e-02 1.591763030267823458e-04
2.441406250000000000e-02 -1.845340539202909333e-05
2.539062500000000000e-02 -2.017208595182068387e-04
2.636718750000000000e-02 -3.898624239828319044e-04
2.734375000000000000e-02 -5.820170485961742796e-04
2.832031250000000000e-02 -7.772284144050259531e-04
2.929687500000000000e-02 -9.744484223369913800e-04
3.027343750000000000e-02 -1.172542031618761370e-03
3.125000000000000000e-02 -1.370293438768438758e-03
3.222656250000000000e-02 -1.566413571280845553e-03
3.320312500000000000e-02 -1.759548853596590431e-03
3.417968750000000000e-02 -1.948291186399449476e-03
3.515625000000000000e-02 -2.131189064161784306e-03
3.613281250000000000e-02 -2.306759740274806972e-03
3.710937500000000000e-02 -2.473502334180173803e-03
3.808593750000000000e-02 -2.629911760945707454e-03
3.906250000000000000e-02 -2.774493350806723786e-03
4.003906250000000000e-02 -2.905778014457479838e-03
4.101562500000000000e-02 -3.022337799593443914e-03
4.199218750000000000e-02 -3.122801675460831067e-03
4.296875000000000000e-02 -3.205871374937896163e-03
4.394531250000000000e-02 -3.270337118436420290e-03
4.492187500000000000e-02 -3.315093040331736074e-03
4.589843750000000000e-02 -3.339152137116138935e-03
4.687500000000000000e-02 -3.341660556888753630e-03
4.785156250000000000e-02 -3.321911052291993093e-03
4.882812500000000000e-02 -3.279355423487605517e-03
4.980468750000000000e-02 -3.213615784340163525e-03
5.078125000000000000e-02 -3.124494493481452112e-03
5.175781250000000000e-02 -3.011982602464878620e-03
5.273437500000000000e-02 -2.876266685525833301e-03
5.371093750000000000e-02 -2.717733929604231220e-03
5.468750000000000000e-02 -2.536975379007041370e-03
5.566406250000000000e-02 -2.334787246388414506e-03
5.664062500000000000e-02 -2.112170220208877628e-03
5.761718750000000000e-02 -1.870326718705844250e-03
5.859375000000000000e-02 -1.610656060928156641e-03
5.957031250000000000e-02 -1.334747546985425547e-03
6.054687500000000000e-02 -1.044371461509097532e-03
6.152343750000000000e-02 -7.414680366846092448e-04
6.250000000000000000e-02 -4.281344334508714318e-04
6.347656250000000000e-02 -1.066098217362636920e-04
6.445312500000000000e-02 2.207413377204297394e-04
6.542968750000000000e-02 5.514476862810858276e-04
6.640625000000000000e-02 8.829508910926728163e-04
6.738281250000000000e-02 1.212626936529331801e-03
6.835937500000000000e-02 1.537808602472702686e-03
6.933593750000000000e-02 1.855808932220997035e-03
7.031250000000000000e-02 2.163945478309816685e-03
7.128906250000000000e-02 2.459565101667519817e-03
7.226562500000000000e-02 2.740069088976982824e-03
7.324218750000000000e-02 3.002938344535430269e-03
7.421875000000000000e-02 3.245758406796097739e-03
7.519531250000000000e-02 3.466244035796582548e-03
7.617187500000000000e-02 3.662263116560205735e-03
7.714843750000000000e-02 3.831859624538935718e-03
7.812500000000000000e-02 3.973275402997761968e-03
7.910156250000000000e-02 4.084970508546022401e-03
8.007812500000000000e-02 4.165641889807573418e-03
8.105468750000000000e-02 4.214240175589871809e-03
8.203125000000000000e-02 4.229984362811151782e-03
8.300781250000000000e-02 4.212374210435287751e-03
8.398437500000000000e-02 4.161200164295691950e-03
8.496093750000000000e-02 4.076550658177251381e-03
8.593750000000000000e-02 3.958816659076637434e-03
8.691406250000000000e-02 3.808693349079050102e-03
8.789062500000000000e-02 3.627178862218762533e-03
8.886718750000000000e-02 3.415570022292358215e-03
8.984375000000000000e-02 3.175455056236837874e-03
9.082031250000000000e-02 2.908703287379437417e-03
9.179687500000000000e-02 2.617451843347235168e-03
9.277343750000000000e-02 2.304089444198128851e-03
9.375000000000000000e-02 1.971237367462481700e-03
9.472656250000000000e-02 1.621727717669057753e-03
9.570312500000000000e-02 1.258579158441816212e-03
9.667968750000000000e-02 8.849702950076072158e-04
9.765625000000000000e-02 5.042109237321367333e-04
9.863281250000000000e-02 1.197113926194118418e-04
9.960937500000000000e-02 -2.650496576072190616e-04
1.005859375000000000e-01 -6.465588784283372165e-04
1.015625000000000000e-01 -1.021302809786026836e-03
1.025390625000000000e-01 -1.385803153998240063e-03
1.035156250000000000e-01 -1.736652377798648473e-03
1.044921875000000000e-01 -2.070549280060216858e-03
1.054687500000000000e-01 -2.384334153230002144e-03
1.064453125000000000e-01 -2.675023160633911452e-03
1.074218750000000000e-01 -2.939841549434744992e-03
1.083984375000000000e-01 -3.176255320885762630e-03
1.093750000000000000e-01 -3.382000985015733065e-03
1.103515625000000000e-01 -3.555113036695448266e-03
1.113281250000000000e-01 -3.693948803743730708e-03
1.123046875000000000e-01 -3.797210335691019335e-03
1.132812500000000000e-01 -3.863963023576227548e-03
1.142578125000000000e-01 -3.893650666999705703e-03
1.152343750000000000e-01 -3.886106734078968901e-03
1.162109375000000000e-01 -3.841561593032919927e-03
1.171875000000000000e-01 -3.760645530449901412e-03
1.181640625000000000e-01 -3.644387410628618582e-03
1.191406250000000000e-01 -3.494208872424929991e-03
1.201171875000000000e-01 -3.311914004476145586e-03
1.210937500000000000e-01 -3.099674485911360806e-03
1.220703125000000000e-01 -2.860010227652557465e-03
1.230468750000000000e-01 -2.595765598290832553e-03
1.240234375000000000e-01 -2.310081368273341363e-03
1.250000000000000000e-01 -2.006362555858918172e-03
1.259765625000000000e-01 -1.688242408067641698e-03
1.269531250000000000e-01 -1.359542798473416551e-03
1.279296875000000000e-01 -1.024231371562178607e-03
1.289062500000000000e-01 -6.863758092700387049e-04
1.298828125000000000e-01 -3.500956393161431309e-04
1.308593750000000000e-01 -1.951204634732436386e-05
1.318359375000000000e-01 3.013038145326351323e-04
1.328125000000000000e-01 6.083834670136589653e-04
1.337890625000000000e-01 8.979141592278250261e-04
1.347656250000000000e-01 1.166291711674271019e-03
1.357421875000000000e-01 1.410172550026357694e-03
1.367187500000000000e-01 1.626524286556930597e-03
1.376953125000000000e-01 1.812674199878500916e-03
1.386718750000000000e-01 1.966354953759302023e-03
1.396484375000000000e-01 2.085746891945815685e-03
1.406250000000000000e-01 2.169516247503213043e-03
1.416015625000000000e-01 2.216848612425559480e-03
1.425781250000000000e-01 2.227477025961908247e-03
1.435546875000000000e-01 2.201704058697385134e-03
1.445312500000000000e-01 2.140417293814878604e-03
1.455078125000000000e-01 2.045097637131671267e-03
1.464843750000000000e-01 1.917819923639900968e-03
1.474609375000000000e-01 1.761245330175633186e-03
1.484375000000000000e-01 1.578605151599053041e-03
1.494140625000000000e-01 1.373675551219152337e-03
1.503906250000000000e-01 1.150742955166227533e-03
1.513671875000000000e-01 9.145598246956052188e-04
1.523437500000000000e-01 6.702906097403590413e-04
1.533203125000000000e-01 4.234477611894806146e-04
1.542968750000000000e-01 1.798177579459489539e-04
1.552734375000000000e-01 -5.462281283857344053e-05
1.562500000000000000e-01 -2.738009979538653656e-04
1.572265625000000000e-01 -4.716508297782928422e-04
1.582031250000000000e-01 -6.422259836787360798e-04
1.591796875000000000e-01 -7.798213453909911847e-04
1.601562500000000000e-01 -8.791030001760837594e-04
1.611328125000000000e-01 -9.352460635769833421e-04
1.621093750000000000e-01 -9.440796832105595362e-04
1.630859375000000000e-01 -9.022384531709047497e-04
1.640625000000000000e-01 -8.073193986791859372e-04
1.650390625000000000e-01 -6.580436093870985909e-04
1.660156250000000000e-01 -4.544215268596324105e-04
1.669921875000000000e-01 -1.979208259855751325e-04
1.679687500000000000e-01 1.083642270606513899e-04
1.689453125000000000e-01 4.595431052820665675e-04
1.699218750000000000e-01 8.487602417426285718e-04
1.708984375000000000e-01 1.267028368113400560e-03
1.718750000000000000e-01 1.703065211144480723e-03
1.728515625000000000e-01 2.143134787179019982e-03
1.738281250000000000e-01 2.570894521080288944e-03
1.748046875000000000e-01 2.967249388499658153e-03
1.757812500000000000e-01 3.310214238769826952e-03
1.767578125000000000e-01 3.574785400627306532e-03
1.777343750000000000e-01 3.732822604112591338e-03
1.787109375000000000e-01 3.752942170719625933e-03
1.796875000000000000e-01 3.600422330390285267e-03
1.806640625000000000e-01 3.237121419890806942e-03
1.816406250000000000e-01 2.621409603218435164e-03
1.826171875000000000e-01 1.708114633048674622e-03
1.835937500000000000e-01 4.484820439162021024e-04
1.845703125000000000e-01 -1.209849965046578928e-03
1.855468750000000000e-01 -3.322860835700165716e-03
1.865234375000000000e-01 -5.950143159288401665e-03
1.875000000000000000e-01 -9.154883537758359488e-03
1.884765625000000000e-01 -1.300382908081479036e-02
1.894531250000000000e-01 -1.756723994947018141e-02
1.904296875000000000e-01 -2.291882847845112814e-02
1.914062500000000000e-01 -2.913568552332583897e-02
1.923828125000000000e-01 -3.629819478233951846e-02
1.933593750000000000e-01 -4.448993593645887007e-02
1.943359375000000000e-01 -5.379757753302655265e-02
1.953125000000000000e-01 -6.431076060797887017e-02
1.962890625000000000e-01 -7.612197409819083938e-02
1.972656250000000000e-01 -8.932642313907987464e-02
1.982421875000000000e-01 -1.040218913728973016e-01
1.992187500000000000e-01 -1.203085984103633571e-01
2.001953125000000000e-01 -1.382890535931175224e-01
2.011718750000000000e-01 -1.580679071969557092e-01
2.021484375000000000e-01 -1.797518001973488488e-01
2.031250000000000000e-01 -2.034492136896550174e-01
2.041015625000000000e-01 -2.292703190181304140e-01
2.050781250000000000e-01 -2.573268296212259387e-01
2.060546875000000000e-01 -2.877318555469958739e-01
2.070312500000000000e-01 -3.205997615328382011e-01
2.080078125000000000e-01 -3.560460294795639857e-01
2.089843750000000000e-01 -3.941871260820305478e-01
2.099609375000000000e-01 -4.351403763084984444e-01
2.109375000000000000e-01 -4.790238433496240011e-01
2.119140625000000000e-01 -5.259562155864456745e-01
2.128906250000000000e-01 -5.760567010560539991e-01
2.138671875000000000e-01 -6.294449298245297086e-01
2.148437500000000000e-01 -6.862408646099926735e-01
2.158203125000000000e-01 -7.465647199350423646e-01
2.167968750000000000e-01 -8.105368900277536426e-01
2.177734375000000000e-01 -8.782778856345672125e-01
2.187500000000000000e-01 -9.499082798569247199e-01
2.197265625000000000e-01 -1.025548663076772282e+00
2.207031250000000000e-01 -1.105319606994372483e+00
2.216796875000000000e-01 -1.189341637765115811e+00
2.226562500000000000e-01 -1.277735218190538813e+00
2.236328125000000000e-01 -1.370620738892246671e+00
2.246093750000000000e-01 -1.468118518376112291e+00
2.255859375000000000e-01 -1.570348811877705142e+00
2.265625000000000000e-01 -1.677431828868257480e+00
2.275390625000000000e-01 -1.789487759093636443e+00
2.285156250000000000e-01 -1.906636807016298896e+00
2.294921875000000000e-01 -2.028999234532102403e+00
2.304687500000000000e-01 -2.156695411839862242e+00
2.314453125000000000e-01 -2.289845876351453757e+00
2.324218750000000000e-01 -2.428571399543995923e+00
2.333984375000000000e-01 -2.572993061672877779e+00
2.343750000000000000e-01 -2.723232334285301981e+00
2.353515625000000000e-01 -2.879411170497955919e+00
2.363281250000000000e-01 -3.041652103029956145e+00
2.373046875000000000e-01 -3.210078350012742554e+00
2.382812500000000000e-01 -3.384813928632421920e+00
2.392578125000000000e-01 -3.565983776697065899e+00
2.402343750000000000e-01 -3.753713882261811463e+00
2.412109375000000000e-01 -3.948131421488358939e+00
2.421875000000000000e-01 -4.149364904962705936e+00
2.431640625000000000e-01 -4.357544332746216220e+00
2.441406250000000000e-01 -4.572801358490239387e+00
2.451171875000000000e-01 -4.795269463004291133e+00
2.460937500000000000e-01 -5.025084137732356737e+00
2.470703125000000000e-01 -5.262383078662012714e+00
2.480468750000000000e-01 -5.507306391267054124e+00
2.490234375000000000e-01 -5.759996807167287791e+00
2.500000000000000000e-01 -6.020599913279624182e+00
2.509765625000000000e-01 -6.289264394333712538e+00
2.519531250000000000e-01 -6.566142289734294479e+00
2.529296875000000000e-01 -6.851389265872401602e+00
2.539062500000000000e-01 -7.145164905120141796e+00
2.548828125000000000e-01 -7.447633012890904070e+00
2.558593750000000000e-01 -7.758961944310253322e+00
2.568359375000000000e-01 -8.079324952225285017e+00
2.578125000000000000e-01 -8.408900558484269538e+00
2.587890625000000000e-01 -8.747872950647478163e+00
2.597656250000000000e-01 -9.096432406547883431e+00
2.607421875000000000e-01 -9.454775749411478358e+00
2.617187500000000000e-01 -9.823106836576272372e+00
2.626953125000000000e-01 -1.020163708522321677e+01
2.636718750000000000e-01 -1.059058603895792139e+01
2.646484375000000000e-01 -1.099018197956844745e+01
2.656250000000000000e-01 -1.140066258884115236e+01
2.666015625000000000e-01 -1.182227566595613411e+01
2.675781250000000000e-01 -1.225527990672047274e+01
2.685546875000000000e-01 -1.269994575174876772e+01
2.695312500000000000e-01 -1.315655631168711714e+01
2.705078125000000000e-01 -1.362540837872393062e+01
2.714843750000000000e-01 -1.410681353496953783e+01
2.724609375000000000e-01 -1.460109936985342749e+01
2.734375000000000000e-01 -1.510861082052868198e+01
2.744140625000000000e-01 -1.562971165144363006e+01
2.753906250000000000e-01 -1.616478609180947501e+01
2.763671875000000000e-01 -1.671424065274541704e+01
2.773437500000000000e-01 -1.727850614952481223e+01
2.783203125000000000e-01 -1.785803995871125238e+01
2.792968750000000000e-01 -1.845332854522768073e+01
2.802734375000000000e-01 -1.906489030075780278e+01
2.812500000000000000e-01 -1.969327874260478950e+01
2.822265625000000000e-01 -2.033908613157350587e+01
2.832031250000000000e-01 -2.100294757904279663e+01
2.841796875000000000e-01 -2.168554572773107125e+01
2.851562500000000000e-01 -2.238761610848644068e+01
2.861328125000000000e-01 -2.310995329774502949e+01
2.871093750000000000e-01 -2.385341802842019376e+01
2.880859375000000000e-01 -2.461894544267996565e+01
2.890625000000000000e-01 -2.540755472073424315e+01
2.900390625000000000e-01 -2.622036037865555969e+01
2.910156250000000000e-01 -2.705858560490593590e+01
2.919921875000000000e-01 -2.792357810592982403e+01
2.929687500000000000e-01 -2.881682906477666251e+01
2.939453125000000000e-01 -2.973999599593285126e+01
2.949218750000000000e-01 -3.069493052276762768e+01
2.958984375000000000e-01 -3.168371243828733341e+01
2.968750000000000000e-01 -3.270869187567931391e+01
2.978515625000000000e-01 -3.377254207387820628e+01
2.988281250000000000e-01 -3.487832617033279803e+01
2.998046875000000000e-01 -3.602958283890659175e+01
3.007812500000000000e-01 -3.723043765905686797e+01
3.017578125000000000e-01 -3.848575025730538357e+01
3.027343750000000000e-01 -3.980131219294426614e+01
3.037109375000000000e-01 -4.118411848009293408e+01
3.046875000000000000e-01 -4.264274875869715942e+01
3.056640625000000000e-01 -4.418791664188252355e+01
3.066406250000000000e-01 -4.583328600452163926e+01
3.076171875000000000e-01 -4.759672838005900530e+01
3.085937500000000000e-01 -4.950234509171288266e+01
3.095703125000000000e-01 -5.158389474547733755e+01
3.105468750000000000e-01 -5.389099761226796659e+01
3.115234375000000000e-01 -5.650136219065246479e+01
3.125000000000000000e-01 -5.954780670157027345e+01
3.134765625000000000e-01 -6.328871274313137008e+01
3.144531250000000000e-01 -6.834770445615254175e+01
3.154296875000000000e-01 -7.712226073178921126e+01
3.164062500000000000e-01 -8.574116070371177045e+01
3.173828125000000000e-01 -7.412509180379264251e+01
3.183593750000000000e-01 -7.040427767989038443e+01
3.193359375000000000e-01 -6.857148773859167079e+01
3.203125000000000000e-01 -6.764741693392576849e+01
3.212890625000000000e-01 -6.728697215267557397e+01
3.222656250000000000e-01 -6.733367263457330409e+01
3.232421875000000000e-01 -6.770949917300822563e+01
3.242187500000000000e-01 -6.837750893065160085e+01
3.251953125000000000e-01 -6.932772149212165402e+01
3.261718750000000000e-01 -7.057331548571285396e+01
3.271484375000000000e-01 -7.215422483423549238e+01
3.281250000000000000e-01 -7.415080904047178478e+01
3.291015625000000000e-01 -7.671992584497897383e+01
3.300781250000000000e-01 -8.020016119922885878e+01
3.310546875000000000e-01 -8.552953127501622532e+01
3.320312500000000000e-01 -9.807851320508235915e+01
3.330078125000000000e-01 -9.284655520485839020e+01
3.339843750000000000e-01 -8.562733541721945585e+01
3.349609375000000000e-01 -8.241152164268851266e+01
3.359375000000000000e-01 -8.063578203472053474e+01
3.369140625000000000e-01 -7.967031060109880514e+01
3.378906250000000000e-01 -7.927658514232132347e+01
3.388671875000000000e-01 -7.935823597929511664e+01
3.398437500000000000e-01 -7.989593044302029057e+01
3.408203125000000000e-01 -8.093677367522380450e+01
3.417968750000000000e-01 -8.262284979808094931e+01
3.427734375000000000e-01 -8.530410990696543649e+01
3.437500000000000000e-01 -9.002772250495553408e+01
3.447265625000000000e-01 -1.040288322372671246e+02
3.457031250000000000e-01 -9.367954466284031412e+01
3.466796875000000000e-01 -8.624007759354572045e+01
3.476562500000000000e-01 -8.225068828581098046e+01
3.486328125000000000e-01 -7.955158646478200524e+01
3.496093750000000000e-01 -7.755614426488331503e+01
3.505859375000000000e-01 -7.601791591825832484e+01
3.515625000000000000e-01 -7.481002650990487268e+01
3.525390625000000000e-01 -7.385900840942323953e+01
3.535156250000000000e-01 -7.311917069035642669e+01
3.544921875000000000e-01 -7.256098263155837458e+01
3.554687500000000000e-01 -7.216524688342477134e+01
3.564453125000000000e-01 -7.192000640374418197e+01
3.574218750000000000e-01 -7.181890770798153767e+01
3.583984375000000000e-01 -7.186045696427933649e+01
3.593750000000000000e-01 -7.204794322043187549e+01
3.603515625000000000e-01 -7.239001114304329576e+01
3.613281250000000000e-01 -7.290206461083838008e+01
3.623046875000000000e-01 -7.360898471842554613e+01
3.632812500000000000e-01 -7.455026181719041745e+01
3.642578125000000000e-01 -7.579013591178552645e+01
3.652343750000000000e-01 -7.743955920099986656e+01
3.662109375000000000e-01 -7.971114077808422849e+01
3.671875000000000000e-01 -8.309243387635505940e+01
3.681640625000000000e-01 -8.919604288872452003e+01
3.691406250000000000e-01 -1.129702395175190333e+02
3.701171875000000000e-01 -8.789272715932685287e+01
3.710937500000000000e-01 -8.204538994950098640e+01
3.720703125000000000e-01 -7.856883677256024612e+01
3.730468750000000000e-01 -7.610910822681357502e+01
3.740234375000000000e-01 -7.422843413884562835e+01
3.750000000000000000e-01 -7.272910101887927681e+01
3.759765625000000000e-01 -7.150489560701794289e+01
3.769531250000000000e-01 -7.049227454125724535e+01
3.779296875000000000e-01 -6.965036438101441263e+01
3.789062500000000000e-01 -6.895151415953461083e+01
3.798828125000000000e-01 -6.837636101201631789e+01
3.808593750000000000e-01 -6.791105594250964828e+01
3.818359375000000000e-01 -6.754561751492907717e+01
3.828125000000000000e-01 -6.727291839858716571e+01
3.837890625000000000e-01 -6.708805083394179292e+01
3.847656250000000000e-01 -6.698793462888298222e+01
3.857421875000000000e-01 -6.697109319937383987e+01
3.867187500000000000e-01 -6.703755881405467676e+01
3.876953125000000000e-01 -6.718889158896033109e+01
3.886718750000000000e-01 -6.742831560733772278e+01
3.896484375000000000e-01 -6.776099535702991261e+01
3.906250000000000000e-01 -6.819450248989268459e+01
3.916015625000000000e-01 -6.873956610671166345e+01
3.925781250000000000e-01 -6.941127754682840134e+01
3.935546875000000000e-01 -7.023107268572195494e+01
3.945312500000000000e-01 -7.123013588579905786e+01
3.955078125000000000e-01 -7.245560996583225233e+01
3.964843750000000000e-01 -7.398289654507999558e+01
3.974609375000000000e-01 -7.594294812316290688e+01
3.984375000000000000e-01 -7.859370625107726482e+01
3.994140625000000000e-01 -8.256444782196696508e+01
4.003906250000000000e-01 -9.030987371300987832e+01
4.013671875000000000e-01 -9.721351662278750894e+01
4.023437500000000000e-01 -8.472378902387036703e+01
4.033203125000000000e-01 -7.983726978288612486e+01
4.042968750000000000e-01 -7.677804612747871715e+01
4.052734375000000000e-01 -7.457591647294741222e+01
4.062500000000000000e-01 -7.288052203796821971e+01
4.072265625000000000e-01 -7.152514738338743427e+01
4.082031250000000000e-01 -7.041740337757757118e+01
4.091796875000000000e-01 -6.950084331198168286e+01
4.101562500000000000e-01 -6.873857895664963280e+01
4.111328125000000000e-01 -6.810531443443412059e+01
4.121093750000000000e-01 -6.758309304892348734e+01
4.130859375000000000e-01 -6.715886157232526443e+01
4.140625000000000000e-01 -6.682299887279333461e+01
4.150390625000000000e-01 -6.656839091320097168e+01
4.160156250000000000e-01 -6.638983331688547196e+01
4.169921875000000000e-01 -6.628364096291268481e+01
4.179687500000000000e-01 -6.624739582326368748e+01
4.189453125000000000e-01 -6.627979327315487978e+01
4.199218750000000000e-01 -6.638056459577103396e+01
4.208984375000000000e-01 -6.655046506418631225e+01
4.218750000000000000e-01 -6.679132605146941160e+01
4.228515625000000000e-01 -6.710617832196179222e+01
4.238281250000000000e-01 -6.749946408091503258e+01
4.248046875000000000e-01 -6.797737025330700078e+01
4.257812500000000000e-01 -6.854833939697630285e+01
4.267578125000000000e-01 -6.922385631722507071e+01
4.277343750000000000e-01 -7.001968580076743365e+01
4.287109375000000000e-01 -7.095788988193467617e+01
4.296875000000000000e-01 -7.207027785798153730e+01
4.306640625000000000e-01 -7.340469300429136013e+01
4.316406250000000000e-01 -7.503747150345908778e+01
4.326171875000000000e-01 -7.710113559575810882e+01
4.335937500000000000e-01 -7.985711367623510171e+01
4.345703125000000000e-01 -8.394592403632165656e+01
4.355468750000000000e-01 -9.189850236628784330e+01
4.365234375000000000e-01 -9.822039510100763948e+01
4.375000000000000000e-01 -8.614489704318968677e+01
4.384765625000000000e-01 -8.137480818794065840e+01
4.394531250000000000e-01 -7.839970840411911013e+01
4.404296875000000000e-01 -7.626897087694304389e+01
4.414062500000000000e-01 -7.463703523107768945e+01
4.423828125000000000e-01 -7.333887172479680316e+01
4.433593750000000000e-01 -7.228276390001940399e+01
4.443359375000000000e-01 -7.141250725994115101e+01
4.453125000000000000e-01 -7.069122954660360847e+01
4.462890625000000000e-01 -7.009350624342803826e+01
4.472656250000000000e-01 -6.960114121150380129e+01
4.482421875000000000e-01 -6.920074290698794073e+01
4.492187500000000000e-01 -6.888225306738695508e+01
4.501953125000000000e-01 -6.863801386051513020e+01
4.511718750000000000e-01 -6.846215598589058970e+01
4.521484375000000000e-01 -6.835018705041365195e+01
4.531250000000000000e-01 -6.829871026552332580e+01
4.541015625000000000e-01 -6.830523152873308845e+01
4.550781250000000000e-01 -6.836802919948159740e+01
4.560546875000000000e-01 -6.848607078358375588e+01
4.570312500000000000e-01 -6.865896715112592119e+01
4.580078125000000000e-01 -6.888695941929850619e+01
4.589843750000000000e-01 -6.917093720858059669e+01
4.599609375000000000e-01 -6.951249031765803466e+01
4.609375000000000000e-01 -6.991399958211684407e+01
4.619140625000000000e-01 -7.037877751711994279e+01
4.628906250000000000e-01 -7.091127637045649124e+01
4.638671875000000000e-01 -7.151739223179554017e+01
4.648437500000000000e-01 -7.220491213230782535e+01
4.658203125000000000e-01 -7.298418294893012614e+01
4.667968750000000000e-01 -7.386913930973665288e+01
4.677734375000000000e-01 -7.487894059095160060e+01
4.687500000000000000e-01 -7.604069971209202095e+01
4.697265625000000000e-01 -7.739430401096738876e+01
4.707031250000000000e-01 -7.900159622282687621e+01
4.716796875000000000e-01 -8.096570136200591605e+01
4.726562500000000000e-01 -8.347786302008954351e+01
4.736328125000000000e-01 -8.695825349572977814e+01
4.746093750000000000e-01 -9.268137079974039239e+01
4.755859375000000000e-01 -1.134547649136608669e+02
4.765625000000000000e-01 -9.473863827680989402e+01
4.775390625000000000e-01 -8.839261613705333787e+01
4.785156250000000000e-01 -8.488465951235410500e+01
4.794921875000000000e-01 -8.249004547434850565e+01
4.804687500000000000e-01 -8.069819028085814239e+01
4.814453125000000000e-01 -7.928697119051642517e+01
4.824218750000000000e-01 -7.813934990250852763e+01
4.833984375000000000e-01 -7.718591692252434200e+01
4.843750000000000000e-01 -7.638202710792340611e+01
4.853515625000000000e-01 -7.569720314257511973e+01
4.863281250000000000e-01 -7.510967013962738292e+01
4.873046875000000000e-01 -7.460330322490035826e+01
4.882812500000000000e-01 -7.416581461694518396e+01
4.892578125000000000e-01 -7.378762308747444365e+01
4.902343750000000000e-01 -7.346112073678278875e+01
4.912109375000000000e-01 -7.318018208094134991e+01
4.921875000000000000e-01 -7.293982680744439051e+01
4.931640625000000000e-01 -7.273598329973397369e+01
4.941406250000000000e-01 -7.256532019107491749e+01
4.951171875000000000e-01 -7.242512504371491389e+01
4.960937500000000000e-01 -7.231321644902079981e+01
4.970703125000000000e-01 -7.222788037366476033e+01
4.980468750000000000e-01 -7.216782451994671987e+01
4.990234375000000000e-01 -7.213214645024632432e+01
