-5.000000000000000000e-01 -6.810370321791447168e+01
-4.990234375000000000e-01 -6.812972866416895101e+01
-4.980468750000000000e-01 -6.820811377288873700e+01
-4.970703125000000000e-01 -6.833979978191214855e+01
-4.960937500000000000e-01 -6.852640673856852516e+01
-4.951171875000000000e-01 -6.877031621322700516e+01
-4.941406250000000000e-01 -6.907479967984488667e+01
-4.931640625000000000e-01 -6.944420806339371666e+01
-4.921875000000000000e-01 -6.988424755864970450e+01
-4.912109375000000000e-01 -7.040238257377622233e+01
-4.902343750000000000e-01 -7.100843376696316511e+01
-4.892578125000000000e-01 -7.171548812338544110e+01
-4.882812500000000000e-01 -7.254133124261579724e+01
-4.873046875000000000e-01 -7.351080049076637124e+01
-4.863281250000000000e-01 -7.465986743132691572e+01
-4.853515625000000000e-01 -7.604323254026158452e+01
-4.843750000000000000e-01 -7.774981676045696588e+01
-4.833984375000000000e-01 -7.993864525789432207e+01
-4.824218750000000000e-01 -8.293926373439396116e+01
-4.814453125000000000e-01 -8.763935773476602265e+01
-4.804687500000000000e-01 -9.877704707186765631e+01
-4.794921875000000000e-01 -9.466324023075000582e+01
-4.785156250000000000e-01 -8.631883001991997162e+01
-4.775390625000000000e-01 -8.218185530663086524e+01
-4.765625000000000000e-01 -7.943415208342568690e+01
-4.755859375000000000e-01 -7.739519215893230353e+01
-4.746093750000000000e-01 -7.579171723756621759e+01
-4.736328125000000000e-01 -7.448632824288908694e+01
-4.726562500000000000e-01 -7.340019625578248963e+01
-4.716796875000000000e-01 -7.248396802530261596e+01
-4.707031250000000000e-01 -7.170477340117113840e+01
-4.697265625000000000e-01 -7.103970113107470752e+01
-4.687500000000000000e-01 -7.047222837587122513e+01
-4.677734375000000000e-01 -6.999013387471924830e+01
-4.667968750000000000e-01 -6.958421378413791558e+01
-4.658203125000000000e-01 -6.924745865564453595e+01
-4.648437500000000000e-01 -6.897450902706749787e+01
-4.638671875000000000e-01 -6.876128693741635800e+01
-4.628906250000000000e-01 -6.860474315957620206e+01
-4.619140625000000000e-01 -6.850268373447319448e+01
-4.609375000000000000e-01 -6.845365336166879899e+01
-4.599609375000000000e-01 -6.845686182735487080e+01
-4.589843750000000000e-01 -6.851214531241100758e+01
-4.580078125000000000e-01 -6.861995847342063826e+01
-4.570312500000000000e-01 -6.878139647209425789e+01
-4.560546875000000000e-01 -6.899824926024261629e+01
-4.550781250000000000e-01 -6.927309398362611148e+01
-4.541015625000000000e-01 -6.960943604476021562e+01
-4.531250000000000000e-01 -7.001191619888533069e+01
-4.521484375000000000e-01 -7.048661179511339014e+01
-4.511718750000000000e-01 -7.104147809173798578e+01
-4.501953125000000000e-01 -7.168700659319165425e+01
-4.492187500000000000e-01 -7.243723404882737782e+01
-4.482421875000000000e-01 -7.331134510498885959e+01
-4.472656250000000000e-01 -7.433633621390487178e+01
-4.462890625000000000e-01 -7.555170622897293242e+01
-4.453125000000000000e-01 -7.701835243954715793e+01
-4.443359375000000000e-01 -7.883719544327705364e+01
-4.433593750000000000e-01 -8.119396226810444261e+01
-4.423828125000000000e-01 -8.449214167970384892e+01
-4.414062500000000000e-01 -8.992862616400195463e+01
-4.404296875000000000e-01 -1.077078364925489353e+02
-4.394531250000000000e-01 -9.257482646816468730e+01
-4.384765625000000000e-01 -8.587725246574646576e+01
-4.375000000000000000e-01 -8.219340864375226374e+01
-4.365234375000000000e-01 -7.966728173155247816e+01
-4.355468750000000000e-01 -7.776532568453151839e+01
-4.345703125000000000e-01 -7.625860758144200702e+01
-4.335937500000000000e-01 -7.502771124128499025e+01
-4.326171875000000000e-01 -7.400249227306278499e+01
-4.316406250000000000e-01 -7.313831031557998585e+01
-4.306640625000000000e-01 -7.240507818630439374e+01
-4.296875000000000000e-01 -7.178163781869830018e+01
-4.287109375000000000e-01 -7.125262967266736780e+01
-4.277343750000000000e-01 -7.080663867478499185e+01
-4.267578125000000000e-01 -7.043504135465433080e+01
-4.257812500000000000e-01 -7.013126092206681506e+01
-4.248046875000000000e-01 -6.989027150376044517e+01
-4.238281250000000000e-01 -6.970826126246906540e+01
-4.228515625000000000e-01 -6.958240103407297283e+01
-4.218750000000000000e-01 -6.951068602579985622e+01
-4.208984375000000000e-01 -6.949183053741658966e+01
-4.199218750000000000e-01 -6.952520343824075155e+01
-4.189453125000000000e-01 -6.961079732667855069e+01
-4.179687500000000000e-01 -6.974922811570384340e+01
-4.169921875000000000e-01 -6.994176500073140801e+01
-4.160156250000000000e-01 -7.019039397053003881e+01
-4.150390625000000000e-01 -7.049792181277639713e+01
-4.140625000000000000e-01 -7.086813270721576430e+01
-4.130859375000000000e-01 -7.130601717477399859e+01
-4.121093750000000000e-01 -7.181810539831437268e+01
-4.111328125000000000e-01 -7.241295751968449679e+01
-4.101562500000000000e-01 -7.310189982122358288e+01
-4.091796875000000000e-01 -7.390016297232952525e+01
-4.082031250000000000e-01 -7.482871035481099398e+01
-4.072265625000000000e-01 -7.591732045387523442e+01
-4.062500000000000000e-01 -7.721011343813570704e+01
-4.052734375000000000e-01 -7.877628432704980810e+01
-4.042968750000000000e-01 -8.073331517953904779e+01
-4.033203125000000000e-01 -8.330550113580395077e+01
-4.023437500000000000e-01 -8.701179902821648682e+01
-4.013671875000000000e-01 -9.362617901733791825e+01
-4.003906250000000000e-01 -1.109348022175473432e+02
-3.994140625000000000e-01 -9.161477524653648175e+01
-3.984375000000000000e-01 -8.614579723497476493e+01
-3.974609375000000000e-01 -8.287964533730546179e+01
-3.964843750000000000e-01 -8.057267831539110148e+01
-3.955078125000000000e-01 -7.881108484645397994e+01
-3.945312500000000000e-01 -7.740555176863887255e+01
-3.935546875000000000e-01 -7.625358831048343689e+01
-3.925781250000000000e-01 -7.529350445771397915e+01
-3.916015625000000000e-01 -7.448536119303912528e+01
-3.906250000000000000e-01 -7.380190123288235782e+01
-3.896484375000000000e-01 -7.322377867238432714e+01
-3.886718750000000000e-01 -7.273685489249939451e+01
-3.876953125000000000e-01 -7.233057423943490960e+01
-3.867187500000000000e-01 -7.199694274135890737e+01
-3.857421875000000000e-01 -7.172986257716743808e+01
-3.847656250000000000e-01 -7.152468650651113080e+01
-3.837890625000000000e-01 -7.137791418573783631e+01
-3.828125000000000000e-01 -7.128698383437054531e+01
-3.818359375000000000e-01 -7.125013082023882305e+01
-3.808593750000000000e-01 -7.126629564075302881e+01
-3.798828125000000000e-01 -7.133507073005256416e+01
-3.789062500000000000e-01 -7.145668029784295072e+01
-3.779296875000000000e-01 -7.163199106505371105e+01
-3.769531250000000000e-01 -7.186255502531058426e+01
-3.759765625000000000e-01 -7.215068883281722378e+01
-3.750000000000000000e-01 -7.249959876273315729e+01
-3.740234375000000000e-01 -7.291356633466365622e+01
-3.730468750000000000e-01 -7.339821914065925057e+01
-3.720703125000000000e-01 -7.396092685493894692e+01
-3.710937500000000000e-01 -7.461138890708653548e+01
-3.701171875000000000e-01 -7.536252806459243914e+01
-3.691406250000000000e-01 -7.623189486192750053e+01
-3.681640625000000000e-01 -7.724397067576292386e+01
-3.671875000000000000e-01 -7.843415347367043466e+01
-3.662109375000000000e-01 -7.985614877651111954e+01
-3.652343750000000000e-01 -8.159698010581217886e+01
-3.642578125000000000e-01 -8.381154379953318312e+01
-3.632812500000000000e-01 -8.681837950683504346e+01
-3.623046875000000000e-01 -9.146278632051098612e+01
-3.613281250000000000e-01 -1.020201815099260045e+02
-3.603515625000000000e-01 -9.944286633977003476e+01
-3.593750000000000000e-01 -9.077368734914445270e+01
-3.583984375000000000e-01 -8.660211795793715339e+01
-3.574218750000000000e-01 -8.386823175580600775e+01
-3.564453125000000000e-01 -8.186019447919102277e+01
-3.554687500000000000e-01 -8.029584177360602837e+01
-3.544921875000000000e-01 -7.903429068005632985e+01
-3.535156250000000000e-01 -7.799508431071907921e+01
-3.525390625000000000e-01 -7.712802083675966003e+01
-3.515625000000000000e-01 -7.639975798239557037e+01
-3.505859375000000000e-01 -7.578711457173096733e+01
-3.496093750000000000e-01 -7.527341654630239987e+01
-3.486328125000000000e-01 -7.484636708803131455e+01
-3.476562500000000000e-01 -7.449673920733860655e+01
-3.466796875000000000e-01 -7.421753996984152479e+01
-3.457031250000000000e-01 -7.400345937189926815e+01
-3.447265625000000000e-01 -7.385049894011613958e+01
-3.437500000000000000e-01 -7.375571873301760206e+01
-3.427734375000000000e-01 -7.371706582990192658e+01
-3.417968750000000000e-01 -7.373326175404316984e+01
-3.408203125000000000e-01 -7.380373520390469366e+01
-3.398437500000000000e-01 -7.392859242269554443e+01
-3.388671875000000000e-01 -7.410862194156413807e+01
-3.378906250000000000e-01 -7.434533420585565011e+01
-3.369140625000000000e-01 -7.464104046483458887e+01
-3.359375000000000000e-01 -7.499898003122758894e+01
-3.349609375000000000e-01 -7.542351161637571977e+01
-3.339843750000000000e-01 -7.592039455860637531e+01
-3.330078125000000000e-01 -7.649720229293396301e+01
-3.320312500000000000e-01 -7.716393889536402639e+01
-3.310546875000000000e-01 -7.793398113493650214e+01
-3.300781250000000000e-01 -7.882556708498020726e+01
-3.291015625000000000e-01 -7.986425279553257894e+01
-3.281250000000000000e-01 -8.108719720495459171e+01
-3.271484375000000000e-01 -8.255118766733704661e+01
-3.261718750000000000e-01 -8.434915849266181453e+01
-3.251953125000000000e-01 -8.664894651320280161e+01
-3.242187500000000000e-01 -8.980393981767699074e+01
-3.232421875000000000e-01 -9.479672062188038240e+01
-3.222656250000000000e-01 -1.075784941274783364e+02
-3.212890625000000000e-01 -1.003175458947875285e+02
-3.203125000000000000e-01 -9.270152775267311540e+01
-3.193359375000000000e-01 -8.879608661664858005e+01
-3.183593750000000000e-01 -8.619182061163570552e+01
-3.173828125000000000e-01 -8.426588936176730726e+01
-3.164062500000000000e-01 -8.276200455872333350e+01
-3.154296875000000000e-01 -8.154961258186060036e+01
-3.144531250000000000e-01 -8.055322703109538907e+01
-3.134765625000000000e-01 -7.972536821557775966e+01
-3.125000000000000000e-01 -7.903434265138135117e+01
-3.115234375000000000e-01 -7.845805827327926352e+01
-3.105468750000000000e-01 -7.798062098191638825e+01
-3.095703125000000000e-01 -7.759033835284675718e+01
-3.085937500000000000e-01 -7.727848941521673964e+01
-3.076171875000000000e-01 -7.703853728417330160e+01
-3.066406250000000000e-01 -7.686561134546438723e+01
-3.056640625000000000e-01 -7.675616144331277724e+01
-3.046875000000000000e-01 -7.670772714208933962e+01
-3.037109375000000000e-01 -7.671878814879241304e+01
-3.027343750000000000e-01 -7.678867581186882774e+01
-3.017578125000000000e-01 -7.691753456200150652e+01
-3.007812500000000000e-01 -7.710632861838831786e+01
-2.998046875000000000e-01 -7.735689474623075057e+01
-2.988281250000000000e-01 -7.767204747784188612e+01
-2.978515625000000000e-01 -7.805575021653541512e+01
-2.968750000000000000e-01 -7.851337571494548229e+01
-2.958984375000000000e-01 -7.905209536731992159e+01
-2.949218750000000000e-01 -7.968146378449206679e+01
-2.939453125000000000e-01 -8.041431359596570871e+01
-2.929687500000000000e-01 -8.126816734909242257e+01
-2.919921875000000000e-01 -8.226755878437506908e+01
-2.910156250000000000e-01 -8.344805796465264791e+01
-2.900390625000000000e-01 -8.486374901569936924e+01
-2.890625000000000000e-01 -8.660244876277631931e+01
-2.880859375000000000e-01 -8.882083879449189112e+01
-2.871093750000000000e-01 -9.184225038394450280e+01
-2.861328125000000000e-01 -9.653033743082031037e+01
-2.851562500000000000e-01 -1.073554673928276912e+02
-2.841796875000000000e-01 -1.041310062758286108e+02
-2.832031250000000000e-01 -9.563624017968864166e+01
-2.822265625000000000e-01 -9.150969383816448044e+01
-2.812500000000000000e-01 -8.880180906321157863e+01
-2.802734375000000000e-01 -8.681493573812089437e+01
-2.792968750000000000e-01 -8.527105098935946614e+01
-2.783203125000000000e-01 -8.403101822634327789e+01
-2.773437500000000000e-01 -8.301533237595293713e+01
-2.763671875000000000e-01 -8.217443407770461761e+01
-2.753906250000000000e-01 -8.147549945125845738e+01
-2.744140625000000000e-01 -8.089582629367001232e+01
-2.734375000000000000e-01 -8.041922605518527689e+01
-2.724609375000000000e-01 -8.003392411832534492e+01
-2.714843750000000000e-01 -7.973127657078684649e+01
-2.705078125000000000e-01 -7.950495763376495972e+01
-2.695312500000000000e-01 -7.935043391158583859e+01
-2.685546875000000000e-01 -7.926462315489504817e+01
-2.675781250000000000e-01 -7.924567899760360490e+01
-2.666015625000000000e-01 -7.929286823998840816e+01
-2.656250000000000000e-01 -7.940652292326798545e+01
-2.646484375000000000e-01 -7.958806052287924615e+01
-2.636718750000000000e-01 -7.984007503404023964e+01
-2.626953125000000000e-01 -8.016651184183687917e+01
-2.617187500000000000e-01 -8.057295263439364419e+01
-2.607421875000000000e-01 -8.106705710684600774e+01
-2.597656250000000000e-01 -8.165924282690949099e+01
-2.587890625000000000e-01 -8.236374746309590478e+01
-2.578125000000000000e-01 -8.320033913519962709e+01
-2.568359375000000000e-01 -8.419719240943260274e+01
-2.558593750000000000e-01 -8.539601220666850168e+01
-2.548828125000000000e-01 -8.686188649229484326e+01
-2.539062500000000000e-01 -8.870428770987288658e+01
-2.529296875000000000e-01 -9.112888496747504519e+01
-2.519531250000000000e-01 -9.459790269546205366e+01
-2.509765625000000000e-01 -1.005868881909561310e+02
-2.500000000000000000e-01 -inf
-2.490234375000000000e-01 -1.005868881909047872e+02
-2.480468750000000000e-01 -9.459790269551282904e+01
-2.470703125000000000e-01 -9.112888496748010425e+01
-2.460937500000000000e-01 -8.870428770987791722e+01
-2.451171875000000000e-01 -8.686188649231172576e+01
-2.441406250000000000e-01 -8.539601220667597659e+01
-2.431640625000000000e-01 -8.419719240943152272e+01
-2.421875000000000000e-01 -8.320033913519962709e+01
-2.412109375000000000e-01 -8.236374746308898409e+01
-2.402343750000000000e-01 -8.165924282691759117e+01
-2.392578125000000000e-01 -8.106705710683957022e+01
-2.382812500000000000e-01 -8.057295263438889776e+01
-2.373046875000000000e-01 -8.016651184183002954e+01
-2.363281250000000000e-01 -7.984007503404396289e+01
-2.353515625000000000e-01 -7.958806052287857824e+01
-2.343750000000000000e-01 -7.940652292324996608e+01
-2.333984375000000000e-01 -7.929286823998441491e+01
-2.324218750000000000e-01 -7.924567899759406941e+01
-2.314453125000000000e-01 -7.926462315489889932e+01
-2.304687500000000000e-01 -7.935043391158441750e+01
-2.294921875000000000e-01 -7.950495763377728053e+01
-2.285156250000000000e-01 -7.973127657078684649e+01
-2.275390625000000000e-01 -8.003392411833897313e+01
-2.265625000000000000e-01 -8.041922605520674949e+01
-2.255859375000000000e-01 -8.089582629367149025e+01
-2.246093750000000000e-01 -8.147549945126796445e+01
-2.236328125000000000e-01 -8.217443407769368946e+01
-2.226562500000000000e-01 -8.301533237595663195e+01
-2.216796875000000000e-01 -8.403101822634394580e+01
-2.207031250000000000e-01 -8.527105098934555372e+01
-2.197265625000000000e-01 -8.681493573812089437e+01
-2.187500000000000000e-01 -8.880180906319829148e+01
-2.177734375000000000e-01 -9.150969383820415715e+01
-2.167968750000000000e-01 -9.563624017963995527e+01
-2.158203125000000000e-01 -1.041310062757881525e+02
-2.148437500000000000e-01 -1.073554673930176477e+02
-2.138671875000000000e-01 -9.653033743088498397e+01
-2.128906250000000000e-01 -9.184225038390275131e+01
-2.119140625000000000e-01 -8.882083879452565611e+01
-2.109375000000000000e-01 -8.660244876279091386e+01
-2.099609375000000000e-01 -8.486374901568213147e+01
-2.089843750000000000e-01 -8.344805796464865466e+01
-2.080078125000000000e-01 -8.226755878436621572e+01
-2.070312500000000000e-01 -8.126816734908815931e+01
-2.060546875000000000e-01 -8.041431359596275286e+01
-2.050781250000000000e-01 -7.968146378449296208e+01
-2.041015625000000000e-01 -7.905209536733198661e+01
-2.031250000000000000e-01 -7.851337571494548229e+01
-2.021484375000000000e-01 -7.805575021653559986e+01
-2.011718750000000000e-01 -7.767204747783792129e+01
-2.001953125000000000e-01 -7.735689474623416118e+01
-1.992187500000000000e-01 -7.710632861838446672e+01
-1.982421875000000000e-01 -7.691753456200906669e+01
-1.972656250000000000e-01 -7.678867581186790403e+01
-1.962890625000000000e-01 -7.671878814879404729e+01
-1.953125000000000000e-01 -7.670772714209866194e+01
-1.943359375000000000e-01 -7.675616144331277724e+01
-1.933593750000000000e-01 -7.686561134545972607e+01
-1.923828125000000000e-01 -7.703853728417087154e+01
-1.914062500000000000e-01 -7.727848941521607173e+01
-1.904296875000000000e-01 -7.759033835284114389e+01
-1.894531250000000000e-01 -7.798062098192050939e+01
-1.884765625000000000e-01 -7.845805827327926352e+01
-1.875000000000000000e-01 -7.903434265138135117e+01
-1.865234375000000000e-01 -7.972536821557775966e+01
-1.855468750000000000e-01 -8.055322703107775340e+01
-1.845703125000000000e-01 -8.154961258186695261e+01
-1.835937500000000000e-01 -8.276200455873789963e+01
-1.826171875000000000e-01 -8.426588936178491451e+01
-1.816406250000000000e-01 -8.619182061163846242e+01
-1.806640625000000000e-01 -8.879608661668960679e+01
-1.796875000000000000e-01 -9.270152775267311540e+01
-1.787109375000000000e-01 -1.003175458946646188e+02
-1.777343750000000000e-01 -1.075784941272864756e+02
-1.767578125000000000e-01 -9.479672062186166670e+01
-1.757812500000000000e-01 -8.980393981767986133e+01
-1.748046875000000000e-01 -8.664894651321573349e+01
-1.738281250000000000e-01 -8.434915849267821386e+01
-1.728515625000000000e-01 -8.255118766733579605e+01
-1.718750000000000000e-01 -8.108719720495459171e+01
-1.708984375000000000e-01 -7.986425279553304790e+01
-1.699218750000000000e-01 -7.882556708499510023e+01
-1.689453125000000000e-01 -7.793398113494740187e+01
-1.679687500000000000e-01 -7.716393889536213635e+01
-1.669921875000000000e-01 -7.649720229293529883e+01
-1.660156250000000000e-01 -7.592039455860636110e+01
-1.650390625000000000e-01 -7.542351161637752455e+01
-1.640625000000000000e-01 -7.499898003123524859e+01
-1.630859375000000000e-01 -7.464104046483990373e+01
-1.621093750000000000e-01 -7.434533420585425745e+01
-1.611328125000000000e-01 -7.410862194156688076e+01
-1.601562500000000000e-01 -7.392859242268752951e+01
-1.591796875000000000e-01 -7.380373520390244835e+01
-1.582031250000000000e-01 -7.373326175404545779e+01
-1.572265625000000000e-01 -7.371706582990704248e+01
-1.562500000000000000e-01 -7.375571873301289827e+01
-1.552734375000000000e-01 -7.385049894011413585e+01
-1.542968750000000000e-01 -7.400345937189760548e+01
-1.533203125000000000e-01 -7.421753996983844104e+01
-1.523437500000000000e-01 -7.449673920733712862e+01
-1.513671875000000000e-01 -7.484636708802662497e+01
-1.503906250000000000e-01 -7.527341654630082246e+01
-1.494140625000000000e-01 -7.578711457172572352e+01
-1.484375000000000000e-01 -7.639975798239557037e+01
-1.474609375000000000e-01 -7.712802083674772291e+01
-1.464843750000000000e-01 -7.799508431072543146e+01
-1.455078125000000000e-01 -7.903429068005176816e+01
-1.445312500000000000e-01 -8.029584177360428043e+01
-1.435546875000000000e-01 -8.186019447918133096e+01
-1.425781250000000000e-01 -8.386823175580087764e+01
-1.416015625000000000e-01 -8.660211795792639577e+01
-1.406250000000000000e-01 -9.077368734914445270e+01
-1.396484375000000000e-01 -9.944286633975673340e+01
-1.386718750000000000e-01 -1.020201815098663332e+02
-1.376953125000000000e-01 -9.146278632051098612e+01
-1.367187500000000000e-01 -8.681837950681955363e+01
-1.357421875000000000e-01 -8.381154379952965883e+01
-1.347656250000000000e-01 -8.159698010581537631e+01
-1.337890625000000000e-01 -7.985614877650144194e+01
-1.328125000000000000e-01 -7.843415347367613322e+01
-1.318359375000000000e-01 -7.724397067576563813e+01
-1.308593750000000000e-01 -7.623189486193876974e+01
-1.298828125000000000e-01 -7.536252806459943088e+01
-1.289062500000000000e-01 -7.461138890708701865e+01
-1.279296875000000000e-01 -7.396092685494230068e+01
-1.269531250000000000e-01 -7.339821914065792896e+01
-1.259765625000000000e-01 -7.291356633466173776e+01
-1.250000000000000000e-01 -7.249959876273722159e+01
-1.240234375000000000e-01 -7.215068883281557532e+01
-1.230468750000000000e-01 -7.186255502530612205e+01
-1.220703125000000000e-01 -7.163199106505504687e+01
-1.210937500000000000e-01 -7.145668029784087594e+01
-1.201171875000000000e-01 -7.133507073005475263e+01
-1.191406250000000000e-01 -7.126629564075302881e+01
-1.181640625000000000e-01 -7.125013082024217681e+01
-1.171875000000000000e-01 -7.128698383436304198e+01
-1.162109375000000000e-01 -7.137791418573695523e+01
-1.152343750000000000e-01 -7.152468650651567827e+01
-1.142578125000000000e-01 -7.172986257716459590e+01
-1.132812500000000000e-01 -7.199694274136533068e+01
-1.123046875000000000e-01 -7.233057423943242270e+01
-1.113281250000000000e-01 -7.273685489249385228e+01
-1.103515625000000000e-01 -7.322377867238697036e+01
-1.093750000000000000e-01 -7.380190123288235782e+01
-1.083984375000000000e-01 -7.448536119303670944e+01
-1.074218750000000000e-01 -7.529350445770928957e+01
-1.064453125000000000e-01 -7.625358831047789465e+01
-1.054687500000000000e-01 -7.740555176863612985e+01
-1.044921875000000000e-01 -7.881108484645298518e+01
-1.035156250000000000e-01 -8.057267831537541269e+01
-1.025390625000000000e-01 -8.287964533730026062e+01
-1.015625000000000000e-01 -8.614579723497476493e+01
-1.005859375000000000e-01 -9.161477524655578009e+01
-9.960937500000000000e-02 -1.109348022175005042e+02
-9.863281250000000000e-02 -9.362617901740462401e+01
-9.765625000000000000e-02 -8.701179902821027667e+01
-9.667968750000000000e-02 -8.330550113581949745e+01
-9.570312500000000000e-02 -8.073331517953802461e+01
-9.472656250000000000e-02 -7.877628432704148054e+01
-9.375000000000000000e-02 -7.721011343812871530e+01
-9.277343750000000000e-02 -7.591732045386923744e+01
-9.179687500000000000e-02 -7.482871035480577859e+01
-9.082031250000000000e-02 -7.390016297233020737e+01
-8.984375000000000000e-02 -7.310189982122435026e+01
-8.886718750000000000e-02 -7.241295751968297623e+01
-8.789062500000000000e-02 -7.181810539831749907e+01
-8.691406250000000000e-02 -7.130601717477674129e+01
-8.593750000000000000e-02 -7.086813270722053915e+01
-8.496093750000000000e-02 -7.049792181277787506e+01
-8.398437500000000000e-02 -7.019039397052959828e+01
-8.300781250000000000e-02 -6.994176500073346858e+01
-8.203125000000000000e-02 -6.974922811570577608e+01
-8.105468750000000000e-02 -6.961079732667596431e+01
-8.007812500000000000e-02 -6.952520343824019733e+01
-7.910156250000000000e-02 -6.949183053740964056e+01
-7.812500000000000000e-02 -6.951068602580561162e+01
-7.714843750000000000e-02 -6.958240103407703714e+01
-7.617187500000000000e-02 -6.970826126246906540e+01
-7.519531250000000000e-02 -6.989027150376398367e+01
-7.421875000000000000e-02 -7.013126092206621820e+01
-7.324218750000000000e-02 -7.043504135465715876e+01
-7.226562500000000000e-02 -7.080663867478824613e+01
-7.128906250000000000e-02 -7.125262967266762359e+01
-7.031250000000000000e-02 -7.178163781870358662e+01
-6.933593750000000000e-02 -7.240507818630283055e+01
-6.835937500000000000e-02 -7.313831031558363804e+01
-6.738281250000000000e-02 -7.400249227305722854e+01
-6.640625000000000000e-02 -7.502771124129010616e+01
-6.542968750000000000e-02 -7.625860758144062856e+01
-6.445312500000000000e-02 -7.776532568453114891e+01
-6.347656250000000000e-02 -7.966728173154278636e+01
-6.250000000000000000e-02 -8.219340864376465561e+01
-6.152343750000000000e-02 -8.587725246574646576e+01
-6.054687500000000000e-02 -9.257482646818479566e+01
-5.957031250000000000e-02 -1.077078364925048675e+02
-5.859375000000000000e-02 -8.992862616400435627e+01
-5.761718750000000000e-02 -8.449214167971432232e+01
-5.664062500000000000e-02 -8.119396226810444261e+01
-5.566406250000000000e-02 -7.883719544327972528e+01
-5.468750000000000000e-02 -7.701835243953264865e+01
-5.371093750000000000e-02 -7.555170622896663701e+01
-5.273437500000000000e-02 -7.433633621390625024e+01
-5.175781250000000000e-02 -7.331134510498243628e+01
-5.078125000000000000e-02 -7.243723404883257899e+01
-4.980468750000000000e-02 -7.168700659319368640e+01
-4.882812500000000000e-02 -7.104147809173781525e+01
-4.785156250000000000e-02 -7.048661179511491071e+01
-4.687500000000000000e-02 -7.001191619888840023e+01
-4.589843750000000000e-02 -6.960943604475558288e+01
-4.492187500000000000e-02 -6.927309398362899628e+01
-4.394531250000000000e-02 -6.899824926023630667e+01
-4.296875000000000000e-02 -6.878139647209496843e+01
-4.199218750000000000e-02 -6.861995847342132038e+01
-4.101562500000000000e-02 -6.851214531240850647e+01
-4.003906250000000000e-02 -6.845686182735784087e+01
-3.906250000000000000e-02 -6.845365336166879899e+01
-3.808593750000000000e-02 -6.850268373447418924e+01
-3.710937500000000000e-02 -6.860474315957979741e+01
-3.613281250000000000e-02 -6.876128693741465270e+01
-3.515625000000000000e-02 -6.897450902706599152e+01
-3.417968750000000000e-02 -6.924745865565236613e+01
-3.320312500000000000e-02 -6.958421378413534342e+01
-3.222656250000000000e-02 -6.999013387471462977e+01
-3.125000000000000000e-02 -7.047222837587443678e+01
-3.027343750000000000e-02 -7.103970113107641282e+01
-2.929687500000000000e-02 -7.170477340117822962e+01
-2.832031250000000000e-02 -7.248396802530231753e+01
-2.734375000000000000e-02 -7.340019625577588158e+01
-2.636718750000000000e-02 -7.448632824288789323e+01
-2.539062500000000000e-02 -7.579171723756456913e+01
-2.441406250000000000e-02 -7.739519215892777027e+01
-2.343750000000000000e-02 -7.943415208341930622e+01
-2.246093750000000000e-02 -8.218185530664746352e+01
-2.148437500000000000e-02 -8.631883001992548543e+01
-2.050781250000000000e-02 -9.466324023077140737e+01
-1.953125000000000000e-02 -9.877704707189835176e+01
-1.855468750000000000e-02 -8.763935773470100798e+01
-1.757812500000000000e-02 -8.293926373440723410e+01
-1.660156250000000000e-02 -7.993864525788954722e+01
-1.562500000000000000e-02 -7.774981676045696588e+01
-1.464843750000000000e-02 -7.604323254026729728e+01
-1.367187500000000000e-02 -7.465986743133203163e+01
-1.269531250000000000e-02 -7.351080049077225453e+01
-1.171875000000000000e-02 -7.254133124261807097e+01
-1.074218750000000000e-02 -7.171548812338456003e+01
-9.765625000000000000e-03 -7.100843376696269615e+01
-8.789062500000000000e-03 -7.040238257377521336e+01
-7.812500000000000000e-03 -6.988424755864757287e+01
-6.835937500000000000e-03 -6.944420806339391561e+01
-5.859375000000000000e-03 -6.907479967984374980e+01
-4.882812500000000000e-03 -6.877031621322817045e+01
-3.906250000000000000e-03 -6.852640673856947728e+01
-2.929687500000000000e-03 -6.833979978191251803e+01
-1.953125000000000000e-03 -6.820811377289007282e+01
-9.765625000000000000e-04 -6.812972866416534146e+01
0.000000000000000000e+00 -6.810370321791447168e+01
9.765625000000000000e-04 -6.812972866416775730e+01
1.953125000000000000e-03 -6.820811377288994493e+01
2.929687500000000000e-03 -6.833979978191251803e+01
3.906250000000000000e-03 -6.852640673856996045e+01
4.882812500000000000e-03 -6.877031621322583987e+01
5.859375000000000000e-03 -6.907479967984602354e+01
6.835937500000000000e-03 -6.944420806339169872e+01
7.812500000000000000e-03 -6.988424755864757287e+01
8.789062500000000000e-03 -7.040238257377477282e+01
9.765625000000000000e-03 -7.100843376696553833e+01
1.074218750000000000e-02 -7.171548812338544110e+01
1.171875000000000000e-02 -7.254133124261807097e+01
1.269531250000000000e-02 -7.351080049076416856e+01
1.367187500000000000e-02 -7.465986743132691572e+01
1.464843750000000000e-02 -7.604323254025548806e+01
1.562500000000000000e-02 -7.774981676045696588e+01
1.660156250000000000e-02 -7.993864525788966091e+01
1.757812500000000000e-02 -8.293926373439330746e+01
1.855468750000000000e-02 -8.763935773474545954e+01
1.953125000000000000e-02 -9.877704707191438160e+01
2.050781250000000000e-02 -9.466324023070399107e+01
2.148437500000000000e-02 -8.631883001991997162e+01
2.246093750000000000e-02 -8.218185530663174632e+01
2.343750000000000000e-02 -7.943415208341930622e+01
2.441406250000000000e-02 -7.739519215893230353e+01
2.539062500000000000e-02 -7.579171723756786605e+01
2.636718750000000000e-02 -7.448632824288789323e+01
2.734375000000000000e-02 -7.340019625578248963e+01
2.832031250000000000e-02 -7.248396802530231753e+01
2.929687500000000000e-02 -7.170477340116748621e+01
3.027343750000000000e-02 -7.103970113107298801e+01
3.125000000000000000e-02 -7.047222837587443678e+01
3.222656250000000000e-02 -6.999013387471774195e+01
3.320312500000000000e-02 -6.958421378413791558e+01
3.417968750000000000e-02 -6.924745865564433700e+01
3.515625000000000000e-02 -6.897450902706651732e+01
3.613281250000000000e-02 -6.876128693741402742e+01
3.710937500000000000e-02 -6.860474315957547731e+01
3.808593750000000000e-02 -6.850268373447418924e+01
3.906250000000000000e-02 -6.845365336166879899e+01
4.003906250000000000e-02 -6.845686182735549608e+01
4.101562500000000000e-02 -6.851214531241278394e+01
4.199218750000000000e-02 -6.861995847341948718e+01
4.296875000000000000e-02 -6.878139647209303575e+01
4.394531250000000000e-02 -6.899824926024150784e+01
4.492187500000000000e-02 -6.927309398362611148e+01
4.589843750000000000e-02 -6.960943604476166513e+01
4.687500000000000000e-02 -7.001191619888533069e+01
4.785156250000000000e-02 -7.048661179511499597e+01
4.882812500000000000e-02 -7.104147809173798578e+01
4.980468750000000000e-02 -7.168700659319368640e+01
5.078125000000000000e-02 -7.243723404882962313e+01
5.175781250000000000e-02 -7.331134510499136070e+01
5.273437500000000000e-02 -7.433633621390487178e+01
5.371093750000000000e-02 -7.555170622897557564e+01
5.468750000000000000e-02 -7.701835243955198962e+01
5.566406250000000000e-02 -7.883719544327436779e+01
5.664062500000000000e-02 -8.119396226811363704e+01
5.761718750000000000e-02 -8.449214167970384892e+01
5.859375000000000000e-02 -8.992862616401592391e+01
5.957031250000000000e-02 -1.077078364924368543e+02
6.054687500000000000e-02 -9.257482646814457894e+01
6.152343750000000000e-02 -8.587725246574646576e+01
6.250000000000000000e-02 -8.219340864376465561e+01
6.347656250000000000e-02 -7.966728173155247816e+01
6.445312500000000000e-02 -7.776532568453151839e+01
6.542968750000000000e-02 -7.625860758144244755e+01
6.640625000000000000e-02 -7.502771124128300073e+01
6.738281250000000000e-02 -7.400249227306491662e+01
6.835937500000000000e-02 -7.313831031557876372e+01
6.933593750000000000e-02 -7.240507818630283055e+01
7.031250000000000000e-02 -7.178163781870358662e+01
7.128906250000000000e-02 -7.125262967266762359e+01
7.226562500000000000e-02 -7.080663867478638451e+01
7.324218750000000000e-02 -7.043504135465715876e+01
7.421875000000000000e-02 -7.013126092206681506e+01
7.519531250000000000e-02 -6.989027150376021780e+01
7.617187500000000000e-02 -6.970826126247195020e+01
7.714843750000000000e-02 -6.958240103407152333e+01
7.812500000000000000e-02 -6.951068602580561162e+01
7.910156250000000000e-02 -6.949183053741802496e+01
8.007812500000000000e-02 -6.952520343824060944e+01
8.105468750000000000e-02 -6.961079732667874964e+01
8.203125000000000000e-02 -6.974922811570522185e+01
8.300781250000000000e-02 -6.994176500073008640e+01
8.398437500000000000e-02 -7.019039397053218465e+01
8.496093750000000000e-02 -7.049792181277743452e+01
8.593750000000000000e-02 -7.086813270722053915e+01
8.691406250000000000e-02 -7.130601717477674129e+01
8.789062500000000000e-02 -7.181810539831228368e+01
8.886718750000000000e-02 -7.241295751968627314e+01
8.984375000000000000e-02 -7.310189982122115282e+01
9.082031250000000000e-02 -7.390016297232952525e+01
9.179687500000000000e-02 -7.482871035481620936e+01
9.277343750000000000e-02 -7.591732045386923744e+01
9.375000000000000000e-02 -7.721011343812871530e+01
9.472656250000000000e-02 -7.877628432704980810e+01
9.570312500000000000e-02 -8.073331517953904779e+01
9.667968750000000000e-02 -8.330550113580395077e+01
9.765625000000000000e-02 -8.701179902821442624e+01
9.863281250000000000e-02 -9.362617901732295422e+01
9.960937500000000000e-02 -1.109348022177828739e+02
1.005859375000000000e-01 -9.161477524655067839e+01
1.015625000000000000e-01 -8.614579723497476493e+01
1.025390625000000000e-01 -8.287964533731064876e+01
1.035156250000000000e-01 -8.057267831539252256e+01
1.044921875000000000e-01 -7.881108484644558132e+01
1.054687500000000000e-01 -7.740555176863887255e+01
1.064453125000000000e-01 -7.625358831048389163e+01
1.074218750000000000e-01 -7.529350445771397915e+01
1.083984375000000000e-01 -7.448536119304166903e+01
1.093750000000000000e-01 -7.380190123288235782e+01
1.103515625000000000e-01 -7.322377867238652982e+01
1.113281250000000000e-01 -7.273685489250122771e+01
1.123046875000000000e-01 -7.233057423943300535e+01
1.132812500000000000e-01 -7.199694274136105321e+01
1.142578125000000000e-01 -7.172986257716787861e+01
1.152343750000000000e-01 -7.152468650651162818e+01
1.162109375000000000e-01 -7.137791418573645785e+01
1.171875000000000000e-01 -7.128698383436804420e+01
1.181640625000000000e-01 -7.125013082023994571e+01
1.191406250000000000e-01 -7.126629564075302881e+01
1.201171875000000000e-01 -7.133507073005100096e+01
1.210937500000000000e-01 -7.145668029784295072e+01
1.220703125000000000e-01 -7.163199106504993097e+01
1.230468750000000000e-01 -7.186255502531244588e+01
1.240234375000000000e-01 -7.215068883281529111e+01
1.250000000000000000e-01 -7.249959876273722159e+01
1.259765625000000000e-01 -7.291356633466153880e+01
1.269531250000000000e-01 -7.339821914066146746e+01
1.279296875000000000e-01 -7.396092685493700003e+01
1.289062500000000000e-01 -7.461138890708701865e+01
1.298828125000000000e-01 -7.536252806459809506e+01
1.308593750000000000e-01 -7.623189486193010111e+01
1.318359375000000000e-01 -7.724397067576563813e+01
1.328125000000000000e-01 -7.843415347366475032e+01
1.337890625000000000e-01 -7.985614877650745314e+01
1.347656250000000000e-01 -8.159698010581217886e+01
1.357421875000000000e-01 -8.381154379952351974e+01
1.367187500000000000e-01 -8.681837950683504346e+01
1.376953125000000000e-01 -9.146278632054551849e+01
1.386718750000000000e-01 -1.020201815098663332e+02
1.396484375000000000e-01 -9.944286633977003476e+01
1.406250000000000000e-01 -9.077368734914445270e+01
1.416015625000000000e-01 -8.660211795794742784e+01
1.425781250000000000e-01 -8.386823175580600775e+01
1.435546875000000000e-01 -8.186019447918133096e+01
1.445312500000000000e-01 -8.029584177360047192e+01
1.455078125000000000e-01 -7.903429068005530667e+01
1.464843750000000000e-01 -7.799508431071907921e+01
1.474609375000000000e-01 -7.712802083675747156e+01
1.484375000000000000e-01 -7.639975798239557037e+01
1.494140625000000000e-01 -7.578711457172866517e+01
1.503906250000000000e-01 -7.527341654630239987e+01
1.513671875000000000e-01 -7.484636708803257932e+01
1.523437500000000000e-01 -7.449673920733435750e+01
1.533203125000000000e-01 -7.421753996983915158e+01
1.542968750000000000e-01 -7.400345937190164136e+01
1.552734375000000000e-01 -7.385049894011378058e+01
1.562500000000000000e-01 -7.375571873301289827e+01
1.572265625000000000e-01 -7.371706582989727963e+01
1.582031250000000000e-01 -7.373326175404086769e+01
1.591796875000000000e-01 -7.380373520390313047e+01
1.601562500000000000e-01 -7.392859242269823028e+01
1.611328125000000000e-01 -7.410862194156256066e+01
1.621093750000000000e-01 -7.434533420585704278e+01
1.630859375000000000e-01 -7.464104046483660682e+01
1.640625000000000000e-01 -7.499898003123524859e+01
1.650390625000000000e-01 -7.542351161637390078e+01
1.660156250000000000e-01 -7.592039455860469843e+01
1.669921875000000000e-01 -7.649720229293529883e+01
1.679687500000000000e-01 -7.716393889536722384e+01
1.689453125000000000e-01 -7.793398113494012591e+01
1.699218750000000000e-01 -7.882556708498020726e+01
1.708984375000000000e-01 -7.986425279553257894e+01
1.718750000000000000e-01 -8.108719720495459171e+01
1.728515625000000000e-01 -8.255118766733704661e+01
1.738281250000000000e-01 -8.434915849266104715e+01
1.748046875000000000e-01 -8.664894651319288243e+01
1.757812500000000000e-01 -8.980393981767986133e+01
1.767578125000000000e-01 -9.479672062188662096e+01
1.777343750000000000e-01 -1.075784941274783364e+02
1.787109375000000000e-01 -1.003175458947558099e+02
1.796875000000000000e-01 -9.270152775267311540e+01
1.806640625000000000e-01 -8.879608661663172597e+01
1.816406250000000000e-01 -8.619182061161659192e+01
1.826171875000000000e-01 -8.426588936176730726e+01
1.835937500000000000e-01 -8.276200455871594386e+01
1.845703125000000000e-01 -8.154961258186528994e+01
1.855468750000000000e-01 -8.055322703109538907e+01
1.865234375000000000e-01 -7.972536821557775966e+01
1.875000000000000000e-01 -7.903434265138135117e+01
1.884765625000000000e-01 -7.845805827327926352e+01
1.894531250000000000e-01 -7.798062098191265079e+01
1.904296875000000000e-01 -7.759033835284219549e+01
1.914062500000000000e-01 -7.727848941521742177e+01
1.923828125000000000e-01 -7.703853728417411162e+01
1.933593750000000000e-01 -7.686561134546346352e+01
1.943359375000000000e-01 -7.675616144331277724e+01
1.953125000000000000e-01 -7.670772714209866194e+01
1.962890625000000000e-01 -7.671878814879497099e+01
1.972656250000000000e-01 -7.678867581187159885e+01
1.982421875000000000e-01 -7.691753456199991490e+01
1.992187500000000000e-01 -7.710632861838578833e+01
2.001953125000000000e-01 -7.735689474622735418e+01
2.011718750000000000e-01 -7.767204747783827656e+01
2.021484375000000000e-01 -7.805575021653541512e+01
2.031250000000000000e-01 -7.851337571494548229e+01
2.041015625000000000e-01 -7.905209536732422748e+01
2.050781250000000000e-01 -7.968146378449206679e+01
2.060546875000000000e-01 -8.041431359596423079e+01
2.070312500000000000e-01 -8.126816734908211970e+01
2.080078125000000000e-01 -8.226755878436108560e+01
2.089843750000000000e-01 -8.344805796463673175e+01
2.099609375000000000e-01 -8.486374901569283224e+01
2.109375000000000000e-01 -8.660244876279091386e+01
2.119140625000000000e-01 -8.882083879449189112e+01
2.128906250000000000e-01 -9.184225038391316787e+01
2.138671875000000000e-01 -9.653033743082794160e+01
2.148437500000000000e-01 -1.073554673927237957e+02
2.158203125000000000e-01 -1.041310062757656283e+02
2.167968750000000000e-01 -9.563624017968864166e+01
2.177734375000000000e-01 -9.150969383816448044e+01
2.187500000000000000e-01 -8.880180906322486578e+01
2.197265625000000000e-01 -8.681493573812089437e+01
2.207031250000000000e-01 -8.527105098935946614e+01
2.216796875000000000e-01 -8.403101822633816198e+01
2.226562500000000000e-01 -8.301533237594665593e+01
2.236328125000000000e-01 -8.217443407771554575e+01
2.246093750000000000e-01 -8.147549945125845738e+01
2.255859375000000000e-01 -8.089582629366175581e+01
2.265625000000000000e-01 -8.041922605517811462e+01
2.275390625000000000e-01 -8.003392411832534492e+01
2.285156250000000000e-01 -7.973127657078684649e+01
2.294921875000000000e-01 -7.950495763376495972e+01
2.304687500000000000e-01 -7.935043391158583859e+01
2.314453125000000000e-01 -7.926462315488656429e+01
2.324218750000000000e-01 -7.924567899760360490e+01
2.333984375000000000e-01 -7.929286823999282774e+01
2.343750000000000000e-01 -7.940652292326798545e+01
2.353515625000000000e-01 -7.958806052287924615e+01
2.363281250000000000e-01 -7.984007503403559269e+01
2.373046875000000000e-01 -8.016651184183217538e+01
2.382812500000000000e-01 -8.057295263439840483e+01
2.392578125000000000e-01 -8.106705710684471455e+01
2.402343750000000000e-01 -8.165924282690139080e+01
2.412109375000000000e-01 -8.236374746309790851e+01
2.421875000000000000e-01 -8.320033913519962709e+01
2.431640625000000000e-01 -8.419719240943260274e+01
2.441406250000000000e-01 -8.539601220667097436e+01
2.451171875000000000e-01 -8.686188649230672354e+01
2.460937500000000000e-01 -8.870428770987288658e+01
2.470703125000000000e-01 -9.112888496747504519e+01
2.480468750000000000e-01 -9.459790269546205366e+01
2.490234375000000000e-01 -1.005868881909047872e+02
2.500000000000000000e-01 -inf
2.509765625000000000e-01 -1.005868881910074606e+02
2.519531250000000000e-01 -9.459790269548744845e+01
2.529296875000000000e-01 -9.112888496746347755e+01
2.539062500000000000e-01 -8.870428770989005329e+01
2.548828125000000000e-01 -8.686188649231424108e+01
2.558593750000000000e-01 -8.539601220667597659e+01
2.568359375000000000e-01 -8.419719240943152272e+01
2.578125000000000000e-01 -8.320033913519962709e+01
2.587890625000000000e-01 -8.236374746309300576e+01
2.597656250000000000e-01 -8.165924282691919700e+01
2.607421875000000000e-01 -8.106705710684084920e+01
2.617187500000000000e-01 -8.057295263438889776e+01
2.626953125000000000e-01 -8.016651184183002954e+01
2.636718750000000000e-01 -7.984007503404396289e+01
2.646484375000000000e-01 -7.958806052287857824e+01
2.656250000000000000e-01 -7.940652292325897577e+01
2.666015625000000000e-01 -7.929286823998884870e+01
2.675781250000000000e-01 -7.924567899759840373e+01
2.685546875000000000e-01 -7.926462315490314836e+01
2.695312500000000000e-01 -7.935043391158940551e+01
2.705078125000000000e-01 -7.950495763377728053e+01
2.714843750000000000e-01 -7.973127657078553909e+01
2.724609375000000000e-01 -8.003392411833556253e+01
2.734375000000000000e-01 -8.041922605520315415e+01
2.744140625000000000e-01 -8.089582629366321953e+01
2.753906250000000000e-01 -8.147549945127111926e+01
2.763671875000000000e-01 -8.217443407769914643e+01
2.773437500000000000e-01 -8.301533237596424897e+01
2.783203125000000000e-01 -8.403101822632926599e+01
2.792968750000000000e-01 -8.527105098935422234e+01
2.802734375000000000e-01 -8.681493573813141040e+01
2.812500000000000000e-01 -8.880180906319829148e+01
2.822265625000000000e-01 -9.150969383820415715e+01
2.832031250000000000e-01 -9.563624017963995527e+01
2.841796875000000000e-01 -1.041310062758623900e+02
2.851562500000000000e-01 -1.073554673928922512e+02
2.861328125000000000e-01 -9.653033743088498397e+01
2.871093750000000000e-01 -9.184225038390795248e+01
2.880859375000000000e-01 -8.882083879451721486e+01
2.890625000000000000e-01 -8.660244876279091386e+01
2.900390625000000000e-01 -8.486374901568748896e+01
2.910156250000000000e-01 -8.344805796465861647e+01
2.919921875000000000e-01 -8.226755878436475200e+01
2.929687500000000000e-01 -8.126816734908301498e+01
2.939453125000000000e-01 -8.041431359596759876e+01
2.949218750000000000e-01 -7.968146378449296208e+01
2.958984375000000000e-01 -7.905209536732337483e+01
2.968750000000000000e-01 -7.851337571494548229e+01
2.978515625000000000e-01 -7.805575021653559986e+01
2.988281250000000000e-01 -7.767204747784153085e+01
2.998046875000000000e-01 -7.735689474623468698e+01
3.007812500000000000e-01 -7.710632861838512042e+01
3.017578125000000000e-01 -7.691753456200528660e+01
3.027343750000000000e-01 -7.678867581186790403e+01
3.037109375000000000e-01 -7.671878814879660524e+01
3.046875000000000000e-01 -7.670772714209400078e+01
3.056640625000000000e-01 -7.675616144331021928e+01
3.066406250000000000e-01 -7.686561134545972607e+01
3.076171875000000000e-01 -7.703853728417006153e+01
3.085937500000000000e-01 -7.727848941521540382e+01
3.095703125000000000e-01 -7.759033835284114389e+01
3.105468750000000000e-01 -7.798062098192050939e+01
3.115234375000000000e-01 -7.845805827327926352e+01
3.125000000000000000e-01 -7.903434265138135117e+01
3.134765625000000000e-01 -7.972536821557311271e+01
3.144531250000000000e-01 -8.055322703107775340e+01
3.154296875000000000e-01 -8.154961258186142459e+01
3.164062500000000000e-01 -8.276200455873178896e+01
3.173828125000000000e-01 -8.426588936178306710e+01
3.183593750000000000e-01 -8.619182061161934882e+01
3.193359375000000000e-01 -8.879608661667751335e+01
3.203125000000000000e-01 -9.270152775267311540e+01
3.212890625000000000e-01 -1.003175458947350052e+02
3.222656250000000000e-01 -1.075784941273505666e+02
3.232421875000000000e-01 -9.479672062181494141e+01
3.242187500000000000e-01 -8.980393981767986133e+01
3.251953125000000000e-01 -8.664894651320730645e+01
3.261718750000000000e-01 -8.434915849267821386e+01
3.271484375000000000e-01 -8.255118766733579605e+01
3.281250000000000000e-01 -8.108719720495459171e+01
3.291015625000000000e-01 -7.986425279553778012e+01
3.300781250000000000e-01 -7.882556708499096487e+01
3.310546875000000000e-01 -7.793398113494686186e+01
3.320312500000000000e-01 -7.716393889536213635e+01
3.330078125000000000e-01 -7.649720229293605200e+01
3.339843750000000000e-01 -7.592039455860552266e+01
3.349609375000000000e-01 -7.542351161637972723e+01
3.359375000000000000e-01 -7.499898003124292245e+01
3.369140625000000000e-01 -7.464104046483660682e+01
3.378906250000000000e-01 -7.434533420585425745e+01
3.388671875000000000e-01 -7.410862194156746341e+01
3.398437500000000000e-01 -7.392859242269021536e+01
3.408203125000000000e-01 -7.380373520390504893e+01
3.417968750000000000e-01 -7.373326175404775995e+01
3.427734375000000000e-01 -7.371706582990704248e+01
3.437500000000000000e-01 -7.375571873301289827e+01
3.447265625000000000e-01 -7.385049894011649485e+01
3.457031250000000000e-01 -7.400345937189760548e+01
3.466796875000000000e-01 -7.421753996983844104e+01
3.476562500000000000e-01 -7.449673920733810917e+01
3.486328125000000000e-01 -7.484636708802428018e+01
3.496093750000000000e-01 -7.527341654630005507e+01
3.505859375000000000e-01 -7.578711457172761357e+01
3.515625000000000000e-01 -7.639975798239557037e+01
3.525390625000000000e-01 -7.712802083674991138e+01
3.535156250000000000e-01 -7.799508431072437986e+01
3.544921875000000000e-01 -7.903429068005176816e+01
3.554687500000000000e-01 -8.029584177360889896e+01
3.564453125000000000e-01 -8.186019447918704373e+01
3.574218750000000000e-01 -8.386823175580826728e+01
3.583984375000000000e-01 -8.660211795792639577e+01
3.593750000000000000e-01 -9.077368734914445270e+01
3.603515625000000000e-01 -9.944286633975673340e+01
3.613281250000000000e-01 -1.020201815098604072e+02
3.623046875000000000e-01 -9.146278632050574231e+01
3.632812500000000000e-01 -8.681837950681955363e+01
3.642578125000000000e-01 -8.381154379953626687e+01
3.652343750000000000e-01 -8.159698010581378469e+01
3.662109375000000000e-01 -7.985614877651177324e+01
3.671875000000000000e-01 -7.843415347368181756e+01
3.681640625000000000e-01 -7.724397067576292386e+01
3.691406250000000000e-01 -7.623189486193876974e+01
3.701171875000000000e-01 -7.536252806459876297e+01
3.710937500000000000e-01 -7.461138890708653548e+01
3.720703125000000000e-01 -7.396092685494265595e+01
3.730468750000000000e-01 -7.339821914065792896e+01
3.740234375000000000e-01 -7.291356633466173776e+01
3.750000000000000000e-01 -7.249959876273315729e+01
3.759765625000000000e-01 -7.215068883281557532e+01
3.769531250000000000e-01 -7.186255502530798367e+01
3.779296875000000000e-01 -7.163199106505450686e+01
3.789062500000000000e-01 -7.145668029784121700e+01
3.798828125000000000e-01 -7.133507073005360155e+01
3.808593750000000000e-01 -7.126629564075204826e+01
3.818359375000000000e-01 -7.125013082024105415e+01
3.828125000000000000e-01 -7.128698383436554309e+01
3.837890625000000000e-01 -7.137791418573809210e+01
3.847656250000000000e-01 -7.152468650651567827e+01
3.857421875000000000e-01 -7.172986257716623015e+01
3.867187500000000000e-01 -7.199694274136533068e+01
3.876953125000000000e-01 -7.233057423943300535e+01
3.886718750000000000e-01 -7.273685489249385228e+01
3.896484375000000000e-01 -7.322377867238697036e+01
3.906250000000000000e-01 -7.380190123287999882e+01
3.916015625000000000e-01 -7.448536119303416569e+01
3.925781250000000000e-01 -7.529350445770955957e+01
3.935546875000000000e-01 -7.625358831048087893e+01
3.945312500000000000e-01 -7.740555176863944098e+01
3.955078125000000000e-01 -7.881108484645670842e+01
3.964843750000000000e-01 -8.057267831537541269e+01
3.974609375000000000e-01 -8.287964533730546179e+01
3.984375000000000000e-01 -8.614579723497476493e+01
3.994140625000000000e-01 -9.161477524653902549e+01
4.003906250000000000e-01 -1.109348022175005042e+02
4.013671875000000000e-01 -9.362617901738420301e+01
4.023437500000000000e-01 -8.701179902822026691e+01
4.033203125000000000e-01 -8.330550113581274729e+01
4.042968750000000000e-01 -8.073331517954316894e+01
4.052734375000000000e-01 -7.877628432704980810e+01
4.062500000000000000e-01 -7.721011343813570704e+01
4.072265625000000000e-01 -7.591732045386923744e+01
4.082031250000000000e-01 -7.482871035480577859e+01
4.091796875000000000e-01 -7.390016297233179898e+01
4.101562500000000000e-01 -7.310189982122636820e+01
4.111328125000000000e-01 -7.241295751968426941e+01
4.121093750000000000e-01 -7.181810539831593587e+01
4.130859375000000000e-01 -7.130601717477561863e+01
4.140625000000000000e-01 -7.086813270721576430e+01
4.150390625000000000e-01 -7.049792181277457814e+01
4.160156250000000000e-01 -7.019039397052830509e+01
4.169921875000000000e-01 -6.994176500073177749e+01
4.179687500000000000e-01 -6.974922811570577608e+01
4.189453125000000000e-01 -6.961079732667596431e+01
4.199218750000000000e-01 -6.952520343824019733e+01
4.208984375000000000e-01 -6.949183053741249694e+01
4.218750000000000000e-01 -6.951068602579985622e+01
4.228515625000000000e-01 -6.958240103407558763e+01
4.238281250000000000e-01 -6.970826126246761589e+01
4.248046875000000000e-01 -6.989027150376441000e+01
4.257812500000000000e-01 -7.013126092206795192e+01
4.267578125000000000e-01 -7.043504135465573768e+01
4.277343750000000000e-01 -7.080663867478824613e+01
4.287109375000000000e-01 -7.125262967266625935e+01
4.296875000000000000e-01 -7.178163781870358662e+01
4.306640625000000000e-01 -7.240507818630594272e+01
4.316406250000000000e-01 -7.313831031558605389e+01
4.326171875000000000e-01 -7.400249227305779698e+01
4.335937500000000000e-01 -7.502771124129209568e+01
4.345703125000000000e-01 -7.625860758144062856e+01
4.355468750000000000e-01 -7.776532568453114891e+01
4.365234375000000000e-01 -7.966728173154278636e+01
4.375000000000000000e-01 -8.219340864375226374e+01
4.384765625000000000e-01 -8.587725246574646576e+01
4.394531250000000000e-01 -9.257482646816268357e+01
4.404296875000000000e-01 -1.077078364926509124e+02
4.414062500000000000e-01 -8.992862616400435627e+01
4.423828125000000000e-01 -8.449214167971953771e+01
4.433593750000000000e-01 -8.119396226811211648e+01
4.443359375000000000e-01 -7.883719544327972528e+01
4.453125000000000000e-01 -7.701835243953264865e+01
4.462890625000000000e-01 -7.555170622896847021e+01
4.472656250000000000e-01 -7.433633621390765711e+01
4.482421875000000000e-01 -7.331134510498441159e+01
4.492187500000000000e-01 -7.243723404883296269e+01
4.501953125000000000e-01 -7.168700659319192425e+01
4.511718750000000000e-01 -7.104147809173950634e+01
4.521484375000000000e-01 -7.048661179511491071e+01
4.531250000000000000e-01 -7.001191619888686546e+01
4.541015625000000000e-01 -6.960943604475703239e+01
4.550781250000000000e-01 -6.927309398362748993e+01
4.560546875000000000e-01 -6.899824926023761407e+01
4.570312500000000000e-01 -6.878139647209619056e+01
4.580078125000000000e-01 -6.861995847342163302e+01
4.589843750000000000e-01 -6.851214531240815120e+01
4.599609375000000000e-01 -6.845686182735666137e+01
4.609375000000000000e-01 -6.845365336166698000e+01
4.619140625000000000e-01 -6.850268373447255499e+01
4.628906250000000000e-01 -6.860474315958123270e+01
4.638671875000000000e-01 -6.876128693741434006e+01
4.648437500000000000e-01 -6.897450902706599152e+01
4.658203125000000000e-01 -6.924745865564969449e+01
4.667968750000000000e-01 -6.958421378413676450e+01
4.677734375000000000e-01 -6.999013387471462977e+01
4.687500000000000000e-01 -7.047222837587283095e+01
4.697265625000000000e-01 -7.103970113107470752e+01
4.707031250000000000e-01 -7.170477340117841436e+01
4.716796875000000000e-01 -7.248396802530008642e+01
4.726562500000000000e-01 -7.340019625578005957e+01
4.736328125000000000e-01 -7.448632824288789323e+01
4.746093750000000000e-01 -7.579171723755962375e+01
4.755859375000000000e-01 -7.739519215892777027e+01
4.765625000000000000e-01 -7.943415208343208178e+01
4.775390625000000000e-01 -8.218185530663959071e+01
4.785156250000000000e-01 -8.631883001992548543e+01
4.794921875000000000e-01 -9.466324023073154592e+01
4.804687500000000000e-01 -9.877704707189835176e+01
4.814453125000000000e-01 -8.763935773472324797e+01
4.824218750000000000e-01 -8.293926373440058342e+01
4.833984375000000000e-01 -7.993864525788954722e+01
4.843750000000000000e-01 -7.774981676045696588e+01
4.853515625000000000e-01 -7.604323254026729728e+01
4.863281250000000000e-01 -7.465986743133177583e+01
4.873046875000000000e-01 -7.351080049077258138e+01
4.882812500000000000e-01 -7.254133124261619514e+01
4.892578125000000000e-01 -7.171548812338292578e+01
4.902343750000000000e-01 -7.100843376696174403e+01
4.912109375000000000e-01 -7.040238257377644970e+01
4.921875000000000000e-01 -6.988424755864757287e+01
4.931640625000000000e-01 -6.944420806339682883e+01
4.941406250000000000e-01 -6.907479967984374980e+01
4.951171875000000000e-01 -6.877031621322700516e+01
4.960937500000000000e-01 -6.852640673856947728e+01
4.970703125000000000e-01 -6.833979978191234750e+01
4.980468750000000000e-01 -6.820811377288892174e+01
4.990234375000000000e-01 -6.812972866416654938e+01
