-5.000000000000000000e-01 -7.600504491982177058e+01
-4.990234375000000000e-01 -7.601773162704699871e+01
-4.980468750000000000e-01 -7.605568019886862885e+01
-4.970703125000000000e-01 -7.611856415351590499e+01
-4.960937500000000000e-01 -7.620586690085926307e+01
-4.951171875000000000e-01 -7.631692414190636953e+01
-4.941406250000000000e-01 -7.645098525051392357e+01
-4.931640625000000000e-01 -7.660729535488479769e+01
-4.921875000000000000e-01 -7.678519994403484361e+01
-4.912109375000000000e-01 -7.698427375621722035e+01
-4.902343750000000000e-01 -7.720447557978198461e+01
-4.892578125000000000e-01 -7.744633066475799410e+01
-4.882812500000000000e-01 -7.771114314012278612e+01
-4.873046875000000000e-01 -7.800124283898325928e+01
-4.863281250000000000e-01 -7.832027527643242593e+01
-4.853515625000000000e-01 -7.867355176374377379e+01
-4.843750000000000000e-01 -7.906849131778399453e+01
-4.833984375000000000e-01 -7.951521166040440391e+01
-4.824218750000000000e-01 -8.002737204392275316e+01
-4.814453125000000000e-01 -8.062345458337281912e+01
-4.804687500000000000e-01 -8.132883560922836352e+01
-4.794921875000000000e-01 -8.217934780405143158e+01
-4.785156250000000000e-01 -8.322784447210457870e+01
-4.775390625000000000e-01 -8.455738205474276015e+01
-4.765625000000000000e-01 -8.631096480432107398e+01
-4.755859375000000000e-01 -8.877118712829975777e+01
-4.746093750000000000e-01 -9.264312021139988929e+01
-4.736328125000000000e-01 -1.009112213701990157e+02
-4.726562500000000000e-01 -1.036619931427841550e+02
-4.716796875000000000e-01 -9.263019257736061718e+01
-4.707031250000000000e-01 -8.766753587089036159e+01
-4.697265625000000000e-01 -8.436457725179211309e+01
-4.687500000000000000e-01 -8.186528170732415788e+01
-4.677734375000000000e-01 -7.984970160277987361e+01
-4.667968750000000000e-01 -7.816344602793915897e+01
-4.658203125000000000e-01 -7.672050537607131560e+01
-4.648437500000000000e-01 -7.546830606464952496e+01
-4.638671875000000000e-01 -7.437257125223074183e+01
-4.628906250000000000e-01 -7.340988755294532098e+01
-4.619140625000000000e-01 -7.256371091621743119e+01
-4.609375000000000000e-01 -7.182207048056712040e+01
-4.599609375000000000e-01 -7.117617905027964298e+01
-4.589843750000000000e-01 -7.061955949085020734e+01
-4.580078125000000000e-01 -7.014748122282045983e+01
-4.570312500000000000e-01 -6.975659282080883372e+01
-4.560546875000000000e-01 -6.944468533139183819e+01
-4.550781250000000000e-01 -6.921054826739255361e+01
-4.541015625000000000e-01 -6.905389671309245614e+01
-4.531250000000000000e-01 -6.897535888607229992e+01
-4.521484375000000000e-01 -6.897652183965682582e+01
-4.511718750000000000e-01 -6.906004076892762100e+01
-4.501953125000000000e-01 -6.922982641263894266e+01
-4.492187500000000000e-01 -6.949133759588642079e+01
-4.482421875000000000e-01 -6.985202568553060587e+01
-4.472656250000000000e-01 -7.032201139342969043e+01
-4.462890625000000000e-01 -7.091513561564488555e+01
-4.453125000000000000e-01 -7.165064445482563826e+01
-4.443359375000000000e-01 -7.255601344850971657e+01
-4.433593750000000000e-01 -7.367196373020226474e+01
-4.423828125000000000e-01 -7.506207396120073838e+01
-4.414062500000000000e-01 -7.683317720127386963e+01
-4.404296875000000000e-01 -7.918536168971816380e+01
-4.394531250000000000e-01 -8.256512516485020114e+01
-4.384765625000000000e-01 -8.837244941595380965e+01
-4.375000000000000000e-01 -1.175563256469710325e+02
-4.365234375000000000e-01 -8.895725316683929407e+01
-4.355468750000000000e-01 -8.279895047627775284e+01
-4.345703125000000000e-01 -7.927359113994454276e+01
-4.335937500000000000e-01 -7.682413469548002638e+01
-4.326171875000000000e-01 -7.497176352897346874e+01
-4.316406250000000000e-01 -7.350486093077986993e+01
-4.306640625000000000e-01 -7.231102655690341408e+01
-4.296875000000000000e-01 -7.132337396547711705e+01
-4.287109375000000000e-01 -7.049890453333375717e+01
-4.277343750000000000e-01 -6.980840812567328157e+01
-4.267578125000000000e-01 -6.923122939697299216e+01
-4.257812500000000000e-01 -6.875233853838348352e+01
-4.248046875000000000e-01 -6.836059317601186081e+01
-4.238281250000000000e-01 -6.804766038169348974e+01
-4.228515625000000000e-01 -6.780732644622170824e+01
-4.218750000000000000e-01 -6.763504656394633230e+01
-4.208984375000000000e-01 -6.752765067001232069e+01
-4.199218750000000000e-01 -6.748315675148779746e+01
-4.189453125000000000e-01 -6.750066341961212402e+01
-4.179687500000000000e-01 -6.758030647298015481e+01
-4.169921875000000000e-01 -6.772327340060624579e+01
-4.160156250000000000e-01 -6.793187759888348864e+01
-4.150390625000000000e-01 -6.820970232177457149e+01
-4.140625000000000000e-01 -6.856183501342719921e+01
-4.130859375000000000e-01 -6.899522855705025393e+01
-4.121093750000000000e-01 -6.951925214626496086e+01
-4.111328125000000000e-01 -7.014654075762247487e+01
-4.101562500000000000e-01 -7.089433918158168524e+01
-4.091796875000000000e-01 -7.178671075677245028e+01
-4.082031250000000000e-01 -7.285835603317678988e+01
-4.072265625000000000e-01 -7.416166878191629053e+01
-4.062500000000000000e-01 -7.578097822986828191e+01
-4.052734375000000000e-01 -7.786502338637502874e+01
-4.042968750000000000e-01 -8.071559114246022659e+01
-4.033203125000000000e-01 -8.511418657668812671e+01
-4.023437500000000000e-01 -9.471065089513545843e+01
-4.013671875000000000e-01 -9.445184157387927826e+01
-4.003906250000000000e-01 -8.501173927226277272e+01
-3.994140625000000000e-01 -8.063616238235928790e+01
-3.984375000000000000e-01 -7.779162991468771793e+01
-3.974609375000000000e-01 -7.571032775377018709e+01
-3.964843750000000000e-01 -7.409478875115694052e+01
-3.955078125000000000e-01 -7.279838684591655351e+01
-3.945312500000000000e-01 -7.173812155912909816e+01
-3.935546875000000000e-01 -7.086255263416686034e+01
-3.925781250000000000e-01 -7.013769961974256262e+01
-3.916015625000000000e-01 -6.954003819118983643e+01
-3.906250000000000000e-01 -6.905269831970399252e+01
-3.896484375000000000e-01 -6.866325619707011185e+01
-3.886718750000000000e-01 -6.836238240980419789e+01
-3.876953125000000000e-01 -6.814297945945330071e+01
-3.867187500000000000e-01 -6.799961392880258870e+01
-3.857421875000000000e-01 -6.792813451973378847e+01
-3.847656250000000000e-01 -6.792541273465529628e+01
-3.837890625000000000e-01 -6.798916846505758826e+01
-3.828125000000000000e-01 -6.811785781404451257e+01
-3.818359375000000000e-01 -6.831060996419782327e+01
-3.808593750000000000e-01 -6.856720641831743990e+01
-3.798828125000000000e-01 -6.888810102971261529e+01
-3.789062500000000000e-01 -6.927448396632760819e+01
-3.779296875000000000e-01 -6.972839806477601599e+01
-3.769531250000000000e-01 -7.025292305840552842e+01
-3.759765625000000000e-01 -7.085245361542905584e+01
-3.750000000000000000e-01 -7.153311396200496119e+01
-3.740234375000000000e-01 -7.230338069010288393e+01
-3.730468750000000000e-01 -7.317503743228135704e+01
-3.720703125000000000e-01 -7.416468457439555095e+01
-3.710937500000000000e-01 -7.529622950453087071e+01
-3.701171875000000000e-01 -7.660522616022946352e+01
-3.691406250000000000e-01 -7.814699739876233764e+01
-3.681640625000000000e-01 -8.001335303685415568e+01
-3.671875000000000000e-01 -8.237185546535263825e+01
-3.662109375000000000e-01 -8.557822414159501534e+01
-3.652343750000000000e-01 -9.062970330888704495e+01
-3.642578125000000000e-01 -1.037119230592535359e+02
-3.632812500000000000e-01 -9.589225905918270598e+01
-3.623046875000000000e-01 -8.833640564866696820e+01
-3.613281250000000000e-01 -8.440220332039983475e+01
-3.603515625000000000e-01 -8.173604608794020976e+01
-3.593750000000000000e-01 -7.972347689489161837e+01
-3.583984375000000000e-01 -7.811096565168527661e+01
-3.574218750000000000e-01 -7.676947582146755167e+01
-3.564453125000000000e-01 -7.562474628810336696e+01
-3.554687500000000000e-01 -7.463050117650564630e+01
-3.544921875000000000e-01 -7.375630650475548578e+01
-3.535156250000000000e-01 -7.298139363314105310e+01
-3.525390625000000000e-01 -7.229123574281437925e+01
-3.515625000000000000e-01 -7.167551918185053239e+01
-3.505859375000000000e-01 -7.112687586820237584e+01
-3.496093750000000000e-01 -7.064005710988982401e+01
-3.486328125000000000e-01 -7.021137721409687060e+01
-3.476562500000000000e-01 -6.983832981899763581e+01
-3.466796875000000000e-01 -6.951931961275212757e+01
-3.457031250000000000e-01 -6.925347434178604544e+01
-3.447265625000000000e-01 -6.904051504659622651e+01
-3.437500000000000000e-01 -6.888067048567192785e+01
-3.427734375000000000e-01 -6.877462693829849627e+01
-3.417968750000000000e-01 -6.872350826374231758e+01
-3.408203125000000000e-01 -6.872888399176571284e+01
-3.398437500000000000e-01 -6.879280584792694242e+01
-3.388671875000000000e-01 -6.891787591644950339e+01
-3.378906250000000000e-01 -6.910735309959501649e+01
-3.369140625000000000e-01 -6.936530931385394183e+01
-3.359375000000000000e-01 -6.969685403874962049e+01
-3.349609375000000000e-01 -7.010845726540316036e+01
-3.339843750000000000e-01 -7.060842001810765112e+01
-3.330078125000000000e-01 -7.120757514331313587e+01
-3.320312500000000000e-01 -7.192036273852276906e+01
-3.310546875000000000e-01 -7.276654447341539367e+01
-3.300781250000000000e-01 -7.377406955678955569e+01
-3.291015625000000000e-01 -7.498416214744723618e+01
-3.281250000000000000e-01 -7.646107741941376901e+01
-3.271484375000000000e-01 -7.831284412410636264e+01
-3.261718750000000000e-01 -8.074228050904227416e+01
-3.251953125000000000e-01 -8.420414760428650425e+01
-3.242187500000000000e-01 -9.013956990080360754e+01
-3.232421875000000000e-01 -1.263349045941337181e+02
-3.222656250000000000e-01 -9.043305746866244021e+01
-3.212890625000000000e-01 -8.437890690519900261e+01
-3.203125000000000000e-01 -8.088559093768714092e+01
-3.193359375000000000e-01 -7.844171639924185513e+01
-3.183593750000000000e-01 -7.657704114096090109e+01
-3.173828125000000000e-01 -7.508248577115725197e+01
-3.164062500000000000e-01 -7.384649360439480859e+01
-3.154296875000000000e-01 -7.280241161171761632e+01
-3.144531250000000000e-01 -7.190722916903746409e+01
-3.134765625000000000e-01 -7.113162763675757105e+01
-3.125000000000000000e-01 -7.045481532198860464e+01
-3.115234375000000000e-01 -6.986163114031887744e+01
-3.105468750000000000e-01 -6.934082025519968795e+01
-3.095703125000000000e-01 -6.888395728925532069e+01
-3.085937500000000000e-01 -6.848474741052237391e+01
-3.076171875000000000e-01 -6.813855830448760287e+01
-3.066406250000000000e-01 -6.784209917091001785e+01
-3.056640625000000000e-01 -6.759319724993127920e+01
-3.046875000000000000e-01 -6.739064207368765835e+01
-3.037109375000000000e-01 -6.723407951065414068e+01
-3.027343750000000000e-01 -6.712394525039923110e+01
-3.017578125000000000e-01 -6.706143260743108669e+01
-3.007812500000000000e-01 -6.704849356826372286e+01
-2.998046875000000000e-01 -6.708787568007178947e+01
-2.988281250000000000e-01 -6.718320139804377789e+01
-2.978515625000000000e-01 -6.733910170446489474e+01
-2.968750000000000000e-01 -6.756142339555060516e+01
-2.958984375000000000e-01 -6.785754142677808431e+01
-2.949218750000000000e-01 -6.823682780850731433e+01
-2.939453125000000000e-01 -6.871136393098296935e+01
-2.929687500000000000e-01 -6.929704866782385864e+01
-2.919921875000000000e-01 -7.001538263664696160e+01
-2.910156250000000000e-01 -7.089647625885096716e+01
-2.900390625000000000e-01 -7.198443345002539218e+01
-2.890625000000000000e-01 -7.334777282841227475e+01
-2.880859375000000000e-01 -7.510185258285551413e+01
-2.871093750000000000e-01 -7.746498312084432314e+01
-2.861328125000000000e-01 -8.093624101211136690e+01
-2.851562500000000000e-01 -8.717886853568649030e+01
-2.841796875000000000e-01 -1.083784373365236462e+02
-2.832031250000000000e-01 -8.559317798876892880e+01
-2.822265625000000000e-01 -7.983309909195031651e+01
-2.812500000000000000e-01 -7.638558165796459321e+01
-2.802734375000000000e-01 -7.393399068937580410e+01
-2.792968750000000000e-01 -7.204902398487169535e+01
-2.783203125000000000e-01 -7.053623381737003228e+01
-2.773437500000000000e-01 -6.929105610887597777e+01
-2.763671875000000000e-01 -6.825090397126140829e+01
-2.753906250000000000e-01 -6.737548234256290414e+01
-2.744140625000000000e-01 -6.663746759043978329e+01
-2.734375000000000000e-01 -6.601762931728833905e+01
-2.724609375000000000e-01 -6.550208038852366599e+01
-2.714843750000000000e-01 -6.508063751884735382e+01
-2.705078125000000000e-01 -6.474580282313374369e+01
-2.695312500000000000e-01 -6.449211382674428705e+01
-2.685546875000000000e-01 -6.431572462421854652e+01
-2.675781250000000000e-01 -6.421414081238084748e+01
-2.666015625000000000e-01 -6.418606416197347642e+01
-2.656250000000000000e-01 -6.423132305548486443e+01
-2.646484375000000000e-01 -6.435087824730767636e+01
-2.636718750000000000e-01 -6.454690435895790301e+01
-2.626953125000000000e-01 -6.482295848246542391e+01
-2.617187500000000000e-01 -6.518426114558769768e+01
-2.607421875000000000e-01 -6.563813570472559888e+01
-2.597656250000000000e-01 -6.619468706159204885e+01
-2.587890625000000000e-01 -6.686786356520713070e+01
-2.578125000000000000e-01 -6.767716760958785471e+01
-2.568359375000000000e-01 -6.865053226131826136e+01
-2.558593750000000000e-01 -6.982944604041368564e+01
-2.548828125000000000e-01 -7.127880660789698197e+01
-2.539062500000000000e-01 -7.310792323034480944e+01
-2.529296875000000000e-01 -7.552232995563186080e+01
-2.519531250000000000e-01 -7.898414515857088247e+01
-2.509765625000000000e-01 -8.496883982388445133e+01
-2.500000000000000000e-01 -inf
-2.490234375000000000e-01 -8.496883982388527556e+01
-2.480468750000000000e-01 -7.898414515857731999e+01
-2.470703125000000000e-01 -7.552232995563345241e+01
-2.460937500000000000e-01 -7.310792323034172568e+01
-2.451171875000000000e-01 -7.127880660789601563e+01
-2.441406250000000000e-01 -6.982944604041315984e+01
-2.431640625000000000e-01 -6.865053226131929875e+01
-2.421875000000000000e-01 -6.767716760958785471e+01
-2.412109375000000000e-01 -6.686786356520724439e+01
-2.402343750000000000e-01 -6.619468706159038618e+01
-2.392578125000000000e-01 -6.563813570472714787e+01
-2.382812500000000000e-01 -6.518426114559018458e+01
-2.373046875000000000e-01 -6.482295848246322123e+01
-2.363281250000000000e-01 -6.454690435895909673e+01
-2.353515625000000000e-01 -6.435087824730698003e+01
-2.343750000000000000e-01 -6.423132305548642762e+01
-2.333984375000000000e-01 -6.418606416197478381e+01
-2.324218750000000000e-01 -6.421414081237966798e+01
-2.314453125000000000e-01 -6.431572462421789282e+01
-2.304687500000000000e-01 -6.449211382674428705e+01
-2.294921875000000000e-01 -6.474580282313374369e+01
-2.285156250000000000e-01 -6.508063751884749593e+01
-2.275390625000000000e-01 -6.550208038852589709e+01
-2.265625000000000000e-01 -6.601762931728833905e+01
-2.255859375000000000e-01 -6.663746759043958434e+01
-2.246093750000000000e-01 -6.737548234256689739e+01
-2.236328125000000000e-01 -6.825090397126105302e+01
-2.226562500000000000e-01 -6.929105610886605859e+01
-2.216796875000000000e-01 -7.053623381737318709e+01
-2.207031250000000000e-01 -7.204902398487347170e+01
-2.197265625000000000e-01 -7.393399068937839047e+01
-2.187500000000000000e-01 -7.638558165795822674e+01
-2.177734375000000000e-01 -7.983309909194291265e+01
-2.167968750000000000e-01 -8.559317798877597738e+01
-2.158203125000000000e-01 -1.083784373372250656e+02
-2.148437500000000000e-01 -8.717886853574881911e+01
-2.138671875000000000e-01 -8.093624101210838262e+01
-2.128906250000000000e-01 -7.746498312083572557e+01
-2.119140625000000000e-01 -7.510185258285335408e+01
-2.109375000000000000e-01 -7.334777282840555301e+01
-2.099609375000000000e-01 -7.198443345002539218e+01
-2.089843750000000000e-01 -7.089647625885129401e+01
-2.080078125000000000e-01 -7.001538263665372597e+01
-2.070312500000000000e-01 -6.929704866782584816e+01
-2.060546875000000000e-01 -6.871136393098551309e+01
-2.050781250000000000e-01 -6.823682780850755591e+01
-2.041015625000000000e-01 -6.785754142677868117e+01
-2.031250000000000000e-01 -6.756142339555290732e+01
-2.021484375000000000e-01 -6.733910170446489474e+01
-2.011718750000000000e-01 -6.718320139804521318e+01
-2.001953125000000000e-01 -6.708787568007147684e+01
-1.992187500000000000e-01 -6.704849356826372286e+01
-1.982421875000000000e-01 -6.706143260743017720e+01
-1.972656250000000000e-01 -6.712394525039923110e+01
-1.962890625000000000e-01 -6.723407951065436805e+01
-1.953125000000000000e-01 -6.739064207368539883e+01
-1.943359375000000000e-01 -6.759319724992788281e+01
-1.933593750000000000e-01 -6.784209917091308739e+01
-1.923828125000000000e-01 -6.813855830448623863e+01
-1.914062500000000000e-01 -6.848474741052055492e+01
-1.904296875000000000e-01 -6.888395728925382855e+01
-1.894531250000000000e-01 -6.934082025519730053e+01
-1.884765625000000000e-01 -6.986163114031887744e+01
-1.875000000000000000e-01 -7.045481532199181629e+01
-1.865234375000000000e-01 -7.113162763675943268e+01
-1.855468750000000000e-01 -7.190722916903250450e+01
-1.845703125000000000e-01 -7.280241161172287434e+01
-1.835937500000000000e-01 -7.384649360439816235e+01
-1.826171875000000000e-01 -7.508248577115725197e+01
-1.816406250000000000e-01 -7.657704114097168713e+01
-1.806640625000000000e-01 -7.844171639925372119e+01
-1.796875000000000000e-01 -8.088559093768714092e+01
-1.787109375000000000e-01 -8.437890690521155079e+01
-1.777343750000000000e-01 -9.043305746871658357e+01
-1.767578125000000000e-01 -1.263349045944171394e+02
-1.757812500000000000e-01 -9.013956990082553489e+01
-1.748046875000000000e-01 -8.420414760424745282e+01
-1.738281250000000000e-01 -8.074228050902269160e+01
-1.728515625000000000e-01 -7.831284412410674634e+01
-1.718750000000000000e-01 -7.646107741941376901e+01
-1.708984375000000000e-01 -7.498416214744803199e+01
-1.699218750000000000e-01 -7.377406955678340239e+01
-1.689453125000000000e-01 -7.276654447341597631e+01
-1.679687500000000000e-01 -7.192036273853889838e+01
-1.669921875000000000e-01 -7.120757514331265270e+01
-1.660156250000000000e-01 -7.060842001810462421e+01
-1.650390625000000000e-01 -7.010845726539999134e+01
-1.640625000000000000e-01 -6.969685403874814256e+01
-1.630859375000000000e-01 -6.936530931385422605e+01
-1.621093750000000000e-01 -6.910735309959882500e+01
-1.611328125000000000e-01 -6.891787591644913391e+01
-1.601562500000000000e-01 -6.879280584792131492e+01
-1.591796875000000000e-01 -6.872888399176970609e+01
-1.582031250000000000e-01 -6.872350826374287180e+01
-1.572265625000000000e-01 -6.877462693830486273e+01
-1.562500000000000000e-01 -6.888067048567594952e+01
-1.552734375000000000e-01 -6.904051504659314276e+01
-1.542968750000000000e-01 -6.925347434178506489e+01
-1.533203125000000000e-01 -6.951931961275774086e+01
-1.523437500000000000e-01 -6.983832981898493131e+01
-1.513671875000000000e-01 -7.021137721410032384e+01
-1.503906250000000000e-01 -7.064005710988931241e+01
-1.494140625000000000e-01 -7.112687586820271690e+01
-1.484375000000000000e-01 -7.167551918185607462e+01
-1.474609375000000000e-01 -7.229123574281204867e+01
-1.464843750000000000e-01 -7.298139363313264028e+01
-1.455078125000000000e-01 -7.375630650475417838e+01
-1.445312500000000000e-01 -7.463050117649829929e+01
-1.435546875000000000e-01 -7.562474628809609101e+01
-1.425781250000000000e-01 -7.676947582146627269e+01
-1.416015625000000000e-01 -7.811096565169250994e+01
-1.406250000000000000e-01 -7.972347689487760647e+01
-1.396484375000000000e-01 -8.173604608794364879e+01
-1.386718750000000000e-01 -8.440220332039268669e+01
-1.376953125000000000e-01 -8.833640564867391731e+01
-1.367187500000000000e-01 -9.589225905926770110e+01
-1.357421875000000000e-01 -1.037119230592535359e+02
-1.347656250000000000e-01 -9.062970330890533432e+01
-1.337890625000000000e-01 -8.557822414156809998e+01
-1.328125000000000000e-01 -8.237185546535263825e+01
-1.318359375000000000e-01 -8.001335303685982581e+01
-1.308593750000000000e-01 -7.814699739875935336e+01
-1.298828125000000000e-01 -7.660522616022674924e+01
-1.289062500000000000e-01 -7.529622950452690588e+01
-1.279296875000000000e-01 -7.416468457439418671e+01
-1.269531250000000000e-01 -7.317503743227882751e+01
-1.259765625000000000e-01 -7.230338069010053914e+01
-1.250000000000000000e-01 -7.153311396201223715e+01
-1.240234375000000000e-01 -7.085245361543036324e+01
-1.230468750000000000e-01 -7.025292305840608265e+01
-1.220703125000000000e-01 -6.972839806478339142e+01
-1.210937500000000000e-01 -6.927448396633157301e+01
-1.201171875000000000e-01 -6.888810102971075366e+01
-1.191406250000000000e-01 -6.856720641831788043e+01
-1.181640625000000000e-01 -6.831060996419832065e+01
-1.171875000000000000e-01 -6.811785781404205409e+01
-1.162109375000000000e-01 -6.798916846505960621e+01
-1.152343750000000000e-01 -6.792541273465396046e+01
-1.142578125000000000e-01 -6.792813451972911309e+01
-1.132812500000000000e-01 -6.799961392880430822e+01
-1.123046875000000000e-01 -6.814297945945193646e+01
-1.113281250000000000e-01 -6.836238240980725323e+01
-1.103515625000000000e-01 -6.866325619707279770e+01
-1.093750000000000000e-01 -6.905269831969442862e+01
-1.083984375000000000e-01 -6.954003819119353125e+01
-1.074218750000000000e-01 -7.013769961973916622e+01
-1.064453125000000000e-01 -7.086255263416686034e+01
-1.054687500000000000e-01 -7.173812155912119692e+01
-1.044921875000000000e-01 -7.279838684591537401e+01
-1.035156250000000000e-01 -7.409478875115421204e+01
-1.025390625000000000e-01 -7.571032775377335611e+01
-1.015625000000000000e-01 -7.779162991471763178e+01
-1.005859375000000000e-01 -8.063616238234607181e+01
-9.960937500000000000e-02 -8.501173927223705107e+01
-9.863281250000000000e-02 -9.445184157387939194e+01
-9.765625000000000000e-02 -9.471065089535800041e+01
-9.667968750000000000e-02 -8.511418657669536003e+01
-9.570312500000000000e-02 -8.071559114246907995e+01
-9.472656250000000000e-02 -7.786502338638059939e+01
-9.375000000000000000e-02 -7.578097822986828191e+01
-9.277343750000000000e-02 -7.416166878191171463e+01
-9.179687500000000000e-02 -7.285835603317752884e+01
-9.082031250000000000e-02 -7.178671075677245028e+01
-8.984375000000000000e-02 -7.089433918157212133e+01
-8.886718750000000000e-02 -7.014654075762160801e+01
-8.789062500000000000e-02 -6.951925214625828175e+01
-8.691406250000000000e-02 -6.899522855704758229e+01
-8.593750000000000000e-02 -6.856183501343625153e+01
-8.496093750000000000e-02 -6.820970232177577941e+01
-8.398437500000000000e-02 -6.793187759888570554e+01
-8.300781250000000000e-02 -6.772327340060429890e+01
-8.203125000000000000e-02 -6.758030647298015481e+01
-8.105468750000000000e-02 -6.750066341960672389e+01
-8.007812500000000000e-02 -6.748315675148990067e+01
-7.910156250000000000e-02 -6.752765067000646582e+01
-7.812500000000000000e-02 -6.763504656394400172e+01
-7.714843750000000000e-02 -6.780732644622426619e+01
-7.617187500000000000e-02 -6.804766038169826459e+01
-7.519531250000000000e-02 -6.836059317601501562e+01
-7.421875000000000000e-02 -6.875233853838722098e+01
-7.324218750000000000e-02 -6.923122939697995548e+01
-7.226562500000000000e-02 -6.980840812567771536e+01
-7.128906250000000000e-02 -7.049890453333865992e+01
-7.031250000000000000e-02 -7.132337396547178798e+01
-6.933593750000000000e-02 -7.231102655690673942e+01
-6.835937500000000000e-02 -7.350486093077870464e+01
-6.738281250000000000e-02 -7.497176352897496088e+01
-6.640625000000000000e-02 -7.682413469548949081e+01
-6.542968750000000000e-02 -7.927359113995069606e+01
-6.445312500000000000e-02 -8.279895047630363081e+01
-6.347656250000000000e-02 -8.895725316687776285e+01
-6.250000000000000000e-02 -1.175563256462431809e+02
-6.152343750000000000e-02 -8.837244941597985814e+01
-6.054687500000000000e-02 -8.256512516486567677e+01
-5.957031250000000000e-02 -7.918536168972426026e+01
-5.859375000000000000e-02 -7.683317720127861605e+01
-5.761718750000000000e-02 -7.506207396120603903e+01
-5.664062500000000000e-02 -7.367196373019736200e+01
-5.566406250000000000e-02 -7.255601344851011447e+01
-5.468750000000000000e-02 -7.165064445483670852e+01
-5.371093750000000000e-02 -7.091513561564570978e+01
-5.273437500000000000e-02 -7.032201139343054308e+01
-5.175781250000000000e-02 -6.985202568552935531e+01
-5.078125000000000000e-02 -6.949133759589454939e+01
-4.980468750000000000e-02 -6.922982641263894266e+01
-4.882812500000000000e-02 -6.906004076892942578e+01
-4.785156250000000000e-02 -6.897652183966187067e+01
-4.687500000000000000e-02 -6.897535888606958565e+01
-4.589843750000000000e-02 -6.905389671308978450e+01
-4.492187500000000000e-02 -6.921054826739512578e+01
-4.394531250000000000e-02 -6.944468533139263400e+01
-4.296875000000000000e-02 -6.975659282080673051e+01
-4.199218750000000000e-02 -7.014748122281788767e+01
-4.101562500000000000e-02 -7.061955949085627537e+01
-4.003906250000000000e-02 -7.117617905029283065e+01
-3.906250000000000000e-02 -7.182207048057463794e+01
-3.808593750000000000e-02 -7.256371091621100788e+01
-3.710937500000000000e-02 -7.340988755294245038e+01
-3.613281250000000000e-02 -7.437257125223634091e+01
-3.515625000000000000e-02 -7.546830606464142477e+01
-3.417968750000000000e-02 -7.672050537607498200e+01
-3.320312500000000000e-02 -7.816344602794474383e+01
-3.222656250000000000e-02 -7.984970160276732543e+01
-3.125000000000000000e-02 -8.186528170730025522e+01
-3.027343750000000000e-02 -8.436457725178507872e+01
-2.929687500000000000e-02 -8.766753587088405197e+01
-2.832031250000000000e-02 -9.263019257736061718e+01
-2.734375000000000000e-02 -1.036619931428880932e+02
-2.636718750000000000e-02 -1.009112213702139940e+02
-2.539062500000000000e-02 -9.264312021125502383e+01
-2.441406250000000000e-02 -8.877118712822573343e+01
-2.343750000000000000e-02 -8.631096480433103579e+01
-2.246093750000000000e-02 -8.455738205474355595e+01
-2.148437500000000000e-02 -8.322784447211213887e+01
-2.050781250000000000e-02 -8.217934780403081163e+01
-1.953125000000000000e-02 -8.132883560922836352e+01
-1.855468750000000000e-02 -8.062345458335271076e+01
-1.757812500000000000e-02 -8.002737204392536796e+01
-1.660156250000000000e-02 -7.951521166040419075e+01
-1.562500000000000000e-02 -7.906849131776668571e+01
-1.464843750000000000e-02 -7.867355176375735937e+01
-1.367187500000000000e-02 -7.832027527644785891e+01
-1.269531250000000000e-02 -7.800124283898539090e+01
-1.171875000000000000e-02 -7.771114314013325952e+01
-1.074218750000000000e-02 -7.744633066475900307e+01
-9.765625000000000000e-03 -7.720447557978332043e+01
-8.789062500000000000e-03 -7.698427375622424051e+01
-7.812500000000000000e-03 -7.678519994404815918e+01
-6.835937500000000000e-03 -7.660729535488160025e+01
-5.859375000000000000e-03 -7.645098525050850924e+01
-4.882812500000000000e-03 -7.631692414189413398e+01
-3.906250000000000000e-03 -7.620586690086807380e+01
-2.929687500000000000e-03 -7.611856415352103511e+01
-1.953125000000000000e-03 -7.605568019887145681e+01
-9.765625000000000000e-04 -7.601773162705326570e+01
0.000000000000000000e+00 -7.600504491981871524e+01
9.765625000000000000e-04 -7.601773162704670028e+01
1.953125000000000000e-03 -7.605568019887145681e+01
2.929687500000000000e-03 -7.611856415351419969e+01
3.906250000000000000e-03 -7.620586690085926307e+01
4.882812500000000000e-03 -7.631692414190811746e+01
5.859375000000000000e-03 -7.645098525051095351e+01
6.835937500000000000e-03 -7.660729535488799513e+01
7.812500000000000000e-03 -7.678519994402817872e+01
8.789062500000000000e-03 -7.698427375621722035e+01
9.765625000000000000e-03 -7.720447557978198461e+01
1.074218750000000000e-02 -7.744633066476099259e+01
1.171875000000000000e-02 -7.771114314013325952e+01
1.269531250000000000e-02 -7.800124283898539090e+01
1.367187500000000000e-02 -7.832027527643317910e+01
1.464843750000000000e-02 -7.867355176373951053e+01
1.562500000000000000e-02 -7.906849131779266315e+01
1.660156250000000000e-02 -7.951521166040463129e+01
1.757812500000000000e-02 -8.002737204392722958e+01
1.855468750000000000e-02 -8.062345458338430149e+01
1.953125000000000000e-02 -8.132883560922836352e+01
2.050781250000000000e-02 -8.217934780405143158e+01
2.148437500000000000e-02 -8.322784447210457870e+01
2.246093750000000000e-02 -8.455738205474276015e+01
2.343750000000000000e-02 -8.631096480431111218e+01
2.441406250000000000e-02 -8.877118712829975777e+01
2.539062500000000000e-02 -9.264312021139988929e+01
2.636718750000000000e-02 -1.009112213702435383e+02
2.734375000000000000e-02 -1.036619931428880932e+02
2.832031250000000000e-02 -9.263019257736061718e+01
2.929687500000000000e-02 -8.766753587090113342e+01
3.027343750000000000e-02 -8.436457725179992906e+01
3.125000000000000000e-02 -8.186528170732415788e+01
3.222656250000000000e-02 -7.984970160278498952e+01
3.320312500000000000e-02 -7.816344602794201535e+01
3.417968750000000000e-02 -7.672050537607131560e+01
3.515625000000000000e-02 -7.546830606464142477e+01
3.613281250000000000e-02 -7.437257125223634091e+01
3.710937500000000000e-02 -7.340988755294488044e+01
3.808593750000000000e-02 -7.256371091621542746e+01
3.906250000000000000e-02 -7.182207048056712040e+01
4.003906250000000000e-02 -7.117617905027964298e+01
4.101562500000000000e-02 -7.061955949085020734e+01
4.199218750000000000e-02 -7.014748122282131249e+01
4.296875000000000000e-02 -6.975659282080673051e+01
4.394531250000000000e-02 -6.944468533139183819e+01
4.492187500000000000e-02 -6.921054826739255361e+01
4.589843750000000000e-02 -6.905389671309245614e+01
4.687500000000000000e-02 -6.897535888606958565e+01
4.785156250000000000e-02 -6.897652183965682582e+01
4.882812500000000000e-02 -6.906004076892889998e+01
4.980468750000000000e-02 -6.922982641263972425e+01
5.078125000000000000e-02 -6.949133759588642079e+01
5.175781250000000000e-02 -6.985202568552769264e+01
5.273437500000000000e-02 -7.032201139342822671e+01
5.371093750000000000e-02 -7.091513561564488555e+01
5.468750000000000000e-02 -7.165064445482563826e+01
5.566406250000000000e-02 -7.255601344850971657e+01
5.664062500000000000e-02 -7.367196373020270528e+01
5.761718750000000000e-02 -7.506207396120149156e+01
5.859375000000000000e-02 -7.683317720126913741e+01
5.957031250000000000e-02 -7.918536168971695588e+01
6.054687500000000000e-02 -8.256512516484421838e+01
6.152343750000000000e-02 -8.837244941595380965e+01
6.250000000000000000e-02 -1.175563256462431809e+02
6.347656250000000000e-02 -8.895725316685256701e+01
6.445312500000000000e-02 -8.279895047627903182e+01
6.542968750000000000e-02 -7.927359113994330642e+01
6.640625000000000000e-02 -7.682413469548002638e+01
6.738281250000000000e-02 -7.497176352897648144e+01
6.835937500000000000e-02 -7.350486093077608984e+01
6.933593750000000000e-02 -7.231102655690341408e+01
7.031250000000000000e-02 -7.132337396547534070e+01
7.128906250000000000e-02 -7.049890453333216556e+01
7.226562500000000000e-02 -6.980840812567163312e+01
7.324218750000000000e-02 -6.923122939697145739e+01
7.421875000000000000e-02 -6.875233853838348352e+01
7.519531250000000000e-02 -6.836059317601080920e+01
7.617187500000000000e-02 -6.804766038169235287e+01
7.714843750000000000e-02 -6.780732644622170824e+01
7.812500000000000000e-02 -6.763504656394633230e+01
7.910156250000000000e-02 -6.752765067001119803e+01
8.007812500000000000e-02 -6.748315675148990067e+01
8.105468750000000000e-02 -6.750066341961434091e+01
8.203125000000000000e-02 -6.758030647298015481e+01
8.300781250000000000e-02 -6.772327340060624579e+01
8.398437500000000000e-02 -6.793187759888570554e+01
8.496093750000000000e-02 -6.820970232177334935e+01
8.593750000000000000e-02 -6.856183501342590603e+01
8.691406250000000000e-02 -6.899522855705012603e+01
8.789062500000000000e-02 -6.951925214626628247e+01
8.886718750000000000e-02 -7.014654075762247487e+01
8.984375000000000000e-02 -7.089433918158646009e+01
9.082031250000000000e-02 -7.178671075677245028e+01
9.179687500000000000e-02 -7.285835603317443088e+01
9.277343750000000000e-02 -7.416166878191629053e+01
9.375000000000000000e-02 -7.578097822986828191e+01
9.472656250000000000e-02 -7.786502338637502874e+01
9.570312500000000000e-02 -8.071559114246508670e+01
9.667968750000000000e-02 -8.511418657670500920e+01
9.765625000000000000e-02 -9.471065089520963909e+01
9.863281250000000000e-02 -9.445184157389341806e+01
9.960937500000000000e-02 -8.501173927226277272e+01
1.005859375000000000e-01 -8.063616238236946288e+01
1.015625000000000000e-01 -7.779162991467276811e+01
1.025390625000000000e-01 -7.571032775377307189e+01
1.035156250000000000e-01 -7.409478875115966900e+01
1.044921875000000000e-01 -7.279838684591537401e+01
1.054687500000000000e-01 -7.173812155912646915e+01
1.064453125000000000e-01 -7.086255263416686034e+01
1.074218750000000000e-01 -7.013769961974082889e+01
1.083984375000000000e-01 -6.954003819119125751e+01
1.093750000000000000e-01 -6.905269831970537098e+01
1.103515625000000000e-01 -6.866325619707011185e+01
1.113281250000000000e-01 -6.836238240980443948e+01
1.123046875000000000e-01 -6.814297945945126855e+01
1.132812500000000000e-01 -6.799961392880086919e+01
1.142578125000000000e-01 -6.792813451973378847e+01
1.152343750000000000e-01 -6.792541273465617735e+01
1.162109375000000000e-01 -6.798916846505758826e+01
1.171875000000000000e-01 -6.811785781404205409e+01
1.181640625000000000e-01 -6.831060996419770959e+01
1.191406250000000000e-01 -6.856720641831887519e+01
1.201171875000000000e-01 -6.888810102971223159e+01
1.210937500000000000e-01 -6.927448396632760819e+01
1.220703125000000000e-01 -6.972839806477520597e+01
1.230468750000000000e-01 -7.025292305840439155e+01
1.240234375000000000e-01 -7.085245361543070430e+01
1.250000000000000000e-01 -7.153311396201223715e+01
1.259765625000000000e-01 -7.230338069010483082e+01
1.269531250000000000e-01 -7.317503743228540714e+01
1.279296875000000000e-01 -7.416468457439691520e+01
1.289062500000000000e-01 -7.529622950452690588e+01
1.298828125000000000e-01 -7.660522616022674924e+01
1.308593750000000000e-01 -7.814699739876382978e+01
1.318359375000000000e-01 -8.001335303685888789e+01
1.328125000000000000e-01 -8.237185546535263825e+01
1.337890625000000000e-01 -8.557822414159591062e+01
1.347656250000000000e-01 -9.062970330889905313e+01
1.357421875000000000e-01 -1.037119230593764598e+02
1.367187500000000000e-01 -9.589225905918270598e+01
1.376953125000000000e-01 -8.833640564866696820e+01
1.386718750000000000e-01 -8.440220332039829998e+01
1.396484375000000000e-01 -8.173604608794020976e+01
1.406250000000000000e-01 -7.972347689489629374e+01
1.416015625000000000e-01 -7.811096565168566030e+01
1.425781250000000000e-01 -7.676947582146755167e+01
1.435546875000000000e-01 -7.562474628810417698e+01
1.445312500000000000e-01 -7.463050117651300752e+01
1.455078125000000000e-01 -7.375630650475810057e+01
1.464843750000000000e-01 -7.298139363313906358e+01
1.474609375000000000e-01 -7.229123574281632614e+01
1.484375000000000000e-01 -7.167551918185237980e+01
1.494140625000000000e-01 -7.112687586820237584e+01
1.503906250000000000e-01 -7.064005710988982401e+01
1.513671875000000000e-01 -7.021137721409945698e+01
1.523437500000000000e-01 -6.983832981900187065e+01
1.533203125000000000e-01 -6.951931961275212757e+01
1.542968750000000000e-01 -6.925347434178604544e+01
1.552734375000000000e-01 -6.904051504659622651e+01
1.562500000000000000e-01 -6.888067048567057782e+01
1.572265625000000000e-01 -6.877462693829731677e+01
1.582031250000000000e-01 -6.872350826374085386e+01
1.591796875000000000e-01 -6.872888399176532914e+01
1.601562500000000000e-01 -6.879280584792508080e+01
1.611328125000000000e-01 -6.891787591644839495e+01
1.621093750000000000e-01 -6.910735309959426331e+01
1.630859375000000000e-01 -6.936530931385394183e+01
1.640625000000000000e-01 -6.969685403874814256e+01
1.650390625000000000e-01 -7.010845726540301825e+01
1.660156250000000000e-01 -7.060842001810765112e+01
1.669921875000000000e-01 -7.120757514331556592e+01
1.679687500000000000e-01 -7.192036273852815498e+01
1.689453125000000000e-01 -7.276654447341714160e+01
1.699218750000000000e-01 -7.377406955678955569e+01
1.708984375000000000e-01 -7.498416214744723618e+01
1.718750000000000000e-01 -7.646107741941376901e+01
1.728515625000000000e-01 -7.831284412410636264e+01
1.738281250000000000e-01 -8.074228050903842302e+01
1.748046875000000000e-01 -8.420414760428216994e+01
1.757812500000000000e-01 -9.013956990082553489e+01
1.767578125000000000e-01 -1.263349045927468808e+02
1.777343750000000000e-01 -9.043305746866856509e+01
1.787109375000000000e-01 -8.437890690519900261e+01
1.796875000000000000e-01 -8.088559093768714092e+01
1.806640625000000000e-01 -7.844171639924620365e+01
1.816406250000000000e-01 -7.657704114096090109e+01
1.826171875000000000e-01 -7.508248577115725197e+01
1.835937500000000000e-01 -7.384649360439816235e+01
1.845703125000000000e-01 -7.280241161171588260e+01
1.855468750000000000e-01 -7.190722916903746409e+01
1.865234375000000000e-01 -7.113162763675926215e+01
1.875000000000000000e-01 -7.045481532199181629e+01
1.884765625000000000e-01 -6.986163114031901955e+01
1.894531250000000000e-01 -6.934082025519838055e+01
1.904296875000000000e-01 -6.888395728925532069e+01
1.914062500000000000e-01 -6.848474741052417869e+01
1.923828125000000000e-01 -6.813855830448623863e+01
1.933593750000000000e-01 -6.784209917091133946e+01
1.943359375000000000e-01 -6.759319724993241607e+01
1.953125000000000000e-01 -6.739064207368539883e+01
1.962890625000000000e-01 -6.723407951065414068e+01
1.972656250000000000e-01 -6.712394525039923110e+01
1.982421875000000000e-01 -6.706143260743138512e+01
1.992187500000000000e-01 -6.704849356826372286e+01
2.001953125000000000e-01 -6.708787568007087998e+01
2.011718750000000000e-01 -6.718320139804318103e+01
2.021484375000000000e-01 -6.733910170446708321e+01
2.031250000000000000e-01 -6.756142339555060516e+01
2.041015625000000000e-01 -6.785754142677924960e+01
2.050781250000000000e-01 -6.823682780850707275e+01
2.060546875000000000e-01 -6.871136393098406359e+01
2.070312500000000000e-01 -6.929704866782584816e+01
2.080078125000000000e-01 -7.001538263664781425e+01
2.089843750000000000e-01 -7.089647625885129401e+01
2.099609375000000000e-01 -7.198443345002539218e+01
2.109375000000000000e-01 -7.334777282841452006e+01
2.119140625000000000e-01 -7.510185258285846999e+01
2.128906250000000000e-01 -7.746498312084099780e+01
2.138671875000000000e-01 -8.093624101211435118e+01
2.148437500000000000e-01 -8.717886853568649030e+01
2.158203125000000000e-01 -1.083784373365939473e+02
2.167968750000000000e-01 -8.559317798876892880e+01
2.177734375000000000e-01 -7.983309909194568377e+01
2.187500000000000000e-01 -7.638558165796459321e+01
2.197265625000000000e-01 -7.393399068937344509e+01
2.207031250000000000e-01 -7.204902398487347170e+01
2.216796875000000000e-01 -7.053623381737138232e+01
2.226562500000000000e-01 -6.929105610887796729e+01
2.236328125000000000e-01 -6.825090397126105302e+01
2.246093750000000000e-01 -6.737548234256185253e+01
2.255859375000000000e-01 -6.663746759043877432e+01
2.265625000000000000e-01 -6.601762931728833905e+01
2.275390625000000000e-01 -6.550208038852358072e+01
2.285156250000000000e-01 -6.508063751884816384e+01
2.294921875000000000e-01 -6.474580282313374369e+01
2.304687500000000000e-01 -6.449211382674658921e+01
2.314453125000000000e-01 -6.431572462421920022e+01
2.324218750000000000e-01 -6.421414081238171434e+01
2.333984375000000000e-01 -6.418606416197424380e+01
2.343750000000000000e-01 -6.423132305548486443e+01
2.353515625000000000e-01 -6.435087824730682371e+01
2.363281250000000000e-01 -6.454690435895821565e+01
2.373046875000000000e-01 -6.482295848246602077e+01
2.382812500000000000e-01 -6.518426114558769768e+01
2.392578125000000000e-01 -6.563813570472559888e+01
2.402343750000000000e-01 -6.619468706159295834e+01
2.412109375000000000e-01 -6.686786356520713070e+01
2.421875000000000000e-01 -6.767716760958785471e+01
2.431640625000000000e-01 -6.865053226131954034e+01
2.441406250000000000e-01 -6.982944604041230718e+01
2.451171875000000000e-01 -7.127880660789796252e+01
2.460937500000000000e-01 -7.310792323034480944e+01
2.470703125000000000e-01 -7.552232995563186080e+01
2.480468750000000000e-01 -7.898414515856691764e+01
2.490234375000000000e-01 -8.496883982388445133e+01
2.500000000000000000e-01 -inf
2.509765625000000000e-01 -8.496883982388527556e+01
2.519531250000000000e-01 -7.898414515857731999e+01
2.529296875000000000e-01 -7.552232995563345241e+01
2.539062500000000000e-01 -7.310792323034172568e+01
2.548828125000000000e-01 -7.127880660789404033e+01
2.558593750000000000e-01 -6.982944604041178138e+01
2.568359375000000000e-01 -6.865053226131929875e+01
2.578125000000000000e-01 -6.767716760958785471e+01
2.587890625000000000e-01 -6.686786356520724439e+01
2.597656250000000000e-01 -6.619468706159129567e+01
2.607421875000000000e-01 -6.563813570472662207e+01
2.617187500000000000e-01 -6.518426114559079565e+01
2.626953125000000000e-01 -6.482295848246391756e+01
2.636718750000000000e-01 -6.454690435895759038e+01
2.646484375000000000e-01 -6.435087824730618422e+01
2.656250000000000000e-01 -6.423132305548642762e+01
2.666015625000000000e-01 -6.418606416197478381e+01
2.675781250000000000e-01 -6.421414081238025062e+01
2.685546875000000000e-01 -6.431572462421810599e+01
2.695312500000000000e-01 -6.449211382674428705e+01
2.705078125000000000e-01 -6.474580282313397106e+01
2.714843750000000000e-01 -6.508063751884765225e+01
2.724609375000000000e-01 -6.550208038852501602e+01
2.734375000000000000e-01 -6.601762931728833905e+01
2.744140625000000000e-01 -6.663746759044049384e+01
2.753906250000000000e-01 -6.737548234256645685e+01
2.763671875000000000e-01 -6.825090397126140829e+01
2.773437500000000000e-01 -6.929105610886803390e+01
2.783203125000000000e-01 -7.053623381737318709e+01
2.792968750000000000e-01 -7.204902398487310222e+01
2.802734375000000000e-01 -7.393399068937603147e+01
2.812500000000000000e-01 -7.638558165795822674e+01
2.822265625000000000e-01 -7.983309909194801435e+01
2.832031250000000000e-01 -8.559317798877421524e+01
2.841796875000000000e-01 -1.083784373372250656e+02
2.851562500000000000e-01 -8.717886853574881911e+01
2.861328125000000000e-01 -8.093624101211287325e+01
2.871093750000000000e-01 -7.746498312083836879e+01
2.880859375000000000e-01 -7.510185258285335408e+01
2.890625000000000000e-01 -7.334777282840555301e+01
2.900390625000000000e-01 -7.198443345002520743e+01
2.910156250000000000e-01 -7.089647625885160664e+01
2.919921875000000000e-01 -7.001538263665119644e+01
2.929687500000000000e-01 -6.929704866782385864e+01
2.939453125000000000e-01 -6.871136393098551309e+01
2.949218750000000000e-01 -6.823682780850755591e+01
2.958984375000000000e-01 -6.785754142677984646e+01
2.968750000000000000e-01 -6.756142339555290732e+01
2.978515625000000000e-01 -6.733910170446598897e+01
2.988281250000000000e-01 -6.718320139804440316e+01
2.998046875000000000e-01 -6.708787568007087998e+01
3.007812500000000000e-01 -6.704849356826065332e+01
3.017578125000000000e-01 -6.706143260742896928e+01
3.027343750000000000e-01 -6.712394525039943005e+01
3.037109375000000000e-01 -6.723407951065436805e+01
3.046875000000000000e-01 -6.739064207368765835e+01
3.056640625000000000e-01 -6.759319724992776912e+01
3.066406250000000000e-01 -6.784209917091395425e+01
3.076171875000000000e-01 -6.813855830448589757e+01
3.085937500000000000e-01 -6.848474741052237391e+01
3.095703125000000000e-01 -6.888395728925419803e+01
3.105468750000000000e-01 -6.934082025519676051e+01
3.115234375000000000e-01 -6.986163114031739951e+01
3.125000000000000000e-01 -7.045481532198860464e+01
3.134765625000000000e-01 -7.113162763675619260e+01
3.144531250000000000e-01 -7.190722916903250450e+01
3.154296875000000000e-01 -7.280241161171996112e+01
3.164062500000000000e-01 -7.384649360439816235e+01
3.173828125000000000e-01 -7.508248577115725197e+01
3.183593750000000000e-01 -7.657704114097168713e+01
3.193359375000000000e-01 -7.844171639924977057e+01
3.203125000000000000e-01 -8.088559093768714092e+01
3.212890625000000000e-01 -8.437890690520370640e+01
3.222656250000000000e-01 -9.043305746871658357e+01
3.232421875000000000e-01 -1.263349045941374982e+02
3.242187500000000000e-01 -9.013956990082553489e+01
3.251953125000000000e-01 -8.420414760425180134e+01
3.261718750000000000e-01 -8.074228050902470954e+01
3.271484375000000000e-01 -7.831284412411064011e+01
3.281250000000000000e-01 -7.646107741942019231e+01
3.291015625000000000e-01 -7.498416214745068942e+01
3.300781250000000000e-01 -7.377406955678340239e+01
3.310546875000000000e-01 -7.276654447341830689e+01
3.320312500000000000e-01 -7.192036273853352668e+01
3.330078125000000000e-01 -7.120757514331265270e+01
3.339843750000000000e-01 -7.060842001810462421e+01
3.349609375000000000e-01 -7.010845726539999134e+01
3.359375000000000000e-01 -6.969685403874814256e+01
3.369140625000000000e-01 -6.936530931385574661e+01
3.378906250000000000e-01 -6.910735309959882500e+01
3.388671875000000000e-01 -6.891787591644913391e+01
3.398437500000000000e-01 -6.879280584792508080e+01
3.408203125000000000e-01 -6.872888399176970609e+01
3.417968750000000000e-01 -6.872350826374236021e+01
3.427734375000000000e-01 -6.877462693830355533e+01
3.437500000000000000e-01 -6.888067048567326367e+01
3.447265625000000000e-01 -6.904051504659447858e+01
3.457031250000000000e-01 -6.925347434178765127e+01
3.466796875000000000e-01 -6.951931961275454341e+01
3.476562500000000000e-01 -6.983832981898916614e+01
3.486328125000000000e-01 -7.021137721409903065e+01
3.496093750000000000e-01 -7.064005710988899978e+01
3.505859375000000000e-01 -7.112687586820101160e+01
3.515625000000000000e-01 -7.167551918185607462e+01
3.525390625000000000e-01 -7.229123574281204867e+01
3.535156250000000000e-01 -7.298139363313461558e+01
3.544921875000000000e-01 -7.375630650474961669e+01
3.554687500000000000e-01 -7.463050117650197990e+01
3.564453125000000000e-01 -7.562474628809609101e+01
3.574218750000000000e-01 -7.676947582147062121e+01
3.583984375000000000e-01 -7.811096565168870143e+01
3.593750000000000000e-01 -7.972347689487760647e+01
3.603515625000000000e-01 -8.173604608794364879e+01
3.613281250000000000e-01 -8.440220332039268669e+01
3.623046875000000000e-01 -8.833640564867391731e+01
3.632812500000000000e-01 -9.589225905922519644e+01
3.642578125000000000e-01 -1.037119230592535359e+02
3.652343750000000000e-01 -9.062970330891732829e+01
3.662109375000000000e-01 -8.557822414156809998e+01
3.671875000000000000e-01 -8.237185546536530012e+01
3.681640625000000000e-01 -8.001335303685462463e+01
3.691406250000000000e-01 -7.814699739876294871e+01
3.701171875000000000e-01 -7.660522616022764453e+01
3.710937500000000000e-01 -7.529622950452690588e+01
3.720703125000000000e-01 -7.416468457439212614e+01
3.730468750000000000e-01 -7.317503743227925384e+01
3.740234375000000000e-01 -7.230338069010053914e+01
3.750000000000000000e-01 -7.153311396200496119e+01
3.759765625000000000e-01 -7.085245361543036324e+01
3.769531250000000000e-01 -7.025292305840608265e+01
3.779296875000000000e-01 -6.972839806478052083e+01
3.789062500000000000e-01 -6.927448396633354832e+01
3.798828125000000000e-01 -6.888810102971149263e+01
3.808593750000000000e-01 -6.856720641831644514e+01
3.818359375000000000e-01 -6.831060996419955700e+01
3.828125000000000000e-01 -6.811785781404205409e+01
3.837890625000000000e-01 -6.798916846505960621e+01
3.847656250000000000e-01 -6.792541273465505469e+01
3.857421875000000000e-01 -6.792813451973243843e+01
3.867187500000000000e-01 -6.799961392880430822e+01
3.876953125000000000e-01 -6.814297945945193646e+01
3.886718750000000000e-01 -6.836238240980725323e+01
3.896484375000000000e-01 -6.866325619707151873e+01
3.906250000000000000e-01 -6.905269831969715710e+01
3.916015625000000000e-01 -6.954003819119353125e+01
3.925781250000000000e-01 -7.013769961974060152e+01
3.935546875000000000e-01 -7.086255263416499872e+01
3.945312500000000000e-01 -7.173812155912119692e+01
3.955078125000000000e-01 -7.279838684591187814e+01
3.964843750000000000e-01 -7.409478875115468099e+01
3.974609375000000000e-01 -7.571032775377335611e+01
3.984375000000000000e-01 -7.779162991471015687e+01
3.994140625000000000e-01 -8.063616238234097011e+01
4.003906250000000000e-01 -8.501173927223076987e+01
4.013671875000000000e-01 -9.445184157385108392e+01
4.023437500000000000e-01 -9.471065089528381975e+01
4.033203125000000000e-01 -8.511418657669536003e+01
4.042968750000000000e-01 -8.071559114246907995e+01
4.052734375000000000e-01 -7.786502338638429421e+01
4.062500000000000000e-01 -7.578097822986235599e+01
4.072265625000000000e-01 -7.416166878190905720e+01
4.082031250000000000e-01 -7.285835603317516984e+01
4.091796875000000000e-01 -7.178671075676830071e+01
4.101562500000000000e-01 -7.089433918157452297e+01
4.111328125000000000e-01 -7.014654075762075536e+01
4.121093750000000000e-01 -6.951925214626017180e+01
4.130859375000000000e-01 -6.899522855704626068e+01
4.140625000000000000e-01 -6.856183501343495834e+01
4.150390625000000000e-01 -6.820970232177700154e+01
4.160156250000000000e-01 -6.793187759888570554e+01
4.169921875000000000e-01 -6.772327340060397205e+01
4.179687500000000000e-01 -6.758030647298015481e+01
4.189453125000000000e-01 -6.750066341960734917e+01
4.199218750000000000e-01 -6.748315675148758430e+01
4.208984375000000000e-01 -6.752765067000760268e+01
4.218750000000000000e-01 -6.763504656394168535e+01
4.228515625000000000e-01 -6.780732644622541727e+01
4.238281250000000000e-01 -6.804766038169826459e+01
4.248046875000000000e-01 -6.836059317601396401e+01
4.257812500000000000e-01 -6.875233853838535936e+01
4.267578125000000000e-01 -6.923122939697802281e+01
4.277343750000000000e-01 -6.980840812567605269e+01
4.287109375000000000e-01 -7.049890453333865992e+01
4.296875000000000000e-01 -7.132337396547178798e+01
4.306640625000000000e-01 -7.231102655690868630e+01
4.316406250000000000e-01 -7.350486093078126260e+01
4.326171875000000000e-01 -7.497176352897496088e+01
4.335937500000000000e-01 -7.682413469549422302e+01
4.345703125000000000e-01 -7.927359113995315454e+01
4.355468750000000000e-01 -8.279895047629260318e+01
4.365234375000000000e-01 -8.895725316686450412e+01
4.375000000000000000e-01 -1.175563256469710325e+02
4.384765625000000000e-01 -8.837244941598108028e+01
4.394531250000000000e-01 -8.256512516485494757e+01
4.404296875000000000e-01 -7.918536168971695588e+01
4.414062500000000000e-01 -7.683317720128334827e+01
4.423828125000000000e-01 -7.506207396120603903e+01
4.433593750000000000e-01 -7.367196373019565669e+01
4.443359375000000000e-01 -7.255601344851011447e+01
4.453125000000000000e-01 -7.165064445483301370e+01
4.462890625000000000e-01 -7.091513561564570978e+01
4.472656250000000000e-01 -7.032201139342939200e+01
4.482421875000000000e-01 -6.985202568552976743e+01
4.492187500000000000e-01 -6.949133759589048509e+01
4.501953125000000000e-01 -6.922982641263972425e+01
4.511718750000000000e-01 -6.906004076892789101e+01
4.521484375000000000e-01 -6.897652183966187067e+01
4.531250000000000000e-01 -6.897535888606958565e+01
4.541015625000000000e-01 -6.905389671308964239e+01
4.550781250000000000e-01 -6.921054826739410260e+01
4.560546875000000000e-01 -6.944468533139104238e+01
4.570312500000000000e-01 -6.975659282080464152e+01
4.580078125000000000e-01 -7.014748122281659448e+01
4.589843750000000000e-01 -7.061955949085627537e+01
4.599609375000000000e-01 -7.117617905028939163e+01
4.609375000000000000e-01 -7.182207048057463794e+01
4.619140625000000000e-01 -7.256371091621120684e+01
4.628906250000000000e-01 -7.340988755294495149e+01
4.638671875000000000e-01 -7.437257125223423770e+01
4.648437500000000000e-01 -7.546830606464142477e+01
4.658203125000000000e-01 -7.672050537607222509e+01
4.667968750000000000e-01 -7.816344602794474383e+01
4.677734375000000000e-01 -7.984970160277197238e+01
4.687500000000000000e-01 -8.186528170730025522e+01
4.697265625000000000e-01 -8.436457725178507872e+01
4.707031250000000000e-01 -8.766753587089482380e+01
4.716796875000000000e-01 -9.263019257734913481e+01
4.726562500000000000e-01 -1.036619931429920314e+02
4.736328125000000000e-01 -1.009112213702139940e+02
4.746093750000000000e-01 -9.264312021128927199e+01
4.755859375000000000e-01 -8.877118712823872215e+01
4.765625000000000000e-01 -8.631096480432107398e+01
4.775390625000000000e-01 -8.455738205474355595e+01
4.785156250000000000e-01 -8.322784447211994063e+01
4.794921875000000000e-01 -8.217934780403768968e+01
4.804687500000000000e-01 -8.132883560922836352e+01
4.814453125000000000e-01 -8.062345458335558135e+01
4.824218750000000000e-01 -8.002737204392629167e+01
4.833984375000000000e-01 -7.951521166040440391e+01
4.843750000000000000e-01 -7.906849131776668571e+01
4.853515625000000000e-01 -7.867355176375735937e+01
4.863281250000000000e-01 -7.832027527644937948e+01
4.873046875000000000e-01 -7.800124283898325928e+01
4.882812500000000000e-01 -7.771114314012278612e+01
4.892578125000000000e-01 -7.744633066475999783e+01
4.902343750000000000e-01 -7.720447557978265252e+01
4.912109375000000000e-01 -7.698427375622406998e+01
4.921875000000000000e-01 -7.678519994404483384e+01
4.931640625000000000e-01 -7.660729535488175657e+01
4.941406250000000000e-01 -7.645098525051209037e+01
4.951171875000000000e-01 -7.631692414189413398e+01
4.960937500000000000e-01 -7.620586690086366843e+01
4.970703125000000000e-01 -7.611856415351675764e+01
4.980468750000000000e-01 -7.605568019887145681e+01
4.990234375000000000e-01 -7.601773162705312359e+01
