5.380859375000000000e-01 -2.240000000000034674e+01
5.327148437500000000e-01 -2.370000000000036522e+01
5.192871093750000000e-01 -2.320000000000035811e+01
5.446777343750000000e-01 -2.380000000000036664e+01
5.310058593750000000e-01 -2.650000000000040501e+01
5.402832031250000000e-01 -2.220000000000034390e+01
5.666503906250000000e-01 -2.300000000000035527e+01
5.849609375000000000e-01 -2.140000000000033253e+01
5.339355468750000000e-01 -2.690000000000041069e+01
5.290527343750000000e-01 -2.580000000000039506e+01
5.786132812500000000e-01 -2.040000000000031832e+01
5.368652343750000000e-01 -2.010000000000031406e+01
5.363769531250000000e-01 -2.570000000000039364e+01
5.856933593750000000e-01 -1.820000000000028706e+01
5.734863281250000000e-01 -2.710000000000041354e+01
5.380859375000000000e-01 -2.510000000000038511e+01
5.270996093750000000e-01 -3.270000000000049312e+01
5.346679687500000000e-01 -2.380000000000036664e+01
5.627441406250000000e-01 -2.230000000000034532e+01
5.187988281250000000e-01 -3.350000000000050449e+01
5.427246093750000000e-01 -2.070000000000032259e+01
5.883789062500000000e-01 -2.120000000000032969e+01
5.747070312500000000e-01 -2.400000000000036948e+01
5.871582031250000000e-01 -1.860000000000029274e+01
5.390625000000000000e-01 -2.810000000000042775e+01
5.546875000000000000e-01 -2.300000000000035527e+01
5.490722656250000000e-01 -2.570000000000039364e+01
5.812988281250000000e-01 -2.060000000000032117e+01
5.656738281250000000e-01 -2.330000000000035953e+01
5.612792968750000000e-01 -3.040000000000046043e+01
5.678710937500000000e-01 -2.280000000000035243e+01
5.771484375000000000e-01 -1.990000000000031122e+01
5.871582031250000000e-01 -2.320000000000035811e+01
5.556640625000000000e-01 -3.320000000000050022e+01
5.678710937500000000e-01 -2.430000000000037375e+01
5.341796875000000000e-01 -1.810000000000028564e+01
5.871582031250000000e-01 -1.840000000000028990e+01
5.676269531250000000e-01 -2.410000000000037090e+01
5.693359375000000000e-01 -2.680000000000040927e+01
5.739746093750000000e-01 -2.490000000000038227e+01
5.632324218750000000e-01 -2.120000000000032969e+01
5.742187500000000000e-01 -2.460000000000037801e+01
5.664062500000000000e-01 -2.690000000000041069e+01
5.600585937500000000e-01 -3.110000000000047038e+01
6.203613281250000000e-01 -1.800000000000028422e+01
6.169433593750000000e-01 -2.480000000000038085e+01
5.957031250000000000e-01 -2.750000000000041922e+01
6.127929687500000000e-01 -2.250000000000034817e+01
6.010742187500000000e-01 -3.400000000000051159e+01
6.330566406250000000e-01 -2.540000000000038938e+01
6.198730468750000000e-01 -2.690000000000041069e+01
6.081542968750000000e-01 -3.100000000000046896e+01
6.757812500000000000e-01 -2.140000000000033253e+01
6.171875000000000000e-01 -2.200000000000034106e+01
6.049804687500000000e-01 -2.860000000000043485e+01
5.957031250000000000e-01 -2.480000000000038085e+01
6.008300781250000000e-01 -2.970000000000045048e+01
5.932617187500000000e-01 -2.910000000000044196e+01
6.171875000000000000e-01 -2.250000000000034817e+01
6.247558593750000000e-01 -2.790000000000042490e+01
5.930175781250000000e-01 -2.040000000000031832e+01
6.328125000000000000e-01 -2.550000000000039080e+01
6.293945312500000000e-01 -2.280000000000035243e+01
6.220703125000000000e-01 -2.130000000000033111e+01
6.240234375000000000e-01 -1.720000000000027285e+01
6.230468750000000000e-01 -2.670000000000040785e+01
6.247558593750000000e-01 -3.120000000000047180e+01
6.330566406250000000e-01 -1.970000000000030838e+01
6.472167968750000000e-01 -2.440000000000037517e+01
6.398925781250000000e-01 -2.470000000000037943e+01
6.599121093750000000e-01 -2.160000000000033538e+01
6.345214843750000000e-01 -2.480000000000038085e+01
6.357421875000000000e-01 -2.170000000000033680e+01
6.567382812500000000e-01 -2.220000000000034390e+01
7.028808593750000000e-01 -2.640000000000040359e+01
6.579589843750000000e-01 -1.980000000000030980e+01
6.567382812500000000e-01 -2.410000000000037090e+01
6.379394531250000000e-01 -2.370000000000036522e+01
6.406250000000000000e-01 -2.200000000000034106e+01
6.428222656250000000e-01 -2.830000000000043059e+01
6.625976562500000000e-01 -2.300000000000035527e+01
6.579589843750000000e-01 -2.410000000000037090e+01
6.630859375000000000e-01 -2.300000000000035527e+01
6.420898437500000000e-01 -2.810000000000042775e+01
5.632324218750000000e-01 -2.950000000000044764e+01
8.146972656250000000e-01 -1.450000000000026112e+01
6.511230468750000000e-01 -2.950000000000044764e+01
6.499023437500000000e-01 -2.640000000000040359e+01
6.276855468750000000e-01 -2.670000000000040785e+01
6.596679687500000000e-01 -3.210000000000048459e+01
6.518554687500000000e-01 -2.830000000000043059e+01
6.967773437500000000e-01 -2.400000000000036948e+01
6.606445312500000000e-01 -2.780000000000042348e+01
7.153320312500000000e-01 -2.570000000000039364e+01
6.936035156250000000e-01 -2.150000000000033396e+01
6.738281250000000000e-01 -2.190000000000033964e+01
6.682128906250000000e-01 -2.570000000000039364e+01
6.418457031250000000e-01 -3.030000000000045901e+01
6.547851562500000000e-01 -2.430000000000037375e+01
6.635742187500000000e-01 -2.360000000000036380e+01
6.672363281250000000e-01 -3.200000000000048317e+01
6.699218750000000000e-01 -2.950000000000044764e+01
6.547851562500000000e-01 -2.470000000000037943e+01
6.472167968750000000e-01 -2.980000000000045191e+01
6.613769531250000000e-01 -2.780000000000042348e+01
6.699218750000000000e-01 -2.590000000000039648e+01
7.380371093750000000e-01 -1.810000000000028564e+01
6.789550781250000000e-01 -2.730000000000041638e+01
6.977539062500000000e-01 -2.300000000000035527e+01
6.694335937500000000e-01 -2.790000000000042490e+01
7.097167968750000000e-01 -1.930000000000030269e+01
6.542968750000000000e-01 -3.830000000000057270e+01
6.994628906250000000e-01 -2.120000000000032969e+01
7.199707031250000000e-01 -3.030000000000045901e+01
6.933593750000000000e-01 -2.890000000000043912e+01
7.475585937500000000e-01 -2.580000000000039506e+01
6.984863281250000000e-01 -2.550000000000039080e+01
7.060546875000000000e-01 -2.910000000000044196e+01
7.277832031250000000e-01 -1.900000000000029843e+01
6.979980468750000000e-01 -2.750000000000041922e+01
7.028808593750000000e-01 -3.600000000000054001e+01
7.160644531250000000e-01 -2.450000000000037659e+01
7.145996093750000000e-01 -2.560000000000039222e+01
6.865234375000000000e-01 -3.670000000000054996e+01
7.092285156250000000e-01 -3.050000000000046185e+01
7.006835937500000000e-01 -3.040000000000046043e+01
7.229003906250000000e-01 -2.150000000000033396e+01
6.962890625000000000e-01 -2.960000000000044906e+01
7.080078125000000000e-01 -3.230000000000048743e+01
7.519531250000000000e-01 -2.240000000000034674e+01
7.233886718750000000e-01 -2.640000000000040359e+01
7.060546875000000000e-01 -2.920000000000044338e+01
7.160644531250000000e-01 -2.350000000000036238e+01
7.529296875000000000e-01 -2.410000000000037090e+01
7.150878906250000000e-01 -2.700000000000041211e+01
6.726074218750000000e-01 -3.470000000000052154e+01
6.896972656250000000e-01 -3.510000000000052722e+01
7.143554687500000000e-01 -3.280000000000049454e+01
7.329101562500000000e-01 -2.550000000000039080e+01
7.377929687500000000e-01 -2.850000000000043343e+01
7.141113281250000000e-01 -3.710000000000055564e+01
7.214355468750000000e-01 -2.330000000000035953e+01
7.465820312500000000e-01 -2.450000000000037659e+01
7.150878906250000000e-01 -3.390000000000051017e+01
7.380371093750000000e-01 -2.750000000000041922e+01
7.377929687500000000e-01 -2.360000000000036380e+01
7.468261718750000000e-01 -2.580000000000039506e+01
7.246093750000000000e-01 -2.660000000000040643e+01
6.547851562500000000e-01 -2.810000000000042775e+01
7.578125000000000000e-01 -2.450000000000037659e+01
7.617187500000000000e-01 -2.710000000000041354e+01
7.719726562500000000e-01 -2.220000000000034390e+01
7.629394531250000000e-01 -2.670000000000040785e+01
7.561035156250000000e-01 -2.750000000000041922e+01
7.973632812500000000e-01 -3.220000000000048601e+01
7.651367187500000000e-01 -2.320000000000035811e+01
7.587890625000000000e-01 -2.260000000000034959e+01
8.483886718750000000e-01 -3.220000000000048601e+01
7.377929687500000000e-01 -2.660000000000040643e+01
7.583007812500000000e-01 -3.480000000000052296e+01
7.412109375000000000e-01 -2.540000000000038938e+01
7.741699218750000000e-01 -1.800000000000028422e+01
7.651367187500000000e-01 -3.230000000000048743e+01
7.409667968750000000e-01 -2.520000000000038654e+01
7.612304687500000000e-01 -2.390000000000036806e+01
7.746582031250000000e-01 -2.580000000000039506e+01
7.514648437500000000e-01 -2.590000000000039648e+01
8.154296875000000000e-01 -3.760000000000056275e+01
7.614746093750000000e-01 -2.240000000000034674e+01
7.587890625000000000e-01 -2.460000000000037801e+01
7.412109375000000000e-01 -2.950000000000044764e+01
7.727050781250000000e-01 -2.140000000000033253e+01
7.587890625000000000e-01 -2.790000000000042490e+01
7.546386718750000000e-01 -2.620000000000040075e+01
7.504882812500000000e-01 -3.610000000000054143e+01
7.919921875000000000e-01 -1.950000000000030553e+01
7.624511718750000000e-01 -2.510000000000038511e+01
7.717285156250000000e-01 -2.990000000000045333e+01
7.700195312500000000e-01 -2.370000000000036522e+01
7.783203125000000000e-01 -2.850000000000043343e+01
7.753906250000000000e-01 -2.450000000000037659e+01
7.375488281250000000e-01 -3.420000000000051443e+01
7.595214843750000000e-01 -3.450000000000051870e+01
8.007812500000000000e-01 -2.680000000000040927e+01
7.856445312500000000e-01 -2.570000000000039364e+01
8.713378906250000000e-01 -2.250000000000034817e+01
8.718261718750000000e-01 -2.530000000000038796e+01
7.900390625000000000e-01 -2.980000000000045191e+01
8.081054687500000000e-01 -3.250000000000049027e+01
8.962402343750000000e-01 -3.260000000000049170e+01
9.138183593750000000e-01 -2.450000000000037659e+01
7.729492187500000000e-01 -3.910000000000058407e+01
8.107910156250000000e-01 -3.150000000000047606e+01
8.122558593750000000e-01 -3.380000000000050875e+01
8.010253906250000000e-01 -3.610000000000054143e+01
8.146972656250000000e-01 -2.410000000000037090e+01
8.146972656250000000e-01 -2.370000000000036522e+01
7.919921875000000000e-01 -3.970000000000059259e+01
8.190917968750000000e-01 -3.480000000000052296e+01
8.103027343750000000e-01 -2.600000000000039790e+01
7.922363281250000000e-01 -3.020000000000045759e+01
8.005371093750000000e-01 -3.610000000000054143e+01
8.129882812500000000e-01 -2.830000000000043059e+01
7.849121093750000000e-01 -3.410000000000051301e+01
8.264160156250000000e-01 -3.380000000000050875e+01
7.846679687500000000e-01 -4.080000000000060822e+01
8.139648437500000000e-01 -2.590000000000039648e+01
7.768554687500000000e-01 -4.030000000000060112e+01
7.917480468750000000e-01 -3.240000000000048885e+01
7.919921875000000000e-01 -3.670000000000054996e+01
8.737792968750000000e-01 -2.780000000000042348e+01
7.800292968750000000e-01 -3.780000000000056559e+01
8.264160156250000000e-01 -2.440000000000037517e+01
7.468261718750000000e-01 -3.170000000000047891e+01
8.012695312500000000e-01 -3.100000000000046896e+01
7.976074218750000000e-01 -3.450000000000051870e+01
8.264160156250000000e-01 -2.420000000000037232e+01
8.454589843750000000e-01 -2.550000000000039080e+01
8.078613281250000000e-01 -3.300000000000049738e+01
8.000488281250000000e-01 -3.430000000000051585e+01
7.819824218750000000e-01 -4.100000000000061107e+01
8.098144531250000000e-01 -3.530000000000053006e+01
7.939453125000000000e-01 -4.190000000000062386e+01
8.095703125000000000e-01 -3.140000000000047464e+01
8.242187500000000000e-01 -3.420000000000051443e+01
7.922363281250000000e-01 -3.520000000000052864e+01
8.056640625000000000e-01 -3.370000000000050733e+01
7.995605468750000000e-01 -3.760000000000056275e+01
7.502441406250000000e-01 -2.310000000000035669e+01
8.044433593750000000e-01 -3.520000000000052864e+01
8.056640625000000000e-01 -4.180000000000062244e+01
8.933105468750000000e-01 -3.100000000000046896e+01
8.276367187500000000e-01 -3.440000000000051728e+01
8.215332031250000000e-01 -3.310000000000049880e+01
8.051757812500000000e-01 -3.540000000000053149e+01
8.229980468750000000e-01 -3.300000000000049738e+01
8.378906250000000000e-01 -3.340000000000050306e+01
7.795410156250000000e-01 -3.180000000000048033e+01
8.989257812500000000e-01 -3.170000000000047891e+01
8.198242187500000000e-01 -3.320000000000050022e+01
8.264160156250000000e-01 -2.590000000000039648e+01
8.291015625000000000e-01 -2.440000000000037517e+01
8.173828125000000000e-01 -3.260000000000049170e+01
9.306640625000000000e-01 -2.550000000000039080e+01
8.334960937500000000e-01 -3.490000000000052438e+01
8.964843750000000000e-01 -3.220000000000048601e+01
8.715820312500000000e-01 -2.840000000000043201e+01
9.274902343750000000e-01 -2.670000000000040785e+01
8.935546875000000000e-01 -3.080000000000046612e+01
8.327636718750000000e-01 -3.470000000000052154e+01
9.309082031250000000e-01 -2.620000000000040075e+01
9.350585937500000000e-01 -2.630000000000040217e+01
8.920898437500000000e-01 -3.300000000000049738e+01
8.728027343750000000e-01 -2.770000000000042206e+01
8.920898437500000000e-01 -3.300000000000049738e+01
8.964843750000000000e-01 -3.200000000000048317e+01
8.933105468750000000e-01 -3.100000000000046896e+01
8.933105468750000000e-01 -3.100000000000046896e+01
8.933105468750000000e-01 -3.080000000000046612e+01
8.923339843750000000e-01 -3.270000000000049312e+01
8.930664062500000000e-01 -3.320000000000050022e+01
8.930664062500000000e-01 -3.320000000000050022e+01
8.930664062500000000e-01 -3.300000000000049738e+01
8.933105468750000000e-01 -3.100000000000046896e+01
8.920898437500000000e-01 -3.270000000000049312e+01
8.918457031250000000e-01 -3.310000000000049880e+01
8.925781250000000000e-01 -3.330000000000050164e+01
8.928222656250000000e-01 -3.330000000000050164e+01
8.930664062500000000e-01 -3.320000000000050022e+01
8.930664062500000000e-01 -3.320000000000050022e+01
8.928222656250000000e-01 -3.330000000000050164e+01
8.930664062500000000e-01 -3.320000000000050022e+01
8.930664062500000000e-01 -3.320000000000050022e+01
8.930664062500000000e-01 -3.320000000000050022e+01
8.930664062500000000e-01 -3.320000000000050022e+01
8.930664062500000000e-01 -3.320000000000050022e+01
8.930664062500000000e-01 -3.320000000000050022e+01
8.930664062500000000e-01 -3.320000000000050022e+01
8.930664062500000000e-01 -3.300000000000049738e+01
8.930664062500000000e-01 -3.300000000000049738e+01
8.930664062500000000e-01 -3.300000000000049738e+01
8.925781250000000000e-01 -3.330000000000050164e+01
8.923339843750000000e-01 -3.320000000000050022e+01
8.923339843750000000e-01 -3.320000000000050022e+01
8.918457031250000000e-01 -3.310000000000049880e+01
8.918457031250000000e-01 -3.310000000000049880e+01
8.918457031250000000e-01 -3.310000000000049880e+01
8.918457031250000000e-01 -3.310000000000049880e+01
8.918457031250000000e-01 -3.310000000000049880e+01
8.916015625000000000e-01 -3.300000000000049738e+01
8.918457031250000000e-01 -3.290000000000049596e+01
8.918457031250000000e-01 -3.290000000000049596e+01
8.918457031250000000e-01 -3.290000000000049596e+01
8.918457031250000000e-01 -3.290000000000049596e+01
8.918457031250000000e-01 -3.290000000000049596e+01
8.916015625000000000e-01 -3.290000000000049596e+01
8.918457031250000000e-01 -3.290000000000049596e+01
8.913574218750000000e-01 -3.300000000000049738e+01
8.913574218750000000e-01 -3.300000000000049738e+01
8.916015625000000000e-01 -3.290000000000049596e+01
8.916015625000000000e-01 -3.290000000000049596e+01
8.916015625000000000e-01 -3.290000000000049596e+01
8.916015625000000000e-01 -3.290000000000049596e+01
8.913574218750000000e-01 -3.300000000000049738e+01
8.913574218750000000e-01 -3.300000000000049738e+01
8.913574218750000000e-01 -3.300000000000049738e+01
8.913574218750000000e-01 -3.300000000000049738e+01
8.920898437500000000e-01 -3.160000000000047748e+01
8.918457031250000000e-01 -3.150000000000047606e+01
8.908691406250000000e-01 -3.270000000000049312e+01
8.913574218750000000e-01 -3.260000000000049170e+01
8.908691406250000000e-01 -3.260000000000049170e+01
8.908691406250000000e-01 -3.270000000000049312e+01
8.908691406250000000e-01 -3.260000000000049170e+01
8.908691406250000000e-01 -3.260000000000049170e+01
8.962402343750000000e-01 -3.190000000000048175e+01
8.962402343750000000e-01 -3.180000000000048033e+01
8.959960937500000000e-01 -3.190000000000048175e+01
8.959960937500000000e-01 -3.190000000000048175e+01
8.959960937500000000e-01 -3.190000000000048175e+01
8.957519531250000000e-01 -3.200000000000048317e+01
8.957519531250000000e-01 -3.200000000000048317e+01
8.957519531250000000e-01 -3.200000000000048317e+01
8.959960937500000000e-01 -3.200000000000048317e+01
8.957519531250000000e-01 -3.210000000000048459e+01
8.957519531250000000e-01 -3.210000000000048459e+01
8.959960937500000000e-01 -3.170000000000047891e+01
8.959960937500000000e-01 -3.170000000000047891e+01
8.957519531250000000e-01 -3.180000000000048033e+01
8.950195312500000000e-01 -3.190000000000048175e+01
8.950195312500000000e-01 -3.180000000000048033e+01
8.945312500000000000e-01 -3.190000000000048175e+01
8.945312500000000000e-01 -3.190000000000048175e+01
8.977050781250000000e-01 -3.010000000000045617e+01
8.977050781250000000e-01 -3.010000000000045617e+01
8.977050781250000000e-01 -3.010000000000045617e+01
8.950195312500000000e-01 -3.100000000000046896e+01
8.950195312500000000e-01 -3.100000000000046896e+01
8.950195312500000000e-01 -3.100000000000046896e+01
8.950195312500000000e-01 -3.110000000000047038e+01
8.950195312500000000e-01 -3.110000000000047038e+01
8.950195312500000000e-01 -3.110000000000047038e+01
8.950195312500000000e-01 -3.110000000000047038e+01
8.935546875000000000e-01 -3.140000000000047464e+01
8.989257812500000000e-01 -3.130000000000047322e+01
8.989257812500000000e-01 -3.130000000000047322e+01
8.989257812500000000e-01 -3.070000000000046469e+01
8.981933593750000000e-01 -3.080000000000046612e+01
8.981933593750000000e-01 -3.090000000000046754e+01
9.077148437500000000e-01 -3.100000000000046896e+01
9.077148437500000000e-01 -3.100000000000046896e+01
9.079589843750000000e-01 -3.090000000000046754e+01
9.079589843750000000e-01 -3.090000000000046754e+01
9.079589843750000000e-01 -3.090000000000046754e+01
9.079589843750000000e-01 -3.090000000000046754e+01
9.108886718750000000e-01 -3.020000000000045759e+01
9.108886718750000000e-01 -3.020000000000045759e+01
9.106445312500000000e-01 -3.040000000000046043e+01
9.101562500000000000e-01 -3.030000000000045901e+01
9.101562500000000000e-01 -3.010000000000045617e+01
9.101562500000000000e-01 -3.010000000000045617e+01
9.086914062500000000e-01 -3.100000000000046896e+01
9.086914062500000000e-01 -3.100000000000046896e+01
9.086914062500000000e-01 -3.100000000000046896e+01
9.079589843750000000e-01 -3.140000000000047464e+01
9.079589843750000000e-01 -3.140000000000047464e+01
9.079589843750000000e-01 -3.140000000000047464e+01
9.079589843750000000e-01 -3.150000000000047606e+01
9.079589843750000000e-01 -3.150000000000047606e+01
9.077148437500000000e-01 -3.140000000000047464e+01
9.077148437500000000e-01 -3.140000000000047464e+01
9.062500000000000000e-01 -3.270000000000049312e+01
9.062500000000000000e-01 -3.270000000000049312e+01
9.057617187500000000e-01 -3.250000000000049027e+01
9.057617187500000000e-01 -3.250000000000049027e+01
9.057617187500000000e-01 -3.210000000000048459e+01
9.057617187500000000e-01 -3.210000000000048459e+01
9.057617187500000000e-01 -3.210000000000048459e+01
9.057617187500000000e-01 -3.210000000000048459e+01
9.057617187500000000e-01 -3.200000000000048317e+01
9.055175781250000000e-01 -3.220000000000048601e+01
9.067382812500000000e-01 -3.090000000000046754e+01
9.067382812500000000e-01 -3.070000000000046469e+01
9.055175781250000000e-01 -3.100000000000046896e+01
9.055175781250000000e-01 -3.100000000000046896e+01
9.025878906250000000e-01 -3.200000000000048317e+01
9.011230468750000000e-01 -3.230000000000048743e+01
9.011230468750000000e-01 -3.230000000000048743e+01
9.011230468750000000e-01 -3.230000000000048743e+01
9.011230468750000000e-01 -3.230000000000048743e+01
8.999023437500000000e-01 -3.220000000000048601e+01
8.999023437500000000e-01 -3.220000000000048601e+01
8.999023437500000000e-01 -3.220000000000048601e+01
8.999023437500000000e-01 -3.200000000000048317e+01
9.179687500000000000e-01 -3.030000000000045901e+01
9.223632812500000000e-01 -3.130000000000047322e+01
9.223632812500000000e-01 -3.130000000000047322e+01
9.223632812500000000e-01 -3.110000000000047038e+01
9.226074218750000000e-01 -3.050000000000046185e+01
9.226074218750000000e-01 -3.050000000000046185e+01
9.226074218750000000e-01 -3.050000000000046185e+01
9.211425781250000000e-01 -3.150000000000047606e+01
9.211425781250000000e-01 -3.150000000000047606e+01
9.211425781250000000e-01 -3.150000000000047606e+01
9.208984375000000000e-01 -3.110000000000047038e+01
9.211425781250000000e-01 -3.100000000000046896e+01
9.250488281250000000e-01 -3.270000000000049312e+01
9.250488281250000000e-01 -3.260000000000049170e+01
9.250488281250000000e-01 -3.240000000000048885e+01
9.250488281250000000e-01 -3.230000000000048743e+01
9.287109375000000000e-01 -3.240000000000048885e+01
9.294433593750000000e-01 -3.290000000000049596e+01
9.294433593750000000e-01 -3.290000000000049596e+01
