4.987792968750000000e-01 -3.560000000000053433e+01
5.183105468750000000e-01 -3.290000000000049596e+01
4.794921875000000000e-01 -3.970000000000059259e+01
5.065917968750000000e-01 -3.770000000000056417e+01
5.305175781250000000e-01 -3.180000000000048033e+01
4.865722656250000000e-01 -4.590000000000068070e+01
5.302734375000000000e-01 -3.160000000000047748e+01
5.595703125000000000e-01 -3.460000000000052012e+01
5.690917968750000000e-01 -3.160000000000047748e+01
5.126953125000000000e-01 -3.620000000000054285e+01
5.019531250000000000e-01 -3.890000000000058122e+01
5.480957031250000000e-01 -3.480000000000052296e+01
5.205078125000000000e-01 -2.650000000000040501e+01
5.371093750000000000e-01 -2.540000000000038938e+01
5.317382812500000000e-01 -3.930000000000058691e+01
5.153808593750000000e-01 -2.950000000000044764e+01
5.185546875000000000e-01 -3.280000000000049454e+01
5.480957031250000000e-01 -3.460000000000052012e+01
4.970703125000000000e-01 -3.120000000000047180e+01
5.207519531250000000e-01 -3.490000000000052438e+01
5.268554687500000000e-01 -3.330000000000050164e+01
5.427246093750000000e-01 -3.720000000000055707e+01
5.126953125000000000e-01 -3.740000000000055991e+01
5.280761718750000000e-01 -3.340000000000050306e+01
5.769042968750000000e-01 -2.920000000000044338e+01
5.842285156250000000e-01 -3.430000000000051585e+01
5.234375000000000000e-01 -3.980000000000059401e+01
5.346679687500000000e-01 -3.630000000000054428e+01
5.444335937500000000e-01 -2.940000000000044622e+01
5.456542968750000000e-01 -3.490000000000052438e+01
5.261230468750000000e-01 -3.730000000000055849e+01
5.249023437500000000e-01 -4.360000000000064801e+01
5.434570312500000000e-01 -4.050000000000060396e+01
5.537109375000000000e-01 -2.900000000000044054e+01
5.427246093750000000e-01 -3.610000000000054143e+01
5.937500000000000000e-01 -3.720000000000055707e+01
5.205078125000000000e-01 -4.310000000000064091e+01
5.515136718750000000e-01 -3.350000000000050449e+01
5.454101562500000000e-01 -3.810000000000056986e+01
5.844726562500000000e-01 -2.950000000000044764e+01
5.495605468750000000e-01 -3.940000000000058833e+01
5.629882812500000000e-01 -2.470000000000037943e+01
5.495605468750000000e-01 -3.750000000000056133e+01
5.366210937500000000e-01 -4.080000000000060822e+01
5.695800781250000000e-01 -3.520000000000052864e+01
5.502929687500000000e-01 -3.240000000000048885e+01
5.441894531250000000e-01 -4.290000000000063807e+01
5.427246093750000000e-01 -3.700000000000055422e+01
5.876464843750000000e-01 -3.370000000000050733e+01
6.306152343750000000e-01 -3.190000000000048175e+01
5.954589843750000000e-01 -3.710000000000055564e+01
5.905761718750000000e-01 -3.130000000000047322e+01
5.742187500000000000e-01 -3.880000000000057980e+01
6.186523437500000000e-01 -3.950000000000058975e+01
5.742187500000000000e-01 -4.530000000000067217e+01
5.871582031250000000e-01 -3.270000000000049312e+01
6.857910156250000000e-01 -2.430000000000037375e+01
5.874023437500000000e-01 -3.560000000000053433e+01
5.793457031250000000e-01 -3.890000000000058122e+01
5.629882812500000000e-01 -4.340000000000064517e+01
6.003417968750000000e-01 -3.090000000000046754e+01
5.856933593750000000e-01 -4.070000000000060680e+01
5.947265625000000000e-01 -3.220000000000048601e+01
5.786132812500000000e-01 -4.690000000000069491e+01
6.008300781250000000e-01 -3.070000000000046469e+01
6.157226562500000000e-01 -3.270000000000049312e+01
5.947265625000000000e-01 -3.970000000000059259e+01
5.927734375000000000e-01 -3.930000000000058691e+01
5.905761718750000000e-01 -3.470000000000052154e+01
5.932617187500000000e-01 -4.760000000000070486e+01
5.952148437500000000e-01 -4.090000000000060965e+01
6.193847656250000000e-01 -3.420000000000051443e+01
5.678710937500000000e-01 -4.220000000000062812e+01
6.154785156250000000e-01 -4.050000000000060396e+01
5.942382812500000000e-01 -4.400000000000065370e+01
6.313476562500000000e-01 -3.630000000000054428e+01
5.991210937500000000e-01 -4.100000000000061107e+01
6.159667968750000000e-01 -3.310000000000049880e+01
6.450195312500000000e-01 -3.390000000000051017e+01
6.162109375000000000e-01 -3.740000000000055991e+01
5.925292968750000000e-01 -3.840000000000057412e+01
7.058105468750000000e-01 -2.410000000000037090e+01
6.354980468750000000e-01 -3.630000000000054428e+01
6.228027343750000000e-01 -3.480000000000052296e+01
6.247558593750000000e-01 -3.800000000000056843e+01
6.237792968750000000e-01 -3.290000000000049596e+01
6.330566406250000000e-01 -3.640000000000054570e+01
6.367187500000000000e-01 -4.130000000000061533e+01
6.296386718750000000e-01 -3.830000000000057270e+01
6.472167968750000000e-01 -3.460000000000052012e+01
6.286621093750000000e-01 -3.910000000000058407e+01
6.960449218750000000e-01 -3.500000000000052580e+01
6.328125000000000000e-01 -3.740000000000055991e+01
8.154296875000000000e-01 -1.400000000000026290e+01
6.364746093750000000e-01 -3.330000000000050164e+01
6.459960937500000000e-01 -3.110000000000047038e+01
6.381835937500000000e-01 -3.520000000000052864e+01
6.447753906250000000e-01 -4.100000000000061107e+01
6.499023437500000000e-01 -3.750000000000056133e+01
6.625976562500000000e-01 -4.020000000000059970e+01
6.330566406250000000e-01 -3.900000000000058265e+01
7.121582031250000000e-01 -2.890000000000043912e+01
6.899414062500000000e-01 -2.290000000000035385e+01
6.333007812500000000e-01 -3.270000000000049312e+01
6.247558593750000000e-01 -4.450000000000066080e+01
6.450195312500000000e-01 -3.510000000000052722e+01
6.359863281250000000e-01 -3.200000000000048317e+01
6.350097656250000000e-01 -3.840000000000057412e+01
6.552734375000000000e-01 -3.710000000000055564e+01
6.472167968750000000e-01 -4.050000000000060396e+01
6.469726562500000000e-01 -3.570000000000053575e+01
6.352539062500000000e-01 -5.280000000000077875e+01
6.428222656250000000e-01 -4.330000000000064375e+01
6.354980468750000000e-01 -4.730000000000070060e+01
7.233886718750000000e-01 -3.130000000000047322e+01
7.258300781250000000e-01 -3.050000000000046185e+01
6.667480468750000000e-01 -3.330000000000050164e+01
6.794433593750000000e-01 -3.240000000000048885e+01
6.630859375000000000e-01 -3.580000000000053717e+01
6.489257812500000000e-01 -4.510000000000066933e+01
6.330566406250000000e-01 -4.870000000000072049e+01
6.730957031250000000e-01 -3.590000000000053859e+01
7.028808593750000000e-01 -3.960000000000059117e+01
6.936035156250000000e-01 -3.950000000000058975e+01
7.407226562500000000e-01 -3.960000000000059117e+01
6.611328125000000000e-01 -3.640000000000054570e+01
6.865234375000000000e-01 -3.830000000000057270e+01
6.828613281250000000e-01 -3.840000000000057412e+01
6.650390625000000000e-01 -3.990000000000059543e+01
6.635742187500000000e-01 -4.700000000000069633e+01
6.870117187500000000e-01 -4.020000000000059970e+01
6.926269531250000000e-01 -3.700000000000055422e+01
6.892089843750000000e-01 -3.210000000000048459e+01
6.870117187500000000e-01 -4.190000000000062386e+01
6.708984375000000000e-01 -5.350000000000078870e+01
6.999511718750000000e-01 -3.000000000000045475e+01
6.848144531250000000e-01 -3.780000000000056559e+01
6.813964843750000000e-01 -3.350000000000050449e+01
6.977539062500000000e-01 -3.660000000000054854e+01
7.197265625000000000e-01 -3.260000000000049170e+01
6.821289062500000000e-01 -4.370000000000064944e+01
6.982421875000000000e-01 -3.010000000000045617e+01
6.955566406250000000e-01 -3.190000000000048175e+01
6.901855468750000000e-01 -4.440000000000065938e+01
7.509765625000000000e-01 -2.850000000000043343e+01
7.285156250000000000e-01 -3.050000000000046185e+01
6.828613281250000000e-01 -4.980000000000073612e+01
6.948242187500000000e-01 -3.670000000000054996e+01
6.899414062500000000e-01 -4.460000000000066223e+01
7.199707031250000000e-01 -3.850000000000057554e+01
7.197265625000000000e-01 -3.710000000000055564e+01
6.999511718750000000e-01 -4.660000000000069065e+01
7.124023437500000000e-01 -3.820000000000057128e+01
7.233886718750000000e-01 -3.770000000000056417e+01
7.092285156250000000e-01 -5.020000000000074181e+01
7.011718750000000000e-01 -4.840000000000071623e+01
6.965332031250000000e-01 -4.410000000000065512e+01
6.982421875000000000e-01 -4.940000000000073044e+01
7.092285156250000000e-01 -4.330000000000064375e+01
7.304687500000000000e-01 -4.170000000000062101e+01
7.099609375000000000e-01 -4.250000000000063238e+01
7.341308593750000000e-01 -3.990000000000059543e+01
7.270507812500000000e-01 -4.530000000000067217e+01
7.050781250000000000e-01 -4.640000000000068781e+01
7.426757812500000000e-01 -3.910000000000058407e+01
7.307128906250000000e-01 -4.160000000000061959e+01
7.946777343750000000e-01 -3.960000000000059117e+01
7.424316406250000000e-01 -3.400000000000051159e+01
7.258300781250000000e-01 -4.890000000000072333e+01
8.444824218750000000e-01 -3.430000000000051585e+01
7.246093750000000000e-01 -3.930000000000058691e+01
7.329101562500000000e-01 -4.130000000000061533e+01
7.092285156250000000e-01 -3.550000000000053291e+01
7.504882812500000000e-01 -3.450000000000051870e+01
7.214355468750000000e-01 -4.740000000000070202e+01
7.404785156250000000e-01 -3.380000000000050875e+01
7.316894531250000000e-01 -4.220000000000062812e+01
7.333984375000000000e-01 -4.570000000000067786e+01
7.426757812500000000e-01 -3.920000000000058549e+01
7.783203125000000000e-01 -4.970000000000073470e+01
7.346191406250000000e-01 -3.800000000000056843e+01
7.519531250000000000e-01 -3.700000000000055422e+01
7.451171875000000000e-01 -3.520000000000052864e+01
7.346191406250000000e-01 -3.970000000000059259e+01
7.246093750000000000e-01 -3.290000000000049596e+01
7.277832031250000000e-01 -4.070000000000060680e+01
7.526855468750000000e-01 -5.090000000000075175e+01
7.587890625000000000e-01 -3.300000000000049738e+01
7.397460937500000000e-01 -3.590000000000053859e+01
7.431640625000000000e-01 -4.120000000000061391e+01
7.353515625000000000e-01 -3.700000000000055422e+01
7.375488281250000000e-01 -4.770000000000070628e+01
7.534179687500000000e-01 -4.210000000000062670e+01
7.446289062500000000e-01 -4.300000000000063949e+01
7.326660156250000000e-01 -6.050000000000088818e+01
7.849121093750000000e-01 -3.900000000000058265e+01
7.792968750000000000e-01 -2.990000000000045333e+01
8.710937500000000000e-01 -2.240000000000034674e+01
8.781738281250000000e-01 -2.220000000000034390e+01
7.634277343750000000e-01 -4.180000000000062244e+01
7.678222656250000000e-01 -5.010000000000074039e+01
8.911132812500000000e-01 -4.040000000000060254e+01
9.116210937500000000e-01 -2.570000000000039364e+01
7.504882812500000000e-01 -4.630000000000068638e+01
7.851562500000000000e-01 -4.490000000000066649e+01
7.556152343750000000e-01 -6.690000000000077307e+01
7.832031250000000000e-01 -4.330000000000064375e+01
7.734375000000000000e-01 -3.860000000000057696e+01
7.824707031250000000e-01 -3.600000000000054001e+01
7.805175781250000000e-01 -5.240000000000077307e+01
7.617187500000000000e-01 -6.490000000000088676e+01
8.049316406250000000e-01 -2.670000000000040785e+01
7.905273437500000000e-01 -3.980000000000059401e+01
7.900390625000000000e-01 -4.140000000000061675e+01
7.863769531250000000e-01 -4.780000000000070770e+01
7.941894531250000000e-01 -3.960000000000059117e+01
7.775878906250000000e-01 -5.520000000000081286e+01
7.666015625000000000e-01 -5.510000000000081144e+01
7.089843750000000000e-01 -4.530000000000067217e+01
7.763671875000000000e-01 -5.270000000000077733e+01
7.905273437500000000e-01 -3.950000000000058975e+01
7.907714843750000000e-01 -5.640000000000082991e+01
8.312988281250000000e-01 -4.620000000000068496e+01
7.822265625000000000e-01 -5.520000000000081286e+01
7.802734375000000000e-01 -4.370000000000064944e+01
8.037109375000000000e-01 -3.560000000000053433e+01
7.680664062500000000e-01 -4.690000000000069491e+01
8.012695312500000000e-01 -3.610000000000054143e+01
7.922363281250000000e-01 -4.040000000000060254e+01
8.171386718750000000e-01 -5.170000000000076312e+01
8.020019531250000000e-01 -3.830000000000057270e+01
8.010253906250000000e-01 -3.480000000000052296e+01
7.893066406250000000e-01 -5.340000000000078728e+01
8.020019531250000000e-01 -3.860000000000057696e+01
7.924804687500000000e-01 -5.550000000000081712e+01
8.068847656250000000e-01 -3.670000000000054996e+01
8.002929687500000000e-01 -4.700000000000069633e+01
7.871093750000000000e-01 -5.150000000000076028e+01
7.937011718750000000e-01 -4.180000000000062244e+01
7.937011718750000000e-01 -5.320000000000078444e+01
8.022460937500000000e-01 -3.300000000000049738e+01
7.966308593750000000e-01 -3.740000000000055991e+01
7.937011718750000000e-01 -5.030000000000074323e+01
7.919921875000000000e-01 -4.900000000000072475e+01
8.000488281250000000e-01 -4.130000000000061533e+01
7.990722656250000000e-01 -4.070000000000060680e+01
8.142089843750000000e-01 -3.690000000000055280e+01
8.017578125000000000e-01 -3.990000000000059543e+01
7.900390625000000000e-01 -5.180000000000076454e+01
7.951660156250000000e-01 -4.500000000000066791e+01
8.786621093750000000e-01 -4.640000000000068781e+01
8.039550781250000000e-01 -4.260000000000063380e+01
7.998046875000000000e-01 -3.630000000000054428e+01
7.966308593750000000e-01 -3.860000000000057696e+01
8.083496093750000000e-01 -4.320000000000064233e+01
9.343261718750000000e-01 -2.420000000000037232e+01
7.954101562500000000e-01 -5.690000000000083702e+01
8.791503906250000000e-01 -4.690000000000069491e+01
8.344726562500000000e-01 -4.670000000000069207e+01
9.287109375000000000e-01 -2.660000000000040643e+01
8.044433593750000000e-01 -4.830000000000071481e+01
7.929687500000000000e-01 -5.520000000000081286e+01
9.350585937500000000e-01 -2.420000000000037232e+01
9.404296875000000000e-01 -2.240000000000034674e+01
8.381347656250000000e-01 -5.120000000000075602e+01
8.361816406250000000e-01 -4.600000000000068212e+01
8.312988281250000000e-01 -5.210000000000076881e+01
8.767089843750000000e-01 -4.630000000000068638e+01
8.303222656250000000e-01 -4.890000000000072333e+01
8.303222656250000000e-01 -4.920000000000072760e+01
7.922363281250000000e-01 -4.890000000000072333e+01
8.498535156250000000e-01 -5.320000000000078444e+01
8.415527343750000000e-01 -5.160000000000076170e+01
8.437500000000000000e-01 -5.140000000000075886e+01
8.520507812500000000e-01 -5.040000000000074465e+01
8.273925781250000000e-01 -4.830000000000071481e+01
8.515625000000000000e-01 -5.290000000000078018e+01
8.215332031250000000e-01 -5.200000000000076739e+01
8.391113281250000000e-01 -5.060000000000074749e+01
8.376464843750000000e-01 -5.110000000000075460e+01
8.442382812500000000e-01 -5.140000000000075886e+01
8.454589843750000000e-01 -5.140000000000075886e+01
8.376464843750000000e-01 -5.120000000000075602e+01
8.437500000000000000e-01 -5.140000000000075886e+01
8.435058593750000000e-01 -5.150000000000076028e+01
8.454589843750000000e-01 -5.140000000000075886e+01
8.430175781250000000e-01 -5.140000000000075886e+01
8.457031250000000000e-01 -5.140000000000075886e+01
8.461914062500000000e-01 -5.020000000000074181e+01
8.476562500000000000e-01 -4.960000000000073328e+01
8.496093750000000000e-01 -5.030000000000074323e+01
8.500976562500000000e-01 -5.030000000000074323e+01
8.515625000000000000e-01 -5.040000000000074465e+01
8.530273437500000000e-01 -5.030000000000074323e+01
8.398437500000000000e-01 -5.050000000000074607e+01
8.413085937500000000e-01 -5.060000000000074749e+01
8.215332031250000000e-01 -5.210000000000076881e+01
8.227539062500000000e-01 -5.220000000000077023e+01
8.242187500000000000e-01 -5.240000000000077307e+01
8.283691406250000000e-01 -5.200000000000076739e+01
8.308105468750000000e-01 -5.180000000000076454e+01
8.276367187500000000e-01 -5.360000000000079012e+01
8.291015625000000000e-01 -5.380000000000079297e+01
8.308105468750000000e-01 -5.390000000000079439e+01
8.325195312500000000e-01 -5.390000000000079439e+01
8.281250000000000000e-01 -5.570000000000081997e+01
8.322753906250000000e-01 -5.540000000000081570e+01
8.352050781250000000e-01 -5.500000000000081002e+01
8.391113281250000000e-01 -5.480000000000080718e+01
8.422851562500000000e-01 -5.430000000000080007e+01
8.454589843750000000e-01 -5.390000000000079439e+01
8.505859375000000000e-01 -5.260000000000077591e+01
8.530273437500000000e-01 -5.190000000000076597e+01
8.530273437500000000e-01 -5.190000000000076597e+01
8.552246093750000000e-01 -5.180000000000076454e+01
8.564453125000000000e-01 -5.180000000000076454e+01
8.581542968750000000e-01 -5.160000000000076170e+01
8.581542968750000000e-01 -5.110000000000075460e+01
8.515625000000000000e-01 -4.790000000000070912e+01
8.469238281250000000e-01 -4.860000000000071907e+01
8.496093750000000000e-01 -4.850000000000071765e+01
8.513183593750000000e-01 -4.850000000000071765e+01
8.535156250000000000e-01 -4.880000000000072191e+01
8.554687500000000000e-01 -4.900000000000072475e+01
8.576660156250000000e-01 -4.860000000000071907e+01
8.635253906250000000e-01 -4.770000000000070628e+01
8.647460937500000000e-01 -4.770000000000070628e+01
8.657226562500000000e-01 -4.780000000000070770e+01
8.666992187500000000e-01 -4.590000000000068070e+01
8.671875000000000000e-01 -4.670000000000069207e+01
8.679199218750000000e-01 -4.670000000000069207e+01
8.679199218750000000e-01 -4.730000000000070060e+01
8.686523437500000000e-01 -4.760000000000070486e+01
8.696289062500000000e-01 -4.790000000000070912e+01
8.725585937500000000e-01 -4.490000000000066649e+01
8.732910156250000000e-01 -4.440000000000065938e+01
8.732910156250000000e-01 -4.470000000000066365e+01
8.715820312500000000e-01 -4.480000000000066507e+01
8.723144531250000000e-01 -4.500000000000066791e+01
8.728027343750000000e-01 -4.510000000000066933e+01
8.732910156250000000e-01 -4.540000000000067359e+01
8.737792968750000000e-01 -4.490000000000066649e+01
8.740234375000000000e-01 -4.520000000000067075e+01
8.752441406250000000e-01 -4.470000000000066365e+01
8.764648437500000000e-01 -4.430000000000065796e+01
8.776855468750000000e-01 -4.360000000000064801e+01
8.786621093750000000e-01 -4.310000000000064091e+01
8.757324218750000000e-01 -4.260000000000063380e+01
8.767089843750000000e-01 -4.230000000000062954e+01
8.774414062500000000e-01 -4.230000000000062954e+01
8.723144531250000000e-01 -4.350000000000064659e+01
8.732910156250000000e-01 -4.340000000000064517e+01
8.791503906250000000e-01 -4.180000000000062244e+01
8.796386718750000000e-01 -4.200000000000062528e+01
8.813476562500000000e-01 -4.200000000000062528e+01
8.813476562500000000e-01 -4.210000000000062670e+01
8.818359375000000000e-01 -4.230000000000062954e+01
8.820800781250000000e-01 -4.230000000000062954e+01
8.820800781250000000e-01 -4.010000000000059828e+01
8.828125000000000000e-01 -4.010000000000059828e+01
8.815917968750000000e-01 -4.030000000000060112e+01
8.789062500000000000e-01 -4.030000000000060112e+01
8.806152343750000000e-01 -4.000000000000059686e+01
8.813476562500000000e-01 -4.000000000000059686e+01
8.876953125000000000e-01 -3.980000000000059401e+01
8.881835937500000000e-01 -3.980000000000059401e+01
8.889160156250000000e-01 -3.980000000000059401e+01
8.889160156250000000e-01 -4.190000000000062386e+01
8.889160156250000000e-01 -4.230000000000062954e+01
8.879394531250000000e-01 -4.240000000000063096e+01
8.876953125000000000e-01 -4.200000000000062528e+01
8.889160156250000000e-01 -4.190000000000062386e+01
8.864746093750000000e-01 -4.240000000000063096e+01
8.872070312500000000e-01 -4.240000000000063096e+01
8.881835937500000000e-01 -4.230000000000062954e+01
8.884277343750000000e-01 -4.240000000000063096e+01
8.876953125000000000e-01 -4.310000000000064091e+01
8.854980468750000000e-01 -4.360000000000064801e+01
8.862304687500000000e-01 -4.340000000000064517e+01
8.879394531250000000e-01 -4.320000000000064233e+01
8.889160156250000000e-01 -4.310000000000064091e+01
8.869628906250000000e-01 -4.340000000000064517e+01
8.823242187500000000e-01 -4.460000000000066223e+01
8.847656250000000000e-01 -4.440000000000065938e+01
8.854980468750000000e-01 -4.480000000000066507e+01
8.862304687500000000e-01 -4.480000000000066507e+01
8.879394531250000000e-01 -4.440000000000065938e+01
8.884277343750000000e-01 -4.440000000000065938e+01
8.894042968750000000e-01 -4.450000000000066080e+01
8.908691406250000000e-01 -4.430000000000065796e+01
8.918457031250000000e-01 -4.190000000000062386e+01
8.920898437500000000e-01 -4.110000000000061249e+01
8.930664062500000000e-01 -4.090000000000060965e+01
8.903808593750000000e-01 -4.140000000000061675e+01
8.918457031250000000e-01 -4.070000000000060680e+01
8.930664062500000000e-01 -3.980000000000059401e+01
8.937988281250000000e-01 -3.970000000000059259e+01
8.886718750000000000e-01 -4.020000000000059970e+01
8.906250000000000000e-01 -4.000000000000059686e+01
8.911132812500000000e-01 -4.020000000000059970e+01
8.925781250000000000e-01 -4.000000000000059686e+01
8.925781250000000000e-01 -3.860000000000057696e+01
8.930664062500000000e-01 -3.870000000000057838e+01
8.930664062500000000e-01 -3.870000000000057838e+01
8.930664062500000000e-01 -3.750000000000056133e+01
8.942871093750000000e-01 -3.740000000000055991e+01
8.952636718750000000e-01 -3.730000000000055849e+01
9.108886718750000000e-01 -3.740000000000055991e+01
9.108886718750000000e-01 -3.750000000000056133e+01
9.101562500000000000e-01 -3.820000000000057128e+01
9.104003906250000000e-01 -3.830000000000057270e+01
9.108886718750000000e-01 -3.820000000000057128e+01
9.106445312500000000e-01 -3.820000000000057128e+01
9.155273437500000000e-01 -3.570000000000053575e+01
9.184570312500000000e-01 -3.690000000000055280e+01
9.187011718750000000e-01 -3.700000000000055422e+01
9.184570312500000000e-01 -3.630000000000054428e+01
9.184570312500000000e-01 -3.640000000000054570e+01
9.206542968750000000e-01 -3.710000000000055564e+01
9.204101562500000000e-01 -3.780000000000056559e+01
9.204101562500000000e-01 -3.770000000000056417e+01
9.211425781250000000e-01 -3.850000000000057554e+01
9.208984375000000000e-01 -3.840000000000057412e+01
9.206542968750000000e-01 -3.960000000000059117e+01
9.206542968750000000e-01 -3.980000000000059401e+01
