5.219726562500000000e-01 -5.120000000000075602e+01
5.344238281250000000e-01 -4.680000000000069349e+01
5.178222656250000000e-01 -5.540000000000081570e+01
5.207519531250000000e-01 -4.570000000000067786e+01
5.305175781250000000e-01 -4.780000000000070770e+01
5.305175781250000000e-01 -4.840000000000071623e+01
5.014648437500000000e-01 -6.420000000000092655e+01
5.405273437500000000e-01 -4.610000000000068354e+01
5.173339843750000000e-01 -5.610000000000082565e+01
5.085449218750000000e-01 -5.190000000000076597e+01
5.275878906250000000e-01 -4.900000000000072475e+01
5.278320312500000000e-01 -4.890000000000072333e+01
5.166015625000000000e-01 -4.160000000000061959e+01
5.178222656250000000e-01 -4.210000000000062670e+01
5.202636718750000000e-01 -5.160000000000076170e+01
5.202636718750000000e-01 -5.010000000000074039e+01
5.251464843750000000e-01 -4.590000000000068070e+01
5.163574218750000000e-01 -4.820000000000071338e+01
5.021972656250000000e-01 -5.220000000000077023e+01
5.563964843750000000e-01 -5.080000000000075033e+01
5.415039062500000000e-01 -4.570000000000067786e+01
4.987792968750000000e-01 -5.060000000000074749e+01
5.366210937500000000e-01 -4.360000000000064801e+01
5.024414062500000000e-01 -4.950000000000073186e+01
5.385742187500000000e-01 -4.330000000000064375e+01
5.078125000000000000e-01 -5.920000000000086970e+01
5.541992187500000000e-01 -3.540000000000053149e+01
5.351562500000000000e-01 -4.020000000000059970e+01
5.239257812500000000e-01 -4.870000000000072049e+01
5.495605468750000000e-01 -4.030000000000060112e+01
5.278320312500000000e-01 -4.750000000000070344e+01
5.698242187500000000e-01 -3.560000000000053433e+01
5.427246093750000000e-01 -4.570000000000067786e+01
5.214843750000000000e-01 -5.480000000000080718e+01
5.283203125000000000e-01 -6.270000000000091944e+01
5.273437500000000000e-01 -5.630000000000082849e+01
5.446777343750000000e-01 -4.410000000000065512e+01
5.458984375000000000e-01 -4.680000000000069349e+01
5.256347656250000000e-01 -4.840000000000071623e+01
5.451660156250000000e-01 -5.050000000000074607e+01
5.520019531250000000e-01 -3.910000000000058407e+01
5.468750000000000000e-01 -4.200000000000062528e+01
5.529785156250000000e-01 -4.770000000000070628e+01
6.931152343750000000e-01 -3.640000000000054570e+01
7.924804687500000000e-01 -1.290000000000026681e+01
5.524902343750000000e-01 -4.310000000000064091e+01
6.811523437500000000e-01 -4.360000000000064801e+01
5.629882812500000000e-01 -5.350000000000078870e+01
5.424804687500000000e-01 -5.600000000000082423e+01
6.198730468750000000e-01 -5.330000000000078586e+01
6.616210937500000000e-01 -4.100000000000061107e+01
5.759277343750000000e-01 -5.600000000000082423e+01
6.594238281250000000e-01 -3.890000000000058122e+01
5.590820312500000000e-01 -5.290000000000078018e+01
5.600585937500000000e-01 -6.270000000000091944e+01
5.349121093750000000e-01 -6.150000000000090239e+01
6.191406250000000000e-01 -5.090000000000075175e+01
6.225585937500000000e-01 -4.320000000000064233e+01
5.544433593750000000e-01 -5.630000000000082849e+01
5.351562500000000000e-01 -6.440000000000091518e+01
7.993164062500000000e-01 -1.920000000000030127e+01
5.900878906250000000e-01 -3.710000000000055564e+01
5.910644531250000000e-01 -4.810000000000071196e+01
6.066894531250000000e-01 -4.890000000000072333e+01
6.440429687500000000e-01 -6.100000000000089528e+01
5.820312500000000000e-01 -4.920000000000072760e+01
6.044921875000000000e-01 -5.530000000000081428e+01
5.920410156250000000e-01 -5.110000000000075460e+01
5.573730468750000000e-01 -5.560000000000081855e+01
5.808105468750000000e-01 -5.110000000000075460e+01
6.008300781250000000e-01 -5.060000000000074749e+01
6.457519531250000000e-01 -5.390000000000079439e+01
5.351562500000000000e-01 -5.970000000000087681e+01
6.083984375000000000e-01 -4.340000000000064517e+01
5.832519531250000000e-01 -5.260000000000077591e+01
6.074218750000000000e-01 -4.530000000000067217e+01
5.942382812500000000e-01 -5.650000000000083134e+01
5.825195312500000000e-01 -5.400000000000079581e+01
6.162109375000000000e-01 -4.580000000000067928e+01
6.145019531250000000e-01 -4.620000000000068496e+01
6.374511718750000000e-01 -4.870000000000072049e+01
5.983886718750000000e-01 -4.790000000000070912e+01
5.922851562500000000e-01 -4.410000000000065512e+01
6.269531250000000000e-01 -4.950000000000073186e+01
6.025390625000000000e-01 -4.670000000000069207e+01
6.025390625000000000e-01 -4.930000000000072902e+01
6.198730468750000000e-01 -4.150000000000061817e+01
6.301269531250000000e-01 -3.870000000000057838e+01
5.861816406250000000e-01 -5.200000000000076739e+01
5.983886718750000000e-01 -5.390000000000079439e+01
6.035156250000000000e-01 -5.630000000000082849e+01
6.174316406250000000e-01 -4.210000000000062670e+01
6.035156250000000000e-01 -4.920000000000072760e+01
5.256347656250000000e-01 -5.360000000000079012e+01
5.983886718750000000e-01 -4.900000000000072475e+01
5.786132812500000000e-01 -7.570000000000027285e+01
6.196289062500000000e-01 -4.670000000000069207e+01
6.140136718750000000e-01 -4.530000000000067217e+01
5.971679687500000000e-01 -4.860000000000071907e+01
6.230468750000000000e-01 -3.890000000000058122e+01
5.910644531250000000e-01 -5.390000000000079439e+01
5.351562500000000000e-01 -5.830000000000085691e+01
5.861816406250000000e-01 -5.770000000000084839e+01
6.311035156250000000e-01 -3.970000000000059259e+01
6.076660156250000000e-01 -4.580000000000067928e+01
6.140136718750000000e-01 -4.710000000000069775e+01
6.088867187500000000e-01 -4.940000000000073044e+01
6.135253906250000000e-01 -4.590000000000068070e+01
6.035156250000000000e-01 -5.060000000000074749e+01
6.005859375000000000e-01 -5.890000000000086544e+01
6.000976562500000000e-01 -5.920000000000086970e+01
5.842285156250000000e-01 -6.580000000000083560e+01
6.232910156250000000e-01 -4.340000000000064517e+01
6.018066406250000000e-01 -6.240000000000091518e+01
5.957031250000000000e-01 -6.400000000000093792e+01
5.986328125000000000e-01 -6.210000000000091092e+01
6.296386718750000000e-01 -5.380000000000079297e+01
6.054687500000000000e-01 -5.940000000000087255e+01
6.083984375000000000e-01 -5.790000000000085123e+01
5.627441406250000000e-01 -6.690000000000077307e+01
6.245117187500000000e-01 -5.710000000000083986e+01
5.952148437500000000e-01 -6.390000000000093650e+01
6.210937500000000000e-01 -5.590000000000082281e+01
6.323242187500000000e-01 -5.840000000000085834e+01
6.411132812500000000e-01 -5.310000000000078302e+01
6.296386718750000000e-01 -5.900000000000086686e+01
6.022949218750000000e-01 -6.870000000000067075e+01
6.440429687500000000e-01 -5.060000000000074749e+01
6.313476562500000000e-01 -4.770000000000070628e+01
6.313476562500000000e-01 -5.310000000000078302e+01
6.086425781250000000e-01 -5.940000000000087255e+01
6.423339843750000000e-01 -5.650000000000083134e+01
6.503906250000000000e-01 -4.930000000000072902e+01
6.347656250000000000e-01 -5.760000000000084697e+01
6.240234375000000000e-01 -6.080000000000089244e+01
6.672363281250000000e-01 -5.350000000000078870e+01
6.342773437500000000e-01 -6.040000000000088676e+01
6.337890625000000000e-01 -6.680000000000077875e+01
6.313476562500000000e-01 -6.520000000000086970e+01
6.501464843750000000e-01 -5.310000000000078302e+01
6.645507812500000000e-01 -4.740000000000070202e+01
6.613769531250000000e-01 -4.190000000000062386e+01
6.481933593750000000e-01 -5.930000000000087113e+01
6.577148437500000000e-01 -5.410000000000079723e+01
6.689453125000000000e-01 -5.130000000000075744e+01
6.599121093750000000e-01 -5.700000000000083844e+01
6.608886718750000000e-01 -4.950000000000073186e+01
6.740722656250000000e-01 -5.460000000000080433e+01
6.389160156250000000e-01 -6.400000000000093792e+01
6.965332031250000000e-01 -4.570000000000067786e+01
6.411132812500000000e-01 -6.550000000000085265e+01
6.486816406250000000e-01 -5.820000000000085549e+01
6.533203125000000000e-01 -5.520000000000081286e+01
6.843261718750000000e-01 -4.890000000000072333e+01
6.474609375000000000e-01 -6.540000000000085834e+01
6.577148437500000000e-01 -5.890000000000086544e+01
7.016601562500000000e-01 -4.390000000000065228e+01
6.408691406250000000e-01 -6.320000000000092655e+01
6.455078125000000000e-01 -6.860000000000067644e+01
6.809082031250000000e-01 -4.830000000000071481e+01
6.760253906250000000e-01 -4.640000000000068781e+01
6.481933593750000000e-01 -6.360000000000093223e+01
6.828613281250000000e-01 -4.950000000000073186e+01
6.567382812500000000e-01 -5.560000000000081855e+01
6.684570312500000000e-01 -6.280000000000092086e+01
7.128906250000000000e-01 -3.950000000000058975e+01
6.662597656250000000e-01 -6.480000000000089244e+01
7.092285156250000000e-01 -4.130000000000061533e+01
6.760253906250000000e-01 -5.250000000000077449e+01
7.077636718750000000e-01 -3.750000000000056133e+01
6.884765625000000000e-01 -5.060000000000074749e+01
6.608886718750000000e-01 -6.460000000000090381e+01
6.931152343750000000e-01 -4.620000000000068496e+01
6.979980468750000000e-01 -3.850000000000057554e+01
6.896972656250000000e-01 -6.130000000000089955e+01
6.772460937500000000e-01 -4.330000000000064375e+01
6.818847656250000000e-01 -4.600000000000068212e+01
6.682128906250000000e-01 -4.860000000000071907e+01
6.645507812500000000e-01 -6.430000000000092086e+01
6.767578125000000000e-01 -5.960000000000087539e+01
7.175292968750000000e-01 -3.590000000000053859e+01
6.936035156250000000e-01 -5.450000000000080291e+01
6.765136718750000000e-01 -5.090000000000075175e+01
6.984863281250000000e-01 -3.920000000000058549e+01
6.962890625000000000e-01 -5.430000000000080007e+01
6.818847656250000000e-01 -4.440000000000065938e+01
6.931152343750000000e-01 -4.970000000000073470e+01
6.740722656250000000e-01 -6.180000000000090665e+01
6.818847656250000000e-01 -6.400000000000093792e+01
6.728515625000000000e-01 -5.920000000000086970e+01
8.696289062500000000e-01 -3.310000000000049880e+01
6.884765625000000000e-01 -6.610000000000081855e+01
6.662597656250000000e-01 -7.480000000000032401e+01
6.823730468750000000e-01 -4.290000000000063807e+01
8.183593750000000000e-01 -4.970000000000073470e+01
6.506347656250000000e-01 -7.790000000000014779e+01
6.772460937500000000e-01 -6.160000000000090381e+01
6.635742187500000000e-01 -7.510000000000030695e+01
7.048339843750000000e-01 -5.620000000000082707e+01
7.602539062500000000e-01 -6.650000000000079581e+01
7.336425781250000000e-01 -6.540000000000085834e+01
6.914062500000000000e-01 -7.290000000000043201e+01
7.863769531250000000e-01 -5.720000000000084128e+01
7.392578125000000000e-01 -6.800000000000071054e+01
6.716308593750000000e-01 -7.220000000000047180e+01
7.060546875000000000e-01 -7.780000000000015348e+01
7.209472656250000000e-01 -7.270000000000044338e+01
7.336425781250000000e-01 -6.660000000000079012e+01
8.020019531250000000e-01 -5.670000000000083418e+01
7.084960937500000000e-01 -6.260000000000091802e+01
7.033691406250000000e-01 -6.860000000000067644e+01
7.304687500000000000e-01 -6.720000000000075602e+01
6.931152343750000000e-01 -7.810000000000013642e+01
7.153320312500000000e-01 -6.830000000000069349e+01
7.360839843750000000e-01 -6.500000000000088107e+01
7.333984375000000000e-01 -6.670000000000078444e+01
7.280273437500000000e-01 -6.680000000000077875e+01
7.399902343750000000e-01 -7.360000000000039222e+01
6.977539062500000000e-01 -6.720000000000075602e+01
7.143554687500000000e-01 -7.210000000000047748e+01
7.338867187500000000e-01 -6.670000000000078444e+01
6.977539062500000000e-01 -7.110000000000053433e+01
7.319335937500000000e-01 -6.580000000000083560e+01
7.287597656250000000e-01 -6.670000000000078444e+01
7.810058593750000000e-01 -5.460000000000080433e+01
7.331542968750000000e-01 -6.630000000000080718e+01
7.302246093750000000e-01 -6.800000000000071054e+01
7.348632812500000000e-01 -6.670000000000078444e+01
7.631835937500000000e-01 -6.090000000000089386e+01
7.324218750000000000e-01 -6.710000000000076170e+01
7.336425781250000000e-01 -6.500000000000088107e+01
7.336425781250000000e-01 -6.510000000000087539e+01
7.309570312500000000e-01 -6.750000000000073896e+01
7.297363281250000000e-01 -7.190000000000048885e+01
7.280273437500000000e-01 -6.890000000000065938e+01
7.211914062500000000e-01 -7.080000000000055138e+01
7.263183593750000000e-01 -6.960000000000061959e+01
7.263183593750000000e-01 -6.960000000000061959e+01
7.268066406250000000e-01 -7.040000000000057412e+01
7.265625000000000000e-01 -6.950000000000062528e+01
7.292480468750000000e-01 -7.050000000000056843e+01
7.241210937500000000e-01 -6.850000000000068212e+01
7.292480468750000000e-01 -6.640000000000080149e+01
7.414550781250000000e-01 -6.470000000000089813e+01
7.241210937500000000e-01 -6.850000000000068212e+01
7.392578125000000000e-01 -6.520000000000086970e+01
7.414550781250000000e-01 -6.470000000000089813e+01
7.414550781250000000e-01 -6.720000000000075602e+01
7.399902343750000000e-01 -7.020000000000058549e+01
7.404785156250000000e-01 -6.810000000000070486e+01
7.363281250000000000e-01 -7.310000000000042064e+01
7.341308593750000000e-01 -7.470000000000032969e+01
7.292480468750000000e-01 -7.770000000000015916e+01
7.292480468750000000e-01 -7.690000000000020464e+01
7.280273437500000000e-01 -7.350000000000039790e+01
7.287597656250000000e-01 -7.210000000000047748e+01
7.290039062500000000e-01 -7.030000000000057980e+01
7.336425781250000000e-01 -6.780000000000072191e+01
7.353515625000000000e-01 -6.710000000000076170e+01
7.500000000000000000e-01 -6.400000000000093792e+01
7.526855468750000000e-01 -6.300000000000092371e+01
7.558593750000000000e-01 -6.200000000000090949e+01
7.570800781250000000e-01 -6.140000000000090097e+01
7.614746093750000000e-01 -6.040000000000088676e+01
7.631835937500000000e-01 -5.990000000000087965e+01
7.648925781250000000e-01 -5.910000000000086828e+01
7.675781250000000000e-01 -5.850000000000085976e+01
7.695312500000000000e-01 -5.790000000000085123e+01
7.734375000000000000e-01 -5.670000000000083418e+01
7.734375000000000000e-01 -5.530000000000081428e+01
7.749023437500000000e-01 -5.510000000000081144e+01
7.756347656250000000e-01 -5.490000000000080860e+01
7.785644531250000000e-01 -5.430000000000080007e+01
7.570800781250000000e-01 -5.650000000000083134e+01
7.563476562500000000e-01 -5.680000000000083560e+01
7.561035156250000000e-01 -5.720000000000084128e+01
7.558593750000000000e-01 -5.750000000000084555e+01
7.578125000000000000e-01 -5.960000000000087539e+01
7.565917968750000000e-01 -6.050000000000088818e+01
7.558593750000000000e-01 -6.220000000000091234e+01
7.556152343750000000e-01 -6.250000000000091660e+01
7.539062500000000000e-01 -6.330000000000092797e+01
7.519531250000000000e-01 -6.490000000000088676e+01
7.492675781250000000e-01 -6.650000000000079581e+01
7.492675781250000000e-01 -6.710000000000076170e+01
7.492675781250000000e-01 -6.790000000000071623e+01
7.414550781250000000e-01 -6.960000000000061959e+01
7.460937500000000000e-01 -6.900000000000065370e+01
7.399902343750000000e-01 -7.010000000000059117e+01
7.412109375000000000e-01 -6.870000000000067075e+01
7.495117187500000000e-01 -6.670000000000078444e+01
7.446289062500000000e-01 -6.500000000000088107e+01
7.412109375000000000e-01 -6.480000000000089244e+01
7.570800781250000000e-01 -6.410000000000093223e+01
7.597656250000000000e-01 -6.340000000000092939e+01
7.648925781250000000e-01 -6.210000000000091092e+01
7.692871093750000000e-01 -6.100000000000089528e+01
7.719726562500000000e-01 -6.030000000000088534e+01
7.773437500000000000e-01 -5.900000000000086686e+01
7.817382812500000000e-01 -5.780000000000084981e+01
7.849121093750000000e-01 -5.710000000000083986e+01
7.868652343750000000e-01 -5.650000000000083134e+01
7.810058593750000000e-01 -5.680000000000083560e+01
7.817382812500000000e-01 -5.670000000000083418e+01
7.827148437500000000e-01 -5.660000000000083276e+01
7.839355468750000000e-01 -5.650000000000083134e+01
7.856445312500000000e-01 -5.610000000000082565e+01
7.868652343750000000e-01 -5.600000000000082423e+01
7.875976562500000000e-01 -5.590000000000082281e+01
7.890625000000000000e-01 -5.580000000000082139e+01
7.900390625000000000e-01 -5.570000000000081997e+01
7.927246093750000000e-01 -5.560000000000081855e+01
7.949218750000000000e-01 -5.510000000000081144e+01
7.958984375000000000e-01 -5.500000000000081002e+01
7.968750000000000000e-01 -5.490000000000080860e+01
7.980957031250000000e-01 -5.500000000000081002e+01
7.993164062500000000e-01 -5.460000000000080433e+01
7.719726562500000000e-01 -5.500000000000081002e+01
7.719726562500000000e-01 -5.530000000000081428e+01
7.700195312500000000e-01 -5.570000000000081997e+01
7.695312500000000000e-01 -5.610000000000082565e+01
7.692871093750000000e-01 -5.650000000000083134e+01
7.675781250000000000e-01 -5.810000000000085407e+01
7.675781250000000000e-01 -5.850000000000085976e+01
7.746582031250000000e-01 -5.780000000000084981e+01
7.734375000000000000e-01 -5.840000000000085834e+01
7.724609375000000000e-01 -5.900000000000086686e+01
7.712402343750000000e-01 -5.980000000000087823e+01
7.695312500000000000e-01 -6.040000000000088676e+01
7.719726562500000000e-01 -6.070000000000089102e+01
7.785644531250000000e-01 -6.030000000000088534e+01
7.883300781250000000e-01 -5.830000000000085691e+01
7.890625000000000000e-01 -5.890000000000086544e+01
7.915039062500000000e-01 -5.900000000000086686e+01
7.941894531250000000e-01 -6.020000000000088392e+01
7.961425781250000000e-01 -5.950000000000087397e+01
7.980957031250000000e-01 -5.880000000000086402e+01
8.005371093750000000e-01 -5.810000000000085407e+01
8.024902343750000000e-01 -5.750000000000084555e+01
8.046875000000000000e-01 -5.700000000000083844e+01
7.990722656250000000e-01 -5.490000000000080860e+01
8.005371093750000000e-01 -5.470000000000080576e+01
7.790527343750000000e-01 -5.570000000000081997e+01
7.785644531250000000e-01 -5.740000000000084412e+01
7.780761718750000000e-01 -5.770000000000084839e+01
7.812500000000000000e-01 -6.050000000000088818e+01
7.800292968750000000e-01 -6.180000000000090665e+01
7.783203125000000000e-01 -6.310000000000092513e+01
7.756347656250000000e-01 -6.440000000000091518e+01
7.727050781250000000e-01 -6.600000000000082423e+01
7.746582031250000000e-01 -6.710000000000076170e+01
7.822265625000000000e-01 -6.700000000000076739e+01
7.893066406250000000e-01 -6.460000000000090381e+01
7.915039062500000000e-01 -6.490000000000088676e+01
7.937011718750000000e-01 -6.510000000000087539e+01
7.956542968750000000e-01 -6.540000000000085834e+01
8.039550781250000000e-01 -6.170000000000090523e+01
7.980957031250000000e-01 -5.930000000000087113e+01
8.002929687500000000e-01 -5.930000000000087113e+01
8.022460937500000000e-01 -5.920000000000086970e+01
7.998046875000000000e-01 -6.100000000000089528e+01
8.024902343750000000e-01 -6.100000000000089528e+01
8.061523437500000000e-01 -5.990000000000087965e+01
8.085937500000000000e-01 -5.960000000000087539e+01
8.105468750000000000e-01 -5.940000000000087255e+01
8.125000000000000000e-01 -5.850000000000085976e+01
8.146972656250000000e-01 -5.840000000000085834e+01
8.183593750000000000e-01 -5.640000000000082991e+01
8.200683593750000000e-01 -5.590000000000082281e+01
8.085937500000000000e-01 -5.490000000000080860e+01
7.958984375000000000e-01 -5.520000000000081286e+01
7.890625000000000000e-01 -5.710000000000083986e+01
7.883300781250000000e-01 -5.800000000000085265e+01
7.883300781250000000e-01 -5.880000000000086402e+01
7.883300781250000000e-01 -5.960000000000087539e+01
7.917480468750000000e-01 -6.110000000000089670e+01
7.956542968750000000e-01 -6.870000000000067075e+01
7.980957031250000000e-01 -7.060000000000056275e+01
8.000488281250000000e-01 -7.350000000000039790e+01
8.044433593750000000e-01 -6.730000000000075033e+01
8.090820312500000000e-01 -6.620000000000081286e+01
8.132324218750000000e-01 -6.560000000000084697e+01
8.195800781250000000e-01 -6.140000000000090097e+01
8.229980468750000000e-01 -5.950000000000087397e+01
8.227539062500000000e-01 -5.660000000000083276e+01
8.251953125000000000e-01 -5.610000000000082565e+01
8.269042968750000000e-01 -5.560000000000081855e+01
8.286132812500000000e-01 -5.510000000000081144e+01
8.312988281250000000e-01 -5.400000000000079581e+01
8.264160156250000000e-01 -5.160000000000076170e+01
8.278808593750000000e-01 -5.210000000000076881e+01
8.261718750000000000e-01 -5.340000000000078728e+01
7.958984375000000000e-01 -5.670000000000083418e+01
8.020019531250000000e-01 -5.760000000000084697e+01
8.017578125000000000e-01 -5.730000000000084270e+01
8.020019531250000000e-01 -6.020000000000088392e+01
8.022460937500000000e-01 -6.180000000000090665e+01
8.029785156250000000e-01 -6.370000000000093365e+01
8.063964843750000000e-01 -6.680000000000077875e+01
8.125000000000000000e-01 -6.720000000000075602e+01
8.183593750000000000e-01 -6.550000000000085265e+01
8.234863281250000000e-01 -6.370000000000093365e+01
8.271484375000000000e-01 -6.200000000000090949e+01
8.325195312500000000e-01 -5.850000000000085976e+01
8.349609375000000000e-01 -5.730000000000084270e+01
8.376464843750000000e-01 -5.590000000000082281e+01
8.403320312500000000e-01 -5.460000000000080433e+01
8.405761718750000000e-01 -5.340000000000078728e+01
8.183593750000000000e-01 -5.410000000000079723e+01
7.949218750000000000e-01 -5.760000000000084697e+01
7.946777343750000000e-01 -5.920000000000086970e+01
8.110351562500000000e-01 -5.930000000000087113e+01
8.156738281250000000e-01 -6.130000000000089955e+01
8.225097656250000000e-01 -6.290000000000092228e+01
8.300781250000000000e-01 -6.310000000000092513e+01
8.342285156250000000e-01 -6.230000000000091376e+01
8.337402343750000000e-01 -6.030000000000088534e+01
8.381347656250000000e-01 -5.930000000000087113e+01
8.420410156250000000e-01 -5.700000000000083844e+01
8.454589843750000000e-01 -5.440000000000080149e+01
8.486328125000000000e-01 -5.270000000000077733e+01
8.513183593750000000e-01 -5.080000000000075033e+01
8.532714843750000000e-01 -4.970000000000073470e+01
8.557128906250000000e-01 -4.820000000000071338e+01
8.520507812500000000e-01 -5.050000000000074607e+01
8.532714843750000000e-01 -4.850000000000071765e+01
8.547363281250000000e-01 -4.780000000000070770e+01
8.562011718750000000e-01 -4.730000000000070060e+01
8.432617187500000000e-01 -4.610000000000068354e+01
8.435058593750000000e-01 -4.680000000000069349e+01
8.474121093750000000e-01 -4.690000000000069491e+01
8.437500000000000000e-01 -4.840000000000071623e+01
8.488769531250000000e-01 -4.840000000000071623e+01
8.518066406250000000e-01 -4.790000000000070912e+01
8.454589843750000000e-01 -4.820000000000071338e+01
8.488769531250000000e-01 -4.850000000000071765e+01
8.515625000000000000e-01 -4.860000000000071907e+01
8.432617187500000000e-01 -5.000000000000073896e+01
8.432617187500000000e-01 -5.030000000000074323e+01
8.454589843750000000e-01 -5.200000000000076739e+01
8.505859375000000000e-01 -5.220000000000077023e+01
8.532714843750000000e-01 -5.240000000000077307e+01
8.552246093750000000e-01 -5.340000000000078728e+01
8.576660156250000000e-01 -5.290000000000078018e+01
8.593750000000000000e-01 -5.310000000000078302e+01
8.613281250000000000e-01 -5.300000000000078160e+01
8.630371093750000000e-01 -5.230000000000077165e+01
8.649902343750000000e-01 -5.220000000000077023e+01
8.666992187500000000e-01 -5.060000000000074749e+01
8.630371093750000000e-01 -5.010000000000074039e+01
8.654785156250000000e-01 -4.980000000000073612e+01
8.552246093750000000e-01 -4.970000000000073470e+01
8.515625000000000000e-01 -5.130000000000075744e+01
8.549804687500000000e-01 -5.200000000000076739e+01
8.588867187500000000e-01 -5.200000000000076739e+01
8.564453125000000000e-01 -5.420000000000079865e+01
8.459472656250000000e-01 -5.630000000000082849e+01
8.540039062500000000e-01 -5.710000000000083986e+01
8.583984375000000000e-01 -5.810000000000085407e+01
8.610839843750000000e-01 -5.930000000000087113e+01
8.645019531250000000e-01 -5.950000000000087397e+01
8.679199218750000000e-01 -5.750000000000084555e+01
8.701171875000000000e-01 -5.530000000000081428e+01
8.728027343750000000e-01 -5.250000000000077449e+01
8.732910156250000000e-01 -4.990000000000073754e+01
8.737792968750000000e-01 -5.060000000000074749e+01
8.723144531250000000e-01 -5.000000000000073896e+01
8.737792968750000000e-01 -5.010000000000074039e+01
8.752441406250000000e-01 -5.020000000000074181e+01
8.771972656250000000e-01 -4.990000000000073754e+01
8.774414062500000000e-01 -4.650000000000068923e+01
8.779296875000000000e-01 -4.680000000000069349e+01
8.791503906250000000e-01 -4.690000000000069491e+01
8.803710937500000000e-01 -4.700000000000069633e+01
8.815917968750000000e-01 -4.700000000000069633e+01
8.818359375000000000e-01 -4.740000000000070202e+01
8.825683593750000000e-01 -4.650000000000068923e+01
8.840332031250000000e-01 -4.630000000000068638e+01
8.854980468750000000e-01 -4.520000000000067075e+01
8.864746093750000000e-01 -4.460000000000066223e+01
8.872070312500000000e-01 -4.300000000000063949e+01
8.881835937500000000e-01 -4.300000000000063949e+01
8.891601562500000000e-01 -4.300000000000063949e+01
8.891601562500000000e-01 -4.250000000000063238e+01
8.901367187500000000e-01 -4.250000000000063238e+01
8.911132812500000000e-01 -4.250000000000063238e+01
8.901367187500000000e-01 -4.220000000000062812e+01
8.911132812500000000e-01 -4.220000000000062812e+01
8.962402343750000000e-01 -4.160000000000061959e+01
8.972167968750000000e-01 -4.190000000000062386e+01
8.972167968750000000e-01 -4.200000000000062528e+01
8.977050781250000000e-01 -4.200000000000062528e+01
9.018554687500000000e-01 -4.080000000000060822e+01
9.020996093750000000e-01 -4.130000000000061533e+01
