5.805664062500000000e-01 -2.930000000000044480e+01
5.739746093750000000e-01 -2.960000000000044906e+01
5.871582031250000000e-01 -2.710000000000041354e+01
5.549316406250000000e-01 -3.220000000000048601e+01
5.754394531250000000e-01 -3.000000000000045475e+01
5.656738281250000000e-01 -2.540000000000038938e+01
5.183105468750000000e-01 -3.940000000000058833e+01
5.485839843750000000e-01 -3.740000000000055991e+01
5.214843750000000000e-01 -3.780000000000056559e+01
5.732421875000000000e-01 -3.040000000000046043e+01
5.629882812500000000e-01 -2.710000000000041354e+01
5.656738281250000000e-01 -3.190000000000048175e+01
5.683593750000000000e-01 -2.810000000000042775e+01
5.639648437500000000e-01 -3.090000000000046754e+01
5.490722656250000000e-01 -3.570000000000053575e+01
5.625000000000000000e-01 -3.200000000000048317e+01
5.920410156250000000e-01 -2.290000000000035385e+01
5.708007812500000000e-01 -3.490000000000052438e+01
5.808105468750000000e-01 -1.930000000000030269e+01
5.649414062500000000e-01 -4.320000000000064233e+01
5.544433593750000000e-01 -2.700000000000041211e+01
5.686035156250000000e-01 -3.380000000000050875e+01
5.629882812500000000e-01 -3.270000000000049312e+01
5.600585937500000000e-01 -3.200000000000048317e+01
5.214843750000000000e-01 -3.740000000000055991e+01
5.427246093750000000e-01 -3.720000000000055707e+01
4.211425781250000000e-01 -3.260000000000049170e+01
5.832519531250000000e-01 -2.090000000000032543e+01
5.808105468750000000e-01 -2.860000000000043485e+01
5.739746093750000000e-01 -3.580000000000053717e+01
5.520019531250000000e-01 -3.980000000000059401e+01
5.803222656250000000e-01 -3.120000000000047180e+01
5.715332031250000000e-01 -3.580000000000053717e+01
6.018066406250000000e-01 -2.440000000000037517e+01
6.215820312500000000e-01 -2.390000000000036806e+01
5.681152343750000000e-01 -4.240000000000063096e+01
5.754394531250000000e-01 -3.060000000000046327e+01
5.583496093750000000e-01 -4.300000000000063949e+01
5.759277343750000000e-01 -3.720000000000055707e+01
5.927734375000000000e-01 -2.590000000000039648e+01
5.825195312500000000e-01 -3.130000000000047322e+01
5.546875000000000000e-01 -3.750000000000056133e+01
5.637207031250000000e-01 -4.100000000000061107e+01
6.884765625000000000e-01 -3.820000000000057128e+01
7.917480468750000000e-01 -1.280000000000026716e+01
5.749511718750000000e-01 -3.810000000000056986e+01
7.529296875000000000e-01 -3.050000000000046185e+01
5.925292968750000000e-01 -3.660000000000054854e+01
5.676269531250000000e-01 -3.600000000000054001e+01
6.730957031250000000e-01 -2.520000000000038654e+01
6.589355468750000000e-01 -3.610000000000054143e+01
8.159179687500000000e-01 -1.550000000000025757e+01
6.843261718750000000e-01 -2.490000000000038227e+01
5.754394531250000000e-01 -3.930000000000058691e+01
8.005371093750000000e-01 -2.410000000000037090e+01
7.788085937500000000e-01 -1.900000000000029843e+01
6.503906250000000000e-01 -3.280000000000049454e+01
6.494140625000000000e-01 -3.370000000000050733e+01
6.269531250000000000e-01 -3.470000000000052154e+01
6.394042968750000000e-01 -3.420000000000051443e+01
8.017578125000000000e-01 -1.820000000000028706e+01
6.186523437500000000e-01 -2.720000000000041496e+01
6.618652343750000000e-01 -2.650000000000040501e+01
7.077636718750000000e-01 -3.290000000000049596e+01
6.459960937500000000e-01 -2.320000000000035811e+01
6.350097656250000000e-01 -4.140000000000061675e+01
6.486816406250000000e-01 -3.280000000000049454e+01
6.655273437500000000e-01 -2.300000000000035527e+01
6.411132812500000000e-01 -2.440000000000037517e+01
6.577148437500000000e-01 -2.950000000000044764e+01
6.560058593750000000e-01 -4.450000000000066080e+01
6.105957031250000000e-01 -3.560000000000053433e+01
6.281738281250000000e-01 -2.670000000000040785e+01
6.459960937500000000e-01 -3.840000000000057412e+01
6.105957031250000000e-01 -2.450000000000037659e+01
6.706542968750000000e-01 -2.490000000000038227e+01
6.413574218750000000e-01 -3.180000000000048033e+01
6.359863281250000000e-01 -3.590000000000053859e+01
6.401367187500000000e-01 -2.910000000000044196e+01
6.542968750000000000e-01 -4.350000000000064659e+01
6.242675781250000000e-01 -2.500000000000038369e+01
6.655273437500000000e-01 -2.350000000000036238e+01
6.333007812500000000e-01 -4.130000000000061533e+01
6.137695312500000000e-01 -2.910000000000044196e+01
6.315917968750000000e-01 -3.240000000000048885e+01
6.154785156250000000e-01 -4.100000000000061107e+01
6.462402343750000000e-01 -3.650000000000054712e+01
6.462402343750000000e-01 -3.190000000000048175e+01
6.264648437500000000e-01 -4.250000000000063238e+01
6.618652343750000000e-01 -3.500000000000052580e+01
6.281738281250000000e-01 -2.660000000000040643e+01
6.560058593750000000e-01 -3.240000000000048885e+01
6.501464843750000000e-01 -3.210000000000048459e+01
6.604003906250000000e-01 -4.500000000000066791e+01
6.455078125000000000e-01 -3.760000000000056275e+01
6.267089843750000000e-01 -3.920000000000058549e+01
6.508789062500000000e-01 -3.490000000000052438e+01
6.562500000000000000e-01 -2.890000000000043912e+01
6.215820312500000000e-01 -3.390000000000051017e+01
6.459960937500000000e-01 -3.350000000000050449e+01
6.186523437500000000e-01 -3.660000000000054854e+01
6.582031250000000000e-01 -2.920000000000044338e+01
6.655273437500000000e-01 -2.720000000000041496e+01
6.550292968750000000e-01 -2.970000000000045048e+01
6.538085937500000000e-01 -3.110000000000047038e+01
6.523437500000000000e-01 -3.480000000000052296e+01
6.359863281250000000e-01 -3.610000000000054143e+01
6.240234375000000000e-01 -3.820000000000057128e+01
6.611328125000000000e-01 -3.690000000000055280e+01
6.484375000000000000e-01 -3.810000000000056986e+01
6.389160156250000000e-01 -3.650000000000054712e+01
6.086425781250000000e-01 -3.940000000000058833e+01
6.445312500000000000e-01 -4.030000000000060112e+01
6.147460937500000000e-01 -4.450000000000066080e+01
6.362304687500000000e-01 -5.020000000000074181e+01
7.287597656250000000e-01 -2.670000000000040785e+01
6.608886718750000000e-01 -4.170000000000062101e+01
6.701660156250000000e-01 -3.670000000000054996e+01
6.679687500000000000e-01 -3.500000000000052580e+01
7.185058593750000000e-01 -2.620000000000040075e+01
6.635742187500000000e-01 -3.510000000000052722e+01
6.843261718750000000e-01 -3.740000000000055991e+01
6.708984375000000000e-01 -4.130000000000061533e+01
6.655273437500000000e-01 -4.220000000000062812e+01
6.958007812500000000e-01 -3.590000000000053859e+01
6.730957031250000000e-01 -3.430000000000051585e+01
6.923828125000000000e-01 -3.400000000000051159e+01
6.977539062500000000e-01 -3.590000000000053859e+01
6.577148437500000000e-01 -4.500000000000066791e+01
6.979980468750000000e-01 -3.990000000000059543e+01
7.019042968750000000e-01 -3.560000000000053433e+01
7.116699218750000000e-01 -3.190000000000048175e+01
7.055664062500000000e-01 -2.940000000000044622e+01
7.099609375000000000e-01 -3.720000000000055707e+01
6.992187500000000000e-01 -3.150000000000047606e+01
7.016601562500000000e-01 -3.910000000000058407e+01
6.821289062500000000e-01 -4.570000000000067786e+01
7.075195312500000000e-01 -3.300000000000049738e+01
7.241210937500000000e-01 -2.640000000000040359e+01
7.099609375000000000e-01 -2.490000000000038227e+01
7.226562500000000000e-01 -4.080000000000060822e+01
6.936035156250000000e-01 -3.590000000000053859e+01
7.265625000000000000e-01 -2.630000000000040217e+01
6.967773437500000000e-01 -3.910000000000058407e+01
6.992187500000000000e-01 -3.590000000000053859e+01
6.843261718750000000e-01 -4.500000000000066791e+01
7.207031250000000000e-01 -2.600000000000039790e+01
7.177734375000000000e-01 -3.660000000000054854e+01
7.126464843750000000e-01 -3.960000000000059117e+01
7.019042968750000000e-01 -3.980000000000059401e+01
7.028808593750000000e-01 -3.790000000000056701e+01
7.121582031250000000e-01 -3.540000000000053149e+01
6.779785156250000000e-01 -4.510000000000066933e+01
7.287597656250000000e-01 -3.660000000000054854e+01
7.175292968750000000e-01 -3.750000000000056133e+01
6.884765625000000000e-01 -4.810000000000071196e+01
6.826171875000000000e-01 -5.500000000000081002e+01
7.407226562500000000e-01 -2.740000000000041780e+01
6.965332031250000000e-01 -4.210000000000062670e+01
6.982421875000000000e-01 -5.100000000000075318e+01
7.502441406250000000e-01 -2.640000000000040359e+01
7.111816406250000000e-01 -3.910000000000058407e+01
7.211914062500000000e-01 -3.750000000000056133e+01
7.180175781250000000e-01 -3.600000000000054001e+01
7.119140625000000000e-01 -3.880000000000057980e+01
7.377929687500000000e-01 -3.090000000000046754e+01
7.058105468750000000e-01 -3.580000000000053717e+01
7.094726562500000000e-01 -3.490000000000052438e+01
7.397460937500000000e-01 -3.470000000000052154e+01
7.014160156250000000e-01 -4.800000000000071054e+01
7.175292968750000000e-01 -3.440000000000051728e+01
6.923828125000000000e-01 -2.590000000000039648e+01
7.214355468750000000e-01 -4.250000000000063238e+01
7.529296875000000000e-01 -2.640000000000040359e+01
7.141113281250000000e-01 -3.720000000000055707e+01
7.062988281250000000e-01 -3.570000000000053575e+01
7.023925781250000000e-01 -5.400000000000079581e+01
7.182617187500000000e-01 -4.290000000000063807e+01
7.207031250000000000e-01 -3.520000000000052864e+01
7.209472656250000000e-01 -4.060000000000060538e+01
7.102050781250000000e-01 -3.620000000000054285e+01
7.207031250000000000e-01 -2.910000000000044196e+01
7.121582031250000000e-01 -4.610000000000068354e+01
7.409667968750000000e-01 -2.840000000000043201e+01
7.265625000000000000e-01 -3.670000000000054996e+01
7.236328125000000000e-01 -4.330000000000064375e+01
7.353515625000000000e-01 -4.120000000000061391e+01
7.177734375000000000e-01 -4.630000000000068638e+01
8.854980468750000000e-01 -2.780000000000042348e+01
7.448730468750000000e-01 -4.100000000000061107e+01
7.175292968750000000e-01 -4.500000000000066791e+01
7.175292968750000000e-01 -3.470000000000052154e+01
8.188476562500000000e-01 -3.900000000000058265e+01
7.487792968750000000e-01 -4.250000000000063238e+01
7.290039062500000000e-01 -4.100000000000061107e+01
7.490234375000000000e-01 -4.200000000000062528e+01
7.099609375000000000e-01 -4.410000000000065512e+01
8.095703125000000000e-01 -4.160000000000061959e+01
8.024902343750000000e-01 -4.080000000000060822e+01
7.734375000000000000e-01 -3.730000000000055849e+01
8.027343750000000000e-01 -4.300000000000063949e+01
8.073730468750000000e-01 -4.130000000000061533e+01
7.717285156250000000e-01 -3.650000000000054712e+01
8.088378906250000000e-01 -3.520000000000052864e+01
8.063964843750000000e-01 -4.060000000000060538e+01
8.073730468750000000e-01 -3.930000000000058691e+01
8.115234375000000000e-01 -4.000000000000059686e+01
8.908691406250000000e-01 -2.690000000000041069e+01
7.683105468750000000e-01 -3.620000000000054285e+01
8.063964843750000000e-01 -4.130000000000061533e+01
8.073730468750000000e-01 -3.640000000000054570e+01
7.714843750000000000e-01 -3.720000000000055707e+01
8.022460937500000000e-01 -4.070000000000060680e+01
8.017578125000000000e-01 -3.700000000000055422e+01
8.088378906250000000e-01 -3.650000000000054712e+01
8.063964843750000000e-01 -4.160000000000061959e+01
8.107910156250000000e-01 -3.540000000000053149e+01
8.054199218750000000e-01 -4.090000000000060965e+01
8.105468750000000000e-01 -3.540000000000053149e+01
8.081054687500000000e-01 -3.670000000000054996e+01
8.039550781250000000e-01 -4.050000000000060396e+01
8.090820312500000000e-01 -3.660000000000054854e+01
7.966308593750000000e-01 -4.320000000000064233e+01
8.017578125000000000e-01 -4.030000000000060112e+01
8.049316406250000000e-01 -4.060000000000060538e+01
8.105468750000000000e-01 -3.540000000000053149e+01
8.039550781250000000e-01 -4.170000000000062101e+01
8.039550781250000000e-01 -4.060000000000060538e+01
8.022460937500000000e-01 -4.080000000000060822e+01
8.022460937500000000e-01 -4.080000000000060822e+01
8.039550781250000000e-01 -4.060000000000060538e+01
8.054199218750000000e-01 -4.090000000000060965e+01
8.049316406250000000e-01 -4.070000000000060680e+01
8.051757812500000000e-01 -4.080000000000060822e+01
8.063964843750000000e-01 -4.100000000000061107e+01
8.054199218750000000e-01 -4.070000000000060680e+01
8.063964843750000000e-01 -4.090000000000060965e+01
8.063964843750000000e-01 -4.100000000000061107e+01
8.054199218750000000e-01 -4.100000000000061107e+01
8.054199218750000000e-01 -4.150000000000061817e+01
8.054199218750000000e-01 -4.150000000000061817e+01
8.054199218750000000e-01 -4.100000000000061107e+01
8.054199218750000000e-01 -4.150000000000061817e+01
8.063964843750000000e-01 -4.090000000000060965e+01
8.054199218750000000e-01 -4.100000000000061107e+01
8.049316406250000000e-01 -4.140000000000061675e+01
8.054199218750000000e-01 -4.140000000000061675e+01
8.051757812500000000e-01 -4.140000000000061675e+01
8.054199218750000000e-01 -4.150000000000061817e+01
8.054199218750000000e-01 -4.160000000000061959e+01
8.054199218750000000e-01 -4.160000000000061959e+01
8.056640625000000000e-01 -4.160000000000061959e+01
8.063964843750000000e-01 -4.160000000000061959e+01
8.063964843750000000e-01 -4.170000000000062101e+01
8.063964843750000000e-01 -4.190000000000062386e+01
8.066406250000000000e-01 -4.190000000000062386e+01
8.076171875000000000e-01 -4.180000000000062244e+01
8.076171875000000000e-01 -4.180000000000062244e+01
8.076171875000000000e-01 -4.180000000000062244e+01
8.083496093750000000e-01 -4.180000000000062244e+01
8.044433593750000000e-01 -4.130000000000061533e+01
8.044433593750000000e-01 -4.150000000000061817e+01
8.020019531250000000e-01 -4.100000000000061107e+01
8.022460937500000000e-01 -4.120000000000061391e+01
8.020019531250000000e-01 -4.140000000000061675e+01
8.020019531250000000e-01 -4.160000000000061959e+01
8.020019531250000000e-01 -4.180000000000062244e+01
7.917480468750000000e-01 -4.330000000000064375e+01
7.919921875000000000e-01 -4.340000000000064517e+01
7.946777343750000000e-01 -4.320000000000064233e+01
7.946777343750000000e-01 -4.330000000000064375e+01
7.883300781250000000e-01 -4.190000000000062386e+01
7.866210937500000000e-01 -4.230000000000062954e+01
7.866210937500000000e-01 -4.250000000000063238e+01
7.866210937500000000e-01 -4.320000000000064233e+01
7.866210937500000000e-01 -4.340000000000064517e+01
7.854003906250000000e-01 -4.390000000000065228e+01
7.854003906250000000e-01 -4.420000000000065654e+01
7.792968750000000000e-01 -4.530000000000067217e+01
7.788085937500000000e-01 -4.560000000000067644e+01
7.854003906250000000e-01 -4.500000000000066791e+01
7.849121093750000000e-01 -4.530000000000067217e+01
7.866210937500000000e-01 -4.520000000000067075e+01
7.868652343750000000e-01 -4.530000000000067217e+01
7.883300781250000000e-01 -4.520000000000067075e+01
7.910156250000000000e-01 -4.500000000000066791e+01
7.919921875000000000e-01 -4.490000000000066649e+01
7.944335937500000000e-01 -4.460000000000066223e+01
7.954101562500000000e-01 -4.460000000000066223e+01
7.963867187500000000e-01 -4.450000000000066080e+01
7.971191406250000000e-01 -4.440000000000065938e+01
7.980957031250000000e-01 -4.430000000000065796e+01
7.995605468750000000e-01 -4.420000000000065654e+01
8.005371093750000000e-01 -4.410000000000065512e+01
8.017578125000000000e-01 -4.400000000000065370e+01
8.020019531250000000e-01 -4.380000000000065086e+01
7.998046875000000000e-01 -4.080000000000060822e+01
8.000488281250000000e-01 -4.100000000000061107e+01
7.844238281250000000e-01 -4.280000000000063665e+01
7.854003906250000000e-01 -4.290000000000063807e+01
7.866210937500000000e-01 -4.300000000000063949e+01
7.883300781250000000e-01 -4.280000000000063665e+01
7.883300781250000000e-01 -4.290000000000063807e+01
7.910156250000000000e-01 -4.260000000000063380e+01
7.912597656250000000e-01 -4.270000000000063523e+01
7.922363281250000000e-01 -4.260000000000063380e+01
7.946777343750000000e-01 -4.240000000000063096e+01
7.971191406250000000e-01 -4.180000000000062244e+01
7.993164062500000000e-01 -4.160000000000061959e+01
7.998046875000000000e-01 -4.170000000000062101e+01
7.917480468750000000e-01 -4.000000000000059686e+01
7.922363281250000000e-01 -4.000000000000059686e+01
7.946777343750000000e-01 -3.980000000000059401e+01
7.949218750000000000e-01 -3.980000000000059401e+01
7.956542968750000000e-01 -3.970000000000059259e+01
7.966308593750000000e-01 -3.950000000000058975e+01
8.017578125000000000e-01 -3.890000000000058122e+01
8.020019531250000000e-01 -3.900000000000058265e+01
8.020019531250000000e-01 -3.910000000000058407e+01
8.020019531250000000e-01 -3.840000000000057412e+01
8.020019531250000000e-01 -3.850000000000057554e+01
8.022460937500000000e-01 -3.850000000000057554e+01
8.051757812500000000e-01 -3.830000000000057270e+01
8.078613281250000000e-01 -3.790000000000056701e+01
8.081054687500000000e-01 -3.800000000000056843e+01
8.020019531250000000e-01 -3.880000000000057980e+01
8.024902343750000000e-01 -3.870000000000057838e+01
8.051757812500000000e-01 -3.860000000000057696e+01
8.073730468750000000e-01 -3.820000000000057128e+01
8.081054687500000000e-01 -3.810000000000056986e+01
8.088378906250000000e-01 -3.800000000000056843e+01
8.103027343750000000e-01 -3.790000000000056701e+01
8.020019531250000000e-01 -3.820000000000057128e+01
8.024902343750000000e-01 -3.810000000000056986e+01
8.044433593750000000e-01 -3.800000000000056843e+01
8.054199218750000000e-01 -3.800000000000056843e+01
8.073730468750000000e-01 -3.760000000000056275e+01
8.073730468750000000e-01 -3.770000000000056417e+01
8.088378906250000000e-01 -3.750000000000056133e+01
8.103027343750000000e-01 -3.740000000000055991e+01
8.107910156250000000e-01 -3.730000000000055849e+01
8.112792968750000000e-01 -3.730000000000055849e+01
8.125000000000000000e-01 -3.720000000000055707e+01
8.115234375000000000e-01 -3.750000000000056133e+01
8.115234375000000000e-01 -3.740000000000055991e+01
8.125000000000000000e-01 -3.730000000000055849e+01
8.183593750000000000e-01 -3.370000000000050733e+01
8.215332031250000000e-01 -3.310000000000049880e+01
8.247070312500000000e-01 -3.270000000000049312e+01
8.244628906250000000e-01 -3.280000000000049454e+01
8.247070312500000000e-01 -3.280000000000049454e+01
8.215332031250000000e-01 -3.340000000000050306e+01
8.247070312500000000e-01 -3.300000000000049738e+01
8.247070312500000000e-01 -3.300000000000049738e+01
8.244628906250000000e-01 -3.310000000000049880e+01
8.247070312500000000e-01 -3.110000000000047038e+01
8.159179687500000000e-01 -3.210000000000048459e+01
8.251953125000000000e-01 -3.090000000000046754e+01
8.251953125000000000e-01 -3.100000000000046896e+01
8.247070312500000000e-01 -3.110000000000047038e+01
8.532714843750000000e-01 -3.050000000000046185e+01
8.542480468750000000e-01 -3.040000000000046043e+01
8.535156250000000000e-01 -3.060000000000046327e+01
8.515625000000000000e-01 -3.260000000000049170e+01
8.515625000000000000e-01 -3.250000000000049027e+01
8.515625000000000000e-01 -3.250000000000049027e+01
8.515625000000000000e-01 -3.250000000000049027e+01
8.518066406250000000e-01 -3.240000000000048885e+01
8.520507812500000000e-01 -3.240000000000048885e+01
8.518066406250000000e-01 -3.220000000000048601e+01
8.515625000000000000e-01 -3.230000000000048743e+01
8.515625000000000000e-01 -3.190000000000048175e+01
8.518066406250000000e-01 -3.190000000000048175e+01
8.518066406250000000e-01 -3.190000000000048175e+01
8.542480468750000000e-01 -3.150000000000047606e+01
8.535156250000000000e-01 -3.170000000000047891e+01
8.498535156250000000e-01 -3.230000000000048743e+01
8.505859375000000000e-01 -3.210000000000048459e+01
8.737792968750000000e-01 -3.280000000000049454e+01
8.737792968750000000e-01 -3.280000000000049454e+01
8.737792968750000000e-01 -3.290000000000049596e+01
8.740234375000000000e-01 -3.290000000000049596e+01
8.742675781250000000e-01 -3.290000000000049596e+01
8.742675781250000000e-01 -3.300000000000049738e+01
8.745117187500000000e-01 -3.300000000000049738e+01
8.745117187500000000e-01 -3.310000000000049880e+01
8.745117187500000000e-01 -3.310000000000049880e+01
8.737792968750000000e-01 -3.370000000000050733e+01
8.737792968750000000e-01 -3.370000000000050733e+01
8.737792968750000000e-01 -3.380000000000050875e+01
8.730468750000000000e-01 -3.400000000000051159e+01
8.728027343750000000e-01 -3.420000000000051443e+01
8.730468750000000000e-01 -3.410000000000051301e+01
8.732910156250000000e-01 -3.400000000000051159e+01
8.732910156250000000e-01 -3.380000000000050875e+01
8.735351562500000000e-01 -3.370000000000050733e+01
8.747558593750000000e-01 -3.260000000000049170e+01
8.750000000000000000e-01 -3.260000000000049170e+01
8.750000000000000000e-01 -3.260000000000049170e+01
8.745117187500000000e-01 -3.280000000000049454e+01
8.745117187500000000e-01 -3.280000000000049454e+01
8.745117187500000000e-01 -3.280000000000049454e+01
8.745117187500000000e-01 -3.230000000000048743e+01
8.745117187500000000e-01 -3.240000000000048885e+01
8.747558593750000000e-01 -3.240000000000048885e+01
8.737792968750000000e-01 -3.260000000000049170e+01
8.745117187500000000e-01 -3.260000000000049170e+01
8.776855468750000000e-01 -3.330000000000050164e+01
8.774414062500000000e-01 -3.340000000000050306e+01
8.774414062500000000e-01 -3.350000000000050449e+01
8.774414062500000000e-01 -3.350000000000050449e+01
8.774414062500000000e-01 -3.360000000000050591e+01
8.776855468750000000e-01 -3.360000000000050591e+01
8.776855468750000000e-01 -3.360000000000050591e+01
8.774414062500000000e-01 -3.370000000000050733e+01
8.774414062500000000e-01 -3.370000000000050733e+01
8.774414062500000000e-01 -3.360000000000050591e+01
8.776855468750000000e-01 -3.360000000000050591e+01
8.764648437500000000e-01 -3.400000000000051159e+01
8.762207031250000000e-01 -3.410000000000051301e+01
8.762207031250000000e-01 -3.410000000000051301e+01
8.762207031250000000e-01 -3.420000000000051443e+01
8.769531250000000000e-01 -3.350000000000050449e+01
8.771972656250000000e-01 -3.350000000000050449e+01
8.771972656250000000e-01 -3.360000000000050591e+01
8.830566406250000000e-01 -3.550000000000053291e+01
8.833007812500000000e-01 -3.550000000000053291e+01
8.833007812500000000e-01 -3.560000000000053433e+01
8.818359375000000000e-01 -3.670000000000054996e+01
8.842773437500000000e-01 -3.450000000000051870e+01
8.835449218750000000e-01 -3.480000000000052296e+01
8.835449218750000000e-01 -3.470000000000052154e+01
8.825683593750000000e-01 -3.530000000000053006e+01
8.825683593750000000e-01 -3.530000000000053006e+01
8.825683593750000000e-01 -3.550000000000053291e+01
8.825683593750000000e-01 -3.500000000000052580e+01
8.850097656250000000e-01 -3.480000000000052296e+01
8.850097656250000000e-01 -3.490000000000052438e+01
8.850097656250000000e-01 -3.490000000000052438e+01
8.850097656250000000e-01 -3.500000000000052580e+01
8.847656250000000000e-01 -3.520000000000052864e+01
8.850097656250000000e-01 -3.520000000000052864e+01
8.850097656250000000e-01 -3.530000000000053006e+01
8.850097656250000000e-01 -3.530000000000053006e+01
8.850097656250000000e-01 -3.530000000000053006e+01
8.850097656250000000e-01 -3.540000000000053149e+01
8.847656250000000000e-01 -3.560000000000053433e+01
8.847656250000000000e-01 -3.560000000000053433e+01
8.847656250000000000e-01 -3.530000000000053006e+01
8.820800781250000000e-01 -3.640000000000054570e+01
8.828125000000000000e-01 -3.480000000000052296e+01
8.828125000000000000e-01 -3.460000000000052012e+01
8.828125000000000000e-01 -3.470000000000052154e+01
8.828125000000000000e-01 -3.750000000000056133e+01
8.811035156250000000e-01 -3.810000000000056986e+01
8.801269531250000000e-01 -3.880000000000057980e+01
8.801269531250000000e-01 -3.900000000000058265e+01
8.803710937500000000e-01 -3.900000000000058265e+01
8.803710937500000000e-01 -3.910000000000058407e+01
8.806152343750000000e-01 -3.910000000000058407e+01
8.808593750000000000e-01 -3.910000000000058407e+01
8.811035156250000000e-01 -3.920000000000058549e+01
8.806152343750000000e-01 -3.900000000000058265e+01
8.806152343750000000e-01 -3.900000000000058265e+01
8.811035156250000000e-01 -3.900000000000058265e+01
8.911132812500000000e-01 -3.910000000000058407e+01
8.911132812500000000e-01 -3.910000000000058407e+01
8.911132812500000000e-01 -3.920000000000058549e+01
8.920898437500000000e-01 -3.740000000000055991e+01
8.923339843750000000e-01 -3.730000000000055849e+01
8.925781250000000000e-01 -3.700000000000055422e+01
8.923339843750000000e-01 -3.720000000000055707e+01
8.925781250000000000e-01 -3.710000000000055564e+01
8.933105468750000000e-01 -3.640000000000054570e+01
8.933105468750000000e-01 -3.630000000000054428e+01
8.933105468750000000e-01 -3.630000000000054428e+01
8.923339843750000000e-01 -3.730000000000055849e+01
8.945312500000000000e-01 -3.720000000000055707e+01
8.947753906250000000e-01 -3.690000000000055280e+01
8.940429687500000000e-01 -3.680000000000055138e+01
8.947753906250000000e-01 -3.670000000000054996e+01
9.013671875000000000e-01 -3.470000000000052154e+01
9.001464843750000000e-01 -3.500000000000052580e+01
9.006347656250000000e-01 -3.490000000000052438e+01
9.006347656250000000e-01 -3.470000000000052154e+01
9.008789062500000000e-01 -3.470000000000052154e+01
9.001464843750000000e-01 -3.500000000000052580e+01
8.999023437500000000e-01 -3.500000000000052580e+01
9.008789062500000000e-01 -3.630000000000054428e+01
9.008789062500000000e-01 -3.630000000000054428e+01
9.013671875000000000e-01 -3.630000000000054428e+01
9.013671875000000000e-01 -3.630000000000054428e+01
