-5.000000000000000000e-01 -1.513544596334506498e-01
-4.990234375000000000e-01 -1.711599852088740714e-01
-4.980468750000000000e-01 6.560353348603996382e-02
-4.970703125000000000e-01 5.708077295727691930e-02
-4.960937500000000000e-01 -5.301014763241320565e-02
-4.951171875000000000e-01 1.536827033877338766e-02
-4.941406250000000000e-01 9.723456909403327408e-02
-4.931640625000000000e-01 4.859877238471591032e-02
-4.921875000000000000e-01 -1.120491683103864294e-01
-4.912109375000000000e-01 -5.149725674128281111e-02
-4.902343750000000000e-01 -6.587316038658654060e-02
-4.892578125000000000e-01 -8.267516541760173976e-02
-4.882812500000000000e-01 -5.292467483433398179e-02
-4.873046875000000000e-01 2.471335627963289899e-02
-4.863281250000000000e-01 5.074878283979350480e-02
-4.853515625000000000e-01 -3.263612296437560373e-02
-4.843750000000000000e-01 -1.682165024980116635e-02
-4.833984375000000000e-01 -4.494333611658723332e-03
-4.824218750000000000e-01 -6.049990053605433515e-02
-4.814453125000000000e-01 -9.184886322771242118e-02
-4.804687500000000000e-01 -1.269352823406150466e-01
-4.794921875000000000e-01 -1.325297027054204713e-01
-4.785156250000000000e-01 -6.203346561953695937e-02
-4.775390625000000000e-01 8.488190743461451748e-03
-4.765625000000000000e-01 -1.434335126224398418e-02
-4.755859375000000000e-01 5.709563029056594075e-02
-4.746093750000000000e-01 3.800010100711708871e-03
-4.736328125000000000e-01 7.755879598901670169e-02
-4.726562500000000000e-01 1.144283224256942288e-01
-4.716796875000000000e-01 1.292568461294087701e-01
-4.707031250000000000e-01 1.048635952736266114e-01
-4.697265625000000000e-01 1.268880724125144924e-02
-4.687500000000000000e-01 -7.347733568152003958e-02
-4.677734375000000000e-01 4.794126267372828681e-02
-4.667968750000000000e-01 1.390703896677771556e-01
-4.658203125000000000e-01 1.510127323855657011e-01
-4.648437500000000000e-01 1.326328306463756268e-01
-4.638671875000000000e-01 7.114406213651334673e-03
-4.628906250000000000e-01 3.416774248802420533e-02
-4.619140625000000000e-01 -1.451029292644114184e-02
-4.609375000000000000e-01 -1.139590733350123869e-01
-4.599609375000000000e-01 -1.239711141714158887e-01
-4.589843750000000000e-01 -1.411962071790286849e-02
-4.580078125000000000e-01 -4.155586053583190664e-02
-4.570312500000000000e-01 -2.026043133460241064e-02
-4.560546875000000000e-01 -2.979339335719278364e-02
-4.550781250000000000e-01 -7.439075832093260121e-02
-4.541015625000000000e-01 -3.703784906069667454e-02
-4.531250000000000000e-01 -2.857230536276352678e-02
-4.521484375000000000e-01 -9.665967137262668207e-02
-4.511718750000000000e-01 -3.721865713778364781e-02
-4.501953125000000000e-01 1.952416267659323745e-02
-4.492187500000000000e-01 1.473865347505094736e-02
-4.482421875000000000e-01 1.816544558539104001e-02
-4.472656250000000000e-01 8.746978886402126396e-02
-4.462890625000000000e-01 8.399238202022366040e-02
-4.453125000000000000e-01 -5.292896578362303595e-02
-4.443359375000000000e-01 -1.096149868689273027e-01
-4.433593750000000000e-01 -8.824410737700108531e-02
-4.423828125000000000e-01 -1.324295137714101012e-01
-4.414062500000000000e-01 -1.024372946447718591e-02
-4.404296875000000000e-01 1.281917567295496052e-01
-4.394531250000000000e-01 5.819416541670768134e-02
-4.384765625000000000e-01 -3.320939288466772527e-02
-4.375000000000000000e-01 -1.568063780631293591e-01
-4.365234375000000000e-01 -1.451986372363160693e-01
-4.355468750000000000e-01 2.226354935419718600e-02
-4.345703125000000000e-01 9.454566260194599558e-02
-4.335937500000000000e-01 4.932127586153939314e-02
-4.326171875000000000e-01 -2.435634663636824376e-02
-4.316406250000000000e-01 -2.508917786916266962e-02
-4.306640625000000000e-01 5.041484777368748088e-02
-4.296875000000000000e-01 -3.833644310151199802e-02
-4.287109375000000000e-01 -2.508610195293076509e-02
-4.277343750000000000e-01 6.555412512397786051e-02
-4.267578125000000000e-01 6.862309542691910624e-02
-4.257812500000000000e-01 1.128954134938266324e-01
-4.248046875000000000e-01 3.415593491629441425e-02
-4.238281250000000000e-01 -1.927387126800638936e-02
-4.228515625000000000e-01 6.073976848279974416e-02
-4.218750000000000000e-01 3.902438093375405065e-02
-4.208984375000000000e-01 7.390870954149007105e-03
-4.199218750000000000e-01 1.152866459451776932e-02
-4.189453125000000000e-01 4.791322983434522648e-02
-4.179687500000000000e-01 -9.214859642888602320e-02
-4.169921875000000000e-01 -1.706904776032331927e-01
-4.160156250000000000e-01 -2.117500649703847881e-01
-4.150390625000000000e-01 -1.943568369927409778e-01
-4.140625000000000000e-01 -6.870855530736177941e-02
-4.130859375000000000e-01 3.171505916586450646e-02
-4.121093750000000000e-01 -4.056328956027979715e-02
-4.111328125000000000e-01 -7.898003932669803162e-02
-4.101562500000000000e-01 9.159371661374696161e-02
-4.091796875000000000e-01 1.153331868650100678e-01
-4.082031250000000000e-01 -8.395222598185293761e-02
-4.072265625000000000e-01 -1.463702429328329613e-01
-4.062500000000000000e-01 -1.205241177505624178e-01
-4.052734375000000000e-01 -1.009856440138572758e-01
-4.042968750000000000e-01 4.432434628952763855e-02
-4.033203125000000000e-01 2.523233897396058231e-02
-4.023437500000000000e-01 -2.130329111026518785e-02
-4.013671875000000000e-01 4.917737579163124900e-02
-4.003906250000000000e-01 3.958757766552151863e-02
-3.994140625000000000e-01 1.488813347577007569e-02
-3.984375000000000000e-01 -1.014097883396229693e-01
-3.974609375000000000e-01 -9.792101003845506135e-02
-3.964843750000000000e-01 -9.233907866803114928e-02
-3.955078125000000000e-01 -2.022500056543277691e-01
-3.945312500000000000e-01 -7.281398541017146397e-02
-3.935546875000000000e-01 4.921870157831895881e-02
-3.925781250000000000e-01 4.979311297319378299e-02
-3.916015625000000000e-01 4.214055526519983053e-02
-3.906250000000000000e-01 6.253800315933091825e-02
-3.896484375000000000e-01 3.848088293935292281e-02
-3.886718750000000000e-01 -4.549810803649726246e-03
-3.876953125000000000e-01 -1.424678427426718033e-02
-3.867187500000000000e-01 9.409947933683285304e-02
-3.857421875000000000e-01 9.792455955648364518e-02
-3.847656250000000000e-01 5.592287596595152399e-02
-3.837890625000000000e-01 -8.657649037373279718e-03
-3.828125000000000000e-01 1.093608418956480872e-02
-3.818359375000000000e-01 -8.058365345412812908e-02
-3.808593750000000000e-01 -6.978164101991286838e-02
-3.798828125000000000e-01 8.869958908383193674e-02
-3.789062500000000000e-01 -9.712090558973568433e-02
-3.779296875000000000e-01 -2.950798230738529634e-02
-3.769531250000000000e-01 4.247794729675929970e-02
-3.759765625000000000e-01 -7.820053997103539045e-02
-3.750000000000000000e-01 -1.151469166248734188e-01
-3.740234375000000000e-01 -1.457689338132729107e-01
-3.730468750000000000e-01 1.015346844514330299e-02
-3.720703125000000000e-01 1.472960214008283558e-02
-3.710937500000000000e-01 -2.173782507114499669e-03
-3.701171875000000000e-01 3.379724895625032394e-02
-3.691406250000000000e-01 5.237577203560130762e-02
-3.681640625000000000e-01 6.025044037640394506e-02
-3.671875000000000000e-01 1.590492690494825223e-01
-3.662109375000000000e-01 1.117100739212458227e-01
-3.652343750000000000e-01 2.814555861103469614e-02
-3.642578125000000000e-01 1.817045222276136157e-02
-3.632812500000000000e-01 1.501598542605275810e-01
-3.623046875000000000e-01 2.216330776955783011e-01
-3.613281250000000000e-01 -2.183599261820512449e-01
-3.603515625000000000e-01 -3.218637624858672885e-01
-3.593750000000000000e-01 -2.297563329774336971e-01
-3.583984375000000000e-01 -6.672886261462938895e-02
-3.574218750000000000e-01 -2.654766106153690075e-02
-3.564453125000000000e-01 -1.983632063352008812e-02
-3.554687500000000000e-01 9.048604776134299213e-03
-3.544921875000000000e-01 -1.056619189955903954e-01
-3.535156250000000000e-01 -4.624789373556571076e-02
-3.525390625000000000e-01 -3.980959340521444956e-02
-3.515625000000000000e-01 -4.084280956451188938e-02
-3.505859375000000000e-01 -1.472664689913918412e-01
-3.496093750000000000e-01 -8.142276472529907938e-02
-3.486328125000000000e-01 9.286102519535280320e-03
-3.476562500000000000e-01 -9.263043049668103282e-03
-3.466796875000000000e-01 -3.374936580932075963e-02
-3.457031250000000000e-01 -5.194835701266903999e-02
-3.447265625000000000e-01 -1.749665160854738111e-02
-3.437500000000000000e-01 3.786759710984952815e-02
-3.427734375000000000e-01 4.064009120143403930e-02
-3.417968750000000000e-01 -7.505500992160729634e-02
-3.408203125000000000e-01 -5.120744946196537084e-02
-3.398437500000000000e-01 1.892713765599547682e-02
-3.388671875000000000e-01 -6.087191887715735772e-02
-3.378906250000000000e-01 -8.298423171388706610e-02
-3.369140625000000000e-01 -4.836407451994424733e-02
-3.359375000000000000e-01 -4.346230915690955932e-02
-3.349609375000000000e-01 -1.111021800993000630e-01
-3.339843750000000000e-01 -1.092630085507101945e-01
-3.330078125000000000e-01 -1.905882326900002477e-01
-3.320312500000000000e-01 -1.892140062636835374e-01
-3.310546875000000000e-01 -1.497407762948858578e-01
-3.300781250000000000e-01 -1.355677862139891832e-01
-3.291015625000000000e-01 -1.498008658621824696e-01
-3.281250000000000000e-01 -5.080117609869760908e-02
-3.271484375000000000e-01 9.951377970466270678e-03
-3.261718750000000000e-01 -5.031978487071540884e-02
-3.251953125000000000e-01 5.253004073769450277e-02
-3.242187500000000000e-01 6.955340103614618581e-03
-3.232421875000000000e-01 -2.985773149002641375e-02
-3.222656250000000000e-01 1.823690786415939347e-01
-3.212890625000000000e-01 1.891263548335147815e-01
-3.203125000000000000e-01 -1.461614246198315523e-02
-3.193359375000000000e-01 -4.893519294724834462e-02
-3.183593750000000000e-01 -1.271997648629553251e-03
-3.173828125000000000e-01 4.797568081484704372e-02
-3.164062500000000000e-01 -9.770303422788713388e-02
-3.154296875000000000e-01 -4.823092602592677497e-02
-3.144531250000000000e-01 8.594295270905821793e-02
-3.134765625000000000e-01 7.707933460235613654e-02
-3.125000000000000000e-01 1.240045341151576885e-01
-3.115234375000000000e-01 1.759995624505343581e-01
-3.105468750000000000e-01 -8.794049039682610980e-02
-3.095703125000000000e-01 -3.285424646181056008e-01
-3.085937500000000000e-01 -1.835679533369650174e-01
-3.076171875000000000e-01 -2.541347878871975940e-02
-3.066406250000000000e-01 1.394155273925112570e-01
-3.056640625000000000e-01 3.906050284619572849e-02
-3.046875000000000000e-01 -1.116156156314734860e-01
-3.037109375000000000e-01 -1.077123593350785141e-01
-3.027343750000000000e-01 -3.150723787497533568e-02
-3.017578125000000000e-01 -5.644403847006645297e-02
-3.007812500000000000e-01 -6.942209652886557891e-02
-2.998046875000000000e-01 5.218146655524455446e-02
-2.988281250000000000e-01 8.071412179111296659e-02
-2.978515625000000000e-01 2.610391772104871111e-02
-2.968750000000000000e-01 -2.300245643483002020e-02
-2.958984375000000000e-01 2.918322862582129959e-02
-2.949218750000000000e-01 -2.740525914204324648e-02
-2.939453125000000000e-01 -6.954802640555048099e-02
-2.929687500000000000e-01 2.340209729293218216e-02
-2.919921875000000000e-01 -6.774400177003044032e-02
-2.910156250000000000e-01 -9.748181514375475754e-02
-2.900390625000000000e-01 -8.335368992751776562e-02
-2.890625000000000000e-01 -1.681741682163090043e-02
-2.880859375000000000e-01 -1.296395601756884508e-01
-2.871093750000000000e-01 -1.453817222590477742e-01
-2.861328125000000000e-01 1.356000373529890786e-02
-2.851562500000000000e-01 4.853024166019866137e-02
-2.841796875000000000e-01 8.809396083992903498e-03
-2.832031250000000000e-01 -1.192299358071804705e-01
-2.822265625000000000e-01 -7.006340215365279567e-02
-2.812500000000000000e-01 2.958824540429691452e-02
-2.802734375000000000e-01 -7.437721242148061240e-02
-2.792968750000000000e-01 -1.069604526593117833e-01
-2.783203125000000000e-01 -2.036230302079238830e-01
-2.773437500000000000e-01 -1.879799076022408699e-01
-2.763671875000000000e-01 -2.432673386199216484e-02
-2.753906250000000000e-01 8.532255429226977272e-02
-2.744140625000000000e-01 1.881209723882650009e-01
-2.734375000000000000e-01 1.182605796240873003e-01
-2.724609375000000000e-01 1.316808801384250494e-01
-2.714843750000000000e-01 1.205933800010712542e-01
-2.705078125000000000e-01 3.297944817543203150e-02
-2.695312500000000000e-01 1.742142748039661460e-02
-2.685546875000000000e-01 1.069550979274574848e-01
-2.675781250000000000e-01 3.583010332907525519e-02
-2.666015625000000000e-01 5.085629669822808868e-02
-2.656250000000000000e-01 1.246318552234661897e-01
-2.646484375000000000e-01 1.979530564003255666e-01
-2.636718750000000000e-01 1.237300715788808569e-01
-2.626953125000000000e-01 -1.553702528879436287e-02
-2.617187500000000000e-01 -5.876179575767176422e-02
-2.607421875000000000e-01 -1.651393957482305830e-01
-2.597656250000000000e-01 -1.210339307564484712e-01
-2.587890625000000000e-01 -1.625612961105407928e-01
-2.578125000000000000e-01 -1.076485198873139981e-01
-2.568359375000000000e-01 5.986376952271831725e-02
-2.558593750000000000e-01 7.957257881725607329e-02
-2.548828125000000000e-01 -5.120674286698740675e-03
-2.539062500000000000e-01 5.653738954283289708e-02
-2.529296875000000000e-01 -3.151277993773804464e-02
-2.519531250000000000e-01 -7.806911427399718106e-02
-2.509765625000000000e-01 1.045607878568111243e-01
-2.500000000000000000e-01 2.148099251531679632e-01
-2.490234375000000000e-01 1.262047536034298367e-01
-2.480468750000000000e-01 6.237997169249048790e-02
-2.470703125000000000e-01 -3.527971357890362369e-02
-2.460937500000000000e-01 -1.020678295904535460e-01
-2.451171875000000000e-01 -1.063596312959247669e-01
-2.441406250000000000e-01 -8.845627951759349461e-02
-2.431640625000000000e-01 3.313444588862407558e-02
-2.421875000000000000e-01 1.158724269093029530e-01
-2.412109375000000000e-01 5.750389352131229231e-02
-2.402343750000000000e-01 -4.794432394814510112e-02
-2.392578125000000000e-01 -4.490698456107487108e-02
-2.382812500000000000e-01 -1.956857310627757585e-02
-2.373046875000000000e-01 -7.422417933732680662e-02
-2.363281250000000000e-01 -2.071753832274213225e-01
-2.353515625000000000e-01 -1.768423888160640667e-01
-2.343750000000000000e-01 -6.843251936999839025e-02
-2.333984375000000000e-01 8.782384213561340858e-02
-2.324218750000000000e-01 5.605694697480905105e-03
-2.314453125000000000e-01 -5.511835461105855927e-02
-2.304687500000000000e-01 7.538460813032987762e-02
-2.294921875000000000e-01 -3.177974620492051913e-03
-2.285156250000000000e-01 -1.599121106765818701e-01
-2.275390625000000000e-01 -2.141658085078608845e-02
-2.265625000000000000e-01 -2.131335955355503908e-02
-2.255859375000000000e-01 -1.625203805895547582e-01
-2.246093750000000000e-01 -7.487511633738616612e-02
-2.236328125000000000e-01 5.421640803460427843e-02
-2.226562500000000000e-01 7.165175946277894947e-02
-2.216796875000000000e-01 8.827766028116683372e-02
-2.207031250000000000e-01 2.756264814787408590e-01
-2.197265625000000000e-01 2.052395436056353994e-01
-2.187500000000000000e-01 -9.263207718539551508e-03
-2.177734375000000000e-01 -7.066625418488420990e-03
-2.167968750000000000e-01 7.860008813968868968e-02
-2.158203125000000000e-01 -2.635868941196429366e-02
-2.148437500000000000e-01 -2.234119261559950123e-02
-2.138671875000000000e-01 9.946447760124453585e-02
-2.128906250000000000e-01 2.585990740460263060e-02
-2.119140625000000000e-01 -9.103777250214767358e-02
-2.109375000000000000e-01 -5.223799438037800280e-02
-2.099609375000000000e-01 -9.545609777790831779e-03
-2.089843750000000000e-01 6.269192354766867092e-02
-2.080078125000000000e-01 6.014153858544125930e-02
-2.070312500000000000e-01 1.603670747002812133e-02
-2.060546875000000000e-01 1.173453297513395860e-01
-2.050781250000000000e-01 1.189240645866708745e-01
-2.041015625000000000e-01 -4.133382479336086823e-02
-2.031250000000000000e-01 -1.634003703268460950e-01
-2.021484375000000000e-01 -7.619806586145758120e-02
-2.011718750000000000e-01 2.789265631994294198e-02
-2.001953125000000000e-01 1.954451705934680955e-02
-1.992187500000000000e-01 4.054011472433736996e-02
-1.982421875000000000e-01 3.312518252551254622e-02
-1.972656250000000000e-01 1.521432461673410397e-01
-1.962890625000000000e-01 1.597045247378253430e-01
-1.953125000000000000e-01 -7.936286135168017048e-04
-1.943359375000000000e-01 -1.128268198526907740e-01
-1.933593750000000000e-01 -1.703669875366960462e-01
-1.923828125000000000e-01 -2.196276995949199284e-01
-1.914062500000000000e-01 -7.055815862826235463e-02
-1.904296875000000000e-01 -8.677887125591346451e-02
-1.894531250000000000e-01 -1.767371418243620929e-01
-1.884765625000000000e-01 -5.765738114515247398e-02
-1.875000000000000000e-01 6.636047001917495802e-02
-1.865234375000000000e-01 1.872848254428617631e-02
-1.855468750000000000e-01 -7.228727588960952299e-02
-1.845703125000000000e-01 -2.015959717168043230e-01
-1.835937500000000000e-01 -9.643450245305129620e-02
-1.826171875000000000e-01 1.078995667228687359e-02
-1.816406250000000000e-01 7.890919095826313956e-02
-1.806640625000000000e-01 1.193362126425779463e-01
-1.796875000000000000e-01 -7.228062010609428989e-02
-1.787109375000000000e-01 -1.379446898379947384e-01
-1.777343750000000000e-01 -8.721864515496043080e-02
-1.767578125000000000e-01 2.655271051989181730e-02
-1.757812500000000000e-01 -1.373822782514718122e-01
-1.748046875000000000e-01 -2.716901196501161353e-01
-1.738281250000000000e-01 -1.242206801351327661e-01
-1.728515625000000000e-01 1.168402951585021388e-01
-1.718750000000000000e-01 -2.256093745969803104e-03
-1.708984375000000000e-01 -5.935122690412277663e-02
-1.699218750000000000e-01 -1.585207136958360352e-01
-1.689453125000000000e-01 -6.417980382106681925e-02
-1.679687500000000000e-01 -1.233224278113645989e-01
-1.669921875000000000e-01 -7.713682350728184867e-02
-1.660156250000000000e-01 1.218406562036463137e-01
-1.650390625000000000e-01 9.220849825351773443e-02
-1.640625000000000000e-01 1.369546228680562638e-02
-1.630859375000000000e-01 6.538655214223380863e-02
-1.621093750000000000e-01 7.426584356103445306e-03
-1.611328125000000000e-01 -1.727669211615011011e-02
-1.601562500000000000e-01 1.343701929124552497e-01
-1.591796875000000000e-01 -7.383413716140993510e-02
-1.582031250000000000e-01 -2.095198545916527877e-01
-1.572265625000000000e-01 -1.180348258506675428e-02
-1.562500000000000000e-01 2.512133295026235461e-02
-1.552734375000000000e-01 -7.047019230711199130e-03
-1.542968750000000000e-01 -2.293260763658297174e-01
-1.533203125000000000e-01 -2.064498832454453037e-01
-1.523437500000000000e-01 -1.073919772577461157e-01
-1.513671875000000000e-01 3.637653324255198106e-02
-1.503906250000000000e-01 1.952328019645654389e-01
-1.494140625000000000e-01 1.849404659259671901e-01
-1.484375000000000000e-01 1.816639528419308064e-02
-1.474609375000000000e-01 -8.556968765703464042e-03
-1.464843750000000000e-01 -1.371960221553652007e-02
-1.455078125000000000e-01 7.409022155876154869e-02
-1.445312500000000000e-01 3.576474951668454777e-02
-1.435546875000000000e-01 -7.397123168708523953e-03
-1.425781250000000000e-01 -1.019315533346898256e-01
-1.416015625000000000e-01 -1.470105881143494164e-01
-1.406250000000000000e-01 -9.718119024997320943e-02
-1.396484375000000000e-01 -4.690680817400583874e-03
-1.386718750000000000e-01 -2.210270331626688900e-02
-1.376953125000000000e-01 3.946988096699291168e-03
-1.367187500000000000e-01 -3.235044574159755271e-02
-1.357421875000000000e-01 -2.856524489185061425e-02
-1.347656250000000000e-01 1.396704782056303051e-01
-1.337890625000000000e-01 3.576558143311310556e-02
-1.328125000000000000e-01 -1.475696996936688710e-01
-1.318359375000000000e-01 -6.736762759020130387e-02
-1.308593750000000000e-01 4.541057314098116693e-03
-1.298828125000000000e-01 -9.604896845835392272e-02
-1.289062500000000000e-01 -2.437688114654079086e-01
-1.279296875000000000e-01 -1.574548795325242112e-01
-1.269531250000000000e-01 1.178190180066416431e-02
-1.259765625000000000e-01 2.684911726836543625e-02
-1.250000000000000000e-01 2.590846107742230536e-02
-1.240234375000000000e-01 -5.336495471772484400e-02
-1.230468750000000000e-01 7.911505360673311282e-02
-1.220703125000000000e-01 2.206870029448237680e-01
-1.210937500000000000e-01 1.542488734025561636e-01
-1.201171875000000000e-01 -6.627106759730817115e-04
-1.191406250000000000e-01 -1.295964834799188392e-01
-1.181640625000000000e-01 -1.672541903078419712e-01
-1.171875000000000000e-01 -8.723496993516033360e-02
-1.162109375000000000e-01 -2.457955337778843039e-03
-1.152343750000000000e-01 -4.469381157187814549e-03
-1.142578125000000000e-01 -7.614587370036324243e-02
-1.132812500000000000e-01 -2.177098036913019743e-02
-1.123046875000000000e-01 -1.001537359466764254e-01
-1.113281250000000000e-01 -2.410397741708810992e-01
-1.103515625000000000e-01 -2.805136378263403119e-01
-1.093750000000000000e-01 -2.202045967213809019e-01
-1.083984375000000000e-01 -1.461249870433896092e-01
-1.074218750000000000e-01 -1.106696527770385935e-01
-1.064453125000000000e-01 -5.134097128284199896e-02
-1.054687500000000000e-01 -3.435166644742163218e-03
-1.044921875000000000e-01 -1.085455232480730670e-01
-1.035156250000000000e-01 -8.788629385172634645e-02
-1.025390625000000000e-01 -1.043205959842464364e-01
-1.015625000000000000e-01 -5.810504509819290619e-02
-1.005859375000000000e-01 -1.060703613627003855e-01
-9.960937500000000000e-02 -7.066558011368181957e-02
-9.863281250000000000e-02 -4.443486141917628307e-02
-9.765625000000000000e-02 7.447902632990029918e-04
-9.667968750000000000e-02 1.160740984565374403e-02
-9.570312500000000000e-02 1.029036092443210704e-01
-9.472656250000000000e-02 1.657048963976761602e-01
-9.375000000000000000e-02 8.267084682949291108e-02
-9.277343750000000000e-02 -4.313746355106366781e-02
-9.179687500000000000e-02 -2.231122894062511630e-01
-9.082031250000000000e-02 -3.680604101059384986e-02
-8.984375000000000000e-02 6.625551249042863078e-02
-8.886718750000000000e-02 4.026078246935998334e-02
-8.789062500000000000e-02 -5.045567087147668356e-02
-8.691406250000000000e-02 -6.424415408984411602e-03
-8.593750000000000000e-02 3.747540103155095476e-02
-8.496093750000000000e-02 -3.905771343027158310e-02
-8.398437500000000000e-02 1.234366071464955937e-02
-8.300781250000000000e-02 -1.893487934459491331e-02
-8.203125000000000000e-02 -7.290755066579246782e-03
-8.105468750000000000e-02 9.049314045200555767e-02
-8.007812500000000000e-02 4.533667079294727287e-02
-7.910156250000000000e-02 -8.917227946208299005e-03
-7.812500000000000000e-02 -3.965711003271380625e-02
-7.714843750000000000e-02 -6.513303429583651438e-02
-7.617187500000000000e-02 2.179631241883303334e-03
-7.519531250000000000e-02 1.077114443194052695e-01
-7.421875000000000000e-02 5.051696455087824333e-02
-7.324218750000000000e-02 3.622482212539844884e-03
-7.226562500000000000e-02 5.087808678643489235e-02
-7.128906250000000000e-02 -4.486815517329171416e-02
-7.031250000000000000e-02 -6.371348458482388455e-02
-6.933593750000000000e-02 1.932495689339901526e-02
-6.835937500000000000e-02 -8.777020938536914119e-02
-6.738281250000000000e-02 -1.134167416241361193e-01
-6.640625000000000000e-02 -1.259145587573493597e-01
-6.542968750000000000e-02 -1.229251599141930607e-01
-6.445312500000000000e-02 1.508546892630223749e-02
-6.347656250000000000e-02 -4.625141512535984462e-02
-6.250000000000000000e-02 -1.480213905688759213e-01
-6.152343750000000000e-02 6.605685401357844211e-02
-6.054687500000000000e-02 1.493613462371218004e-01
-5.957031250000000000e-02 1.081876427625560466e-01
-5.859375000000000000e-02 1.880159317813260081e-02
-5.761718750000000000e-02 -2.265101918168346135e-02
-5.664062500000000000e-02 1.001770405545292925e-02
-5.566406250000000000e-02 1.316995052970263425e-01
-5.468750000000000000e-02 -2.313453731993273758e-03
-5.371093750000000000e-02 3.389834007032078989e-02
-5.273437500000000000e-02 1.323040654917663206e-01
-5.175781250000000000e-02 1.169597112566379826e-01
-5.078125000000000000e-02 1.459026089493652978e-01
-4.980468750000000000e-02 8.203966968763297396e-02
-4.882812500000000000e-02 -1.578157551708894157e-01
-4.785156250000000000e-02 -1.758420480421009069e-01
-4.687500000000000000e-02 -2.986383200276682137e-02
-4.589843750000000000e-02 8.323117178368159841e-02
-4.492187500000000000e-02 1.055911584199738379e-01
-4.394531250000000000e-02 9.469675599976123959e-02
-4.296875000000000000e-02 1.062657907186422279e-01
-4.199218750000000000e-02 9.356612020501842153e-02
-4.101562500000000000e-02 8.687457126042222311e-02
-4.003906250000000000e-02 2.960970041471101127e-02
-3.906250000000000000e-02 -1.479320155452170382e-01
-3.808593750000000000e-02 6.803310625837717500e-03
-3.710937500000000000e-02 6.779127047226443659e-02
-3.613281250000000000e-02 1.302227771050111782e-01
-3.515625000000000000e-02 1.681095065464953131e-01
-3.417968750000000000e-02 8.704270812196848728e-02
-3.320312500000000000e-02 1.433702497863561798e-01
-3.222656250000000000e-02 7.743719997506845476e-02
-3.125000000000000000e-02 1.149802763638453585e-03
-3.027343750000000000e-02 6.897885382047726222e-02
-2.929687500000000000e-02 8.069287695217639000e-02
-2.832031250000000000e-02 -1.794633932977524049e-02
-2.734375000000000000e-02 2.737631835500071303e-02
-2.636718750000000000e-02 8.002574087019631577e-02
-2.539062500000000000e-02 7.272456219598838478e-02
-2.441406250000000000e-02 7.056773768749605158e-02
-2.343750000000000000e-02 2.311415220738798765e-02
-2.246093750000000000e-02 -1.710122154453655452e-02
-2.148437500000000000e-02 -5.435787397512992919e-02
-2.050781250000000000e-02 1.256620838943408799e-02
-1.953125000000000000e-02 4.891992359235698001e-02
-1.855468750000000000e-02 -1.261506140147622967e-01
-1.757812500000000000e-02 -4.942426579081098809e-02
-1.660156250000000000e-02 1.169150799461020906e-01
-1.562500000000000000e-02 4.956310093304792941e-02
-1.464843750000000000e-02 5.269423354158779549e-02
-1.367187500000000000e-02 8.099214060603115994e-02
-1.269531250000000000e-02 1.061877520766290883e-01
-1.171875000000000000e-02 1.121407043131608834e-02
-1.074218750000000000e-02 -2.594475347561351827e-02
-9.765625000000000000e-03 -4.393851078340706845e-02
-8.789062500000000000e-03 1.105658490835809528e-03
-7.812500000000000000e-03 -2.035057065141025745e-02
-6.835937500000000000e-03 -1.041889746983754306e-01
-5.859375000000000000e-03 -6.202512534533342198e-02
-4.882812500000000000e-03 1.717893405921864236e-01
-3.906250000000000000e-03 1.139039593305924969e-01
-2.929687500000000000e-03 4.214807081067246941e-02
-1.953125000000000000e-03 1.007511702151564215e-01
-9.765625000000000000e-04 1.127879262278789207e-01
0.000000000000000000e+00 6.566476393963358027e-02
9.765625000000000000e-04 1.763224816693254593e-01
1.953125000000000000e-03 7.836653579140227810e-02
2.929687500000000000e-03 2.834468290885003641e-02
3.906250000000000000e-03 3.604266210086867761e-02
4.882812500000000000e-03 3.749115691814006168e-02
5.859375000000000000e-03 1.235437333934567145e-01
6.835937500000000000e-03 7.424415215401319879e-02
7.812500000000000000e-03 -1.069360236764168443e-01
8.789062500000000000e-03 -1.155922270660244555e-01
9.765625000000000000e-03 -3.778922247293171888e-02
1.074218750000000000e-02 -7.776166290001804149e-02
1.171875000000000000e-02 -6.389155931584511450e-02
1.269531250000000000e-02 -1.645266314210080960e-01
1.367187500000000000e-02 -9.770559427520991713e-02
1.464843750000000000e-02 -3.713812744266926924e-02
1.562500000000000000e-02 -2.696529662122144205e-02
1.660156250000000000e-02 9.322158122666743610e-03
1.757812500000000000e-02 -1.076493901736830794e-01
1.855468750000000000e-02 -2.025777563505698764e-01
1.953125000000000000e-02 -1.646990488549358866e-01
2.050781250000000000e-02 -4.393795619481129233e-02
2.148437500000000000e-02 -3.955488282040974662e-02
2.246093750000000000e-02 -6.115984480562462050e-02
2.343750000000000000e-02 -3.245997316391283083e-02
2.441406250000000000e-02 -5.856900994857403703e-02
2.539062500000000000e-02 -6.568383724056697532e-04
2.636718750000000000e-02 7.224035172754544876e-02
2.734375000000000000e-02 -4.986735407295322248e-02
2.832031250000000000e-02 -1.177798076967936369e-01
2.929687500000000000e-02 -2.696913992424978396e-02
3.027343750000000000e-02 1.387763940547134534e-01
3.125000000000000000e-02 1.444743983303190815e-01
3.222656250000000000e-02 -2.838461040776959002e-02
3.320312500000000000e-02 5.670061750909902165e-02
3.417968750000000000e-02 1.640023910288507525e-01
3.515625000000000000e-02 6.522064372514263519e-02
3.613281250000000000e-02 -5.816673792715492536e-02
3.710937500000000000e-02 -1.060680934066132036e-02
3.808593750000000000e-02 4.266674901262353797e-02
3.906250000000000000e-02 6.313607954773159392e-02
4.003906250000000000e-02 1.442661381746130622e-01
4.101562500000000000e-02 4.850459518618596699e-02
4.199218750000000000e-02 -6.013990736492765693e-02
4.296875000000000000e-02 1.665485665051172903e-01
4.394531250000000000e-02 8.980206514130796569e-02
4.492187500000000000e-02 -9.532315883068374907e-03
4.589843750000000000e-02 -2.865807299909560023e-03
4.687500000000000000e-02 1.513241818775751604e-02
4.785156250000000000e-02 3.949623966844117290e-02
4.882812500000000000e-02 -2.324846732283498366e-03
4.980468750000000000e-02 -6.626028003530264054e-02
5.078125000000000000e-02 5.962762684053700413e-02
5.175781250000000000e-02 2.597986089318978994e-02
5.273437500000000000e-02 -1.335282836826167940e-01
5.371093750000000000e-02 -1.394016214176922730e-01
5.468750000000000000e-02 9.549481101907729419e-02
5.566406250000000000e-02 7.682648147711680642e-02
5.664062500000000000e-02 -4.914255499297816299e-02
5.761718750000000000e-02 -6.316013382931230657e-02
5.859375000000000000e-02 -1.256247372225268166e-01
5.957031250000000000e-02 -3.566257104481711238e-02
6.054687500000000000e-02 4.447763394554280283e-03
6.152343750000000000e-02 -7.128772725738746763e-02
6.250000000000000000e-02 -1.658958885929310775e-02
6.347656250000000000e-02 2.407681865073816804e-02
6.445312500000000000e-02 -2.767013480423285987e-02
6.542968750000000000e-02 -2.459517571147411957e-02
6.640625000000000000e-02 -8.353612381024544398e-02
6.738281250000000000e-02 -5.303495324556684737e-02
6.835937500000000000e-02 6.062562020255858608e-02
6.933593750000000000e-02 3.444874289872941475e-02
7.031250000000000000e-02 -7.594196735363449927e-03
7.128906250000000000e-02 -6.026697283384552066e-03
7.226562500000000000e-02 -5.992152783638146629e-02
7.324218750000000000e-02 -1.032350775635882678e-01
7.421875000000000000e-02 -4.729219836873155280e-02
7.519531250000000000e-02 -9.788430469832508363e-02
7.617187500000000000e-02 -4.591381113182829710e-02
7.714843750000000000e-02 1.696344990305913292e-01
7.812500000000000000e-02 2.695542580736376981e-01
7.910156250000000000e-02 2.327297348022009382e-01
8.007812500000000000e-02 1.075633320965996287e-01
8.105468750000000000e-02 4.665848586334523512e-02
8.203125000000000000e-02 1.364265346742036915e-02
8.300781250000000000e-02 -1.907339139196411598e-02
8.398437500000000000e-02 -6.179009531535731986e-02
8.496093750000000000e-02 -9.175183101779954553e-02
8.593750000000000000e-02 -1.174001145037750632e-01
8.691406250000000000e-02 -1.776399599426190523e-01
8.789062500000000000e-02 -2.387434808180527446e-01
8.886718750000000000e-02 -2.548035516581317328e-01
8.984375000000000000e-02 -1.537523420927518758e-01
9.082031250000000000e-02 6.791057612016045998e-03
9.179687500000000000e-02 5.470813848747460573e-02
9.277343750000000000e-02 1.451871154471251479e-01
9.375000000000000000e-02 1.415314143948608883e-01
9.472656250000000000e-02 1.947470817458105130e-01
9.570312500000000000e-02 1.092684451252756705e-01
9.667968750000000000e-02 -4.138126766039289250e-02
9.765625000000000000e-02 -2.499416293455237071e-03
9.863281250000000000e-02 -3.140188884124148899e-02
9.960937500000000000e-02 -1.214414118360321315e-01
1.005859375000000000e-01 -2.653167981781472395e-01
1.015625000000000000e-01 -1.575742289395862805e-01
1.025390625000000000e-01 -7.626150951664940891e-02
1.035156250000000000e-01 -2.012891587196660725e-02
1.044921875000000000e-01 9.273560870608888937e-03
1.054687500000000000e-01 -4.464366270595262337e-02
1.064453125000000000e-01 -1.424183516170533237e-01
1.074218750000000000e-01 -3.068859907763456518e-01
1.083984375000000000e-01 -2.453068038463288303e-01
1.093750000000000000e-01 -1.569032647552425219e-01
1.103515625000000000e-01 -1.026846459574962955e-01
1.113281250000000000e-01 -1.612741114780620252e-02
1.123046875000000000e-01 1.448202698264156388e-02
1.132812500000000000e-01 5.091132165521247005e-02
1.142578125000000000e-01 1.036665856961277582e-01
1.152343750000000000e-01 9.663343521579687012e-02
1.162109375000000000e-01 9.797772488072112318e-02
1.171875000000000000e-01 9.317913512372676121e-02
1.181640625000000000e-01 1.535032460460641623e-01
1.191406250000000000e-01 5.938149469522335105e-02
1.201171875000000000e-01 -3.534598000782092353e-02
1.210937500000000000e-01 1.297059222747111960e-02
1.220703125000000000e-01 -1.890180624734863132e-02
1.230468750000000000e-01 -1.668337436690221498e-01
1.240234375000000000e-01 -9.949089210439546194e-02
1.250000000000000000e-01 -2.722036882975266761e-02
1.259765625000000000e-01 -3.534340185062884165e-02
1.269531250000000000e-01 -9.680305367756469881e-02
1.279296875000000000e-01 -1.371896218043698323e-01
1.289062500000000000e-01 -2.300012727772787063e-02
1.298828125000000000e-01 -3.607468807107298272e-04
1.308593750000000000e-01 8.196877680935213406e-02
1.318359375000000000e-01 -3.745161504348695769e-02
1.328125000000000000e-01 -1.348999657123150231e-01
1.337890625000000000e-01 -1.783421755054512281e-01
1.347656250000000000e-01 -4.256946980791719709e-02
1.357421875000000000e-01 -6.253738956666421434e-02
1.367187500000000000e-01 -7.156474109250086924e-02
1.376953125000000000e-01 1.938405533907619147e-02
1.386718750000000000e-01 -1.120803364313464057e-01
1.396484375000000000e-01 -1.656727260520579614e-02
1.406250000000000000e-01 2.212297245035474980e-01
1.416015625000000000e-01 1.345635726827191792e-01
1.425781250000000000e-01 -5.632453868205568315e-02
1.435546875000000000e-01 -2.013375450012144796e-02
1.445312500000000000e-01 -5.442002763800024567e-02
1.455078125000000000e-01 -2.071471622323194442e-02
1.464843750000000000e-01 5.687701639473765475e-02
1.474609375000000000e-01 9.792646968627347071e-02
1.484375000000000000e-01 6.187496864304218441e-02
1.494140625000000000e-01 7.215840677836724004e-02
1.503906250000000000e-01 2.318072140804997364e-02
1.513671875000000000e-01 -3.961246535939523528e-02
1.523437500000000000e-01 2.004940615173873494e-02
1.533203125000000000e-01 7.020304555185895301e-02
1.542968750000000000e-01 7.284730185119915602e-02
1.552734375000000000e-01 8.515554370414084653e-03
1.562500000000000000e-01 -2.196923702124509853e-02
1.572265625000000000e-01 -5.750046185874323895e-02
1.582031250000000000e-01 -1.399668851731306340e-01
1.591796875000000000e-01 -1.395805332838569168e-01
1.601562500000000000e-01 -1.343225631213059990e-01
1.611328125000000000e-01 8.073382120476525065e-03
1.621093750000000000e-01 1.478252748795216287e-01
1.630859375000000000e-01 1.726847226947936798e-01
1.640625000000000000e-01 2.033821276198108652e-01
1.650390625000000000e-01 9.693655648092983079e-02
1.660156250000000000e-01 -3.342719843060429352e-02
1.669921875000000000e-01 7.440605508162130566e-02
1.679687500000000000e-01 1.104017077737642905e-01
1.689453125000000000e-01 5.287448382711366218e-03
1.699218750000000000e-01 -5.629105865850491525e-02
1.708984375000000000e-01 -8.098980625136108225e-02
1.718750000000000000e-01 -1.091833033361173655e-01
1.728515625000000000e-01 2.751740164466617844e-02
1.738281250000000000e-01 1.195230501261395073e-01
1.748046875000000000e-01 5.183340300320887772e-02
1.757812500000000000e-01 -5.548868570175465205e-03
1.767578125000000000e-01 -1.045041952603632980e-02
1.777343750000000000e-01 -3.722953149869168143e-02
1.787109375000000000e-01 6.528725040490393136e-03
1.796875000000000000e-01 -6.215703843648572036e-02
1.806640625000000000e-01 -9.983258745484907548e-02
1.816406250000000000e-01 -3.353892292464216024e-02
1.826171875000000000e-01 -6.465336917941406913e-02
1.835937500000000000e-01 -1.079691881774310497e-01
1.845703125000000000e-01 -9.600384268388173492e-02
1.855468750000000000e-01 -1.335351537300922264e-01
1.865234375000000000e-01 -1.902324065379834908e-02
1.875000000000000000e-01 5.487976954922425127e-02
1.884765625000000000e-01 -4.798406413347221927e-02
1.894531250000000000e-01 -9.183263852644579783e-02
1.904296875000000000e-01 -1.181954572525671099e-01
1.914062500000000000e-01 -1.416098066387199705e-01
1.923828125000000000e-01 -6.258817424294625675e-02
1.933593750000000000e-01 7.123518233089021212e-02
1.943359375000000000e-01 -4.207492046559507815e-02
1.953125000000000000e-01 -1.432506199536018598e-01
1.962890625000000000e-01 -1.100205446874812087e-01
1.972656250000000000e-01 -9.511123173768409877e-02
1.982421875000000000e-01 -2.868306449884098358e-02
1.992187500000000000e-01 3.073573058259228274e-02
2.001953125000000000e-01 -6.948772919825273175e-02
2.011718750000000000e-01 -1.475163089802992555e-03
2.021484375000000000e-01 3.024131867062605436e-02
2.031250000000000000e-01 -7.264340974988667265e-02
2.041015625000000000e-01 -1.445412654024561538e-01
2.050781250000000000e-01 -9.344528155323034158e-02
2.060546875000000000e-01 9.844791482251953607e-02
2.070312500000000000e-01 6.885644018292651214e-02
2.080078125000000000e-01 1.662659587589830970e-02
2.089843750000000000e-01 -8.804733044997922753e-02
2.099609375000000000e-01 5.327143768513480093e-02
2.109375000000000000e-01 1.827210676720325833e-01
2.119140625000000000e-01 5.975978068160309881e-02
2.128906250000000000e-01 6.658380215890231935e-02
2.138671875000000000e-01 -1.251383559612015764e-02
2.148437500000000000e-01 -1.233014351228192002e-01
2.158203125000000000e-01 -1.140450431803182729e-01
2.167968750000000000e-01 -1.318948973952424053e-01
2.177734375000000000e-01 8.844843237782061551e-02
2.187500000000000000e-01 1.966550739279547891e-02
2.197265625000000000e-01 -7.394313931918589100e-02
2.207031250000000000e-01 3.394809863651757770e-02
2.216796875000000000e-01 8.165956902434989839e-02
2.226562500000000000e-01 -1.190096222707270612e-01
2.236328125000000000e-01 -2.705795574735863074e-01
2.246093750000000000e-01 -2.186383788302877912e-02
2.255859375000000000e-01 -8.426227196373577144e-02
2.265625000000000000e-01 -1.757128742124904053e-01
2.275390625000000000e-01 -1.021057312105706494e-01
2.285156250000000000e-01 -8.109808332843542258e-03
2.294921875000000000e-01 1.057885582465635521e-01
2.304687500000000000e-01 6.166382256123290051e-02
2.314453125000000000e-01 4.990329324927703786e-02
2.324218750000000000e-01 2.090470808789410273e-01
2.333984375000000000e-01 1.631720201256493807e-01
2.343750000000000000e-01 7.413326689748273718e-03
2.353515625000000000e-01 -1.228683040245377028e-01
2.363281250000000000e-01 -1.023285939805231304e-01
2.373046875000000000e-01 -4.292264324769239081e-02
2.382812500000000000e-01 7.226546763644434938e-04
2.392578125000000000e-01 -2.712535071522132607e-02
2.402343750000000000e-01 1.085977470625278246e-01
2.412109375000000000e-01 1.242205463903338497e-01
2.421875000000000000e-01 -1.484319727510121853e-02
2.431640625000000000e-01 -3.212528915914388689e-02
2.441406250000000000e-01 -5.808525849375190814e-02
2.451171875000000000e-01 3.462614275366238115e-02
2.460937500000000000e-01 5.129706851917932575e-02
2.470703125000000000e-01 -2.751705642763625781e-02
2.480468750000000000e-01 -3.277690016196015133e-02
2.490234375000000000e-01 -7.115781464964597569e-02
2.500000000000000000e-01 -1.204309372020448757e-02
2.509765625000000000e-01 -6.672390294475567807e-02
2.519531250000000000e-01 -1.240527180300343008e-01
2.529296875000000000e-01 -1.552010267213832229e-01
2.539062500000000000e-01 -5.331991756380444897e-02
2.548828125000000000e-01 -4.477617872916098141e-02
2.558593750000000000e-01 -5.622249378236240241e-02
2.568359375000000000e-01 -1.959004877943348599e-01
2.578125000000000000e-01 -3.000071822738341609e-01
2.587890625000000000e-01 -1.040027139243719506e-01
2.597656250000000000e-01 1.923186727158074094e-01
2.607421875000000000e-01 2.451611560756489921e-02
2.617187500000000000e-01 -1.046039127097536103e-01
2.626953125000000000e-01 2.810425938146789843e-02
2.636718750000000000e-01 1.136897640661383990e-01
2.646484375000000000e-01 5.633688812622239528e-02
2.656250000000000000e-01 7.768705857204119547e-02
2.666015625000000000e-01 1.120829850084491125e-01
2.675781250000000000e-01 3.928514959746196716e-02
2.685546875000000000e-01 1.063313286632439625e-01
2.695312500000000000e-01 -2.002902071357743133e-02
2.705078125000000000e-01 -2.328200276248828804e-01
2.714843750000000000e-01 -1.676641638438241405e-02
2.724609375000000000e-01 1.778682532841118283e-02
2.734375000000000000e-01 -1.313847576996289568e-01
2.744140625000000000e-01 -1.570621097448684500e-01
2.753906250000000000e-01 -1.992222036144962460e-01
2.763671875000000000e-01 8.074300842403615147e-03
2.773437500000000000e-01 4.487455351868441938e-02
2.783203125000000000e-01 5.112948968730822441e-02
2.792968750000000000e-01 2.453444342346245144e-01
2.802734375000000000e-01 1.232534236427975938e-01
2.812500000000000000e-01 6.217274328424349239e-02
2.822265625000000000e-01 1.670385894915969727e-01
2.832031250000000000e-01 6.546453228222239538e-04
2.841796875000000000e-01 -1.666963706218709262e-01
2.851562500000000000e-01 -1.563604972709674579e-01
2.861328125000000000e-01 5.045623345503334051e-02
2.871093750000000000e-01 1.542509533228892948e-01
2.880859375000000000e-01 1.393163317270860180e-01
2.890625000000000000e-01 1.336405452305302610e-01
2.900390625000000000e-01 1.054945330149590355e-01
2.910156250000000000e-01 -8.492622952639757028e-03
2.919921875000000000e-01 -2.316423023660482972e-01
2.929687500000000000e-01 -2.415399462039503620e-01
2.939453125000000000e-01 -1.113842412260943743e-01
2.949218750000000000e-01 -2.704831473489444083e-02
2.958984375000000000e-01 -4.899667698198272719e-02
2.968750000000000000e-01 -5.770574338652654199e-03
2.978515625000000000e-01 -6.758191392113949147e-02
2.988281250000000000e-01 -5.017085263698300296e-02
2.998046875000000000e-01 7.902417744212809902e-02
3.007812500000000000e-01 4.573387547137226783e-02
3.017578125000000000e-01 -1.147015828443233992e-01
3.027343750000000000e-01 -1.267661731967028582e-01
3.037109375000000000e-01 1.946993673106588163e-02
3.046875000000000000e-01 -5.383454810506977523e-02
3.056640625000000000e-01 -1.175702904974731955e-01
3.066406250000000000e-01 -3.318056664971430481e-02
3.076171875000000000e-01 4.541022707284626293e-03
3.085937500000000000e-01 2.563223642879175132e-02
3.095703125000000000e-01 1.362671235521474011e-01
3.105468750000000000e-01 1.640694311746602185e-01
3.115234375000000000e-01 6.912165263147936056e-02
3.125000000000000000e-01 -3.599617704831973436e-02
3.134765625000000000e-01 -9.454457325330059558e-02
3.144531250000000000e-01 -1.118054603114236739e-01
3.154296875000000000e-01 -8.671273067922211086e-02
3.164062500000000000e-01 -1.544250614501457008e-01
3.173828125000000000e-01 -8.593430225669021483e-02
3.183593750000000000e-01 1.859851196531517314e-02
3.193359375000000000e-01 2.933480962090531663e-02
3.203125000000000000e-01 1.322622169367892661e-02
3.212890625000000000e-01 -4.499853766926137366e-02
3.222656250000000000e-01 -7.798158801931870387e-02
3.232421875000000000e-01 -1.760630622237270571e-01
3.242187500000000000e-01 -1.735745355401996370e-01
3.251953125000000000e-01 2.061392132482952472e-02
3.261718750000000000e-01 2.110326306322353740e-01
3.271484375000000000e-01 7.175984015068742616e-02
3.281250000000000000e-01 2.931370434399594577e-02
3.291015625000000000e-01 -1.605963592650612171e-01
3.300781250000000000e-01 -3.198480759624128256e-01
3.310546875000000000e-01 -2.997907210117616850e-01
3.320312500000000000e-01 -1.488297646764228932e-01
3.330078125000000000e-01 -3.961304096988700618e-02
3.339843750000000000e-01 -3.813122987471312397e-02
3.349609375000000000e-01 -3.675130120705348558e-02
3.359375000000000000e-01 6.734527848455761079e-02
3.369140625000000000e-01 4.984593318057572303e-02
3.378906250000000000e-01 -3.792353537443823169e-02
3.388671875000000000e-01 -1.506837963429045191e-01
3.398437500000000000e-01 -2.522362667735233988e-01
3.408203125000000000e-01 -2.447940694428073563e-02
3.417968750000000000e-01 1.317625240035161793e-01
3.427734375000000000e-01 1.356575508090576872e-02
3.437500000000000000e-01 -3.182732118874334604e-02
3.447265625000000000e-01 9.433098652130844641e-02
3.457031250000000000e-01 1.200817540050081178e-01
3.466796875000000000e-01 1.059193712462460080e-01
3.476562500000000000e-01 4.738801629770893198e-02
3.486328125000000000e-01 -1.000183922331001046e-03
3.496093750000000000e-01 -8.642439895512099568e-02
3.505859375000000000e-01 -5.894196354776807742e-03
3.515625000000000000e-01 -1.158415413652885001e-02
3.525390625000000000e-01 -6.000252507904708932e-02
3.535156250000000000e-01 -2.679235983990096298e-02
3.544921875000000000e-01 -4.538669840866573629e-02
3.554687500000000000e-01 -2.183676666202896688e-02
3.564453125000000000e-01 -2.867130199218306114e-02
3.574218750000000000e-01 -3.947082064633532922e-02
3.583984375000000000e-01 9.592527823774582574e-02
3.593750000000000000e-01 6.823537770574648539e-03
3.603515625000000000e-01 -4.358004428314431883e-02
3.613281250000000000e-01 1.620717364629820079e-02
3.623046875000000000e-01 2.226618101759036180e-03
3.632812500000000000e-01 5.102244956029081124e-02
3.642578125000000000e-01 1.178580890372676049e-01
3.652343750000000000e-01 1.129409906651182571e-01
3.662109375000000000e-01 -1.904966680216895955e-02
3.671875000000000000e-01 -1.028716409454936975e-01
3.681640625000000000e-01 -9.198069908968972697e-02
3.691406250000000000e-01 -7.258477175505745338e-02
3.701171875000000000e-01 3.714722398917293111e-02
3.710937500000000000e-01 2.399463510365452273e-02
3.720703125000000000e-01 9.491197848911777724e-04
3.730468750000000000e-01 -5.079951482232372001e-02
3.740234375000000000e-01 -1.277478447130020178e-01
3.750000000000000000e-01 -1.227806722691808516e-01
3.759765625000000000e-01 -9.241295814393214736e-02
3.769531250000000000e-01 -5.961431899668010598e-02
3.779296875000000000e-01 -7.062895136904413784e-02
3.789062500000000000e-01 -1.478224992851306097e-01
3.798828125000000000e-01 -1.761984900578502100e-01
3.808593750000000000e-01 -3.855578341108944606e-03
3.818359375000000000e-01 -1.504809303965658554e-02
3.828125000000000000e-01 -5.240339994140555402e-02
3.837890625000000000e-01 -2.154584028886388225e-01
3.847656250000000000e-01 -1.650404130424019955e-01
3.857421875000000000e-01 7.790790341079220638e-02
3.867187500000000000e-01 3.301156571549013208e-02
3.876953125000000000e-01 -5.297704447407412809e-02
3.886718750000000000e-01 8.343130216841995739e-02
3.896484375000000000e-01 1.146504606591491615e-01
3.906250000000000000e-01 9.849932812367973023e-02
3.916015625000000000e-01 6.124285166977341821e-02
3.925781250000000000e-01 -2.696327808333369436e-02
3.935546875000000000e-01 -7.682534757117696900e-02
3.945312500000000000e-01 3.717395937449036181e-02
3.955078125000000000e-01 1.572009144086483623e-01
3.964843750000000000e-01 5.394101031762445903e-02
3.974609375000000000e-01 1.885211230622906020e-02
3.984375000000000000e-01 2.630798719735778432e-02
3.994140625000000000e-01 3.431602158900218941e-02
4.003906250000000000e-01 1.439269104965079371e-01
4.013671875000000000e-01 2.262501723540058240e-01
4.023437500000000000e-01 6.122392647482068767e-02
4.033203125000000000e-01 -2.249552955449623387e-02
4.042968750000000000e-01 1.299263236055301640e-01
4.052734375000000000e-01 -1.430291807469222763e-02
4.062500000000000000e-01 -4.442807332096795209e-02
4.072265625000000000e-01 -2.021228059205756877e-02
4.082031250000000000e-01 1.294396409411124362e-02
4.091796875000000000e-01 1.940789055308708433e-01
4.101562500000000000e-01 1.291099319952445368e-01
4.111328125000000000e-01 2.906955994624887962e-02
4.121093750000000000e-01 4.652780332977052638e-03
4.130859375000000000e-01 1.546596570771511803e-01
4.140625000000000000e-01 1.177961352098308295e-01
4.150390625000000000e-01 2.372539147067442757e-03
4.160156250000000000e-01 -9.812621753564855151e-03
4.169921875000000000e-01 -4.618120154771920838e-02
4.179687500000000000e-01 -6.699783503517747763e-02
4.189453125000000000e-01 5.231344489068241732e-02
4.199218750000000000e-01 -3.318764586892027080e-02
4.208984375000000000e-01 -2.936151477446533389e-02
4.218750000000000000e-01 -4.932161185937108949e-02
4.228515625000000000e-01 -8.172745320656021883e-02
4.238281250000000000e-01 7.704201103222724223e-02
4.248046875000000000e-01 2.917822281957508368e-01
4.257812500000000000e-01 3.423972439630285081e-01
4.267578125000000000e-01 2.026683472538017838e-01
4.277343750000000000e-01 3.375077843287722923e-02
4.287109375000000000e-01 3.596640714423340879e-02
4.296875000000000000e-01 -1.953435240551761043e-02
4.306640625000000000e-01 -8.454019880592945901e-02
4.316406250000000000e-01 -4.873645057110787687e-02
4.326171875000000000e-01 -1.351153052418655465e-01
4.335937500000000000e-01 5.136918050822234308e-03
4.345703125000000000e-01 7.803179155417522272e-02
4.355468750000000000e-01 8.361103598573713103e-02
4.365234375000000000e-01 3.909248665514105520e-02
4.375000000000000000e-01 2.256290222727674530e-02
4.384765625000000000e-01 5.032567902374178448e-02
4.394531250000000000e-01 6.305253498744356477e-02
4.404296875000000000e-01 4.377203589090121472e-02
4.414062500000000000e-01 3.969470609311456788e-02
4.423828125000000000e-01 8.061711903875629082e-02
4.433593750000000000e-01 -1.822837533877886412e-02
4.443359375000000000e-01 8.964258205478827651e-03
4.453125000000000000e-01 3.592255565866554756e-02
4.462890625000000000e-01 -2.079873794472959087e-03
4.472656250000000000e-01 -3.684982939939097230e-02
4.482421875000000000e-01 -2.233537824223129353e-02
4.492187500000000000e-01 -1.728668250006521953e-02
4.501953125000000000e-01 4.829918670508076550e-02
4.511718750000000000e-01 6.285044714341678218e-02
4.521484375000000000e-01 -1.003127506581395212e-01
4.531250000000000000e-01 -1.939086849132800883e-01
4.541015625000000000e-01 -1.373341630616159159e-01
4.550781250000000000e-01 2.867148483006948245e-02
4.560546875000000000e-01 1.801358013295621674e-01
4.570312500000000000e-01 1.803727583076126031e-02
4.580078125000000000e-01 -2.087957014275703127e-01
4.589843750000000000e-01 -9.211347078625245488e-02
4.599609375000000000e-01 3.376237063431108271e-02
4.609375000000000000e-01 1.077160633887523089e-01
4.619140625000000000e-01 2.272560519939484935e-01
4.628906250000000000e-01 1.127720092243595373e-01
4.638671875000000000e-01 3.697233767747119815e-02
4.648437500000000000e-01 3.571257020513286112e-02
4.658203125000000000e-01 -7.215144857563707270e-02
4.667968750000000000e-01 -5.430117843609368056e-02
4.677734375000000000e-01 -2.114542722875661918e-02
4.687500000000000000e-01 -1.287473002263734255e-02
4.697265625000000000e-01 1.126881551248020419e-01
4.707031250000000000e-01 1.304729729747756140e-01
4.716796875000000000e-01 -4.213676763377433021e-02
4.726562500000000000e-01 -9.902463066452540930e-02
4.736328125000000000e-01 3.631715944040213306e-02
4.746093750000000000e-01 -5.011248980077653153e-02
4.755859375000000000e-01 -1.700099967540948942e-01
4.765625000000000000e-01 -3.694310168769333880e-02
4.775390625000000000e-01 1.713089427790678854e-01
4.785156250000000000e-01 2.210003531708307212e-01
4.794921875000000000e-01 3.921322918263476370e-02
4.804687500000000000e-01 -2.419329191567141935e-02
4.814453125000000000e-01 1.324788058281149011e-02
4.824218750000000000e-01 1.147658086002449618e-01
4.833984375000000000e-01 -2.457375419415427573e-02
4.843750000000000000e-01 -9.387155848513890899e-02
4.853515625000000000e-01 7.640481923365682881e-02
4.863281250000000000e-01 7.559224893462584971e-02
4.873046875000000000e-01 1.188428065484976003e-02
4.882812500000000000e-01 -1.787982990576922684e-02
4.892578125000000000e-01 1.285833710538057326e-02
4.902343750000000000e-01 -1.088274256333217616e-01
4.912109375000000000e-01 -1.065378247362841480e-01
4.921875000000000000e-01 -7.572677159815006942e-02
4.931640625000000000e-01 9.678600407466292355e-03
4.941406250000000000e-01 -8.754087307661410911e-02
4.951171875000000000e-01 -1.070144770721084826e-01
4.960937500000000000e-01 -9.609683793925959117e-02
4.970703125000000000e-01 -1.814274149645922762e-01
4.980468750000000000e-01 -1.630277406510608484e-01
4.990234375000000000e-01 -2.271431206176655060e-02
