-5.000000000000000000e-01 -5.956287631633086832e+00
-4.990234375000000000e-01 -5.883333734448511265e+00
-4.980468750000000000e-01 -5.915546452204470285e+00
-4.970703125000000000e-01 -6.032453934427191911e+00
-4.960937500000000000e-01 -5.930589242876738609e+00
-4.951171875000000000e-01 -5.836613857093216673e+00
-4.941406250000000000e-01 -6.016596949222476454e+00
-4.931640625000000000e-01 -6.011114621049390649e+00
-4.921875000000000000e-01 -6.004208823878768087e+00
-4.912109375000000000e-01 -5.872400005103711962e+00
-4.902343750000000000e-01 -5.704839804302586970e+00
-4.892578125000000000e-01 -5.563621895768387837e+00
-4.882812500000000000e-01 -5.497090475431579470e+00
-4.873046875000000000e-01 -5.356277501771336880e+00
-4.863281250000000000e-01 -5.320987852290336662e+00
-4.853515625000000000e-01 -5.123990728457404664e+00
-4.843750000000000000e-01 -5.006669807640076186e+00
-4.833984375000000000e-01 -4.961676876411779347e+00
-4.824218750000000000e-01 -4.709294725599499465e+00
-4.814453125000000000e-01 -4.559826868567451008e+00
-4.804687500000000000e-01 -4.508403858375124251e+00
-4.794921875000000000e-01 -4.339418823747093867e+00
-4.785156250000000000e-01 -4.144167212039323367e+00
-4.775390625000000000e-01 -4.101184575291084045e+00
-4.765625000000000000e-01 -3.918992439691082907e+00
-4.755859375000000000e-01 -3.676212729282679170e+00
-4.746093750000000000e-01 -3.627989845938587088e+00
-4.736328125000000000e-01 -3.537114271513435160e+00
-4.726562500000000000e-01 -3.436203987174060615e+00
-4.716796875000000000e-01 -3.319066276395608472e+00
-4.707031250000000000e-01 -3.101315395344604209e+00
-4.697265625000000000e-01 -2.980441814204967788e+00
-4.687500000000000000e-01 -2.843369025978549125e+00
-4.677734375000000000e-01 -2.610959605834426878e+00
-4.667968750000000000e-01 -2.636729820022598592e+00
-4.658203125000000000e-01 -2.593933921952484400e+00
-4.648437500000000000e-01 -2.517987002595148738e+00
-4.638671875000000000e-01 -2.317028482938762846e+00
-4.628906250000000000e-01 -2.166041800058857270e+00
-4.619140625000000000e-01 -2.028507803831757883e+00
-4.609375000000000000e-01 -1.800625309720518485e+00
-4.599609375000000000e-01 -1.783156148079152237e+00
-4.589843750000000000e-01 -1.930551723671898534e+00
-4.580078125000000000e-01 -1.908363546062382676e+00
-4.570312500000000000e-01 -1.716951843914907627e+00
-4.560546875000000000e-01 -1.549075368772050210e+00
-4.550781250000000000e-01 -1.455334929429145774e+00
-4.541015625000000000e-01 -1.382708213875067704e+00
-4.531250000000000000e-01 -1.200153024136503710e+00
-4.521484375000000000e-01 -1.142385323064031954e+00
-4.511718750000000000e-01 -1.068739737495624897e+00
-4.501953125000000000e-01 -9.770214082171267966e-01
-4.492187500000000000e-01 -9.118242023711392585e-01
-4.482421875000000000e-01 -8.815661759380321039e-01
-4.472656250000000000e-01 -7.525875283266811877e-01
-4.462890625000000000e-01 -7.317566487793765173e-01
-4.453125000000000000e-01 -7.189986134575661048e-01
-4.443359375000000000e-01 -5.521141494423691398e-01
-4.433593750000000000e-01 -5.897470786454707126e-01
-4.423828125000000000e-01 -6.311083271833499708e-01
-4.414062500000000000e-01 -5.142268713658582069e-01
-4.404296875000000000e-01 -4.985034288141721448e-01
-4.394531250000000000e-01 -4.256446302586401886e-01
-4.384765625000000000e-01 -3.761490510021152645e-01
-4.375000000000000000e-01 -3.205313009190618456e-01
-4.365234375000000000e-01 -3.094867054187493416e-01
-4.355468750000000000e-01 -3.200523672041243883e-01
-4.345703125000000000e-01 -4.485724026871687475e-01
-4.335937500000000000e-01 -3.096602939106579688e-01
-4.326171875000000000e-01 -2.938227064525545940e-01
-4.316406250000000000e-01 -2.826428159358288505e-01
-4.306640625000000000e-01 -2.110136805755430389e-01
-4.296875000000000000e-01 -1.671356415633027392e-01
-4.287109375000000000e-01 -1.171468285268873061e-01
-4.277343750000000000e-01 -1.747965949370115790e-01
-4.267578125000000000e-01 -2.935707536517205840e-01
-4.257812500000000000e-01 -1.164830573054572160e-01
-4.248046875000000000e-01 3.582891481955444157e-02
-4.238281250000000000e-01 -5.413895033055744072e-02
-4.228515625000000000e-01 -1.133378204983940818e-01
-4.218750000000000000e-01 -4.775291787620802864e-02
-4.208984375000000000e-01 -2.406819265021027665e-02
-4.199218750000000000e-01 1.089769969720041009e-03
-4.189453125000000000e-01 -1.230968361898502894e-01
-4.179687500000000000e-01 -5.881231287048534206e-02
-4.169921875000000000e-01 1.103828614459254204e-01
-4.160156250000000000e-01 6.485756375690382436e-02
-4.150390625000000000e-01 -8.883720962119921738e-02
-4.140625000000000000e-01 -1.982374058424560270e-01
-4.130859375000000000e-01 -1.390855906107821005e-01
-4.121093750000000000e-01 -4.249442219735523329e-02
-4.111328125000000000e-01 -1.222774333784798495e-01
-4.101562500000000000e-01 -1.082814421903993685e-01
-4.091796875000000000e-01 -1.067538063803959020e-01
-4.082031250000000000e-01 -9.297064611516565880e-02
-4.072265625000000000e-01 -1.090569788517461829e-02
-4.062500000000000000e-01 6.829081240353614135e-02
-4.052734375000000000e-01 1.092378210551300244e-01
-4.042968750000000000e-01 7.539757200887607647e-02
-4.033203125000000000e-01 6.525249052127066185e-02
-4.023437500000000000e-01 5.142265976914365405e-02
-4.013671875000000000e-01 1.306308471311599939e-01
-4.003906250000000000e-01 5.060170411614649255e-02
-3.994140625000000000e-01 -7.300459546203007244e-02
-3.984375000000000000e-01 -1.445897448398281993e-01
-3.974609375000000000e-01 3.184969551712701907e-02
-3.964843750000000000e-01 5.361328976202984348e-02
-3.955078125000000000e-01 -3.040393341943320449e-02
-3.945312500000000000e-01 -2.961242434384245802e-03
-3.935546875000000000e-01 6.688776405141845516e-02
-3.925781250000000000e-01 -4.344158483425536454e-02
-3.916015625000000000e-01 -5.614955328990253736e-02
-3.906250000000000000e-01 -4.565369505262865252e-02
-3.896484375000000000e-01 -8.367966961347268751e-02
-3.886718750000000000e-01 1.201621436979163904e-01
-3.876953125000000000e-01 2.412797699869384527e-01
-3.867187500000000000e-01 8.747565580835034438e-02
-3.857421875000000000e-01 -7.816385433472022512e-03
-3.847656250000000000e-01 -1.468842290026184938e-01
-3.837890625000000000e-01 -1.102318895838639429e-01
-3.828125000000000000e-01 -2.193916186348587177e-02
-3.818359375000000000e-01 -6.599474952328107658e-02
-3.808593750000000000e-01 -1.995080301235339915e-01
-3.798828125000000000e-01 -1.455035751748041395e-01
-3.789062500000000000e-01 -1.711279262789640321e-01
-3.779296875000000000e-01 -1.493960526825082180e-01
-3.769531250000000000e-01 -1.305981806924276789e-01
-3.759765625000000000e-01 -9.361683338554446787e-02
-3.750000000000000000e-01 3.462744267152656139e-03
-3.740234375000000000e-01 1.630385735647845585e-02
-3.730468750000000000e-01 1.238065902097094072e-03
-3.720703125000000000e-01 7.596111133652164171e-02
-3.710937500000000000e-01 1.658220952293072356e-02
-3.701171875000000000e-01 -2.693800172668116277e-02
-3.691406250000000000e-01 1.590716228544883371e-01
-3.681640625000000000e-01 5.879806636007278708e-02
-3.671875000000000000e-01 1.203398518491644170e-01
-3.662109375000000000e-01 9.126466956437942479e-02
-3.652343750000000000e-01 -3.586318197820959064e-02
-3.642578125000000000e-01 -4.373727008290108353e-02
-3.632812500000000000e-01 -3.145350251037415390e-02
-3.623046875000000000e-01 -8.539963112218887376e-02
-3.613281250000000000e-01 -9.525529756986633734e-02
-3.603515625000000000e-01 -2.178161619759037132e-02
-3.593750000000000000e-01 -2.297921727853870135e-03
-3.583984375000000000e-01 -1.864592726069023293e-02
-3.574218750000000000e-01 -4.806123296848992255e-03
-3.564453125000000000e-01 3.538287906760342189e-02
-3.554687500000000000e-01 5.830778428854885287e-02
-3.544921875000000000e-01 2.203991074041705411e-01
-3.535156250000000000e-01 1.435139058366519393e-01
-3.525390625000000000e-01 -5.756948795261027617e-03
-3.515625000000000000e-01 -1.491250943135102591e-01
-3.505859375000000000e-01 -1.713842362131165475e-01
-3.496093750000000000e-01 -2.015654826822808887e-01
-3.486328125000000000e-01 -1.102495124673825433e-01
-3.476562500000000000e-01 -6.150841958186700764e-02
-3.466796875000000000e-01 -1.143921312877972662e-01
-3.457031250000000000e-01 2.976837863214989999e-02
-3.447265625000000000e-01 2.199353587165440715e-01
-3.437500000000000000e-01 2.108516972535431633e-01
-3.427734375000000000e-01 7.843764204037170784e-02
-3.417968750000000000e-01 2.461438845491122681e-03
-3.408203125000000000e-01 1.676402361530682505e-01
-3.398437500000000000e-01 1.790931656187099708e-01
-3.388671875000000000e-01 9.619314577269554023e-02
-3.378906250000000000e-01 4.872785761434700325e-02
-3.369140625000000000e-01 8.436559872828951201e-02
-3.359375000000000000e-01 8.087963340912300569e-02
-3.349609375000000000e-01 2.619714975983102392e-02
-3.339843750000000000e-01 4.937804762848222589e-02
-3.330078125000000000e-01 -1.020865519162873769e-01
-3.320312500000000000e-01 -1.594839604369307773e-01
-3.310546875000000000e-01 -2.246626742687401757e-01
-3.300781250000000000e-01 -2.033363026074258839e-01
-3.291015625000000000e-01 -8.819203062565872386e-02
-3.281250000000000000e-01 4.759118570950841842e-02
-3.271484375000000000e-01 -3.361977948670423488e-02
-3.261718750000000000e-01 -1.483691877440060092e-01
-3.251953125000000000e-01 -2.583120013445264207e-02
-3.242187500000000000e-01 9.877447720823845367e-02
-3.232421875000000000e-01 1.194585634003947211e-01
-3.222656250000000000e-01 1.099190702414657578e-01
-3.212890625000000000e-01 8.445224708999062024e-02
-3.203125000000000000e-01 -6.387808016138933620e-02
-3.193359375000000000e-01 -1.441662995354785481e-01
-3.183593750000000000e-01 -8.265255915284944188e-02
-3.173828125000000000e-01 -1.756178217971610112e-01
-3.164062500000000000e-01 -1.407774086115181622e-01
-3.154296875000000000e-01 -6.107803784350263748e-02
-3.144531250000000000e-01 -8.784209658478585314e-02
-3.134765625000000000e-01 -5.703069027139773262e-02
-3.125000000000000000e-01 -7.614261388440958511e-02
-3.115234375000000000e-01 -2.235781661064145109e-01
-3.105468750000000000e-01 -1.201683974318912135e-01
-3.095703125000000000e-01 8.448986934157626250e-02
-3.085937500000000000e-01 1.957303885270811165e-03
-3.076171875000000000e-01 -5.522855448326240146e-02
-3.066406250000000000e-01 -9.531018298914541165e-02
-3.056640625000000000e-01 5.324005339227184247e-02
-3.046875000000000000e-01 7.661797321201824218e-02
-3.037109375000000000e-01 3.627293802948392681e-02
-3.027343750000000000e-01 -1.985164873400969976e-02
-3.017578125000000000e-01 -5.052462916052111175e-02
-3.007812500000000000e-01 -2.058996629894375985e-02
-2.998046875000000000e-01 -3.924382137335067494e-02
-2.988281250000000000e-01 8.221413413001293219e-03
-2.978515625000000000e-01 5.093628776841344075e-02
-2.968750000000000000e-01 -1.529373901301885746e-02
-2.958984375000000000e-01 -1.089617114403532705e-01
-2.949218750000000000e-01 -8.566309110949393846e-02
-2.939453125000000000e-01 -1.147386343519428975e-01
-2.929687500000000000e-01 -8.758309009263176570e-02
-2.919921875000000000e-01 -9.304517457077048082e-02
-2.910156250000000000e-01 -6.004031906370540378e-02
-2.900390625000000000e-01 9.235892357296885541e-03
-2.890625000000000000e-01 6.575550274441216425e-02
-2.880859375000000000e-01 1.264076004440807810e-01
-2.871093750000000000e-01 9.284909197654911406e-02
-2.861328125000000000e-01 4.938433685329757933e-02
-2.851562500000000000e-01 -8.847510418575336988e-02
-2.841796875000000000e-01 -9.522952103971442372e-02
-2.832031250000000000e-01 -8.494570465396738407e-03
-2.822265625000000000e-01 -2.167028542766229887e-02
-2.812500000000000000e-01 -1.881213624251474315e-01
-2.802734375000000000e-01 -5.290738227750289846e-02
-2.792968750000000000e-01 1.278971167182553770e-01
-2.783203125000000000e-01 9.213748578791945698e-02
-2.773437500000000000e-01 9.431100601378622494e-02
-2.763671875000000000e-01 1.319527945357251708e-01
-2.753906250000000000e-01 9.658852098091265381e-02
-2.744140625000000000e-01 -7.182098262262978650e-02
-2.734375000000000000e-01 -4.578554893711810764e-02
-2.724609375000000000e-01 5.185668725305397908e-02
-2.714843750000000000e-01 -1.007336139160722004e-02
-2.705078125000000000e-01 -8.983267810476069926e-02
-2.695312500000000000e-01 -6.493825482053543208e-02
-2.685546875000000000e-01 -9.709754854493071741e-02
-2.675781250000000000e-01 -9.136666253160488638e-02
-2.666015625000000000e-01 -4.847788028406432165e-02
-2.656250000000000000e-01 -4.731585155258540010e-02
-2.646484375000000000e-01 -1.162922796361008926e-01
-2.636718750000000000e-01 6.737154828106718674e-02
-2.626953125000000000e-01 1.598168394411178250e-01
-2.617187500000000000e-01 1.222819202993328516e-03
-2.607421875000000000e-01 2.742822339773309109e-02
-2.597656250000000000e-01 7.964086672650830256e-02
-2.587890625000000000e-01 9.747808007702647715e-02
-2.578125000000000000e-01 1.171714660029432725e-01
-2.568359375000000000e-01 5.638604668744316012e-02
-2.558593750000000000e-01 4.904596010064683070e-02
-2.548828125000000000e-01 8.414204971340868977e-02
-2.539062500000000000e-01 9.245443663701327641e-02
-2.529296875000000000e-01 9.003312896431626272e-04
-2.519531250000000000e-01 4.786009448369911434e-02
-2.509765625000000000e-01 1.075133164046062351e-01
-2.500000000000000000e-01 3.866736855301294157e-02
-2.490234375000000000e-01 -6.191441747021271015e-03
-2.480468750000000000e-01 8.149841900387781723e-02
-2.470703125000000000e-01 -1.761659997267410850e-03
-2.460937500000000000e-01 -2.130239402011626093e-01
-2.451171875000000000e-01 -5.736068576323302692e-02
-2.441406250000000000e-01 1.214541198009726763e-01
-2.431640625000000000e-01 1.239347292162397279e-01
-2.421875000000000000e-01 1.396208120213352499e-01
-2.412109375000000000e-01 1.542840824369074437e-01
-2.402343750000000000e-01 -1.927222731406485340e-02
-2.392578125000000000e-01 -9.488202834908442129e-02
-2.382812500000000000e-01 -1.482626687288426670e-01
-2.373046875000000000e-01 -7.013466088272300725e-02
-2.363281250000000000e-01 -5.794643371829105716e-02
-2.353515625000000000e-01 2.189908779375033740e-02
-2.343750000000000000e-01 2.384683856122772616e-02
-2.333984375000000000e-01 5.003550370193580489e-03
-2.324218750000000000e-01 3.503408717510938380e-02
-2.314453125000000000e-01 1.355586863112298035e-01
-2.304687500000000000e-01 1.628765990259482821e-01
-2.294921875000000000e-01 8.886671102737342398e-02
-2.285156250000000000e-01 4.926820193967489797e-02
-2.275390625000000000e-01 3.175684016987020963e-02
-2.265625000000000000e-01 5.470067396724358211e-02
-2.255859375000000000e-01 -2.602869047334192831e-03
-2.246093750000000000e-01 -3.841600986395857231e-02
-2.236328125000000000e-01 7.951577159024213193e-02
-2.226562500000000000e-01 5.919203707120319902e-02
-2.216796875000000000e-01 1.175308375597701981e-02
-2.207031250000000000e-01 4.368769887855909750e-02
-2.197265625000000000e-01 -8.019038160991101560e-03
-2.187500000000000000e-01 7.015847760659719989e-02
-2.177734375000000000e-01 7.790990375493224429e-02
-2.167968750000000000e-01 9.465873935197837222e-03
-2.158203125000000000e-01 -4.912620861699557029e-02
-2.148437500000000000e-01 -8.871878459134788231e-02
-2.138671875000000000e-01 -7.141762105774029923e-02
-2.128906250000000000e-01 7.134065361982132314e-02
-2.119140625000000000e-01 -1.702508999591919453e-02
-2.109375000000000000e-01 3.731876406514419292e-02
-2.099609375000000000e-01 4.372077446463402267e-02
-2.089843750000000000e-01 1.682481863158317992e-02
-2.080078125000000000e-01 9.643415474073198379e-02
-2.070312500000000000e-01 2.136667332825339938e-01
-2.060546875000000000e-01 1.543151537117449790e-01
-2.050781250000000000e-01 -5.721054489862516593e-03
-2.041015625000000000e-01 2.876533119376470382e-02
-2.031250000000000000e-01 9.883894631258921537e-02
-2.021484375000000000e-01 8.581345587733706093e-02
-2.011718750000000000e-01 -6.919372680198715951e-03
-2.001953125000000000e-01 -4.406870946216119578e-02
-1.992187500000000000e-01 -1.185784144700650564e-02
-1.982421875000000000e-01 7.495426784029800282e-02
-1.972656250000000000e-01 1.030503026034797764e-01
-1.962890625000000000e-01 1.404640637113475400e-02
-1.953125000000000000e-01 -9.065167950167668520e-02
-1.943359375000000000e-01 -1.268633527293818175e-01
-1.933593750000000000e-01 -1.068132913936284539e-01
-1.923828125000000000e-01 7.543198768228140394e-02
-1.914062500000000000e-01 1.704361016479291058e-01
-1.904296875000000000e-01 5.391956770448921854e-02
-1.894531250000000000e-01 -1.535967503751001773e-01
-1.884765625000000000e-01 -1.500056927780288873e-01
-1.875000000000000000e-01 -5.298186632302703120e-02
-1.865234375000000000e-01 -8.606315926550255069e-02
-1.855468750000000000e-01 -6.665259368471966595e-02
-1.845703125000000000e-01 -9.433237059038254713e-02
-1.835937500000000000e-01 -2.244010348576270242e-01
-1.826171875000000000e-01 -9.704593323316683395e-02
-1.816406250000000000e-01 1.619359014847911449e-01
-1.806640625000000000e-01 1.420202068350756019e-01
-1.796875000000000000e-01 1.102109827927959251e-02
-1.787109375000000000e-01 -8.000118297118746780e-03
-1.777343750000000000e-01 6.854515179011215487e-02
-1.767578125000000000e-01 -1.422575540596312735e-02
-1.757812500000000000e-01 -6.493688811363411417e-02
-1.748046875000000000e-01 5.053860590121275059e-02
-1.738281250000000000e-01 3.270667331714004200e-02
-1.728515625000000000e-01 1.480998058220927838e-01
-1.718750000000000000e-01 1.494699481417893216e-01
-1.708984375000000000e-01 2.393068367219588488e-01
-1.699218750000000000e-01 1.252609048609752418e-01
-1.689453125000000000e-01 3.449531392089925930e-02
-1.679687500000000000e-01 1.335002093735420114e-01
-1.669921875000000000e-01 2.228871243934488766e-01
-1.660156250000000000e-01 6.754177310532274991e-02
-1.650390625000000000e-01 -1.914518359230378206e-02
-1.640625000000000000e-01 6.844216313541777452e-02
-1.630859375000000000e-01 7.032516827728065023e-02
-1.621093750000000000e-01 3.719465440650664145e-02
-1.611328125000000000e-01 6.154093729132607132e-02
-1.601562500000000000e-01 9.444374143957579015e-02
-1.591796875000000000e-01 -1.363753093156388693e-02
-1.582031250000000000e-01 -1.399023239667472607e-01
-1.572265625000000000e-01 -9.772635147943933842e-02
-1.562500000000000000e-01 2.431507132828011203e-02
-1.552734375000000000e-01 -1.119642895777618052e-01
-1.542968750000000000e-01 -1.249165306275989984e-01
-1.533203125000000000e-01 -3.939043239874850597e-03
-1.523437500000000000e-01 2.739250597205710250e-02
-1.513671875000000000e-01 2.634235431775277386e-02
-1.503906250000000000e-01 1.279498526971820649e-01
-1.494140625000000000e-01 2.333381600008203535e-04
-1.484375000000000000e-01 2.308323687921679662e-02
-1.474609375000000000e-01 8.800725103539933092e-02
-1.464843750000000000e-01 1.470951958158721595e-01
-1.455078125000000000e-01 1.947255408790024844e-01
-1.445312500000000000e-01 1.849174666370224651e-01
-1.435546875000000000e-01 2.244207430262468161e-02
-1.425781250000000000e-01 -1.510257054557980760e-01
-1.416015625000000000e-01 -4.784460028478644544e-02
-1.406250000000000000e-01 -3.756402474552283932e-02
-1.396484375000000000e-01 -1.019034267876362115e-01
-1.386718750000000000e-01 -3.444704984333848280e-02
-1.376953125000000000e-01 1.169957266892334147e-01
-1.367187500000000000e-01 1.438170302985349314e-01
-1.357421875000000000e-01 -2.699744355464505155e-02
-1.347656250000000000e-01 9.716486434375343206e-02
-1.337890625000000000e-01 1.066366251255800590e-01
-1.328125000000000000e-01 -5.658369149409003124e-02
-1.318359375000000000e-01 -2.070361981442397220e-02
-1.308593750000000000e-01 -3.604656078272161501e-02
-1.298828125000000000e-01 -4.520959007859599171e-02
-1.289062500000000000e-01 -3.617555669548149638e-02
-1.279296875000000000e-01 7.928336157081666488e-03
-1.269531250000000000e-01 -8.622960896196381689e-03
-1.259765625000000000e-01 -8.870692914852375613e-03
-1.250000000000000000e-01 -6.112478478176457813e-02
-1.240234375000000000e-01 -4.133266597469455877e-03
-1.230468750000000000e-01 1.501075743102660287e-02
-1.220703125000000000e-01 -9.590825407750408482e-02
-1.210937500000000000e-01 -9.983919842518801380e-02
-1.201171875000000000e-01 -2.137000035130513093e-02
-1.191406250000000000e-01 1.690770151395491749e-01
-1.181640625000000000e-01 1.408274561934516056e-01
-1.171875000000000000e-01 3.236457220759727388e-02
-1.162109375000000000e-01 9.699920984318709249e-02
-1.152343750000000000e-01 -1.182410381325302434e-01
-1.142578125000000000e-01 -1.671490385770029730e-01
-1.132812500000000000e-01 5.743285733482705879e-02
-1.123046875000000000e-01 2.429975546515312709e-02
-1.113281250000000000e-01 5.263927231926953179e-03
-1.103515625000000000e-01 1.194339309284665404e-02
-1.093750000000000000e-01 6.678945663968752222e-02
-1.083984375000000000e-01 8.877211572049541199e-02
-1.074218750000000000e-01 7.108589174725229998e-02
-1.064453125000000000e-01 2.336638463417571310e-01
-1.054687500000000000e-01 1.889489338556836207e-01
-1.044921875000000000e-01 5.804130508786506382e-02
-1.035156250000000000e-01 -2.092403861004289711e-02
-1.025390625000000000e-01 3.214503906419740459e-02
-1.015625000000000000e-01 3.046590430680331738e-02
-1.005859375000000000e-01 5.387139630868820195e-02
-9.960937500000000000e-02 -3.769538012949296552e-02
-9.863281250000000000e-02 -1.197346614545952009e-01
-9.765625000000000000e-02 7.248861781178828068e-02
-9.667968750000000000e-02 1.924118832899694986e-01
-9.570312500000000000e-02 2.190120374505088729e-01
-9.472656250000000000e-02 1.854548623539181706e-01
-9.375000000000000000e-02 -4.837076342551412805e-02
-9.277343750000000000e-02 -4.493953002960869580e-02
-9.179687500000000000e-02 9.661996414878840436e-03
-9.082031250000000000e-02 -6.184712781553315664e-02
-8.984375000000000000e-02 4.722753253801997148e-02
-8.886718750000000000e-02 2.062405996993899315e-01
-8.789062500000000000e-02 1.195021342781981966e-01
-8.691406250000000000e-02 -8.222685838495469302e-02
-8.593750000000000000e-02 -1.229022687345499160e-01
-8.496093750000000000e-02 -6.003999896862190211e-02
-8.398437500000000000e-02 -1.080000921405463304e-01
-8.300781250000000000e-02 -2.187485080335528631e-01
-8.203125000000000000e-02 -6.974320416668436384e-02
-8.105468750000000000e-02 3.237645652601585378e-02
-8.007812500000000000e-02 -8.953837689841093184e-02
-7.910156250000000000e-02 -1.306538325282078916e-01
-7.812500000000000000e-02 -1.156253946918328751e-01
-7.714843750000000000e-02 -1.432437869567677047e-01
-7.617187500000000000e-02 2.263132064748017702e-02
-7.519531250000000000e-02 3.108957634728400921e-01
-7.421875000000000000e-02 9.734590575655531486e-02
-7.324218750000000000e-02 1.626952405517743602e-03
-7.226562500000000000e-02 5.172960049674556020e-03
-7.128906250000000000e-02 6.618523110383396635e-02
-7.031250000000000000e-02 9.877007217603051004e-02
-6.933593750000000000e-02 -7.298400834821308636e-02
-6.835937500000000000e-02 -1.560940886391209703e-01
-6.738281250000000000e-02 -8.505426382143713160e-02
-6.640625000000000000e-02 -5.818729421527987083e-02
-6.542968750000000000e-02 1.392440865771614744e-01
-6.445312500000000000e-02 1.467892737932029457e-01
-6.347656250000000000e-02 2.350316425185736691e-01
-6.250000000000000000e-02 2.640396349181873825e-01
-6.152343750000000000e-02 -4.886060183158606740e-02
-6.054687500000000000e-02 -9.147774022103308256e-02
-5.957031250000000000e-02 -2.813642303759547256e-02
-5.859375000000000000e-02 -1.640656316984891172e-02
-5.761718750000000000e-02 -1.154914299333161670e-01
-5.664062500000000000e-02 -1.786158970002825752e-01
-5.566406250000000000e-02 5.341346814657184361e-02
-5.468750000000000000e-02 7.385366145768569590e-02
-5.371093750000000000e-02 -1.009004714505617462e-01
-5.273437500000000000e-02 -1.933740484889535094e-01
-5.175781250000000000e-02 7.825337575052533634e-02
-5.078125000000000000e-02 1.127891262852270815e-01
-4.980468750000000000e-02 5.881373593767208648e-03
-4.882812500000000000e-02 -4.798360656306162320e-02
-4.785156250000000000e-02 -6.600960669758132449e-02
-4.687500000000000000e-02 3.885235072174961224e-02
-4.589843750000000000e-02 6.647934740165604983e-02
-4.492187500000000000e-02 1.272657769108744286e-01
-4.394531250000000000e-02 2.140279606955928018e-02
-4.296875000000000000e-02 -5.545265493113935712e-02
-4.199218750000000000e-02 -6.730324804296414221e-02
-4.101562500000000000e-02 7.261000577203775841e-02
-4.003906250000000000e-02 7.366613615400866011e-02
-3.906250000000000000e-02 1.217591691393359044e-01
-3.808593750000000000e-02 1.463738197927580698e-01
-3.710937500000000000e-02 1.223002425320836167e-01
-3.613281250000000000e-02 1.213741241409699301e-01
-3.515625000000000000e-02 -1.830076839459556307e-02
-3.417968750000000000e-02 -1.019866272627520387e-02
-3.320312500000000000e-02 1.765541856627644290e-01
-3.222656250000000000e-02 1.188201287112986559e-01
-3.125000000000000000e-02 -2.520841366628785371e-02
-3.027343750000000000e-02 -1.329331694816524301e-01
-2.929687500000000000e-02 -4.148090757752666280e-02
-2.832031250000000000e-02 2.173433852111180883e-02
-2.734375000000000000e-02 2.366731057283751917e-03
-2.636718750000000000e-02 -9.392135713061725011e-02
-2.539062500000000000e-02 -2.386951855649588339e-02
-2.441406250000000000e-02 1.127261024549868623e-01
-2.343750000000000000e-02 6.154538464345424981e-02
-2.246093750000000000e-02 -3.258943898233497560e-02
-2.148437500000000000e-02 -1.467802724386745583e-01
-2.050781250000000000e-02 3.311137823494040427e-02
-1.953125000000000000e-02 1.390834550846209716e-01
-1.855468750000000000e-02 8.969397770588496965e-02
-1.757812500000000000e-02 6.796455336104638423e-02
-1.660156250000000000e-02 7.108137807542462550e-02
-1.562500000000000000e-02 9.956970848664731255e-02
-1.464843750000000000e-02 1.004650821970873159e-01
-1.367187500000000000e-02 4.963054766938435058e-02
-1.269531250000000000e-02 -4.459763831616830355e-03
-1.171875000000000000e-02 1.129881079160056923e-01
-1.074218750000000000e-02 7.323450801942529842e-02
-9.765625000000000000e-03 -4.102934546327530879e-02
-8.789062500000000000e-03 -1.558077086473531603e-01
-7.812500000000000000e-03 -1.949503883671415694e-01
-6.835937500000000000e-03 -1.304297728532125555e-01
-5.859375000000000000e-03 2.380127035822537929e-02
-4.882812500000000000e-03 3.459260639778712065e-02
-3.906250000000000000e-03 9.341642219141126080e-03
-2.929687500000000000e-03 6.273178193313180828e-02
-1.953125000000000000e-03 3.997111752668772167e-02
-9.765625000000000000e-04 4.155591968187099389e-02
0.000000000000000000e+00 9.943326456122548312e-03
9.765625000000000000e-04 1.703379521607385760e-02
1.953125000000000000e-03 1.433248411243548404e-01
2.929687500000000000e-03 9.835893149706775862e-02
3.906250000000000000e-03 1.698170353469893312e-01
4.882812500000000000e-03 1.349622997706610983e-01
5.859375000000000000e-03 3.358064902760505427e-02
6.835937500000000000e-03 3.911902004421378282e-02
7.812500000000000000e-03 1.982381229592741073e-02
8.789062500000000000e-03 -2.364193610069802859e-02
9.765625000000000000e-03 1.944496099715832147e-03
1.074218750000000000e-02 -9.745264930042490947e-02
1.171875000000000000e-02 -2.656772574251350383e-01
1.269531250000000000e-02 -2.972364223264599148e-01
1.367187500000000000e-02 -2.161233962093388472e-01
1.464843750000000000e-02 -1.851202682129703125e-01
1.562500000000000000e-02 -1.642384441925675842e-01
1.660156250000000000e-02 -5.984332517851450282e-03
1.757812500000000000e-02 3.773892770672446044e-03
1.855468750000000000e-02 3.530019003119747034e-02
1.953125000000000000e-02 -2.361856762706596950e-03
2.050781250000000000e-02 -6.384083604106016718e-02
2.148437500000000000e-02 3.055910449110752630e-02
2.246093750000000000e-02 -3.363707987304249969e-02
2.343750000000000000e-02 9.200467568221998294e-02
2.441406250000000000e-02 1.631320166806190519e-01
2.539062500000000000e-02 9.060441385514468593e-02
2.636718750000000000e-02 1.788398394960244442e-01
2.734375000000000000e-02 1.671202968783067344e-01
2.832031250000000000e-02 -1.348545511875437475e-02
2.929687500000000000e-02 -6.095506298900114223e-02
3.027343750000000000e-02 1.252737088441276403e-01
3.125000000000000000e-02 1.072168917002860322e-01
3.222656250000000000e-02 -3.308522411166668620e-02
3.320312500000000000e-02 -2.650074855998618695e-02
3.417968750000000000e-02 -7.590877277642807397e-02
3.515625000000000000e-02 -6.640839187732484883e-02
3.613281250000000000e-02 -1.832002744162324406e-02
3.710937500000000000e-02 -6.567377499599461044e-02
3.808593750000000000e-02 -2.958329769264652839e-02
3.906250000000000000e-02 -1.064241951303724655e-02
4.003906250000000000e-02 -1.095163469449137034e-01
4.101562500000000000e-02 -2.712151324078211981e-02
4.199218750000000000e-02 1.118219268919692574e-02
4.296875000000000000e-02 6.364353150050323926e-02
4.394531250000000000e-02 1.230541445998761946e-01
4.492187500000000000e-02 4.656222398204520885e-02
4.589843750000000000e-02 -5.598324068680774618e-02
4.687500000000000000e-02 -1.178143767482537074e-01
4.785156250000000000e-02 -2.458590281784752557e-02
4.882812500000000000e-02 1.142154535875715554e-01
4.980468750000000000e-02 -3.441473960172387880e-02
5.078125000000000000e-02 -5.028138218428950673e-02
5.175781250000000000e-02 -1.199985843041500855e-01
5.273437500000000000e-02 -2.112197454465051805e-01
5.371093750000000000e-02 -2.320047691134162482e-02
5.468750000000000000e-02 1.607967318826885039e-01
5.566406250000000000e-02 1.768960721161541294e-01
5.664062500000000000e-02 1.721108814421558331e-01
5.761718750000000000e-02 1.937191111734718474e-01
5.859375000000000000e-02 1.130991176058469966e-01
5.957031250000000000e-02 -1.751219680473749957e-02
6.054687500000000000e-02 -1.195823463004741377e-01
6.152343750000000000e-02 -1.710664127681938984e-01
6.250000000000000000e-02 -9.017266049322388011e-02
6.347656250000000000e-02 -6.968633872518900652e-02
6.445312500000000000e-02 -1.145155867034720748e-01
6.542968750000000000e-02 -1.396800054698263058e-02
6.640625000000000000e-02 -5.791725749116031358e-02
6.738281250000000000e-02 -1.730941114301896566e-01
6.835937500000000000e-02 -6.119434311540800087e-02
6.933593750000000000e-02 1.892261246598615498e-01
7.031250000000000000e-02 1.922839970963924616e-01
7.128906250000000000e-02 6.329423354296868920e-02
7.226562500000000000e-02 -1.202675133470673952e-01
7.324218750000000000e-02 -2.677919743351883097e-01
7.421875000000000000e-02 -2.647494267075125585e-01
7.519531250000000000e-02 -1.057904908063233007e-01
7.617187500000000000e-02 6.023921300739439044e-02
7.714843750000000000e-02 2.107392190349629754e-02
7.812500000000000000e-02 -1.140919703408105335e-01
7.910156250000000000e-02 -6.892039901293027515e-02
8.007812500000000000e-02 -1.476424979436414542e-01
8.105468750000000000e-02 -1.499810641541201861e-01
8.203125000000000000e-02 -1.413414251385782250e-01
8.300781250000000000e-02 2.505424032352576019e-02
8.398437500000000000e-02 1.724608253352177822e-01
8.496093750000000000e-02 1.523507707578209969e-01
8.593750000000000000e-02 8.734009176516407957e-02
8.691406250000000000e-02 1.155046495467712542e-01
8.789062500000000000e-02 1.476659880325684460e-01
8.886718750000000000e-02 4.563281116157011374e-02
8.984375000000000000e-02 9.528675843907118137e-02
9.082031250000000000e-02 1.390833749862628865e-01
9.179687500000000000e-02 -7.927316008626415778e-03
9.277343750000000000e-02 -2.760312213351567290e-01
9.375000000000000000e-02 -1.396057532337809659e-01
9.472656250000000000e-02 -6.012571266504631445e-02
9.570312500000000000e-02 1.492483317042223867e-01
9.667968750000000000e-02 1.908348352041440432e-01
9.765625000000000000e-02 8.687775690858663691e-02
9.863281250000000000e-02 6.910461507743276277e-02
9.960937500000000000e-02 -5.690029480027282774e-03
1.005859375000000000e-01 -5.507418812997149499e-02
1.015625000000000000e-01 7.686571692762786401e-02
1.025390625000000000e-01 1.685989592679587590e-01
1.035156250000000000e-01 6.223879408287413817e-02
1.044921875000000000e-01 -8.832691206880552426e-02
1.054687500000000000e-01 -1.165436071739307106e-01
1.064453125000000000e-01 -1.442498578394855735e-01
1.074218750000000000e-01 2.837701383964824978e-02
1.083984375000000000e-01 4.354021778676316762e-02
1.093750000000000000e-01 -8.785057195821147080e-02
1.103515625000000000e-01 -1.383008246974171684e-01
1.113281250000000000e-01 -3.443493064380039048e-02
1.123046875000000000e-01 1.275631374911490729e-02
1.132812500000000000e-01 1.107371113767897236e-02
1.142578125000000000e-01 4.346644512299527308e-02
1.152343750000000000e-01 7.801958987966753356e-02
1.162109375000000000e-01 6.930170862514041519e-02
1.171875000000000000e-01 7.702803088527904185e-02
1.181640625000000000e-01 -3.115017435287023018e-01
1.191406250000000000e-01 -2.717367005864469442e-01
1.201171875000000000e-01 -1.484666278584577739e-02
1.210937500000000000e-01 6.836292744261543777e-03
1.220703125000000000e-01 1.266349467108513205e-01
1.230468750000000000e-01 2.401213610618013472e-01
1.240234375000000000e-01 3.879146672089348741e-02
1.250000000000000000e-01 -4.312851981257617706e-02
1.259765625000000000e-01 2.097021570945748620e-02
1.269531250000000000e-01 2.771819215500976458e-02
1.279296875000000000e-01 1.330579564909395267e-02
1.289062500000000000e-01 -4.189384367983294000e-03
1.298828125000000000e-01 -4.097076633406286639e-02
1.308593750000000000e-01 -7.594984119012060386e-02
1.318359375000000000e-01 -2.595002931200515728e-02
1.328125000000000000e-01 -7.656815633341601535e-02
1.337890625000000000e-01 -9.405861523220086784e-02
1.347656250000000000e-01 -9.622695848593887380e-02
1.357421875000000000e-01 7.014070316292545827e-03
1.367187500000000000e-01 1.647241749254059195e-01
1.376953125000000000e-01 6.558119531555536841e-02
1.386718750000000000e-01 -2.739809052944069262e-02
1.396484375000000000e-01 3.928230952672021048e-02
1.406250000000000000e-01 4.732892685265181060e-02
1.416015625000000000e-01 9.925456711173475180e-03
1.425781250000000000e-01 2.014250000383038114e-02
1.435546875000000000e-01 -6.685547000573605417e-03
1.445312500000000000e-01 -2.132241816124344491e-01
1.455078125000000000e-01 -2.039980137896451814e-02
1.464843750000000000e-01 7.328748396777030882e-02
1.474609375000000000e-01 3.318537799862128490e-02
1.484375000000000000e-01 3.086377940071642883e-03
1.494140625000000000e-01 2.995942405360944166e-02
1.503906250000000000e-01 4.369444882934905849e-02
1.513671875000000000e-01 6.327176550324134507e-02
1.523437500000000000e-01 1.710395367041160353e-01
1.533203125000000000e-01 1.648407591208813083e-01
1.542968750000000000e-01 1.829073927215011108e-01
1.552734375000000000e-01 2.498420950164442211e-01
1.562500000000000000e-01 3.711331086000818624e-02
1.572265625000000000e-01 -1.170927393577731596e-01
1.582031250000000000e-01 -3.649589585893254357e-02
1.591796875000000000e-01 -1.207606431734876140e-01
1.601562500000000000e-01 -8.069182059118441830e-02
1.611328125000000000e-01 -4.453666804224958725e-02
1.621093750000000000e-01 -6.413019244032307220e-02
1.630859375000000000e-01 -3.857542265279385180e-02
1.640625000000000000e-01 2.473818635757791401e-02
1.650390625000000000e-01 -3.111512960145948817e-02
1.660156250000000000e-01 -4.246716624500854881e-02
1.669921875000000000e-01 -1.616624532874042508e-01
1.679687500000000000e-01 -1.885204445021899655e-01
1.689453125000000000e-01 -1.188551211414921351e-02
1.699218750000000000e-01 5.868885952867813893e-02
1.708984375000000000e-01 1.312025185616065397e-02
1.718750000000000000e-01 -1.139362569460454777e-01
1.728515625000000000e-01 -1.435598217118311537e-01
1.738281250000000000e-01 9.305035163176500479e-02
1.748046875000000000e-01 1.270254077090363365e-01
1.757812500000000000e-01 1.465068803144022325e-01
1.767578125000000000e-01 2.045793027886286947e-02
1.777343750000000000e-01 9.053408304841081833e-03
1.787109375000000000e-01 5.228273577164376656e-02
1.796875000000000000e-01 9.869625912264628348e-03
1.806640625000000000e-01 -5.517126058879577577e-02
1.816406250000000000e-01 2.057905469179496100e-03
1.826171875000000000e-01 7.129226570687587083e-02
1.835937500000000000e-01 9.100991353753137836e-02
1.845703125000000000e-01 1.952330795330269389e-02
1.855468750000000000e-01 -7.614435229317662208e-03
1.865234375000000000e-01 1.714563135144948069e-01
1.875000000000000000e-01 2.098256827734498176e-01
1.884765625000000000e-01 2.670456582898029368e-02
1.894531250000000000e-01 -8.230995208525232476e-02
1.904296875000000000e-01 1.048481081794309933e-01
1.914062500000000000e-01 2.536228218696438552e-01
1.923828125000000000e-01 2.845606939159098792e-01
1.933593750000000000e-01 2.075315821519135573e-01
1.943359375000000000e-01 1.119386940005342168e-01
1.953125000000000000e-01 2.148511973652890705e-01
1.962890625000000000e-01 1.294240638794818543e-01
1.972656250000000000e-01 -8.094678201018266905e-02
1.982421875000000000e-01 -7.358296769537991944e-02
1.992187500000000000e-01 -5.701290618700811420e-03
2.001953125000000000e-01 3.277962018265855731e-02
2.011718750000000000e-01 4.081564775690400826e-02
2.021484375000000000e-01 -1.132155477332820979e-02
2.031250000000000000e-01 -3.056378738921698007e-02
2.041015625000000000e-01 -8.357991939539234638e-02
2.050781250000000000e-01 -9.575896197318278791e-02
2.060546875000000000e-01 7.193594257019844673e-02
2.070312500000000000e-01 4.168330439288536748e-02
2.080078125000000000e-01 1.000110628080603560e-02
2.089843750000000000e-01 -9.635687065671881546e-04
2.099609375000000000e-01 5.807383098802630650e-02
2.109375000000000000e-01 1.523330040142308328e-01
2.119140625000000000e-01 -1.658879393840618013e-02
2.128906250000000000e-01 -2.141664136518658945e-01
2.138671875000000000e-01 -2.224138719936878394e-01
2.148437500000000000e-01 -1.426225461044947629e-01
2.158203125000000000e-01 5.976151144840441409e-02
2.167968750000000000e-01 1.114437552302277451e-01
2.177734375000000000e-01 9.310377555805404715e-02
2.187500000000000000e-01 -6.908262109727400513e-02
2.197265625000000000e-01 7.646778977835744576e-03
2.207031250000000000e-01 7.381683275295503055e-02
2.216796875000000000e-01 -1.527659673719701794e-01
2.226562500000000000e-01 -1.411536982051210254e-01
2.236328125000000000e-01 2.601789239819702823e-02
2.246093750000000000e-01 -1.731348752689291712e-02
2.255859375000000000e-01 -9.323357050207251029e-02
2.265625000000000000e-01 5.217604741008271922e-03
2.275390625000000000e-01 -1.844884638021426077e-02
2.285156250000000000e-01 5.407288752886379871e-04
2.294921875000000000e-01 4.231721587498252918e-02
2.304687500000000000e-01 5.261665205998242167e-02
2.314453125000000000e-01 -8.053420533532119896e-02
2.324218750000000000e-01 7.622024509295080574e-02
2.333984375000000000e-01 2.636887401446253443e-01
2.343750000000000000e-01 1.474938159132677395e-01
2.353515625000000000e-01 1.142217076604052362e-01
2.363281250000000000e-01 3.747773986589874456e-02
2.373046875000000000e-01 -1.148176078350285623e-01
2.382812500000000000e-01 -4.175513757824975136e-02
2.392578125000000000e-01 -6.215641281580385619e-02
2.402343750000000000e-01 -1.746443097546377943e-01
2.412109375000000000e-01 -2.516348398166773914e-01
2.421875000000000000e-01 -1.990700262972847079e-01
2.431640625000000000e-01 -1.138654416792082014e-01
2.441406250000000000e-01 -6.618001046239721519e-02
2.451171875000000000e-01 -8.336203259098073914e-02
2.460937500000000000e-01 8.466194993015847825e-02
2.470703125000000000e-01 1.174595595918224850e-01
2.480468750000000000e-01 1.642299861097283320e-01
2.490234375000000000e-01 1.190896568122516430e-01
2.500000000000000000e-01 5.995523201867239416e-02
2.509765625000000000e-01 2.611280815626191784e-02
2.519531250000000000e-01 -5.250006458156239453e-02
2.529296875000000000e-01 -1.077325533553904341e-01
2.539062500000000000e-01 -2.018553334452024561e-01
2.548828125000000000e-01 -1.402188527259414508e-01
2.558593750000000000e-01 -9.426737522375006062e-02
2.568359375000000000e-01 -2.931617955088043626e-02
2.578125000000000000e-01 1.399185878532290331e-02
2.587890625000000000e-01 4.059426975432453219e-03
2.597656250000000000e-01 7.793954887629042649e-02
2.607421875000000000e-01 2.247657679772756267e-02
2.617187500000000000e-01 -2.140884124147564016e-01
2.626953125000000000e-01 -3.574846072637575256e-01
2.636718750000000000e-01 -3.091559911960503615e-01
2.646484375000000000e-01 -3.045286206386751404e-01
2.656250000000000000e-01 -1.938017141962835865e-01
2.666015625000000000e-01 9.302510680192735415e-03
2.675781250000000000e-01 1.840428005614295204e-01
2.685546875000000000e-01 2.420553558046849296e-01
2.695312500000000000e-01 -6.488092791023084005e-02
2.705078125000000000e-01 -9.880708308185975897e-02
2.714843750000000000e-01 -1.814042562609229775e-02
2.724609375000000000e-01 1.826646273842018678e-02
2.734375000000000000e-01 -8.334107010399768173e-03
2.744140625000000000e-01 6.381904354647080502e-02
2.753906250000000000e-01 5.891197989684190950e-02
2.763671875000000000e-01 -8.297993896953462234e-02
2.773437500000000000e-01 -1.179961387240691384e-01
2.783203125000000000e-01 -1.775112009982193415e-02
2.792968750000000000e-01 1.262011634029329595e-02
2.802734375000000000e-01 -4.528522409723870212e-02
2.812500000000000000e-01 -7.751366230857148487e-03
2.822265625000000000e-01 6.688060139775860169e-02
2.832031250000000000e-01 4.823394492101497344e-02
2.841796875000000000e-01 1.714346792542552067e-01
2.851562500000000000e-01 8.597361429737342131e-02
2.861328125000000000e-01 9.972369279847000112e-02
2.871093750000000000e-01 7.567474331829168732e-02
2.880859375000000000e-01 -4.048797458302604013e-02
2.890625000000000000e-01 -1.486654232796461583e-01
2.900390625000000000e-01 -1.949971886651283987e-02
2.910156250000000000e-01 1.833441367333711602e-01
2.919921875000000000e-01 3.865684469266006396e-02
2.929687500000000000e-01 -1.434086547710108350e-01
2.939453125000000000e-01 -1.467149882479542033e-01
2.949218750000000000e-01 -4.632567922347455291e-02
2.958984375000000000e-01 1.240773330788573492e-01
2.968750000000000000e-01 1.589049988058165164e-01
2.978515625000000000e-01 3.945515070834115789e-02
2.988281250000000000e-01 7.081552810401176012e-02
2.998046875000000000e-01 1.741877470067955680e-01
3.007812500000000000e-01 3.114978224961502395e-02
3.017578125000000000e-01 2.536021589551459149e-02
3.027343750000000000e-01 2.658921533787127200e-02
3.037109375000000000e-01 -3.233942812408714673e-02
3.046875000000000000e-01 -5.689097900896931265e-02
3.056640625000000000e-01 -8.764272396921718444e-02
3.066406250000000000e-01 -8.588375905150770397e-04
3.076171875000000000e-01 1.056553610009493445e-02
3.085937500000000000e-01 -2.356252526354049928e-02
3.095703125000000000e-01 1.260855830509708710e-02
3.105468750000000000e-01 -1.084889028806318156e-01
3.115234375000000000e-01 -8.187338765674342933e-02
3.125000000000000000e-01 4.157982533976970624e-02
3.134765625000000000e-01 1.014314841857335558e-01
3.144531250000000000e-01 1.006618786213640260e-01
3.154296875000000000e-01 1.467224506103401993e-01
3.164062500000000000e-01 1.426613731061020240e-01
3.173828125000000000e-01 6.093610618200316631e-02
3.183593750000000000e-01 2.762366829068765156e-02
3.193359375000000000e-01 4.488726450505028248e-02
3.203125000000000000e-01 2.121626471583268059e-01
3.212890625000000000e-01 1.028887841314835155e-01
3.222656250000000000e-01 -1.394134595783451669e-01
3.232421875000000000e-01 -8.769745822185540107e-02
3.242187500000000000e-01 1.084035347199016446e-02
3.251953125000000000e-01 -2.495072973121368817e-02
3.261718750000000000e-01 -4.584509225316255737e-02
3.271484375000000000e-01 2.765116817843374375e-02
3.281250000000000000e-01 2.550218117380462918e-02
3.291015625000000000e-01 1.135946417541522091e-01
3.300781250000000000e-01 3.346429889057467993e-02
3.310546875000000000e-01 -3.460478969311987091e-02
3.320312500000000000e-01 -3.724931669107418158e-02
3.330078125000000000e-01 1.801221548285854290e-02
3.339843750000000000e-01 4.974365678478825936e-02
3.349609375000000000e-01 2.817003749713389849e-02
3.359375000000000000e-01 3.396913928350702577e-02
3.369140625000000000e-01 6.499422306282261197e-02
3.378906250000000000e-01 1.307290189368452427e-01
3.388671875000000000e-01 1.717880602502998288e-01
3.398437500000000000e-01 1.262636648965382857e-01
3.408203125000000000e-01 6.995676787231358551e-02
3.417968750000000000e-01 9.720207889875397134e-02
3.427734375000000000e-01 1.677779014181097206e-01
3.437500000000000000e-01 9.378643665322627943e-02
3.447265625000000000e-01 2.816320473198441997e-03
3.457031250000000000e-01 4.552955239293569184e-02
3.466796875000000000e-01 1.231005551634943018e-01
3.476562500000000000e-01 7.962914823306807555e-02
3.486328125000000000e-01 -1.400960749422170415e-01
3.496093750000000000e-01 -1.689554900237201229e-01
3.505859375000000000e-01 1.218395136742543572e-01
3.515625000000000000e-01 9.152969345005579349e-02
3.525390625000000000e-01 -1.288889655474920182e-02
3.535156250000000000e-01 -7.022937920707164605e-02
3.544921875000000000e-01 -2.344799382816383782e-01
3.554687500000000000e-01 -2.503170357113362332e-01
3.564453125000000000e-01 8.481158571356981618e-03
3.574218750000000000e-01 1.244558152661928707e-01
3.583984375000000000e-01 1.771049091840209699e-01
3.593750000000000000e-01 1.456591154530613719e-01
3.603515625000000000e-01 -1.274942112975080977e-01
3.613281250000000000e-01 -1.552167499831524355e-01
3.623046875000000000e-01 -4.213159608486224950e-02
3.632812500000000000e-01 1.488301540003447443e-01
3.642578125000000000e-01 7.096011639851275421e-02
3.652343750000000000e-01 -1.097400179729657449e-01
3.662109375000000000e-01 -8.308739648512611375e-02
3.671875000000000000e-01 6.282872526355053402e-03
3.681640625000000000e-01 -9.588511279279479660e-02
3.691406250000000000e-01 -1.425581038445782878e-01
3.701171875000000000e-01 -1.323127339562242821e-01
3.710937500000000000e-01 -1.940700503627454665e-01
3.720703125000000000e-01 -1.277520089062617603e-01
3.730468750000000000e-01 -1.132142804735930403e-01
3.740234375000000000e-01 -5.447028958714089653e-02
3.750000000000000000e-01 4.975039150766072393e-02
3.759765625000000000e-01 9.694084947908354621e-02
3.769531250000000000e-01 1.336649804933602234e-02
3.779296875000000000e-01 -5.757681417925918088e-02
3.789062500000000000e-01 3.372771862906276397e-02
3.798828125000000000e-01 -3.138420653843473213e-02
3.808593750000000000e-01 -4.997239223500427735e-02
3.818359375000000000e-01 1.672748486369012022e-01
3.828125000000000000e-01 9.282685649260604202e-03
3.837890625000000000e-01 -8.966725887220512725e-02
3.847656250000000000e-01 -1.168194754513224576e-01
3.857421875000000000e-01 -4.185424807423231142e-02
3.867187500000000000e-01 4.593477909985240262e-03
3.876953125000000000e-01 4.256101166914229295e-02
3.886718750000000000e-01 3.797017306673357295e-02
3.896484375000000000e-01 -8.848471349487072035e-02
3.906250000000000000e-01 -2.037183564055718155e-01
3.916015625000000000e-01 -1.997651866851072044e-01
3.925781250000000000e-01 -6.532974954227430131e-02
3.935546875000000000e-01 5.082002137343625409e-02
3.945312500000000000e-01 2.932456797423304423e-02
3.955078125000000000e-01 6.469300938057714889e-02
3.964843750000000000e-01 -4.096318179736339188e-02
3.974609375000000000e-01 -4.681066315750885554e-02
3.984375000000000000e-01 8.231901845035552445e-02
3.994140625000000000e-01 1.282132181517791070e-01
4.003906250000000000e-01 4.772479875960461415e-02
4.013671875000000000e-01 -2.783846244749076451e-03
4.023437500000000000e-01 -1.188233812263171131e-02
4.033203125000000000e-01 2.024395314712311780e-02
4.042968750000000000e-01 -7.445363911438993010e-02
4.052734375000000000e-01 1.399235122380283053e-02
4.062500000000000000e-01 8.826570210899417623e-02
4.072265625000000000e-01 8.951379606266200717e-02
4.082031250000000000e-01 2.874925222943189914e-03
4.091796875000000000e-01 -9.898002242897079028e-02
4.101562500000000000e-01 -6.302023184721543270e-02
4.111328125000000000e-01 4.772007546651489684e-02
4.121093750000000000e-01 -5.865324044051590385e-02
4.130859375000000000e-01 -8.187757566321231251e-02
4.140625000000000000e-01 -2.425875676450995125e-03
4.150390625000000000e-01 2.504061492854572218e-02
4.160156250000000000e-01 7.299235207238716217e-02
4.169921875000000000e-01 -4.402539598129084214e-02
4.179687500000000000e-01 -1.274689992119943105e-01
4.189453125000000000e-01 -1.830740759356737357e-01
4.199218750000000000e-01 -2.356213376133989845e-01
4.208984375000000000e-01 -2.360752042452778088e-01
4.218750000000000000e-01 -1.656783834715369053e-01
4.228515625000000000e-01 -1.686604321713296162e-01
4.238281250000000000e-01 -1.189190712985305071e-01
4.248046875000000000e-01 -5.099734529171583847e-02
4.257812500000000000e-01 -1.391219227051884721e-01
4.267578125000000000e-01 -1.809630683962482056e-01
4.277343750000000000e-01 -1.602088433293405167e-01
4.287109375000000000e-01 -1.222024152007051417e-01
4.296875000000000000e-01 -1.564670449243519279e-01
4.306640625000000000e-01 -2.794355632793859567e-01
4.316406250000000000e-01 -2.474016345501428848e-01
4.326171875000000000e-01 -2.672472187741583571e-01
4.335937500000000000e-01 -3.918167907969942743e-01
4.345703125000000000e-01 -3.327773065565212685e-01
4.355468750000000000e-01 -2.425565409406756912e-01
4.365234375000000000e-01 -2.943765915510261899e-01
4.375000000000000000e-01 -4.100714942348992476e-01
4.384765625000000000e-01 -5.018388391803205728e-01
4.394531250000000000e-01 -5.474648150745267117e-01
4.404296875000000000e-01 -5.420188798978594624e-01
4.414062500000000000e-01 -5.170451617871623107e-01
4.423828125000000000e-01 -6.665624176341621299e-01
4.433593750000000000e-01 -8.746200568148098098e-01
4.443359375000000000e-01 -8.748023683745898005e-01
4.453125000000000000e-01 -7.520096388680359567e-01
4.462890625000000000e-01 -7.827285019779353092e-01
4.472656250000000000e-01 -8.707573537089020599e-01
4.482421875000000000e-01 -8.930413283296428917e-01
4.492187500000000000e-01 -1.046676723812883569e+00
4.501953125000000000e-01 -1.051732459396351960e+00
4.511718750000000000e-01 -1.094049043420453504e+00
4.521484375000000000e-01 -1.429285074409442968e+00
4.531250000000000000e-01 -1.361369845381250832e+00
4.541015625000000000e-01 -1.331004162513146127e+00
4.550781250000000000e-01 -1.423819179880635666e+00
4.560546875000000000e-01 -1.396074637336470747e+00
4.570312500000000000e-01 -1.568181334693844686e+00
4.580078125000000000e-01 -1.793078123486761655e+00
4.589843750000000000e-01 -1.905087176007070005e+00
4.599609375000000000e-01 -1.889142411392963794e+00
4.609375000000000000e-01 -1.925550875504660420e+00
4.619140625000000000e-01 -2.135143517343933706e+00
4.628906250000000000e-01 -2.207966650950554222e+00
4.638671875000000000e-01 -2.329446496871760530e+00
4.648437500000000000e-01 -2.500937197709615756e+00
4.658203125000000000e-01 -2.570825214389324653e+00
4.667968750000000000e-01 -2.833034782762946069e+00
4.677734375000000000e-01 -2.961674076654818411e+00
4.687500000000000000e-01 -2.936066761721584761e+00
4.697265625000000000e-01 -3.061213657342547911e+00
4.707031250000000000e-01 -3.222485429385943512e+00
4.716796875000000000e-01 -3.340980230965028941e+00
4.726562500000000000e-01 -3.456367161483383299e+00
4.736328125000000000e-01 -3.591952610208517971e+00
4.746093750000000000e-01 -3.609687354480536570e+00
4.755859375000000000e-01 -3.658240194631580344e+00
4.765625000000000000e-01 -3.811330772216916518e+00
4.775390625000000000e-01 -3.921640645107836498e+00
4.785156250000000000e-01 -4.199029880990027053e+00
4.794921875000000000e-01 -4.431669546866562115e+00
4.804687500000000000e-01 -4.489240703013020806e+00
4.814453125000000000e-01 -4.736880251161601052e+00
4.824218750000000000e-01 -4.775916701012753229e+00
4.833984375000000000e-01 -4.782182653291852326e+00
4.843750000000000000e-01 -4.958261055049860033e+00
4.853515625000000000e-01 -5.033805266645830834e+00
4.863281250000000000e-01 -5.126113293635466306e+00
4.873046875000000000e-01 -5.285954936498179713e+00
4.882812500000000000e-01 -5.374877512516880174e+00
4.892578125000000000e-01 -5.465398131821620709e+00
4.902343750000000000e-01 -5.553587888655090232e+00
4.912109375000000000e-01 -5.613150393683935313e+00
4.921875000000000000e-01 -5.655863251836122707e+00
4.931640625000000000e-01 -5.725925524490036445e+00
4.941406250000000000e-01 -5.832448650220692699e+00
4.951171875000000000e-01 -6.016667270644665777e+00
4.960937500000000000e-01 -5.993970929192662389e+00
4.970703125000000000e-01 -5.949222397039512167e+00
4.980468750000000000e-01 -5.885671615551939517e+00
4.990234375000000000e-01 -5.905142268452664212e+00
