-5.000000000000000000e-01 -5.950135379390961710e+00
-4.990234375000000000e-01 -6.028798480833089890e+00
-4.980468750000000000e-01 -6.040428679967478232e+00
-4.970703125000000000e-01 -5.923829807010152493e+00
-4.960937500000000000e-01 -5.859678731532559581e+00
-4.951171875000000000e-01 -6.002351656872568775e+00
-4.941406250000000000e-01 -6.018921166163848646e+00
-4.931640625000000000e-01 -5.964965123397583113e+00
-4.921875000000000000e-01 -5.894446059325783693e+00
-4.912109375000000000e-01 -5.916986169992133782e+00
-4.902343750000000000e-01 -5.940433222532050195e+00
-4.892578125000000000e-01 -5.963605823961083630e+00
-4.882812500000000000e-01 -5.839184280973729102e+00
-4.873046875000000000e-01 -5.685271372741533824e+00
-4.863281250000000000e-01 -5.508078209916567047e+00
-4.853515625000000000e-01 -5.558279899019739290e+00
-4.843750000000000000e-01 -5.548009631810741915e+00
-4.833984375000000000e-01 -5.505900134993018114e+00
-4.824218750000000000e-01 -5.369933255450338727e+00
-4.814453125000000000e-01 -5.340419899689932137e+00
-4.804687500000000000e-01 -5.272915085326070006e+00
-4.794921875000000000e-01 -5.243104248223097841e+00
-4.785156250000000000e-01 -5.173717914919873984e+00
-4.775390625000000000e-01 -4.980449206772966875e+00
-4.765625000000000000e-01 -4.791557848538705144e+00
-4.755859375000000000e-01 -4.923770635467978884e+00
-4.746093750000000000e-01 -4.907697831712735770e+00
-4.736328125000000000e-01 -4.730841210075815262e+00
-4.726562500000000000e-01 -4.689771762098294161e+00
-4.716796875000000000e-01 -4.519954623035197017e+00
-4.707031250000000000e-01 -4.391825538033185872e+00
-4.697265625000000000e-01 -4.321758521957605126e+00
-4.687500000000000000e-01 -4.235439938256908121e+00
-4.677734375000000000e-01 -4.157545006381975661e+00
-4.667968750000000000e-01 -4.041553180239001009e+00
-4.658203125000000000e-01 -4.086249209539772664e+00
-4.648437500000000000e-01 -4.168168228644820950e+00
-4.638671875000000000e-01 -4.114992535730919165e+00
-4.628906250000000000e-01 -3.850983080640983935e+00
-4.619140625000000000e-01 -3.608616607445438884e+00
-4.609375000000000000e-01 -3.590833878133865120e+00
-4.599609375000000000e-01 -3.585780522290714423e+00
-4.589843750000000000e-01 -3.414584696951443288e+00
-4.580078125000000000e-01 -3.259997453056645789e+00
-4.570312500000000000e-01 -3.267467697942985971e+00
-4.560546875000000000e-01 -3.177020862602354612e+00
-4.550781250000000000e-01 -2.936994868912177203e+00
-4.541015625000000000e-01 -2.873138617033478948e+00
-4.531250000000000000e-01 -3.053861723972776776e+00
-4.521484375000000000e-01 -3.046571432690414749e+00
-4.511718750000000000e-01 -2.884882615429263275e+00
-4.501953125000000000e-01 -2.713474814068780105e+00
-4.492187500000000000e-01 -2.613206649586761632e+00
-4.482421875000000000e-01 -2.456271165339235729e+00
-4.472656250000000000e-01 -2.441078200424191991e+00
-4.462890625000000000e-01 -2.311261608419528990e+00
-4.453125000000000000e-01 -2.221176771341888845e+00
-4.443359375000000000e-01 -2.394984451734823327e+00
-4.433593750000000000e-01 -2.395612870127253657e+00
-4.423828125000000000e-01 -2.231135478194935295e+00
-4.414062500000000000e-01 -2.072677943639859688e+00
-4.404296875000000000e-01 -1.919168251698713412e+00
-4.394531250000000000e-01 -1.747253767455494655e+00
-4.384765625000000000e-01 -1.606819247672110151e+00
-4.375000000000000000e-01 -1.746194988188599417e+00
-4.365234375000000000e-01 -1.859073726011465366e+00
-4.355468750000000000e-01 -1.939913369585668290e+00
-4.345703125000000000e-01 -1.870477046670648402e+00
-4.335937500000000000e-01 -1.552716964706563729e+00
-4.326171875000000000e-01 -1.415380329820130179e+00
-4.316406250000000000e-01 -1.285456466080072691e+00
-4.306640625000000000e-01 -1.261619349466674755e+00
-4.296875000000000000e-01 -1.318347906377899337e+00
-4.287109375000000000e-01 -1.267939244233304619e+00
-4.277343750000000000e-01 -1.307223092195479941e+00
-4.267578125000000000e-01 -1.331541497796626450e+00
-4.257812500000000000e-01 -1.208119755592805378e+00
-4.248046875000000000e-01 -1.108914345715438898e+00
-4.238281250000000000e-01 -1.064522675900427595e+00
-4.228515625000000000e-01 -9.435001396514058891e-01
-4.218750000000000000e-01 -8.469923666583795141e-01
-4.208984375000000000e-01 -7.732924957134378330e-01
-4.199218750000000000e-01 -6.824011914694262382e-01
-4.189453125000000000e-01 -5.928593264746825353e-01
-4.179687500000000000e-01 -6.377141341852263778e-01
-4.169921875000000000e-01 -6.380401850982596601e-01
-4.160156250000000000e-01 -5.612048064926320468e-01
-4.150390625000000000e-01 -5.257276833061771404e-01
-4.140625000000000000e-01 -5.810004569486223458e-01
-4.130859375000000000e-01 -4.832820549328010751e-01
-4.121093750000000000e-01 -3.947594536309751989e-01
-4.111328125000000000e-01 -5.099281439028288121e-01
-4.101562500000000000e-01 -4.772255063840953326e-01
-4.091796875000000000e-01 -4.614033440446758672e-01
-4.082031250000000000e-01 -4.747520635822744528e-01
-4.072265625000000000e-01 -3.027085310938994467e-01
-4.062500000000000000e-01 -2.838472963273563354e-01
-4.052734375000000000e-01 -2.721405006219687062e-01
-4.042968750000000000e-01 -3.930890550409645856e-01
-4.033203125000000000e-01 -5.653146844944370031e-01
-4.023437500000000000e-01 -4.155198571446677702e-01
-4.013671875000000000e-01 -3.079606375424037146e-01
-4.003906250000000000e-01 -1.803964277955835416e-01
-3.994140625000000000e-01 -2.752385702086683761e-01
-3.984375000000000000e-01 -2.649501123712932893e-01
-3.974609375000000000e-01 -1.350523859589556341e-01
-3.964843750000000000e-01 -7.763999542042790414e-02
-3.955078125000000000e-01 -1.233899226455304199e-01
-3.945312500000000000e-01 -1.881869597338776123e-01
-3.935546875000000000e-01 -1.332503450913943566e-01
-3.925781250000000000e-01 -1.073371290430500113e-01
-3.916015625000000000e-01 -1.249119805239633091e-01
-3.906250000000000000e-01 5.585914369003024127e-02
-3.896484375000000000e-01 7.512783771811826217e-02
-3.886718750000000000e-01 -7.566753162482507677e-02
-3.876953125000000000e-01 -6.867765848961607245e-02
-3.867187500000000000e-01 -2.208692084792305416e-02
-3.857421875000000000e-01 -1.774224091113996149e-01
-3.847656250000000000e-01 -1.646364504888827018e-01
-3.837890625000000000e-01 -1.417756122513942896e-01
-3.828125000000000000e-01 -4.016465133990243519e-02
-3.818359375000000000e-01 7.474361296781933950e-02
-3.808593750000000000e-01 5.710665622127034102e-02
-3.798828125000000000e-01 1.629184670911466674e-03
-3.789062500000000000e-01 8.763804053887393197e-02
-3.779296875000000000e-01 1.023013129783489211e-01
-3.769531250000000000e-01 -1.314731882812317405e-02
-3.759765625000000000e-01 -3.970772812485602599e-02
-3.750000000000000000e-01 -5.162585532230563184e-02
-3.740234375000000000e-01 9.311820383929862027e-03
-3.730468750000000000e-01 8.002844236569357783e-02
-3.720703125000000000e-01 -4.535433627783821628e-03
-3.710937500000000000e-01 -6.851729606552774132e-02
-3.701171875000000000e-01 1.388915047858517715e-01
-3.691406250000000000e-01 1.574989790768165088e-01
-3.681640625000000000e-01 -1.212751342616736477e-02
-3.671875000000000000e-01 3.249998250330582428e-02
-3.662109375000000000e-01 -1.643577146742870032e-01
-3.652343750000000000e-01 -6.700348401588852865e-02
-3.642578125000000000e-01 9.664413159704773881e-02
-3.632812500000000000e-01 5.091822444517271617e-02
-3.623046875000000000e-01 1.041639446816101655e-01
-3.613281250000000000e-01 -5.769006704204615588e-02
-3.603515625000000000e-01 5.556331128044495610e-02
-3.593750000000000000e-01 1.396803270201948666e-01
-3.583984375000000000e-01 1.026694909732379229e-02
-3.574218750000000000e-01 1.783676695055380623e-01
-3.564453125000000000e-01 7.603356399736482807e-02
-3.554687500000000000e-01 -1.028996263923336735e-01
-3.544921875000000000e-01 1.744980811583538016e-02
-3.535156250000000000e-01 1.208373255099131627e-01
-3.525390625000000000e-01 2.872860451719348208e-03
-3.515625000000000000e-01 9.557197715549273220e-02
-3.505859375000000000e-01 2.775232097472377091e-02
-3.496093750000000000e-01 -8.796772294069193920e-03
-3.486328125000000000e-01 1.833148828206923320e-01
-3.476562500000000000e-01 7.436978276115742414e-02
-3.466796875000000000e-01 -5.522489340083417547e-02
-3.457031250000000000e-01 -1.194985103157350376e-01
-3.447265625000000000e-01 3.492327659245693557e-03
-3.437500000000000000e-01 -6.306601694769557211e-03
-3.427734375000000000e-01 2.184618168579373354e-02
-3.417968750000000000e-01 -7.111852389491848600e-03
-3.408203125000000000e-01 9.245338175797523927e-02
-3.398437500000000000e-01 1.859266836743050655e-01
-3.388671875000000000e-01 9.594036352361211273e-02
-3.378906250000000000e-01 -1.342610599852997189e-01
-3.369140625000000000e-01 -2.964369238432277287e-01
-3.359375000000000000e-01 -5.282706085254103290e-02
-3.349609375000000000e-01 1.744153814666021818e-01
-3.339843750000000000e-01 1.168714839722068272e-01
-3.330078125000000000e-01 -2.479402335299489904e-02
-3.320312500000000000e-01 -1.760256966204119117e-02
-3.310546875000000000e-01 1.258243842196335727e-01
-3.300781250000000000e-01 1.012998820167093916e-01
-3.291015625000000000e-01 -7.843062359565659836e-02
-3.281250000000000000e-01 -1.400185586858638809e-01
-3.271484375000000000e-01 -3.615855068135632316e-02
-3.261718750000000000e-01 -9.136273161359903527e-02
-3.251953125000000000e-01 4.761317730451396224e-02
-3.242187500000000000e-01 1.015795652956069800e-01
-3.232421875000000000e-01 2.600899243493052376e-02
-3.222656250000000000e-01 -1.499505701142652137e-01
-3.212890625000000000e-01 -1.967228598321151267e-01
-3.203125000000000000e-01 -7.908183211309420535e-02
-3.193359375000000000e-01 4.517184163616800446e-02
-3.183593750000000000e-01 1.420178501693108719e-01
-3.173828125000000000e-01 8.121954264944353588e-03
-3.164062500000000000e-01 -1.214443212848779208e-01
-3.154296875000000000e-01 -3.987003094228614569e-02
-3.144531250000000000e-01 -3.449191650305217117e-03
-3.134765625000000000e-01 2.483969071015860661e-02
-3.125000000000000000e-01 -1.401133324115899637e-02
-3.115234375000000000e-01 -4.831505586414201747e-02
-3.105468750000000000e-01 3.902818420514485298e-02
-3.095703125000000000e-01 1.581255142264272051e-02
-3.085937500000000000e-01 -1.357737819949719586e-02
-3.076171875000000000e-01 -4.110149355394322052e-03
-3.066406250000000000e-01 8.359893594465319169e-03
-3.056640625000000000e-01 -1.130361349645076646e-01
-3.046875000000000000e-01 -1.453318427828677040e-01
-3.037109375000000000e-01 1.253208236670658449e-01
-3.027343750000000000e-01 1.785588124626003581e-01
-3.017578125000000000e-01 9.210541186731791008e-02
-3.007812500000000000e-01 1.343466081191739721e-02
-2.998046875000000000e-01 -4.130810432282198269e-02
-2.988281250000000000e-01 -3.310439380866342374e-02
-2.978515625000000000e-01 1.739068081301197721e-01
-2.968750000000000000e-01 1.401862731116039484e-02
-2.958984375000000000e-01 -8.210561852844025510e-02
-2.949218750000000000e-01 2.891924665155511803e-02
-2.939453125000000000e-01 1.027827988460648101e-01
-2.929687500000000000e-01 2.864134935249634806e-02
-2.919921875000000000e-01 2.238674483904858070e-02
-2.910156250000000000e-01 6.704048870171978869e-02
-2.900390625000000000e-01 2.316817624429323014e-02
-2.890625000000000000e-01 1.718012790252702870e-02
-2.880859375000000000e-01 5.621835148625790868e-02
-2.871093750000000000e-01 -1.994654644211387579e-02
-2.861328125000000000e-01 -1.435600187710730224e-01
-2.851562500000000000e-01 -1.924813842099061534e-01
-2.841796875000000000e-01 -1.065037794373524666e-01
-2.832031250000000000e-01 -7.163849488891553541e-02
-2.822265625000000000e-01 -1.403009447393283038e-02
-2.812500000000000000e-01 6.045865301796523456e-02
-2.802734375000000000e-01 1.736187560895310622e-01
-2.792968750000000000e-01 2.090243334124356478e-01
-2.783203125000000000e-01 1.195017697051563299e-01
-2.773437500000000000e-01 -9.598606970187762572e-03
-2.763671875000000000e-01 -7.201779039462719023e-02
-2.753906250000000000e-01 2.703479572889256385e-03
-2.744140625000000000e-01 7.927501667115252615e-02
-2.734375000000000000e-01 1.287336930262684698e-01
-2.724609375000000000e-01 1.697695470236512960e-01
-2.714843750000000000e-01 7.078865522663209398e-02
-2.705078125000000000e-01 -1.665339667887417649e-02
-2.695312500000000000e-01 -1.456567504782855793e-01
-2.685546875000000000e-01 -1.761184588746993462e-01
-2.675781250000000000e-01 -8.626849041464706991e-02
-2.666015625000000000e-01 2.554976154322562143e-02
-2.656250000000000000e-01 9.249550999448316602e-02
-2.646484375000000000e-01 1.185326259785516798e-02
-2.636718750000000000e-01 3.255253477818193658e-02
-2.626953125000000000e-01 -3.192857957192914153e-02
-2.617187500000000000e-01 -1.705645886139612460e-02
-2.607421875000000000e-01 2.064858595893472037e-01
-2.597656250000000000e-01 2.830069872129801212e-01
-2.587890625000000000e-01 2.185134186414415536e-01
-2.578125000000000000e-01 9.995965562794233844e-03
-2.568359375000000000e-01 -1.310915598426581619e-01
-2.558593750000000000e-01 -1.193608908818202669e-01
-2.548828125000000000e-01 9.431035035415992474e-02
-2.539062500000000000e-01 1.132576558893241964e-01
-2.529296875000000000e-01 6.791039443094926131e-02
-2.519531250000000000e-01 1.319441845876628550e-01
-2.509765625000000000e-01 -9.642633603118319630e-02
-2.500000000000000000e-01 -1.997537897958018838e-01
-2.490234375000000000e-01 -4.648419466583891130e-02
-2.480468750000000000e-01 1.730268396138104625e-01
-2.470703125000000000e-01 2.195620005000212260e-01
-2.460937500000000000e-01 2.600801390249767864e-01
-2.451171875000000000e-01 9.759735494427301816e-02
-2.441406250000000000e-01 -8.620407922952773305e-02
-2.431640625000000000e-01 -9.875531884991986531e-02
-2.421875000000000000e-01 -1.766692947093373156e-01
-2.412109375000000000e-01 -6.853050821247017033e-02
-2.402343750000000000e-01 -1.614166774011004460e-02
-2.392578125000000000e-01 -4.492538472687464257e-02
-2.382812500000000000e-01 -6.553298731899448448e-02
-2.373046875000000000e-01 6.601325041925770742e-02
-2.363281250000000000e-01 -9.919292259990544758e-02
-2.353515625000000000e-01 -1.532005801771761377e-01
-2.343750000000000000e-01 -1.055326415300087139e-01
-2.333984375000000000e-01 -4.240333438782495357e-02
-2.324218750000000000e-01 2.033850275338264582e-02
-2.314453125000000000e-01 -2.267626200997275784e-02
-2.304687500000000000e-01 4.881000131877312465e-02
-2.294921875000000000e-01 4.860990332402834180e-02
-2.285156250000000000e-01 -1.578817546384527759e-01
-2.275390625000000000e-01 -2.557180124734499405e-01
-2.265625000000000000e-01 -1.083381598860680556e-01
-2.255859375000000000e-01 -2.935324933114489415e-02
-2.246093750000000000e-01 -7.963998379412605411e-02
-2.236328125000000000e-01 -7.003150549424304316e-02
-2.226562500000000000e-01 -7.224963007925960801e-02
-2.216796875000000000e-01 -1.266810527108207240e-01
-2.207031250000000000e-01 -7.576964063818650286e-02
-2.197265625000000000e-01 8.086988802439606938e-02
-2.187500000000000000e-01 9.838639473570792715e-02
-2.177734375000000000e-01 1.246390807079616192e-01
-2.167968750000000000e-01 1.177739748455804980e-01
-2.158203125000000000e-01 1.017231328144461433e-01
-2.148437500000000000e-01 8.150529129028510900e-02
-2.138671875000000000e-01 2.687375539972240018e-02
-2.128906250000000000e-01 -3.082552724201097910e-02
-2.119140625000000000e-01 -9.834635402976765750e-02
-2.109375000000000000e-01 1.987841794368384180e-02
-2.099609375000000000e-01 5.758531501603345731e-02
-2.089843750000000000e-01 3.522043004804924216e-02
-2.080078125000000000e-01 7.982596987420957635e-02
-2.070312500000000000e-01 -1.373351213631404943e-01
-2.060546875000000000e-01 -8.167112517398440741e-02
-2.050781250000000000e-01 1.011550666508294859e-02
-2.041015625000000000e-01 -6.089555857236880754e-02
-2.031250000000000000e-01 -1.510480106322924232e-01
-2.021484375000000000e-01 -9.227317717549797516e-02
-2.011718750000000000e-01 4.282216838328416209e-02
-2.001953125000000000e-01 1.182423172527740651e-01
-1.992187500000000000e-01 1.255558914355134892e-01
-1.982421875000000000e-01 1.092660647451270117e-01
-1.972656250000000000e-01 7.866776048833593049e-02
-1.962890625000000000e-01 1.743060821207248201e-01
-1.953125000000000000e-01 1.890626760353471547e-01
-1.943359375000000000e-01 2.436930652024539568e-01
-1.933593750000000000e-01 4.577178083122354635e-02
-1.923828125000000000e-01 -1.352520801818117568e-01
-1.914062500000000000e-01 -1.034653487694542073e-01
-1.904296875000000000e-01 -6.122319123068181018e-02
-1.894531250000000000e-01 -4.546551390370208445e-02
-1.884765625000000000e-01 -4.303516197239069807e-02
-1.875000000000000000e-01 3.333027180723027033e-02
-1.865234375000000000e-01 2.235509145722444635e-02
-1.855468750000000000e-01 8.120264231384129172e-02
-1.845703125000000000e-01 1.183446154425610020e-01
-1.835937500000000000e-01 3.616632097151738223e-02
-1.826171875000000000e-01 1.081425522492624747e-01
-1.816406250000000000e-01 -2.347794724121418045e-03
-1.806640625000000000e-01 -1.366474717443872111e-01
-1.796875000000000000e-01 -2.686606628696629473e-01
-1.787109375000000000e-01 -2.437607523744819149e-01
-1.777343750000000000e-01 -1.438912779964135746e-01
-1.767578125000000000e-01 -1.615501077051773315e-01
-1.757812500000000000e-01 -1.554141898257087595e-01
-1.748046875000000000e-01 -2.483997968539008311e-02
-1.738281250000000000e-01 1.277399043824983468e-02
-1.728515625000000000e-01 -6.493020522931729210e-02
-1.718750000000000000e-01 -1.669417277847675286e-03
-1.708984375000000000e-01 -5.982024051644749089e-03
-1.699218750000000000e-01 -5.969430126175546969e-02
-1.689453125000000000e-01 -7.444807735643287072e-02
-1.679687500000000000e-01 -5.721627665006118885e-02
-1.669921875000000000e-01 -2.949983949185154553e-02
-1.660156250000000000e-01 6.860772930728126218e-02
-1.650390625000000000e-01 1.765618149327961850e-01
-1.640625000000000000e-01 1.308236680366431717e-02
-1.630859375000000000e-01 -1.017876401391686336e-01
-1.621093750000000000e-01 4.374996109279383899e-02
-1.611328125000000000e-01 5.194511606621764199e-02
-1.601562500000000000e-01 -8.288204981248314951e-02
-1.591796875000000000e-01 -2.107211701985662322e-01
-1.582031250000000000e-01 -1.634513371560171180e-01
-1.572265625000000000e-01 -1.673882180855686963e-01
-1.562500000000000000e-01 3.176745329958408082e-02
-1.552734375000000000e-01 1.091021138377685495e-01
-1.542968750000000000e-01 -4.521306726004176851e-02
-1.533203125000000000e-01 2.485023589818809164e-02
-1.523437500000000000e-01 -3.882906512542322330e-02
-1.513671875000000000e-01 -1.488759032240633551e-01
-1.503906250000000000e-01 -9.082540644213643599e-02
-1.494140625000000000e-01 -1.207661645014410923e-01
-1.484375000000000000e-01 -6.110610542594083899e-02
-1.474609375000000000e-01 2.352625834886459886e-04
-1.464843750000000000e-01 -1.110257539144629685e-01
-1.455078125000000000e-01 -3.703318460611482177e-02
-1.445312500000000000e-01 4.935162688858751173e-02
-1.435546875000000000e-01 3.615329180857957108e-03
-1.425781250000000000e-01 -5.716934989781998627e-02
-1.416015625000000000e-01 -8.175282835757877176e-02
-1.406250000000000000e-01 -7.004595377342644202e-02
-1.396484375000000000e-01 -9.296537461777769351e-02
-1.386718750000000000e-01 -6.895159122103992899e-02
-1.376953125000000000e-01 -1.818727209442648207e-01
-1.367187500000000000e-01 -1.106524967720083769e-01
-1.357421875000000000e-01 -4.782320003537451208e-02
-1.347656250000000000e-01 -9.120056228954410982e-02
-1.337890625000000000e-01 -6.137102204165744562e-02
-1.328125000000000000e-01 1.402750104958573885e-01
-1.318359375000000000e-01 1.182962760139891489e-01
-1.308593750000000000e-01 1.197952624329695348e-01
-1.298828125000000000e-01 6.915589901713024845e-02
-1.289062500000000000e-01 2.315976189064171756e-02
-1.279296875000000000e-01 9.330635008365047167e-02
-1.269531250000000000e-01 -1.097554147359376675e-02
-1.259765625000000000e-01 -4.866090011301903856e-02
-1.250000000000000000e-01 9.570088032119150601e-02
-1.240234375000000000e-01 -1.455106439105188429e-02
-1.230468750000000000e-01 -1.384053308634642099e-01
-1.220703125000000000e-01 -3.412165512158110703e-02
-1.210937500000000000e-01 -1.762179237355492867e-01
-1.201171875000000000e-01 -1.791476952951555346e-01
-1.191406250000000000e-01 -1.137939241988696892e-01
-1.181640625000000000e-01 -1.265313364007452368e-01
-1.171875000000000000e-01 -1.864273214259417888e-01
-1.162109375000000000e-01 -4.552730496289222883e-02
-1.152343750000000000e-01 8.733032945944468883e-02
-1.142578125000000000e-01 3.872395603560681299e-02
-1.132812500000000000e-01 -3.342951611079148649e-02
-1.123046875000000000e-01 -2.369827109369601181e-03
-1.113281250000000000e-01 3.081134538612062199e-02
-1.103515625000000000e-01 -1.146324142112756239e-01
-1.093750000000000000e-01 -1.596824122274066449e-01
-1.083984375000000000e-01 -1.708997939380412223e-01
-1.074218750000000000e-01 -9.826074750483741738e-03
-1.064453125000000000e-01 7.960190453600882177e-02
-1.054687500000000000e-01 3.561876704944071104e-02
-1.044921875000000000e-01 5.223968008140037096e-03
-1.035156250000000000e-01 -5.065305793983644611e-02
-1.025390625000000000e-01 3.687740038848684454e-02
-1.015625000000000000e-01 -8.696710566542750070e-03
-1.005859375000000000e-01 -5.989202062290498174e-02
-9.960937500000000000e-02 -1.557894948428075604e-02
-9.863281250000000000e-02 3.555847248075832967e-02
-9.765625000000000000e-02 1.035208870199047330e-02
-9.667968750000000000e-02 -9.994444129677461375e-02
-9.570312500000000000e-02 3.292940984825942774e-02
-9.472656250000000000e-02 5.944130769231312228e-02
-9.375000000000000000e-02 -4.991748537926325030e-02
-9.277343750000000000e-02 -9.890284971478924270e-02
-9.179687500000000000e-02 -4.717346633169822862e-02
-9.082031250000000000e-02 4.760086110905902695e-02
-8.984375000000000000e-02 5.886867166698810626e-03
-8.886718750000000000e-02 -1.015342292405414931e-01
-8.789062500000000000e-02 -5.699747291518046655e-02
-8.691406250000000000e-02 1.704136804705465025e-01
-8.593750000000000000e-02 1.629965723136519717e-01
-8.496093750000000000e-02 -1.995129262017822369e-02
-8.398437500000000000e-02 1.597543342068845004e-02
-8.300781250000000000e-02 1.742927371802716618e-01
-8.203125000000000000e-02 1.398965313853023640e-01
-8.105468750000000000e-02 -6.022490150148551713e-02
-8.007812500000000000e-02 -2.735750688504296618e-02
-7.910156250000000000e-02 4.730200993639893658e-02
-7.812500000000000000e-02 -6.037665147651818942e-02
-7.714843750000000000e-02 -4.112089760193780863e-02
-7.617187500000000000e-02 5.743640507181080324e-02
-7.519531250000000000e-02 1.858999948525314472e-01
-7.421875000000000000e-02 6.227897079415131709e-02
-7.324218750000000000e-02 -3.556517349155559338e-02
-7.226562500000000000e-02 -1.229594546796955318e-01
-7.128906250000000000e-02 -3.382978886194327323e-02
-7.031250000000000000e-02 4.408715748192425232e-02
-6.933593750000000000e-02 5.071298919913851122e-02
-6.835937500000000000e-02 7.565793686801118578e-02
-6.738281250000000000e-02 -2.863548270977304272e-02
-6.640625000000000000e-02 -1.906692677772276606e-02
-6.542968750000000000e-02 1.821172651416969046e-01
-6.445312500000000000e-02 1.748277538321230395e-01
-6.347656250000000000e-02 7.364097584396925300e-02
-6.250000000000000000e-02 -1.838017004184223663e-03
-6.152343750000000000e-02 1.371988806130945426e-01
-6.054687500000000000e-02 3.578455876433566663e-01
-5.957031250000000000e-02 2.243944818739871949e-01
-5.859375000000000000e-02 -1.108165275400433032e-02
-5.761718750000000000e-02 2.177705402701404715e-04
-5.664062500000000000e-02 4.256932336966215945e-03
-5.566406250000000000e-02 -3.370438601347647278e-02
-5.468750000000000000e-02 -1.179783638678046365e-01
-5.371093750000000000e-02 -3.692086069854740721e-02
-5.273437500000000000e-02 1.187381651278402242e-03
-5.175781250000000000e-02 -8.485216350865661117e-02
-5.078125000000000000e-02 -6.507008783326173607e-02
-4.980468750000000000e-02 -1.447313959011869294e-02
-4.882812500000000000e-02 -1.076255462604477214e-01
-4.785156250000000000e-02 -6.467849777954727541e-02
-4.687500000000000000e-02 1.540728744707553499e-02
-4.589843750000000000e-02 7.208230663390029214e-02
-4.492187500000000000e-02 1.556475696635138128e-01
-4.394531250000000000e-02 5.677163063541601495e-02
-4.296875000000000000e-02 -1.229043575043898273e-01
-4.199218750000000000e-02 -1.689907472025839741e-01
-4.101562500000000000e-02 -1.724870636132995183e-01
-4.003906250000000000e-02 -6.318765358449383862e-02
-3.906250000000000000e-02 1.322848506700481652e-01
-3.808593750000000000e-02 1.127599871957173649e-01
-3.710937500000000000e-02 1.005344670848662136e-01
-3.613281250000000000e-02 4.776045652192408009e-02
-3.515625000000000000e-02 -5.694852395096595965e-02
-3.417968750000000000e-02 -3.872298702796514447e-02
-3.320312500000000000e-02 2.586064660169981599e-02
-3.222656250000000000e-02 9.524062578755027042e-02
-3.125000000000000000e-02 6.832071212578325059e-02
-3.027343750000000000e-02 8.380491596665646907e-04
-2.929687500000000000e-02 1.050247818787444082e-01
-2.832031250000000000e-02 9.884353814770904800e-02
-2.734375000000000000e-02 6.004608833851566435e-02
-2.636718750000000000e-02 -1.659560065687185615e-01
-2.539062500000000000e-02 -1.372287524275007942e-01
-2.441406250000000000e-02 -1.293226763918688682e-01
-2.343750000000000000e-02 -1.185812626190839913e-03
-2.246093750000000000e-02 1.610359569532250901e-01
-2.148437500000000000e-02 5.344489899435213298e-02
-2.050781250000000000e-02 -2.758964209288406605e-02
-1.953125000000000000e-02 -9.547444414596690729e-03
-1.855468750000000000e-02 -3.295558861089300379e-02
-1.757812500000000000e-02 1.832231245801298897e-02
-1.660156250000000000e-02 7.167579374058331843e-02
-1.562500000000000000e-02 -1.219646221375927375e-01
-1.464843750000000000e-02 -1.452813410305825448e-01
-1.367187500000000000e-02 -8.871919738233247088e-02
-1.269531250000000000e-02 -6.620704798796529789e-02
-1.171875000000000000e-02 -5.762200174182233181e-02
-1.074218750000000000e-02 5.939876877821755052e-02
-9.765625000000000000e-03 1.218833151948855859e-01
-8.789062500000000000e-03 -9.992608726845989692e-03
-7.812500000000000000e-03 8.515564740309559955e-03
-6.835937500000000000e-03 -1.084154743003806487e-01
-5.859375000000000000e-03 -7.258779432362701123e-02
-4.882812500000000000e-03 7.180127964838278753e-02
-3.906250000000000000e-03 -4.156453914811214512e-02
-2.929687500000000000e-03 9.602953565214207565e-02
-1.953125000000000000e-03 5.202958894691010749e-02
-9.765625000000000000e-04 1.026977857548690143e-02
0.000000000000000000e+00 -4.031894415397494630e-02
9.765625000000000000e-04 1.146625235346111771e-01
1.953125000000000000e-03 1.008316643617936798e-01
2.929687500000000000e-03 -1.064400793214372865e-01
3.906250000000000000e-03 -1.306342648888101365e-01
4.882812500000000000e-03 -7.102574981490848705e-02
5.859375000000000000e-03 3.657410816476893561e-02
6.835937500000000000e-03 5.035647056789324671e-02
7.812500000000000000e-03 -3.176517022938939866e-02
8.789062500000000000e-03 -1.385627608936063418e-02
9.765625000000000000e-03 5.976059006848570901e-03
1.074218750000000000e-02 2.740533008969375101e-02
1.171875000000000000e-02 6.364070672552260555e-02
1.269531250000000000e-02 2.180452182637917791e-01
1.367187500000000000e-02 3.218595160875924177e-02
1.464843750000000000e-02 -1.437803209813808270e-01
1.562500000000000000e-02 -8.483046638691596475e-02
1.660156250000000000e-02 1.172864732279853967e-01
1.757812500000000000e-02 1.042176187735229104e-01
1.855468750000000000e-02 -7.207427417613128384e-02
1.953125000000000000e-02 -3.768210979142381373e-02
2.050781250000000000e-02 1.797614620259336757e-02
2.148437500000000000e-02 2.456390232316007713e-02
2.246093750000000000e-02 6.731986452249047459e-02
2.343750000000000000e-02 1.933392992898027435e-02
2.441406250000000000e-02 -3.596898438891631133e-02
2.539062500000000000e-02 7.357270410997923671e-02
2.636718750000000000e-02 1.615780764405988223e-01
2.734375000000000000e-02 2.108211037915757868e-01
2.832031250000000000e-02 5.963004017652968891e-02
2.929687500000000000e-02 -2.058773972874343439e-01
3.027343750000000000e-02 -2.600664940971834649e-01
3.125000000000000000e-02 -1.889220607056388279e-01
3.222656250000000000e-02 -8.069569216564041747e-02
3.320312500000000000e-02 8.471736324134412910e-02
3.417968750000000000e-02 7.607995395256485216e-02
3.515625000000000000e-02 -1.233376816594430186e-01
3.613281250000000000e-02 4.701587915414358332e-02
3.710937500000000000e-02 1.756682962895946831e-01
3.808593750000000000e-02 1.082090239351057165e-01
3.906250000000000000e-02 -4.235681046510398479e-02
4.003906250000000000e-02 -8.943703583283421632e-02
4.101562500000000000e-02 4.861343446902235271e-02
4.199218750000000000e-02 1.659101394780218564e-01
4.296875000000000000e-02 3.642313453768662290e-03
4.394531250000000000e-02 -1.184786263331172318e-01
4.492187500000000000e-02 -1.437114909981001554e-01
4.589843750000000000e-02 -5.977594340093279890e-02
4.687500000000000000e-02 3.457031366201190892e-02
4.785156250000000000e-02 -2.123169022796321873e-02
4.882812500000000000e-02 -3.570963205742476443e-02
4.980468750000000000e-02 2.504460970561552154e-03
5.078125000000000000e-02 -1.366596209699039721e-01
5.175781250000000000e-02 -5.420905587173534268e-02
5.273437500000000000e-02 -4.432051658547174477e-02
5.371093750000000000e-02 -1.615789988564717006e-01
5.468750000000000000e-02 -1.834230336841167763e-01
5.566406250000000000e-02 -5.666363282534295914e-02
5.664062500000000000e-02 -1.004028568990723153e-02
5.761718750000000000e-02 -5.900477071854232092e-02
5.859375000000000000e-02 -9.286786972266111717e-02
5.957031250000000000e-02 -2.570759683137777696e-01
6.054687500000000000e-02 -1.888555625256671255e-01
6.152343750000000000e-02 -6.778898154669434073e-02
6.250000000000000000e-02 -4.168153086596067952e-02
6.347656250000000000e-02 -2.746734945739496940e-03
6.445312500000000000e-02 5.889325788335099399e-03
6.542968750000000000e-02 2.537628171925935400e-02
6.640625000000000000e-02 3.890672092328655018e-02
6.738281250000000000e-02 -9.600877693260062573e-02
6.835937500000000000e-02 -1.185978922613540876e-01
6.933593750000000000e-02 -2.107869120145419717e-02
7.031250000000000000e-02 7.881849855316007056e-03
7.128906250000000000e-02 1.469618783875032905e-02
7.226562500000000000e-02 -5.433568794756915565e-02
7.324218750000000000e-02 -6.600627377538811902e-02
7.421875000000000000e-02 -9.737190621728265827e-02
7.519531250000000000e-02 -1.576214900388715479e-01
7.617187500000000000e-02 -2.272012283700517166e-01
7.714843750000000000e-02 -1.508125641409495399e-01
7.812500000000000000e-02 -6.126905698705586642e-03
7.910156250000000000e-02 4.942649097783814727e-02
8.007812500000000000e-02 1.318118860106075041e-01
8.105468750000000000e-02 1.695568686394509361e-01
8.203125000000000000e-02 -4.458194706094760484e-02
8.300781250000000000e-02 -5.666482623400924401e-02
8.398437500000000000e-02 2.140530198887037258e-02
8.496093750000000000e-02 -6.044686918763715611e-02
8.593750000000000000e-02 -2.098189525825538970e-02
8.691406250000000000e-02 5.887180100806549410e-02
8.789062500000000000e-02 -5.716171242873767377e-02
8.886718750000000000e-02 -1.651223748251718360e-01
8.984375000000000000e-02 6.914018164920528176e-02
9.082031250000000000e-02 -7.535062410487984585e-02
9.179687500000000000e-02 -8.580933340287080768e-02
9.277343750000000000e-02 7.719269243372076095e-02
9.375000000000000000e-02 3.882063299065305340e-02
9.472656250000000000e-02 4.861312225729826769e-02
9.570312500000000000e-02 1.221182537958353520e-01
9.667968750000000000e-02 2.511235582951357181e-01
9.765625000000000000e-02 3.041999685417469124e-01
9.863281250000000000e-02 4.642152075822905677e-02
9.960937500000000000e-02 9.862385033580422719e-03
1.005859375000000000e-01 -2.350052338074545832e-02
1.015625000000000000e-01 4.491808542467373017e-02
1.025390625000000000e-01 -2.991781156580021819e-02
1.035156250000000000e-01 -1.022822619371904634e-01
1.044921875000000000e-01 1.039226908133839833e-01
1.054687500000000000e-01 1.880778997486245996e-01
1.064453125000000000e-01 2.377246418374874201e-02
1.074218750000000000e-01 -5.161784463150686370e-02
1.083984375000000000e-01 6.670463277563555560e-02
1.093750000000000000e-01 -2.538128451293070881e-02
1.103515625000000000e-01 -5.059670111368239553e-04
1.113281250000000000e-01 -3.969060486991426301e-02
1.123046875000000000e-01 -1.472278628157610084e-02
1.132812500000000000e-01 -1.063299849532680155e-02
1.142578125000000000e-01 -8.484699914390368691e-02
1.152343750000000000e-01 -1.179460711639740422e-01
1.162109375000000000e-01 -1.881544717396797101e-04
1.171875000000000000e-01 1.794796831212200905e-01
1.181640625000000000e-01 7.510045103234495867e-02
1.191406250000000000e-01 4.538444407468106984e-03
1.201171875000000000e-01 -4.490001856805113378e-02
1.210937500000000000e-01 -2.134260059960206568e-01
1.220703125000000000e-01 -2.360331459671906607e-01
1.230468750000000000e-01 -2.133643982576661768e-01
1.240234375000000000e-01 -1.083646216312827981e-01
1.250000000000000000e-01 6.467315804760878639e-02
1.259765625000000000e-01 9.141319715066494045e-03
1.269531250000000000e-01 -4.033617297361015430e-02
1.279296875000000000e-01 -1.350700393249169573e-01
1.289062500000000000e-01 5.211350842147267903e-02
1.298828125000000000e-01 7.543856936380949341e-02
1.308593750000000000e-01 1.710805746944991587e-02
1.318359375000000000e-01 -3.581999960076730910e-02
1.328125000000000000e-01 1.162832280282060683e-02
1.337890625000000000e-01 4.412130791536628127e-03
1.347656250000000000e-01 -4.415668252528506116e-02
1.357421875000000000e-01 5.160580416705052957e-03
1.367187500000000000e-01 1.115009153314830970e-01
1.376953125000000000e-01 -2.570533729188885508e-02
1.386718750000000000e-01 -2.553369984921517732e-02
1.396484375000000000e-01 -9.549433054638536977e-02
1.406250000000000000e-01 -3.964056242624831861e-02
1.416015625000000000e-01 -4.143299668806312702e-02
1.425781250000000000e-01 -2.915210919265353445e-02
1.435546875000000000e-01 -2.936608344161949560e-02
1.445312500000000000e-01 -2.802452452782955988e-02
1.455078125000000000e-01 -1.010676730132318776e-02
1.464843750000000000e-01 -2.055560652693571438e-02
1.474609375000000000e-01 1.359624536047757647e-02
1.484375000000000000e-01 1.036330735907877582e-01
1.494140625000000000e-01 -1.678189016873477685e-02
1.503906250000000000e-01 -1.210951067710756973e-01
1.513671875000000000e-01 -4.991918754534453023e-02
1.523437500000000000e-01 1.387025649896767576e-01
1.533203125000000000e-01 1.241783486765177247e-01
1.542968750000000000e-01 1.339785475366007672e-01
1.552734375000000000e-01 8.595194433656663802e-02
1.562500000000000000e-01 9.222174231771443700e-03
1.572265625000000000e-01 -2.979369419598966451e-02
1.582031250000000000e-01 -6.092199236864028616e-02
1.591796875000000000e-01 -7.968040580735951100e-04
1.601562500000000000e-01 -1.625788007633565194e-02
1.611328125000000000e-01 -9.069201249627980438e-03
1.621093750000000000e-01 1.069895617777633645e-01
1.630859375000000000e-01 1.083657254952177518e-01
1.640625000000000000e-01 4.189959399148644043e-02
1.650390625000000000e-01 -4.932423720733889252e-03
1.660156250000000000e-01 4.822530960813558448e-02
1.669921875000000000e-01 -1.137790780162199061e-01
1.679687500000000000e-01 -6.020820044584220682e-02
1.689453125000000000e-01 -5.647658059291167654e-02
1.699218750000000000e-01 -1.921699879773068331e-01
1.708984375000000000e-01 -1.601720260171303201e-01
1.718750000000000000e-01 1.690934038241932247e-03
1.728515625000000000e-01 3.546439317712239692e-02
1.738281250000000000e-01 -7.889197438151784522e-03
1.748046875000000000e-01 -2.348977546364823532e-02
1.757812500000000000e-01 -3.024490579181639618e-03
1.767578125000000000e-01 2.689617166117469135e-02
1.777343750000000000e-01 9.631776256743504808e-03
1.787109375000000000e-01 -2.103317717647053969e-02
1.796875000000000000e-01 6.702213311858443157e-02
1.806640625000000000e-01 8.511340047696025479e-02
1.816406250000000000e-01 6.785207999262684447e-03
1.826171875000000000e-01 3.140826985666803767e-02
1.835937500000000000e-01 -1.905218171009953609e-02
1.845703125000000000e-01 6.297922420747407990e-02
1.855468750000000000e-01 1.698616085260205022e-01
1.865234375000000000e-01 4.151717658771093833e-02
1.875000000000000000e-01 -2.488290327830177534e-02
1.884765625000000000e-01 -7.339438981261767192e-02
1.894531250000000000e-01 -2.480906151438428409e-01
1.904296875000000000e-01 -2.065502488415403293e-01
1.914062500000000000e-01 -9.810115653846018802e-02
1.923828125000000000e-01 4.041975303417932180e-02
1.933593750000000000e-01 1.397207479248480655e-01
1.943359375000000000e-01 6.115980868474958643e-02
1.953125000000000000e-01 9.277035634103505957e-02
1.962890625000000000e-01 7.292248530626457836e-02
1.972656250000000000e-01 4.730740259501309969e-02
1.982421875000000000e-01 8.459503168131489448e-02
1.992187500000000000e-01 1.545977498164797515e-01
2.001953125000000000e-01 1.766089182840546445e-01
2.011718750000000000e-01 7.356386552986956054e-03
2.021484375000000000e-01 -2.360099912352454227e-02
2.031250000000000000e-01 1.588507140302856668e-01
2.041015625000000000e-01 3.576987015655682528e-02
2.050781250000000000e-01 -1.582680289230108117e-02
2.060546875000000000e-01 -8.168437587923579879e-02
2.070312500000000000e-01 -6.303761358651432944e-03
2.080078125000000000e-01 1.581053577856833259e-01
2.089843750000000000e-01 1.468637061444982295e-01
2.099609375000000000e-01 -6.751337026838015454e-02
2.109375000000000000e-01 -1.163213647158210517e-01
2.119140625000000000e-01 7.128586505040207522e-02
2.128906250000000000e-01 4.111999905931659760e-02
2.138671875000000000e-01 -2.996338661749814447e-02
2.148437500000000000e-01 -4.611148123506868257e-02
2.158203125000000000e-01 4.189806222308831846e-02
2.167968750000000000e-01 4.509151969369600693e-02
2.177734375000000000e-01 2.663577141669281126e-02
2.187500000000000000e-01 -1.935318937852571405e-02
2.197265625000000000e-01 3.558595044325844978e-03
2.207031250000000000e-01 4.139042061645095173e-03
2.216796875000000000e-01 7.981311484305314563e-02
2.226562500000000000e-01 -1.731522797919051934e-02
2.236328125000000000e-01 -1.733203505169120806e-01
2.246093750000000000e-01 2.435423260312826257e-02
2.255859375000000000e-01 1.806160357226366808e-01
2.265625000000000000e-01 7.240906563065199752e-02
2.275390625000000000e-01 1.225803478555605522e-02
2.285156250000000000e-01 -9.697552884002680340e-02
2.294921875000000000e-01 -1.063179661372516127e-01
2.304687500000000000e-01 -1.199466969815486672e-01
2.314453125000000000e-01 -2.409045758283085911e-02
2.324218750000000000e-01 5.671827339495723319e-02
2.333984375000000000e-01 4.745671200539525181e-02
2.343750000000000000e-01 3.635773167541379858e-02
2.353515625000000000e-01 7.833780716423718871e-02
2.363281250000000000e-01 8.767103207644476315e-02
2.373046875000000000e-01 3.032835015936825515e-02
2.382812500000000000e-01 -2.372519669477806889e-02
2.392578125000000000e-01 7.150599215250010021e-02
2.402343750000000000e-01 9.223552988951053133e-02
2.412109375000000000e-01 -1.257299195699660213e-02
2.421875000000000000e-01 -1.745441769618796823e-01
2.431640625000000000e-01 -2.383963161185752577e-01
2.441406250000000000e-01 -2.012762548136717844e-01
2.451171875000000000e-01 -8.718188526482034684e-02
2.460937500000000000e-01 5.691094723400818428e-02
2.470703125000000000e-01 4.669449181182715181e-02
2.480468750000000000e-01 -5.336940011546938839e-04
2.490234375000000000e-01 -8.244953478630639987e-02
2.500000000000000000e-01 -4.049290115431012499e-02
2.509765625000000000e-01 1.051053300554995185e-01
2.519531250000000000e-01 1.952384892030598063e-01
2.529296875000000000e-01 8.208154535925250850e-02
2.539062500000000000e-01 -2.551076617121731532e-02
2.548828125000000000e-01 3.028046419025360041e-04
2.558593750000000000e-01 -5.142875401412595748e-03
2.568359375000000000e-01 1.134763960226173179e-01
2.578125000000000000e-01 2.621766065228684287e-02
2.587890625000000000e-01 -5.560802154243157241e-02
2.597656250000000000e-01 -2.292488777049650830e-02
2.607421875000000000e-01 1.594967858690239312e-02
2.617187500000000000e-01 -3.566496496105940606e-02
2.626953125000000000e-01 -1.110541675221923957e-01
2.636718750000000000e-01 -4.562578311972414341e-02
2.646484375000000000e-01 -3.052061426624565546e-03
2.656250000000000000e-01 -4.709431694883925608e-03
2.666015625000000000e-01 -5.280761576078704667e-02
2.675781250000000000e-01 -3.152976011472550383e-02
2.685546875000000000e-01 8.714200059800025766e-02
2.695312500000000000e-01 3.427222299679749673e-02
2.705078125000000000e-01 -1.690504201578478249e-01
2.714843750000000000e-01 -2.635094794187148315e-01
2.724609375000000000e-01 -9.303028129983204053e-02
2.734375000000000000e-01 -2.738230905907569623e-02
2.744140625000000000e-01 -1.065743650735536119e-01
2.753906250000000000e-01 -8.004737794774441362e-02
2.763671875000000000e-01 -1.403571553433588803e-01
2.773437500000000000e-01 -9.972781819735859754e-02
2.783203125000000000e-01 -3.416465338655920447e-02
2.792968750000000000e-01 8.162596292132537346e-02
2.802734375000000000e-01 5.361322879133745972e-02
2.812500000000000000e-01 -1.167725515847241324e-01
2.822265625000000000e-01 -2.184670806257265063e-01
2.832031250000000000e-01 -3.782764030873345118e-02
2.841796875000000000e-01 -1.874797017998566925e-03
2.851562500000000000e-01 -5.515462827721203526e-02
2.861328125000000000e-01 -4.532612817642747705e-02
2.871093750000000000e-01 -7.177168416264390061e-02
2.880859375000000000e-01 -2.078171054513254790e-01
2.890625000000000000e-01 -2.638496423588471695e-01
2.900390625000000000e-01 7.050667588869163546e-03
2.910156250000000000e-01 1.247516032918319917e-01
2.919921875000000000e-01 -6.686746026352458072e-02
2.929687500000000000e-01 -1.302080421176781688e-01
2.939453125000000000e-01 1.165289565403915956e-01
2.949218750000000000e-01 1.867776882718971132e-01
2.958984375000000000e-01 1.689333162775263353e-01
2.968750000000000000e-01 -2.388894620590461745e-02
2.978515625000000000e-01 -2.698349876738687647e-01
2.988281250000000000e-01 -2.193257142542465177e-01
2.998046875000000000e-01 -4.510185056293459366e-02
3.007812500000000000e-01 1.369701560425330145e-01
3.017578125000000000e-01 1.326082616998340014e-01
3.027343750000000000e-01 -1.966789645303057901e-02
3.037109375000000000e-01 -1.327273693972049751e-01
3.046875000000000000e-01 -1.256740944636289825e-01
3.056640625000000000e-01 -1.829066757901014542e-02
3.066406250000000000e-01 -4.810463267297285933e-02
3.076171875000000000e-01 8.013733549932428035e-02
3.085937500000000000e-01 1.435595537839853830e-01
3.095703125000000000e-01 7.949309824641224986e-02
3.105468750000000000e-01 7.876337963735503822e-02
3.115234375000000000e-01 -3.341887886130272961e-02
3.125000000000000000e-01 -8.024613339038288648e-03
3.134765625000000000e-01 4.458522818882502958e-02
3.144531250000000000e-01 9.330654514854680448e-02
3.154296875000000000e-01 2.639390593301659815e-01
3.164062500000000000e-01 2.144783830116034629e-01
3.173828125000000000e-01 -2.462726343388556977e-02
3.183593750000000000e-01 -5.363305425950911504e-02
3.193359375000000000e-01 1.942991774227538840e-02
3.203125000000000000e-01 1.203890490627542720e-01
3.212890625000000000e-01 4.940915822818834485e-03
3.222656250000000000e-01 -7.435925831713188772e-02
3.232421875000000000e-01 1.970308903647280396e-02
3.242187500000000000e-01 -6.066174340844128487e-02
3.251953125000000000e-01 1.514933688380599303e-02
3.261718750000000000e-01 7.184477408780125252e-02
3.271484375000000000e-01 -9.445383845406984946e-02
3.281250000000000000e-01 -2.059755316098459410e-01
3.291015625000000000e-01 -1.731446063018864945e-01
3.300781250000000000e-01 -6.864034656347825503e-02
3.310546875000000000e-01 -6.446836253515203508e-02
3.320312500000000000e-01 -7.826417781621943393e-04
3.330078125000000000e-01 -5.968972848908245254e-02
3.339843750000000000e-01 -1.559841514428498416e-02
3.349609375000000000e-01 -1.285684989147267178e-02
3.359375000000000000e-01 -3.274782981724182890e-02
3.369140625000000000e-01 9.504703459895638695e-03
3.378906250000000000e-01 1.969483761003753552e-01
3.388671875000000000e-01 2.624054699014973790e-01
3.398437500000000000e-01 1.947019570614512141e-01
3.408203125000000000e-01 8.137709575832219322e-02
3.417968750000000000e-01 -1.037252712974773977e-01
3.427734375000000000e-01 1.516932205287279019e-02
3.437500000000000000e-01 1.814635155147302226e-01
3.447265625000000000e-01 5.484182750583386882e-03
3.457031250000000000e-01 -7.518200672711022881e-02
3.466796875000000000e-01 8.510211466570641314e-02
3.476562500000000000e-01 1.933422931040649356e-02
3.486328125000000000e-01 -6.374367112296096261e-02
3.496093750000000000e-01 8.256349057753203935e-02
3.505859375000000000e-01 1.533039536080202936e-01
3.515625000000000000e-01 5.751761013676020412e-02
3.525390625000000000e-01 -3.877133386935668197e-02
3.535156250000000000e-01 -9.747544404466532142e-02
3.544921875000000000e-01 -2.055090054193581817e-01
3.554687500000000000e-01 -7.196487097201584304e-02
3.564453125000000000e-01 6.463970496200716065e-02
3.574218750000000000e-01 7.191465687606381219e-02
3.583984375000000000e-01 7.562740678030001329e-02
3.593750000000000000e-01 3.974860168240366282e-02
3.603515625000000000e-01 1.198906038167132093e-01
3.613281250000000000e-01 3.083072772341381718e-02
3.623046875000000000e-01 8.157690984368982934e-02
3.632812500000000000e-01 1.675204640048902072e-01
3.642578125000000000e-01 3.717062570976974178e-02
3.652343750000000000e-01 1.284860906169054406e-01
3.662109375000000000e-01 1.780265160143673364e-01
3.671875000000000000e-01 -3.511041696882494928e-02
3.681640625000000000e-01 -9.748799391771602318e-02
3.691406250000000000e-01 -2.667488001817338444e-02
3.701171875000000000e-01 -6.872818214666505388e-02
3.710937500000000000e-01 -1.038307538166236277e-01
3.720703125000000000e-01 -1.810959614055634645e-02
3.730468750000000000e-01 2.719610745962458900e-02
3.740234375000000000e-01 -1.768810112101218412e-02
3.750000000000000000e-01 4.737633245420520833e-02
3.759765625000000000e-01 4.751177447184139896e-02
3.769531250000000000e-01 -1.432965157944415813e-02
3.779296875000000000e-01 -1.350092548414335257e-02
3.789062500000000000e-01 -6.026522887887505314e-02
3.798828125000000000e-01 5.780879790059156170e-02
3.808593750000000000e-01 -4.160440803160619927e-02
3.818359375000000000e-01 -9.093345997625701393e-02
3.828125000000000000e-01 -2.406103283085335789e-02
3.837890625000000000e-01 -8.190543299141156419e-02
3.847656250000000000e-01 -7.588639437645883223e-02
3.857421875000000000e-01 -1.190365956497237004e-01
3.867187500000000000e-01 -1.397854613959761683e-01
3.876953125000000000e-01 3.728017605312594629e-02
3.886718750000000000e-01 5.177226126236406795e-02
3.896484375000000000e-01 6.327939290166952058e-02
3.906250000000000000e-01 8.678555534859344611e-02
3.916015625000000000e-01 1.112333417655308326e-01
3.925781250000000000e-01 -8.518499109208363396e-02
3.935546875000000000e-01 -3.112617322746797366e-01
3.945312500000000000e-01 -1.538786367144870104e-01
3.955078125000000000e-01 -1.802708514621682023e-01
3.964843750000000000e-01 -1.996102065266443237e-01
3.974609375000000000e-01 -1.609767866654423785e-01
3.984375000000000000e-01 -1.525525889263734114e-01
3.994140625000000000e-01 -1.951080930029314153e-01
4.003906250000000000e-01 -3.205796145415617526e-01
4.013671875000000000e-01 -4.002206263116219742e-01
4.023437500000000000e-01 -4.569033770087177482e-01
4.033203125000000000e-01 -3.410859364471999222e-01
4.042968750000000000e-01 -3.995796968947762373e-01
4.052734375000000000e-01 -5.381343801718075914e-01
4.062500000000000000e-01 -4.944185080741009264e-01
4.072265625000000000e-01 -4.775946766985956771e-01
4.082031250000000000e-01 -4.174001363871996384e-01
4.091796875000000000e-01 -4.004916828597380185e-01
4.101562500000000000e-01 -3.687008919188702327e-01
4.111328125000000000e-01 -3.418558374576036174e-01
4.121093750000000000e-01 -4.970073794409188839e-01
4.130859375000000000e-01 -4.415567861918071602e-01
4.140625000000000000e-01 -3.851388826782138342e-01
4.150390625000000000e-01 -5.625424126315831108e-01
4.160156250000000000e-01 -6.528784771572542223e-01
4.169921875000000000e-01 -5.622712728499082990e-01
4.179687500000000000e-01 -6.133073870460785670e-01
4.189453125000000000e-01 -6.646957493732931210e-01
4.199218750000000000e-01 -7.153321228095845807e-01
4.208984375000000000e-01 -7.863814592000595294e-01
4.218750000000000000e-01 -8.908985559487657691e-01
4.228515625000000000e-01 -1.062729187756773275e+00
4.238281250000000000e-01 -1.122245544650826377e+00
4.248046875000000000e-01 -1.238057242374504430e+00
4.257812500000000000e-01 -1.152794757638718526e+00
4.267578125000000000e-01 -1.062403604913156663e+00
4.277343750000000000e-01 -1.148325497549106178e+00
4.287109375000000000e-01 -1.240198379193141687e+00
4.296875000000000000e-01 -1.355584915233703835e+00
4.306640625000000000e-01 -1.254567157912898967e+00
4.316406250000000000e-01 -1.277607261520782522e+00
4.326171875000000000e-01 -1.466445435231768180e+00
4.335937500000000000e-01 -1.600412870875370430e+00
4.345703125000000000e-01 -1.564249319545984118e+00
4.355468750000000000e-01 -1.659927604140329471e+00
4.365234375000000000e-01 -1.693785157878036074e+00
4.375000000000000000e-01 -1.690604997091459616e+00
4.384765625000000000e-01 -1.816413002722006453e+00
4.394531250000000000e-01 -1.837529619715071449e+00
4.404296875000000000e-01 -1.897770901753663475e+00
4.414062500000000000e-01 -2.042738387741260819e+00
4.423828125000000000e-01 -2.100129034143853435e+00
4.433593750000000000e-01 -2.129694642421800843e+00
4.443359375000000000e-01 -2.251201811659426788e+00
4.453125000000000000e-01 -2.331405100951710274e+00
4.462890625000000000e-01 -2.429318232426190161e+00
4.472656250000000000e-01 -2.493679657698202767e+00
4.482421875000000000e-01 -2.578231163246667013e+00
4.492187500000000000e-01 -2.516304695148968040e+00
4.501953125000000000e-01 -2.542727110328500295e+00
4.511718750000000000e-01 -2.708649452334324526e+00
4.521484375000000000e-01 -2.849719708461079470e+00
4.531250000000000000e-01 -2.977497229185255279e+00
4.541015625000000000e-01 -2.959648341101024815e+00
4.550781250000000000e-01 -3.003896876561387153e+00
4.560546875000000000e-01 -2.968093476130130526e+00
4.570312500000000000e-01 -3.187977798094054016e+00
4.580078125000000000e-01 -3.374442745383908093e+00
4.589843750000000000e-01 -3.418321077171841527e+00
4.599609375000000000e-01 -3.455921284681857220e+00
4.609375000000000000e-01 -3.603144525949608656e+00
4.619140625000000000e-01 -3.738238060664685669e+00
4.628906250000000000e-01 -3.719590329688356345e+00
4.638671875000000000e-01 -3.814207432201783377e+00
4.648437500000000000e-01 -3.973998717276475467e+00
4.658203125000000000e-01 -4.131379770794159079e+00
4.667968750000000000e-01 -4.199378116679948647e+00
4.677734375000000000e-01 -4.191892760972382170e+00
4.687500000000000000e-01 -4.262927369112750497e+00
4.697265625000000000e-01 -4.429357984168287743e+00
4.707031250000000000e-01 -4.432431431334720173e+00
4.716796875000000000e-01 -4.558386963372559109e+00
4.726562500000000000e-01 -4.650528543187565589e+00
4.736328125000000000e-01 -4.716267108932733265e+00
4.746093750000000000e-01 -4.851303786180442223e+00
4.755859375000000000e-01 -5.079049057304213299e+00
4.765625000000000000e-01 -5.085836966786906110e+00
4.775390625000000000e-01 -5.126168986912540859e+00
4.785156250000000000e-01 -5.301225922027246185e+00
4.794921875000000000e-01 -5.316580827871021597e+00
4.804687500000000000e-01 -5.419289798581790052e+00
4.814453125000000000e-01 -5.409726760737191498e+00
4.824218750000000000e-01 -5.425892598521501853e+00
4.833984375000000000e-01 -5.439343609914603306e+00
4.843750000000000000e-01 -5.412073015874394599e+00
4.853515625000000000e-01 -5.605323875612543638e+00
4.863281250000000000e-01 -5.638298913634066878e+00
4.873046875000000000e-01 -5.643367526283502578e+00
4.882812500000000000e-01 -5.767002970245975746e+00
4.892578125000000000e-01 -5.735318981770014091e+00
4.902343750000000000e-01 -5.670781218706945737e+00
4.912109375000000000e-01 -5.701041848112647692e+00
4.921875000000000000e-01 -5.825997958201790894e+00
4.931640625000000000e-01 -5.962178934924153850e+00
4.941406250000000000e-01 -6.010144462524797504e+00
4.951171875000000000e-01 -5.992500616964990812e+00
4.960937500000000000e-01 -6.131322316027910446e+00
4.970703125000000000e-01 -6.162184609628508447e+00
4.980468750000000000e-01 -6.048291912708093854e+00
4.990234375000000000e-01 -6.050941193305899191e+00
