-5.000000000000000000e-01 6.210477782535329949e-02
-4.990234375000000000e-01 1.301750555153008415e-01
-4.980468750000000000e-01 8.402930351551698984e-02
-4.970703125000000000e-01 -5.698011716960504208e-02
-4.960937500000000000e-01 1.100263092580324419e-02
-4.951171875000000000e-01 6.390587753620818878e-02
-4.941406250000000000e-01 -1.668940247775859143e-01
-4.931640625000000000e-01 -2.220023628024303530e-01
-4.921875000000000000e-01 -2.829442926810059045e-01
-4.912109375000000000e-01 -2.271745150813287983e-01
-4.902343750000000000e-01 -1.434280737124041250e-01
-4.892578125000000000e-01 -9.014641681439132526e-02
-4.882812500000000000e-01 -1.215592798386714302e-01
-4.873046875000000000e-01 -8.029174412831138752e-02
-4.863281250000000000e-01 -1.538919684500045792e-01
-4.853515625000000000e-01 -6.952597995184905955e-02
-4.843750000000000000e-01 -6.651163578314882308e-02
-4.833984375000000000e-01 -1.433534235861430861e-01
-4.824218750000000000e-01 -1.553719190587273501e-02
-4.814453125000000000e-01 1.104404413318398753e-02
-4.804687500000000000e-01 -6.651342615855453111e-02
-4.794921875000000000e-01 -2.935523197420599611e-02
-4.785156250000000000e-01 3.666016374556214236e-02
-4.775390625000000000e-01 -5.242705111123506512e-02
-4.765625000000000000e-01 -5.266506049815683488e-03
-4.755859375000000000e-01 1.066728121567813020e-01
-4.746093750000000000e-01 2.438829363404497116e-02
-4.736328125000000000e-01 -1.819820285535501958e-02
-4.726562500000000000e-01 -4.678282308184972954e-02
-4.716796875000000000e-01 -6.069187385946171742e-02
-4.707031250000000000e-01 2.907531201819605476e-02
-4.697265625000000000e-01 2.556939433736135636e-02
-4.687500000000000000e-01 3.596504403157905344e-02
-4.677734375000000000e-01 1.485382047260275507e-01
-4.667968750000000000e-01 4.533605922647042548e-03
-4.658203125000000000e-01 -7.076599523000803860e-02
-4.648437500000000000e-01 -1.099163381021475705e-01
-4.638671875000000000e-01 -2.206092487213609857e-02
-4.628906250000000000e-01 2.211057614202093652e-02
-4.619140625000000000e-01 5.197100341008221991e-02
-4.609375000000000000e-01 1.779399508441854572e-01
-4.599609375000000000e-01 9.816465370634591681e-02
-4.589843750000000000e-01 -1.453151622085383510e-01
-4.580078125000000000e-01 -2.195635630561401652e-01
-4.570312500000000000e-01 -1.190330959843732828e-01
-4.560546875000000000e-01 -3.766906314807983575e-02
-4.550781250000000000e-01 -2.662488645432299628e-02
-4.541015625000000000e-01 -3.616705284046339147e-02
-4.531250000000000000e-01 6.940187656608400035e-02
-4.521484375000000000e-01 5.316953543432487161e-02
-4.511718750000000000e-01 5.503893101935257437e-02
-4.501953125000000000e-01 7.833906490767393593e-02
-4.492187500000000000e-01 7.866091009005021784e-02
-4.482421875000000000e-01 4.604501776325466145e-02
-4.472656250000000000e-01 1.150862199038469869e-01
-4.462890625000000000e-01 8.042127097938397973e-02
-4.453125000000000000e-01 3.784837868423199247e-02
-4.443359375000000000e-01 1.538754829505786514e-01
-4.433593750000000000e-01 6.855569703043562502e-02
-4.423828125000000000e-01 -1.989538212956273866e-02
-4.414062500000000000e-01 5.336835255110563420e-02
-4.404296875000000000e-01 2.791049638698713670e-02
-4.394531250000000000e-01 6.162632756631657160e-02
-4.384765625000000000e-01 7.443513346407823472e-02
-4.375000000000000000e-01 9.554267196824291208e-02
-4.365234375000000000e-01 7.397729731598602643e-02
-4.355468750000000000e-01 3.339771013918828302e-02
-4.345703125000000000e-01 -1.241805179953879429e-01
-4.335937500000000000e-01 -1.236140179606420864e-02
-4.326171875000000000e-01 -2.122624408166711579e-02
-4.316406250000000000e-01 -3.357853223236600959e-02
-4.306640625000000000e-01 1.629989123408689955e-02
-4.296875000000000000e-01 3.994833223669885802e-02
-4.287109375000000000e-01 7.111587103436460555e-02
-4.277343750000000000e-01 -3.704929782280221105e-03
-4.267578125000000000e-01 -1.387977775078750864e-01
-4.257812500000000000e-01 2.287863045739458798e-02
-4.248046875000000000e-01 1.619143103775050052e-01
-4.238281250000000000e-01 5.938912782788358102e-02
-4.228515625000000000e-01 -1.160003603705173081e-02
-4.218750000000000000e-01 4.328108817246504453e-02
-4.208984375000000000e-01 5.728506873884572914e-02
-4.199218750000000000e-01 7.355462796201017728e-02
-4.189453125000000000e-01 -5.861416500591698497e-02
-4.179687500000000000e-01 -2.015755660450825257e-03
-4.169921875000000000e-01 1.606596041920820006e-01
-4.160156250000000000e-01 1.091910613671214086e-01
-4.150390625000000000e-01 -4.994570433052666902e-02
-4.140625000000000000e-01 -1.642973247614320509e-01
-4.130859375000000000e-01 -1.096261159452390638e-01
-4.121093750000000000e-01 -1.689315074696080138e-02
-4.111328125000000000e-01 -1.001600025778937170e-01
-4.101562500000000000e-01 -8.930417381339944560e-02
-4.091796875000000000e-01 -9.051550273068537100e-02
-4.082031250000000000e-01 -7.917395822940642702e-02
-4.072265625000000000e-01 7.471473637528870584e-04
-4.062500000000000000e-01 7.809306581892727639e-02
-4.052734375000000000e-01 1.174245580499470865e-01
-4.042968750000000000e-01 8.218670678018016873e-02
-4.033203125000000000e-01 7.082509294558522739e-02
-4.023437500000000000e-01 5.595237552311105311e-02
-4.013671875000000000e-01 1.342741152732717658e-01
-4.003906250000000000e-01 5.351333422166524439e-02
-3.994140625000000000e-01 -7.072496133547598318e-02
-3.984375000000000000e-01 -1.428373932178517158e-01
-3.974609375000000000e-01 3.316560917410226600e-02
-3.964843750000000000e-01 5.458918052858301173e-02
-3.955078125000000000e-01 -2.970926269875882528e-02
-3.945312500000000000e-01 -2.494000334480005882e-03
-3.935546875000000000e-01 6.718551453172916244e-02
-3.925781250000000000e-01 -4.327369108001775933e-02
-3.916015625000000000e-01 -5.607969388766684271e-02
-3.906250000000000000e-01 -4.565032719572225534e-02
-3.896484375000000000e-01 -8.372110267705713815e-02
-3.886718750000000000e-01 1.200943069906426353e-01
-3.876953125000000000e-01 2.412007745107365708e-01
-3.867187500000000000e-01 8.739559199853738636e-02
-3.857421875000000000e-01 -7.889760234636803912e-03
-3.847656250000000000e-01 -1.469454762471754383e-01
-3.837890625000000000e-01 -1.102775596290029997e-01
-3.828125000000000000e-01 -2.196807578132186495e-02
-3.818359375000000000e-01 -6.600676014303026584e-02
-3.808593750000000000e-01 -1.995035266993811507e-01
-3.798828125000000000e-01 -1.454840542713826124e-01
-3.789062500000000000e-01 -1.710956947449520649e-01
-3.779296875000000000e-01 -1.493534315995956041e-01
-3.769531250000000000e-01 -1.305477083952004680e-01
-3.759765625000000000e-01 -9.356122970613543754e-02
-3.750000000000000000e-01 3.520921198316609001e-03
-3.740234375000000000e-01 1.636218913297442235e-02
-3.730468750000000000e-01 1.294351450885536381e-03
-3.720703125000000000e-01 7.601342619779337395e-02
-3.710937500000000000e-01 1.662911247393460829e-02
-3.701171875000000000e-01 -2.689835085504429721e-02
-3.691406250000000000e-01 1.591036011816244211e-01
-3.681640625000000000e-01 5.882147146087920997e-02
-3.671875000000000000e-01 1.203542280494509509e-01
-3.662109375000000000e-01 9.127018785766485842e-02
-3.652343750000000000e-01 -3.586649702141216089e-02
-3.642578125000000000e-01 -4.374914350105606198e-02
-3.632812500000000000e-01 -3.147311766048541126e-02
-3.623046875000000000e-01 -8.542615046027968173e-02
-3.613281250000000000e-01 -9.528799540912127886e-02
-3.603515625000000000e-01 -2.181929274970417776e-02
-3.593750000000000000e-01 -2.339492240225475236e-03
-3.583984375000000000e-01 -1.869023098265402971e-02
-3.574218750000000000e-01 -4.852016113498213226e-03
-3.564453125000000000e-01 3.533654661777187178e-02
-3.554687500000000000e-01 5.826212873035702122e-02
-3.544921875000000000e-01 2.203551156391889698e-01
-3.535156250000000000e-01 1.434725102392134521e-01
-3.525390625000000000e-01 -5.794858828544063173e-03
-3.515625000000000000e-01 -1.491587527034506921e-01
-3.505859375000000000e-01 -1.714129847691401032e-01
-3.496093750000000000e-01 -2.015889105966650607e-01
-3.486328125000000000e-01 -1.102671094232847704e-01
-3.476562500000000000e-01 -6.152022131278500616e-02
-3.466796875000000000e-01 -1.143978065769693242e-01
-3.457031250000000000e-01 2.976883032802674772e-02
-3.447265625000000000e-01 2.199416114597944061e-01
-3.437500000000000000e-01 2.108634619300951418e-01
-3.427734375000000000e-01 7.845465475227562935e-02
-3.417968750000000000e-01 2.483378664848452395e-03
-3.408203125000000000e-01 1.676665184329766134e-01
-3.398437500000000000e-01 1.791230789989809169e-01
-3.388671875000000000e-01 9.622615677150950231e-02
-3.378906250000000000e-01 4.876328266912671044e-02
-3.369140625000000000e-01 8.440275099782733326e-02
-3.359375000000000000e-01 8.091776180868275048e-02
-3.349609375000000000e-01 2.623558610972589675e-02
-3.339843750000000000e-01 4.941607356949133389e-02
-3.330078125000000000e-01 -1.020495449465060878e-01
-3.320312500000000000e-01 -1.594486976512587417e-01
-3.310546875000000000e-01 -2.246296579685918837e-01
-3.300781250000000000e-01 -2.033061462975073452e-01
-3.291015625000000000e-01 -8.816518266139321269e-02
-3.281250000000000000e-01 4.761437496887045706e-02
-3.271484375000000000e-01 -3.360049051330440961e-02
-3.261718750000000000e-01 -1.483542488246889501e-01
-3.251953125000000000e-01 -2.582078716102019847e-02
-3.242187500000000000e-01 9.878042073984397153e-02
-3.232421875000000000e-01 1.194599516196692413e-01
-3.222656250000000000e-01 1.099159344921017828e-01
-3.212890625000000000e-01 8.444476067952855214e-02
-3.203125000000000000e-01 -6.388975272068042610e-02
-3.193359375000000000e-01 -1.441820061550856957e-01
-3.183593750000000000e-01 -8.267191711334806459e-02
-3.173828125000000000e-01 -1.756404106883663330e-01
-3.164062500000000000e-01 -1.408029680626973756e-01
-3.154296875000000000e-01 -6.110598504188369251e-02
-3.144531250000000000e-01 -8.787203375063612487e-02
-3.134765625000000000e-01 -5.706209297049044671e-02
-3.125000000000000000e-01 -7.617500544228125725e-02
-3.115234375000000000e-01 -2.236110153359821828e-01
-3.105468750000000000e-01 -1.202012128013329323e-01
-3.095703125000000000e-01 8.445756306880379538e-02
-3.085937500000000000e-01 1.926031943651232165e-03
-3.076171875000000000e-01 -5.525840634117792916e-02
-3.066406250000000000e-01 -9.533808310866040414e-02
-3.056640625000000000e-01 5.321443644666026818e-02
-3.046875000000000000e-01 7.659494188130669401e-02
-3.037109375000000000e-01 3.625285636119596200e-02
-3.027343750000000000e-01 -1.986856274834015654e-02
-3.017578125000000000e-01 -5.053810273979621182e-02
-3.007812500000000000e-01 -2.059988552532242626e-02
-2.998046875000000000e-01 -3.925012118638781383e-02
-2.988281250000000000e-01 8.218887014392236776e-03
-2.978515625000000000e-01 5.093739635779630931e-02
-2.968750000000000000e-01 -1.528902523219366136e-02
-2.958984375000000000e-01 -1.089534520660682404e-01
-2.949218750000000000e-01 -8.565145010851663021e-02
-2.939453125000000000e-01 -1.147238405658448646e-01
-2.929687500000000000e-01 -8.756536680164615782e-02
-2.919921875000000000e-01 -9.302482343285756183e-02
-2.910156250000000000e-01 -6.001762714178564273e-02
-2.900390625000000000e-01 9.260558733895616484e-03
-2.890625000000000000e-01 6.578179510624329596e-02
-2.880859375000000000e-01 1.264351143108773945e-01
-2.871093750000000000e-01 9.287744868792108255e-02
-2.861328125000000000e-01 4.941313744637055444e-02
-2.851562500000000000e-01 -8.844624461370267920e-02
-2.841796875000000000e-01 -9.520102814279896020e-02
-2.832031250000000000e-01 -8.466796559665937250e-03
-2.822265625000000000e-01 -2.164359728145801021e-02
-2.812500000000000000e-01 -1.880961194489544075e-01
-2.802734375000000000e-01 -5.288399549838711244e-02
-2.792968750000000000e-01 1.279184842501882580e-01
-2.783203125000000000e-01 9.215653300201215314e-02
-2.773437500000000000e-01 9.432745243543581848e-02
-2.763671875000000000e-01 1.319664853202431598e-01
-2.753906250000000000e-01 9.659933307528015267e-02
-2.744140625000000000e-01 -7.181319292868820758e-02
-2.734375000000000000e-01 -4.578097933016726101e-02
-2.724609375000000000e-01 5.185818746649953348e-02
-2.714843750000000000e-01 -1.007497113898496097e-02
-2.705078125000000000e-01 -8.983739629415508909e-02
-2.695312500000000000e-01 -6.494596769621438503e-02
-2.685546875000000000e-01 -9.710810754611236273e-02
-2.675781250000000000e-01 -9.137997158407534792e-02
-2.666015625000000000e-01 -4.849365547127083842e-02
-2.656250000000000000e-01 -4.733390532554927060e-02
-2.646484375000000000e-01 -1.163123537137759900e-01
-2.636718750000000000e-01 6.734967216438741966e-02
-2.626953125000000000e-01 1.597935869850348189e-01
-2.617187500000000000e-01 1.198415615404779420e-03
-2.607421875000000000e-01 2.740299378107458397e-02
-2.597656250000000000e-01 7.961515111576415726e-02
-2.587890625000000000e-01 9.745221710095816614e-02
-2.578125000000000000e-01 1.171457700310591099e-01
-2.568359375000000000e-01 5.636085979977428773e-02
-2.558593750000000000e-01 4.902160187359141941e-02
-2.548828125000000000e-01 8.411880614143503465e-02
-2.539062500000000000e-01 9.243258883572041951e-02
-2.529296875000000000e-01 8.801509981012043413e-04
-2.519531250000000000e-01 4.784186434652928921e-02
-2.509765625000000000e-01 1.074971688282722049e-01
-2.500000000000000000e-01 3.865354102718838308e-02
-2.490234375000000000e-01 -6.202805073648080293e-03
-2.480468750000000000e-01 8.148969010284620729e-02
-2.470703125000000000e-01 -1.767826192310869172e-03
-2.460937500000000000e-01 -2.130272968869731109e-01
-2.451171875000000000e-01 -5.736121067433745668e-02
-2.441406250000000000e-01 1.214562903420510348e-01
-2.431640625000000000e-01 1.239395589868277775e-01
-2.421875000000000000e-01 1.396282908543575452e-01
-2.412109375000000000e-01 1.542940276176021641e-01
-2.402343750000000000e-01 -1.925993769808270403e-02
-2.392578125000000000e-01 -9.486750220331845174e-02
-2.382812500000000000e-01 -1.482461518227825847e-01
-2.373046875000000000e-01 -7.011633030563664548e-02
-2.363281250000000000e-01 -5.792658055690035751e-02
-2.353515625000000000e-01 2.192025270085051769e-02
-2.343750000000000000e-01 2.386900911424425648e-02
-2.333984375000000000e-01 5.026479757152891963e-03
-2.324218750000000000e-01 3.505747514204141796e-02
-2.314453125000000000e-01 1.355822538773523434e-01
-2.304687500000000000e-01 1.629000516046381075e-01
-2.294921875000000000e-01 8.888977416992044356e-02
-2.285156250000000000e-01 4.929059116099677312e-02
-2.275390625000000000e-01 3.177828696296174094e-02
-2.265625000000000000e-01 5.472093179413164976e-02
-2.255859375000000000e-01 -2.584023580251172160e-03
-2.246093750000000000e-01 -3.839884589153370192e-02
-2.236328125000000000e-01 7.953109585876161347e-02
-2.226562500000000000e-01 5.920538215613931760e-02
-2.216796875000000000e-01 1.176423742707913972e-02
-2.207031250000000000e-01 4.369658283878333216e-02
-2.197265625000000000e-01 -8.012536436762526110e-03
-2.187500000000000000e-01 7.016251590141907302e-02
-2.177734375000000000e-01 7.791150418287680346e-02
-2.167968750000000000e-01 9.465006001594725854e-03
-2.158203125000000000e-01 -4.912953834615831766e-02
-2.148437500000000000e-01 -8.872450197079413681e-02
-2.138671875000000000e-01 -7.142570042312004763e-02
-2.128906250000000000e-01 7.133038793991840210e-02
-2.119140625000000000e-01 -1.703739396194676667e-02
-2.109375000000000000e-01 3.730449903339879553e-02
-2.099609375000000000e-01 4.370481850309942962e-02
-2.089843750000000000e-01 1.680730099016866305e-02
-2.080078125000000000e-01 9.641532109407298379e-02
-2.070312500000000000e-01 2.136468101401516884e-01
-2.060546875000000000e-01 1.542944055337363840e-01
-2.050781250000000000e-01 -5.742411492883577051e-03
-2.041015625000000000e-01 2.874362323178664830e-02
-2.031250000000000000e-01 9.881715288359024796e-02
-2.021484375000000000e-01 8.579182674208135628e-02
-2.011718750000000000e-01 -6.940576680104907671e-03
-2.001953125000000000e-01 -4.408924419059087607e-02
-1.992187500000000000e-01 -1.187746335928241588e-02
-1.982421875000000000e-01 7.493577069345243313e-02
-1.972656250000000000e-01 1.030331485530312646e-01
-1.962890625000000000e-01 1.403075874979530999e-02
-1.953125000000000000e-01 -9.066560306813485626e-02
-1.943359375000000000e-01 -1.268754182579812095e-01
-1.933593750000000000e-01 -1.068233227696475801e-01
-1.923828125000000000e-01 7.542405906522776926e-02
-1.914062500000000000e-01 1.704303223635855735e-01
-1.904296875000000000e-01 5.391596695326764110e-02
-1.894531250000000000e-01 -1.535980441355031811e-01
-1.884765625000000000e-01 -1.500046787100508261e-01
-1.875000000000000000e-01 -5.297860206600456950e-02
-1.865234375000000000e-01 -8.605772409740740370e-02
-1.855468750000000000e-01 -6.664500706621875881e-02
-1.845703125000000000e-01 -9.432279570227712628e-02
-1.835937500000000000e-01 -2.243895242195259598e-01
-1.826171875000000000e-01 -9.703260595963242308e-02
-1.816406250000000000e-01 1.619508179439202722e-01
-1.806640625000000000e-01 1.420365003187664676e-01
-1.796875000000000000e-01 1.103863785795285851e-02
-1.787109375000000000e-01 -7.981541863845914922e-03
-1.777343750000000000e-01 6.856453392484537779e-02
-1.767578125000000000e-01 -1.420579931208536956e-02
-1.757812500000000000e-01 -6.491657766914545047e-02
-1.748046875000000000e-01 5.055903450812900685e-02
-1.738281250000000000e-01 3.272697578901839766e-02
-1.728515625000000000e-01 1.481197568125539599e-01
-1.718750000000000000e-01 1.494893181855129483e-01
-1.708984375000000000e-01 2.393254075267372827e-01
-1.699218750000000000e-01 1.252784932204066282e-01
-1.689453125000000000e-01 3.451167807656212866e-02
-1.679687500000000000e-01 1.335151620090955227e-01
-1.669921875000000000e-01 2.229005567161570778e-01
-1.660156250000000000e-01 6.755354019113550545e-02
-1.650390625000000000e-01 -1.913529007134047444e-02
-1.640625000000000000e-01 6.845013098610500113e-02
-1.630859375000000000e-01 7.033113281535803563e-02
-1.621093750000000000e-01 3.719855485496752212e-02
-1.611328125000000000e-01 6.154269736762190551e-02
-1.601562500000000000e-01 9.444342246570759658e-02
-1.591796875000000000e-01 -1.363995763784676095e-02
-1.582031250000000000e-01 -1.399068204916500691e-01
-1.572265625000000000e-01 -9.773292306931388729e-02
-1.562500000000000000e-01 2.430660993290104446e-02
-1.552734375000000000e-01 -1.119745521021603130e-01
-1.542968750000000000e-01 -1.249285498491095048e-01
-1.533203125000000000e-01 -3.952614046482147252e-03
-1.523437500000000000e-01 2.737754428204437415e-02
-1.513671875000000000e-01 2.632615151209535473e-02
-1.503906250000000000e-01 1.279326130881573709e-01
-1.494140625000000000e-01 2.152739069434777403e-04
-1.484375000000000000e-01 2.306451173021694875e-02
-1.474609375000000000e-01 8.798811369818018702e-02
-1.464843750000000000e-01 1.470758500231433841e-01
-1.455078125000000000e-01 1.947062079896227649e-01
-1.445312500000000000e-01 1.848983654778293684e-01
-1.435546875000000000e-01 2.242340080500445157e-02
-1.425781250000000000e-01 -1.510437094154253868e-01
-1.416015625000000000e-01 -4.786174424714851466e-02
-1.406250000000000000e-01 -3.758014037442491267e-02
-1.396484375000000000e-01 -1.019183186360923254e-01
-1.386718750000000000e-01 -3.446052919485707161e-02
-1.376953125000000000e-01 1.169837711034749927e-01
-1.367187500000000000e-01 1.438066998223840320e-01
-1.357421875000000000e-01 -2.700600276915308268e-02
-1.347656250000000000e-01 9.715823429724521065e-02
-1.337890625000000000e-01 1.066318232339944078e-01
-1.328125000000000000e-01 -5.658646273007202077e-02
-1.318359375000000000e-01 -2.070439769244787967e-02
-1.308593750000000000e-01 -3.604532057925202010e-02
-1.298828125000000000e-01 -4.520638288718160230e-02
-1.289062500000000000e-01 -3.617039025070602903e-02
-1.279296875000000000e-01 7.935381891343105260e-03
-1.269531250000000000e-01 -8.614131750887658173e-03
-1.259765625000000000e-01 -8.860173734118461167e-03
-1.250000000000000000e-01 -6.111269365549064359e-02
-1.240234375000000000e-01 -4.119731131159643650e-03
-1.230468750000000000e-01 1.502554110990471890e-02
-1.220703125000000000e-01 -9.589235730781471567e-02
-1.210937500000000000e-01 -9.982237022013432104e-02
-1.201171875000000000e-01 -2.135242765100214130e-02
-1.191406250000000000e-01 1.690951227581305449e-01
-1.181640625000000000e-01 1.408458855327465453e-01
-1.171875000000000000e-01 3.238313395066447220e-02
-1.162109375000000000e-01 9.701769764481726899e-02
-1.152343750000000000e-01 -1.182228255284881735e-01
-1.142578125000000000e-01 -1.671313365916877736e-01
-1.132812500000000000e-01 5.744988668676413029e-02
-1.123046875000000000e-01 2.431592600751966010e-02
-1.113281250000000000e-01 5.279050600438179620e-03
-1.103515625000000000e-01 1.195729315354021952e-02
-1.093750000000000000e-01 6.680200118718532254e-02
-1.083984375000000000e-01 8.878316364539801109e-02
-1.074218750000000000e-01 7.109531503208481318e-02
-1.064453125000000000e-01 2.336715325984556890e-01
-1.054687500000000000e-01 1.889548874201038287e-01
-1.044921875000000000e-01 5.804537448342619865e-02
-1.035156250000000000e-01 -2.092187390059822155e-02
-1.025390625000000000e-01 3.214526155402235713e-02
-1.015625000000000000e-01 3.046423100492830216e-02
-1.005859375000000000e-01 5.386781398523585868e-02
-9.960937500000000000e-02 -3.770078699337776895e-02
-9.863281250000000000e-02 -1.197418842203759326e-01
-9.765625000000000000e-02 7.247965308670176188e-02
-9.667968750000000000e-02 1.924013650982199786e-01
-9.570312500000000000e-02 2.190000240563753087e-01
-9.472656250000000000e-02 1.854415385525747806e-01
-9.375000000000000000e-02 -4.838528645414606755e-02
-9.277343750000000000e-02 -4.495511774366321711e-02
-9.179687500000000000e-02 9.645563850155742039e-03
-9.082031250000000000e-02 -6.186423490573657313e-02
-8.984375000000000000e-02 4.720993177381573730e-02
-8.886718750000000000e-02 2.062227143881328884e-01
-8.789062500000000000e-02 1.194841584031543918e-01
-8.691406250000000000e-02 -8.224472896385534582e-02
-8.593750000000000000e-02 -1.229198309337803940e-01
-8.496093750000000000e-02 -6.005706824418577394e-02
-8.398437500000000000e-02 -1.080164882852089059e-01
-8.300781250000000000e-02 -2.187640370867789397e-01
-8.203125000000000000e-02 -6.975766639231334443e-02
-8.105468750000000000e-02 3.236314174221427420e-02
-8.007812500000000000e-02 -8.955035379223302838e-02
-7.910156250000000000e-02 -1.306643413652391061e-01
-7.812500000000000000e-02 -1.156343233152650196e-01
-7.714843750000000000e-02 -1.432510420223861436e-01
-7.617187500000000000e-02 2.262587942504128494e-02
-7.519531250000000000e-02 3.108920709836753837e-01
-7.421875000000000000e-02 9.734399654862121998e-02
-7.324218750000000000e-02 1.626960575244727715e-03
-7.226562500000000000e-02 5.174818465338840677e-03
-7.128906250000000000e-02 6.618895851457728963e-02
-7.031250000000000000e-02 9.877554131361088174e-02
-6.933593750000000000e-02 -7.297681734306943335e-02
-6.835937500000000000e-02 -1.560852177309657030e-01
-6.738281250000000000e-02 -8.504384007716477012e-02
-6.640625000000000000e-02 -5.817544254438377499e-02
-6.542968750000000000e-02 1.392572530578851109e-01
-6.445312500000000000e-02 1.468035558750657998e-01
-6.347656250000000000e-02 2.350469499151575381e-01
-6.250000000000000000e-02 2.640557262554994455e-01
-6.152343750000000000e-02 -4.884386209774920634e-02
-6.054687500000000000e-02 -9.146051488235829030e-02
-5.957031250000000000e-02 -2.811893069982025067e-02
-5.859375000000000000e-02 -1.638898933563700047e-02
-5.761718750000000000e-02 -1.154739652552876361e-01
-5.664062500000000000e-02 -1.785987454266158292e-01
-5.566406250000000000e-02 5.343012408585707390e-02
-5.468750000000000000e-02 7.386966229992796007e-02
-5.371093750000000000e-02 -1.008853060843507149e-01
-5.273437500000000000e-02 -1.933599321962759521e-01
-5.175781250000000000e-02 7.826630935180574344e-02
-5.078125000000000000e-02 1.128008017967999932e-01
-4.980468750000000000e-02 5.891603481954651132e-03
-4.882812500000000000e-02 -4.797491265955116518e-02
-4.785156250000000000e-02 -6.600257090248755343e-02
-4.687500000000000000e-02 3.885766875707528933e-02
-4.589843750000000000e-02 6.648290341427885719e-02
-4.492187500000000000e-02 1.272675329069181682e-01
-4.394531250000000000e-02 2.140275884518710175e-02
-4.296875000000000000e-02 -5.545453834978342211e-02
-4.199218750000000000e-02 -6.730695050898830023e-02
-4.101562500000000000e-02 7.260454233150848147e-02
-4.003906250000000000e-02 7.365900822936104209e-02
-3.906250000000000000e-02 1.217503953966398156e-01
-3.808593750000000000e-02 1.463635525993196573e-01
-3.710937500000000000e-02 1.222885615588620023e-01
-3.613281250000000000e-02 1.213611700836487450e-01
-3.515625000000000000e-02 -1.831484292891183766e-02
-3.417968750000000000e-02 -1.021374755419414589e-02
-3.320312500000000000e-02 1.765382963258716187e-01
-3.222656250000000000e-02 1.188036132051905891e-01
-3.125000000000000000e-02 -2.522539071165532179e-02
-3.027343750000000000e-02 -1.329504234457094258e-01
-2.929687500000000000e-02 -4.149824645142976415e-02
-2.832031250000000000e-02 2.171710637908746966e-02
-2.734375000000000000e-02 2.349790137351171707e-03
-2.636718750000000000e-02 -9.393781877999179963e-02
-2.539062500000000000e-02 -2.388530511220916114e-02
-2.441406250000000000e-02 1.127111317952431135e-01
-2.343750000000000000e-02 6.153140327204423277e-02
-2.246093750000000000e-02 -3.260228974996428469e-02
-2.148437500000000000e-02 -1.467918036418779659e-01
-2.050781250000000000e-02 3.310126899504049064e-02
-1.953125000000000000e-02 1.390748504113249184e-01
-1.855468750000000000e-02 8.968696739497303283e-02
-1.757812500000000000e-02 6.795924440478023909e-02
-1.660156250000000000e-02 7.107782249631311444e-02
-1.562500000000000000e-02 9.956794136946353624e-02
-1.464843750000000000e-02 1.004651096707328967e-01
-1.367187500000000000e-02 4.963237068609926972e-02
-1.269531250000000000e-02 -4.456138774120314838e-03
-1.171875000000000000e-02 1.129934883258337935e-01
-1.074218750000000000e-02 7.324154111799428823e-02
-9.765625000000000000e-03 -4.102071822766563403e-02
-8.789062500000000000e-03 -1.557975485264189996e-01
-7.812500000000000000e-03 -1.949388300407208785e-01
-6.835937500000000000e-03 -1.304169072875434598e-01
-5.859375000000000000e-03 2.381525569932825201e-02
-4.882812500000000000e-03 3.460756008780519616e-02
-3.906250000000000000e-03 9.357416608068845620e-03
-2.929687500000000000e-03 6.274820322264969275e-02
-1.953125000000000000e-03 3.998800078821245635e-02
-9.765625000000000000e-04 4.157308836102149852e-02
0.000000000000000000e+00 9.960586157317038308e-03
9.765625000000000000e-04 1.705095777747685226e-02
1.953125000000000000e-03 1.433417255622931319e-01
2.929687500000000000e-03 9.837535193953902968e-02
3.906250000000000000e-03 1.698328004509599976e-01
4.882812500000000000e-03 1.349772658071142772e-01
5.859375000000000000e-03 3.359463396459601292e-02
6.835937500000000000e-03 3.913184938567897814e-02
7.812500000000000000e-03 1.983539786895255341e-02
8.789062500000000000e-03 -2.363177822533477079e-02
9.765625000000000000e-03 1.953153392635010449e-03
1.074218750000000000e-02 -9.744557356456112762e-02
1.171875000000000000e-02 -2.656718767171317164e-01
1.269531250000000000e-02 -2.972328094750233407e-01
1.367187500000000000e-02 -2.161215757509796775e-01
1.464843750000000000e-02 -1.851202277169992083e-01
1.562500000000000000e-02 -1.642402393860445953e-01
1.660156250000000000e-02 -5.987911725872045038e-03
1.757812500000000000e-02 3.768592963531961111e-03
1.855468750000000000e-02 3.529318566342676960e-02
1.953125000000000000e-02 -2.370451605699193040e-03
2.050781250000000000e-02 -6.385097481661405894e-02
2.148437500000000000e-02 3.054755412347425966e-02
2.246093750000000000e-02 -3.364990481992299887e-02
2.343750000000000000e-02 9.199067751083694899e-02
2.441406250000000000e-02 1.631170502195780914e-01
2.539062500000000000e-02 9.058861306852566964e-02
2.636718750000000000e-02 1.788233741513434172e-01
2.734375000000000000e-02 1.671033658958452905e-01
2.832031250000000000e-02 -1.350268200138681970e-02
2.929687500000000000e-02 -6.097239753594588252e-02
3.027343750000000000e-02 1.252564582048553699e-01
3.125000000000000000e-02 1.071999059604981930e-01
3.222656250000000000e-02 -3.310175045982094444e-02
3.320312500000000000e-02 -2.651663250119275922e-02
3.417968750000000000e-02 -7.592385330292097945e-02
3.515625000000000000e-02 -6.642247125115474660e-02
3.613281250000000000e-02 -1.833298688829652218e-02
3.710937500000000000e-02 -6.568546063189185935e-02
3.808593750000000000e-02 -2.959355850798384147e-02
3.906250000000000000e-02 -1.065119601017004355e-02
4.003906250000000000e-02 -1.095234864313457679e-01
4.101562500000000000e-02 -2.712693839749207719e-02
4.199218750000000000e-02 1.117850561258179089e-02
4.296875000000000000e-02 6.364166327765292952e-02
4.394531250000000000e-02 1.230540727139982221e-01
4.492187500000000000e-02 4.656396602042095489e-02
4.589843750000000000e-02 -5.597970046813089545e-02
4.687500000000000000e-02 -1.178090411720330299e-01
4.785156250000000000e-02 -2.457883283263693000e-02
4.882812500000000000e-02 1.142241398648915218e-01
4.980468750000000000e-02 -3.440454304713704003e-02
5.078125000000000000e-02 -5.026971427706217188e-02
5.175781250000000000e-02 -1.199856411659717403e-01
5.273437500000000000e-02 -2.112056089504629752e-01
5.371093750000000000e-02 -2.318530258147466147e-02
5.468750000000000000e-02 1.608127286270581435e-01
5.566406250000000000e-02 1.769127365303177768e-01
5.664062500000000000e-02 1.721280368923977511e-01
5.761718750000000000e-02 1.937365708976432344e-01
5.859375000000000000e-02 1.131166899288582328e-01
5.957031250000000000e-02 -1.749470392622978765e-02
6.054687500000000000e-02 -1.195651221702668798e-01
6.152343750000000000e-02 -1.710496572946241800e-01
6.250000000000000000e-02 -9.015655695690781568e-02
6.347656250000000000e-02 -6.967104271331137078e-02
6.445312500000000000e-02 -1.145013010435557976e-01
6.542968750000000000e-02 -1.395486558219928216e-02
6.640625000000000000e-02 -5.790539891104323766e-02
6.738281250000000000e-02 -1.730836933126329025e-01
6.835937500000000000e-02 -6.118551195502328760e-02
6.933593750000000000e-02 1.892333168757077688e-01
7.031250000000000000e-02 1.922895023380780388e-01
7.128906250000000000e-02 6.329796571440075847e-02
7.226562500000000000e-02 -1.202656110813998119e-01
7.324218750000000000e-02 -2.677919655154556988e-01
7.421875000000000000e-02 -2.647512862963161129e-01
7.519531250000000000e-02 -1.057942379899422386e-01
7.617187500000000000e-02 6.023368848419972943e-02
7.714843750000000000e-02 2.106669131199759640e-02
7.812500000000000000e-02 -1.141008922631598366e-01
7.910156250000000000e-02 -6.893090550822540685e-02
8.007812500000000000e-02 -1.476544571956197038e-01
8.105468750000000000e-02 -1.499943660290151415e-01
8.203125000000000000e-02 -1.413559261092951214e-01
8.300781250000000000e-02 2.503869912273900752e-02
8.398437500000000000e-02 1.724444344552575614e-01
8.496093750000000000e-02 1.523337066236366277e-01
8.593750000000000000e-02 8.732252931793729744e-02
8.691406250000000000e-02 1.154867819315093941e-01
8.789062500000000000e-02 1.476480143568298098e-01
8.886718750000000000e-02 4.561492725229186057e-02
8.984375000000000000e-02 9.526917247109509268e-02
9.082031250000000000e-02 1.390662601653516461e-01
9.179687500000000000e-02 -7.943769433403819608e-03
9.277343750000000000e-02 -2.760468070735208612e-01
9.375000000000000000e-02 -1.396202736180235937e-01
9.472656250000000000e-02 -6.013905327288671110e-02
9.570312500000000000e-02 1.492363610223002290e-01
9.667968750000000000e-02 1.908242965208452324e-01
9.765625000000000000e-02 8.686882975198746693e-02
9.863281250000000000e-02 6.909739410182227926e-02
9.960937500000000000e-02 -5.695477202315382334e-03
1.005859375000000000e-01 -5.507775144532851136e-02
1.015625000000000000e-01 7.686406367022713404e-02
1.025390625000000000e-01 1.685991894676915903e-01
1.035156250000000000e-01 6.224091686690833708e-02
1.044921875000000000e-01 -8.832287391385222619e-02
1.054687500000000000e-01 -1.165376927715788824e-01
1.064453125000000000e-01 -1.442421279547384527e-01
1.074218750000000000e-01 2.838647440824753135e-02
1.083984375000000000e-01 4.355125001402455898e-02
1.093750000000000000e-01 -8.783804337771655701e-02
1.103515625000000000e-01 -1.382869072023705792e-01
1.113281250000000000e-01 -3.441980078490890216e-02
1.123046875000000000e-01 1.277248463862230843e-02
1.132812500000000000e-01 1.109074236005430300e-02
1.142578125000000000e-01 4.348416805537748397e-02
1.152343750000000000e-01 7.803779023606231824e-02
1.162109375000000000e-01 6.932019257655153144e-02
1.171875000000000000e-01 7.704659582098322135e-02
1.181640625000000000e-01 -3.114833030840893358e-01
1.191406250000000000e-01 -2.717186134006080445e-01
1.201171875000000000e-01 -1.482910927694236838e-02
1.210937500000000000e-01 6.853122236571742784e-03
1.220703125000000000e-01 1.266508220163127807e-01
1.230468750000000000e-01 2.401361666740989831e-01
1.240234375000000000e-01 3.880502123249037622e-02
1.250000000000000000e-01 -4.311643995615171976e-02
1.259765625000000000e-01 2.098073112074763311e-02
1.269531250000000000e-01 2.772702959680270474e-02
1.279296875000000000e-01 1.331283743091636954e-02
1.289062500000000000e-01 -4.184220337924758268e-03
1.298828125000000000e-01 -4.096754098323578813e-02
1.308593750000000000e-01 -7.594860953150353589e-02
1.318359375000000000e-01 -2.595080506935084144e-02
1.328125000000000000e-01 -7.657091550267122737e-02
1.337890625000000000e-01 -9.406337253102922680e-02
1.347656250000000000e-01 -9.623363880969640349e-02
1.357421875000000000e-01 7.005490395458493710e-03
1.367187500000000000e-01 1.647138584589616372e-01
1.376953125000000000e-01 6.556925262438541291e-02
1.386718750000000000e-01 -2.741160270683799804e-02
1.396484375000000000e-01 3.926741680040744809e-02
1.406250000000000000e-01 4.731282155073218004e-02
1.416015625000000000e-01 9.908305007943041254e-03
1.425781250000000000e-01 2.012448922783303951e-02
1.435546875000000000e-01 -6.704194947521253424e-03
1.445312500000000000e-01 -2.132432819038785343e-01
1.455078125000000000e-01 -2.041913808725200757e-02
1.464843750000000000e-01 7.326813832711831509e-02
1.474609375000000000e-01 3.316623691811690366e-02
1.484375000000000000e-01 3.067660529891033661e-03
1.494140625000000000e-01 2.994134895820210404e-02
1.503906250000000000e-01 4.367720954131336375e-02
1.513671875000000000e-01 6.325558418101108471e-02
1.523437500000000000e-01 1.710245794982871992e-01
1.533203125000000000e-01 1.648271904425971657e-01
1.542968750000000000e-01 1.828954105339136438e-01
1.552734375000000000e-01 2.498317987650295058e-01
1.562500000000000000e-01 3.710477942160284037e-02
1.572265625000000000e-01 -1.170992520468551595e-01
1.582031250000000000e-01 -3.650042772768929272e-02
1.591796875000000000e-01 -1.207631033041929869e-01
1.601562500000000000e-01 -8.069213692015450579e-02
1.611328125000000000e-01 -4.453490280921412747e-02
1.621093750000000000e-01 -6.412629037898408269e-02
1.630859375000000000e-01 -3.856945937616285819e-02
1.640625000000000000e-01 2.474618104369576480e-02
1.650390625000000000e-01 -3.110524951787133410e-02
1.660156250000000000e-01 -4.245543188700934278e-02
1.669921875000000000e-01 -1.616490549361139784e-01
1.679687500000000000e-01 -1.885054461820268312e-01
1.689453125000000000e-01 -1.186912874977223004e-02
1.699218750000000000e-01 5.870642247880018816e-02
1.708984375000000000e-01 1.313881956665319262e-02
1.718750000000000000e-01 -1.139168971092504035e-01
1.728515625000000000e-01 -1.435398611495143362e-01
1.738281250000000000e-01 9.307065652414014956e-02
1.748046875000000000e-01 1.270458312897472242e-01
1.757812500000000000e-01 1.465271906901305654e-01
1.767578125000000000e-01 2.047789757577065523e-02
1.777343750000000000e-01 9.072781684242515327e-03
1.787109375000000000e-01 5.230131531721410321e-02
1.796875000000000000e-01 9.887178599196782408e-03
1.806640625000000000e-01 -5.515494223685032948e-02
1.816406250000000000e-01 2.072776064816198548e-03
1.826171875000000000e-01 7.130553905292798256e-02
1.835937500000000000e-01 9.102142921489639327e-02
1.845703125000000000e-01 1.953294038440208866e-02
1.855468750000000000e-01 -7.606887316813366884e-03
1.865234375000000000e-01 1.714617260054626946e-01
1.875000000000000000e-01 2.098289526173141850e-01
1.884765625000000000e-01 2.670561630327073638e-02
1.894531250000000000e-01 -8.231123849369846590e-02
1.904296875000000000e-01 1.048445107035566037e-01
1.914062500000000000e-01 2.536170354500850155e-01
1.923828125000000000e-01 2.845527261126695184e-01
1.933593750000000000e-01 2.075215543460072753e-01
1.943359375000000000e-01 1.119266331189327363e-01
1.953125000000000000e-01 2.148372658438237048e-01
1.962890625000000000e-01 1.294084769257931589e-01
1.972656250000000000e-01 -8.096392262183374489e-02
1.982421875000000000e-01 -7.360147904075098335e-02
1.992187500000000000e-01 -5.720924119781826446e-03
2.001953125000000000e-01 3.275908292956566936e-02
2.011718750000000000e-01 4.079444825097387067e-02
2.021484375000000000e-01 -1.134317962498842224e-02
2.031250000000000000e-01 -3.058557917266555015e-02
2.041015625000000000e-01 -8.360162579524087201e-02
2.050781250000000000e-01 -9.578032397662779307e-02
2.060546875000000000e-01 7.191519245269245575e-02
2.070312500000000000e-01 4.166337465923047878e-02
2.080078125000000000e-01 9.982290348821360251e-03
2.089843750000000000e-01 -9.810842306979586890e-04
2.099609375000000000e-01 5.805788461663574651e-02
2.109375000000000000e-01 1.523187624531618933e-01
2.119140625000000000e-01 -1.660117144998619551e-02
2.128906250000000000e-01 -2.141766834388166840e-01
2.138671875000000000e-01 -2.224219202341660151e-01
2.148437500000000000e-01 -1.426282326688344260e-01
2.158203125000000000e-01 5.975820261331429850e-02
2.167968750000000000e-01 1.114428770903700683e-01
2.177734375000000000e-01 9.310533015684788194e-02
2.187500000000000000e-01 -6.907857762907652910e-02
2.197265625000000000e-01 7.653323392314068455e-03
2.207031250000000000e-01 7.382568144000496713e-02
2.216796875000000000e-01 -1.527548563129500769e-01
2.226562500000000000e-01 -1.411403282051772456e-01
2.236328125000000000e-01 2.603323877884351073e-02
2.246093750000000000e-01 -1.729632791921364987e-02
2.255859375000000000e-01 -9.321473450985581777e-02
2.265625000000000000e-01 5.237866130398083700e-03
2.275390625000000000e-01 -1.842740220318507191e-02
2.285156250000000000e-01 5.631204143519356452e-04
2.294921875000000000e-01 4.234027876179689842e-02
2.304687500000000000e-01 5.264010846178286684e-02
2.314453125000000000e-01 -8.051064430922774684e-02
2.324218750000000000e-01 7.624362619267620322e-02
2.333984375000000000e-01 2.637116672134385276e-01
2.343750000000000000e-01 1.475160040992202215e-01
2.353515625000000000e-01 1.142428530474008802e-01
2.363281250000000000e-01 3.749762883639801841e-02
2.373046875000000000e-01 -1.147992997220315808e-01
2.382812500000000000e-01 -4.173862230992558126e-02
2.392578125000000000e-01 -6.214186177236826619e-02
2.402343750000000000e-01 -1.746319550721590619e-01
2.412109375000000000e-01 -2.516248744371203938e-01
2.421875000000000000e-01 -1.990625786065707004e-01
2.431640625000000000e-01 -1.138606289148701017e-01
2.441406250000000000e-01 -6.617783912919331102e-02
2.451171875000000000e-01 -8.336266748892388889e-02
2.460937500000000000e-01 8.465856727819347227e-02
2.470703125000000000e-01 1.174534640058662593e-01
2.480468750000000000e-01 1.642212130030859252e-01
2.490234375000000000e-01 1.190783346375586665e-01
2.500000000000000000e-01 5.994140076910665915e-02
2.509765625000000000e-01 2.609670878311608211e-02
2.519531250000000000e-01 -5.251832756056221130e-02
2.529296875000000000e-01 -1.077526946831368071e-01
2.539062500000000000e-01 -2.018771765020464792e-01
2.548828125000000000e-01 -1.402421086940219275e-01
2.558593750000000000e-01 -9.429175024249060455e-02
2.568359375000000000e-01 -2.934136064721520193e-02
2.578125000000000000e-01 1.396616573896584598e-02
2.587890625000000000e-01 4.033565231755516060e-03
2.597656250000000000e-01 7.791383771584522999e-02
2.607421875000000000e-01 2.245133205679971516e-02
2.617187500000000000e-01 -2.141128441156919804e-01
2.626953125000000000e-01 -3.575078815730319826e-01
2.636718750000000000e-01 -3.091778115164027785e-01
2.646484375000000000e-01 -3.045487040952710722e-01
2.656250000000000000e-01 -1.938197267824043335e-01
2.666015625000000000e-01 9.286775917532855834e-03
2.675781250000000000e-01 1.840295737531005282e-01
2.685546875000000000e-01 2.420447235632771921e-01
2.695312500000000000e-01 -6.488871736403559187e-02
2.705078125000000000e-01 -9.881176480468764622e-02
2.714843750000000000e-01 -1.814205820486425313e-02
2.724609375000000000e-01 1.826796101531126537e-02
2.734375000000000000e-01 -8.329489863751699322e-03
2.744140625000000000e-01 6.382682142661347258e-02
2.753906250000000000e-01 5.892272100853578748e-02
2.763671875000000000e-01 -8.296627680279665407e-02
2.773437500000000000e-01 -1.179796605581903829e-01
2.783203125000000000e-01 -1.773206469770381363e-02
2.792968750000000000e-01 1.264148737671982534e-02
2.802734375000000000e-01 -4.526178880426193207e-02
2.812500000000000000e-01 -7.726132816308350047e-03
2.822265625000000000e-01 6.690728313711830078e-02
2.832031250000000000e-01 4.826171507294590990e-02
2.841796875000000000e-01 1.714631940436377178e-01
2.851562500000000000e-01 8.600245515435939181e-02
2.861328125000000000e-01 9.975250293004929436e-02
2.871093750000000000e-01 7.570310497257951021e-02
2.880859375000000000e-01 -4.046044504474655829e-02
2.890625000000000000e-01 -1.486391337220638598e-01
2.900390625000000000e-01 -1.947512012688961888e-02
2.910156250000000000e-01 1.833668025331904872e-01
2.919921875000000000e-01 3.867726385503579556e-02
2.929687500000000000e-01 -1.433909195031765338e-01
2.939453125000000000e-01 -1.467001889231552558e-01
2.949218750000000000e-01 -4.631411124864412421e-02
2.958984375000000000e-01 1.240855715875368998e-01
2.968750000000000000e-01 1.589097726002047795e-01
2.978515625000000000e-01 3.945629767764254753e-02
2.988281250000000000e-01 7.081290649689682415e-02
2.998046875000000000e-01 1.741814636479372957e-01
3.007812500000000000e-01 3.113993213965031426e-02
3.017578125000000000e-01 2.534669349069000946e-02
3.027343750000000000e-01 2.657235232761161886e-02
3.037109375000000000e-01 -3.235948699061522160e-02
3.046875000000000000e-01 -5.691399696602434527e-02
3.056640625000000000e-01 -8.766834532497290444e-02
3.066406250000000000e-01 -8.867985812865914006e-04
3.076171875000000000e-01 1.053574020162428501e-02
3.085937500000000000e-01 -2.359382462720510665e-02
3.095703125000000000e-01 1.257627502936453645e-02
3.105468750000000000e-01 -1.085217236942371405e-01
3.115234375000000000e-01 -8.190624297395354692e-02
3.125000000000000000e-01 4.154745551872456033e-02
3.134765625000000000e-01 1.014000549106726656e-01
3.144531250000000000e-01 1.006319719894332443e-01
3.154296875000000000e-01 1.466944955699165387e-01
3.164062500000000000e-01 1.426358599371205793e-01
3.173828125000000000e-01 6.091343167678841403e-02
3.183593750000000000e-01 2.760433889729584436e-02
3.193359375000000000e-01 4.487158887199389073e-02
3.203125000000000000e-01 2.121509771267666156e-01
3.212890625000000000e-01 1.028811096459766872e-01
3.222656250000000000e-01 -1.394166111602323510e-01
3.232421875000000000e-01 -8.769603072522386134e-02
3.242187500000000000e-01 1.084633076204514004e-02
3.251953125000000000e-01 -2.494026652499919949e-02
3.261718750000000000e-01 -4.583012553186947835e-02
3.271484375000000000e-01 2.767038240443398661e-02
3.281250000000000000e-01 2.552542611387346658e-02
3.291015625000000000e-01 1.136215449488773288e-01
3.300781250000000000e-01 3.349443301605282280e-02
3.310546875000000000e-01 -3.457179554511016079e-02
3.320312500000000000e-01 -3.721404807174656659e-02
3.330078125000000000e-01 1.804919753889259321e-02
3.339843750000000000e-01 4.978168388033010067e-02
3.349609375000000000e-01 2.820847784107319983e-02
3.359375000000000000e-01 3.400727599915590038e-02
3.369140625000000000e-01 6.503134624448912715e-02
3.378906250000000000e-01 1.307644345795179186e-01
3.388671875000000000e-01 1.718210608227226377e-01
3.398437500000000000e-01 1.262936303603658938e-01
3.408203125000000000e-01 6.998299865416846011e-02
3.417968750000000000e-01 9.722396224177928814e-02
3.427734375000000000e-01 1.677949808499193951e-01
3.437500000000000000e-01 9.379829468157357963e-02
3.447265625000000000e-01 2.822589688316218606e-03
3.457031250000000000e-01 4.552975900290649747e-02
3.466796875000000000e-01 1.230948759502221851e-01
3.476562500000000000e-01 7.961745365498634763e-02
3.486328125000000000e-01 -1.401136113399455430e-01
3.496093750000000000e-01 -1.689790437089311592e-01
3.505859375000000000e-01 1.218106716733308448e-01
3.515625000000000000e-01 9.149614362343089224e-02
3.525390625000000000e-01 -1.292673340348312466e-02
3.535156250000000000e-01 -7.027069489289750059e-02
3.544921875000000000e-01 -2.345238924588179119e-01
3.554687500000000000e-01 -2.503627594939490386e-01
3.564453125000000000e-01 8.434812315772491353e-03
3.574218750000000000e-01 1.244099279632642635e-01
3.583984375000000000e-01 1.770606208851895069e-01
3.593750000000000000e-01 1.456174878159400277e-01
3.603515625000000000e-01 -1.275319472853485014e-01
3.613281250000000000e-01 -1.552493779404708896e-01
3.623046875000000000e-01 -4.215806809144234668e-02
3.632812500000000000e-01 1.488106045675490208e-01
3.642578125000000000e-01 7.094812134564523753e-02
3.652343750000000000e-01 -1.097435271298659309e-01
3.662109375000000000e-01 -8.308185693659833615e-02
3.671875000000000000e-01 6.297281142115174722e-03
3.681640625000000000e-01 -9.586186687345779611e-02
3.691406250000000000e-01 -1.425260775576662198e-01
3.701171875000000000e-01 -1.322729635363478207e-01
3.710937500000000000e-01 -1.940232549205684331e-01
3.720703125000000000e-01 -1.276996456710569883e-01
3.730468750000000000e-01 -1.131579569328446111e-01
3.740234375000000000e-01 -5.441197791061233580e-02
3.750000000000000000e-01 4.980854317232333295e-02
3.759765625000000000e-01 9.699642721985177185e-02
3.769531250000000000e-01 1.341698438496965150e-02
3.779296875000000000e-01 -5.753420590889739283e-02
3.789062500000000000e-01 3.375986988250757187e-02
3.798828125000000000e-01 -3.136450693933331285e-02
3.808593750000000000e-01 -4.996810002137357792e-02
3.818359375000000000e-01 1.672629273677801731e-01
3.828125000000000000e-01 9.254212594612013648e-03
3.837890625000000000e-01 -8.971314788434350818e-02
3.847656250000000000e-01 -1.168806113882294162e-01
3.857421875000000000e-01 -4.192760018422823226e-02
3.867187500000000000e-01 4.513441641492023544e-03
3.876953125000000000e-01 4.248188505252725733e-02
3.886718750000000000e-01 3.790268960923928732e-02
3.896484375000000000e-01 -8.852678251809616150e-02
3.906250000000000000e-01 -2.037152365322228431e-01
3.916015625000000000e-01 -1.996945829381973903e-01
3.925781250000000000e-01 -6.516043105614043041e-02
3.935546875000000000e-01 5.111603608241393343e-02
3.945312500000000000e-01 2.979574776167994918e-02
3.955078125000000000e-01 6.538407288834598152e-02
3.964843750000000000e-01 -3.999258568271062131e-02
3.974609375000000000e-01 -4.548300193308574962e-02
3.984375000000000000e-01 8.407762669258676824e-02
3.994140625000000000e-01 1.304862833530348598e-01
4.003906250000000000e-01 5.061960628713024074e-02
4.013671875000000000e-01 8.622154407190703394e-04
4.023437500000000000e-01 -7.342571866683326662e-03
4.033203125000000000e-01 2.580752946459375502e-02
4.042968750000000000e-01 -6.767611847752566523e-02
4.052734375000000000e-01 2.219791787426184104e-02
4.062500000000000000e-01 9.808426617681931248e-02
4.072265625000000000e-01 1.011879220675442753e-01
4.082031250000000000e-01 1.664822713423976322e-02
4.091796875000000000e-01 -8.275344514489262060e-02
4.101562500000000000e-01 -4.399748342530165196e-02
4.111328125000000000e-01 6.982220530181672269e-02
4.121093750000000000e-01 -3.311486465131441292e-02
4.130859375000000000e-01 -5.230903902539697087e-02
4.140625000000000000e-01 3.148483035935108892e-02
4.150390625000000000e-01 6.391806980280120842e-02
4.160156250000000000e-01 1.171923086099231487e-01
4.169921875000000000e-01 6.216729508515205470e-03
4.179687500000000000e-01 -7.055360735234833536e-02
4.189453125000000000e-01 -1.187392869220844777e-01
4.199218750000000000e-01 -1.632588986575961298e-01
4.208984375000000000e-01 -1.546339119101309834e-01
4.218750000000000000e-01 -7.452302083820255829e-02
4.228515625000000000e-01 -6.695014844112537333e-02
4.238281250000000000e-01 -5.382761145583520729e-03
4.248046875000000000e-01 7.500504105486571760e-02
4.257812500000000000e-01 5.752978001991645302e-04
4.267578125000000000e-01 -2.623749157254929090e-02
4.277343750000000000e-01 1.072962902652836205e-02
4.287109375000000000e-01 6.617508448118787634e-02
4.296875000000000000e-01 5.045672696859074269e-02
4.306640625000000000e-01 -5.213387367659059329e-02
4.316406250000000000e-01 1.903239731368820903e-03
4.326171875000000000e-01 5.069703368011971648e-03
4.335937500000000000e-01 -9.437082342704647409e-02
4.345703125000000000e-01 -7.974904126519638189e-03
4.355468750000000000e-01 1.105818013889971752e-01
4.365234375000000000e-01 8.882881530823094618e-02
4.375000000000000000e-01 5.817863447075726641e-03
4.384765625000000000e-01 -5.126926710222320938e-02
4.394531250000000000e-01 -6.005329917340312962e-02
4.404296875000000000e-01 -1.544575072538851949e-02
4.414062500000000000e-01 5.074615123904427372e-02
4.423828125000000000e-01 -5.609130836085063354e-02
4.433593750000000000e-01 -2.174439758910771681e-01
4.443359375000000000e-01 -1.680094578083765056e-01
4.453125000000000000e-01 6.299649848906231815e-03
4.462890625000000000e-01 2.812856352959844028e-02
4.472656250000000000e-01 -1.974322807113817763e-03
4.482421875000000000e-01 3.426205083443813193e-02
4.492187500000000000e-01 -5.678622420076813448e-02
4.501953125000000000e-01 4.882646155744270813e-03
4.511718750000000000e-01 2.847534610510599196e-02
4.521484375000000000e-01 -2.350247244876517705e-01
4.531250000000000000e-01 -8.954275472153055970e-02
4.541015625000000000e-01 1.596469740838239032e-02
4.550781250000000000e-01 5.108115024670333362e-03
4.560546875000000000e-01 1.165355346738728426e-01
4.570312500000000000e-01 2.949627230389263374e-02
4.580078125000000000e-01 -1.046889301479510537e-01
4.589843750000000000e-01 -1.217442065745463070e-01
4.599609375000000000e-01 -8.113127708641134847e-03
4.609375000000000000e-01 5.254045423005596072e-02
4.619140625000000000e-01 -5.347438510320240423e-02
4.628906250000000000e-01 -2.000590379151554257e-02
4.638671875000000000e-01 -3.363482688124255771e-02
4.648437500000000000e-01 -9.306973185121003578e-02
4.658203125000000000e-01 -4.824918712340955929e-02
4.667968750000000000e-01 -1.958011394008107309e-01
4.677734375000000000e-01 -2.002733893232651052e-01
4.687500000000000000e-01 -5.416955566124411620e-02
4.697265625000000000e-01 -5.681894139222286311e-02
4.707031250000000000e-01 -9.155590112785166879e-02
4.716796875000000000e-01 -8.131699466013764255e-02
4.726562500000000000e-01 -6.779205381223200877e-02
4.736328125000000000e-01 -7.246214613321541598e-02
4.746093750000000000e-01 4.328016428382487624e-02
4.755859375000000000e-01 1.243206050955617259e-01
4.765625000000000000e-01 1.049401161529232018e-01
4.775390625000000000e-01 1.258961320094201530e-01
4.785156250000000000e-01 -2.116740910302726195e-02
4.794921875000000000e-01 -1.203122253623555848e-01
4.804687500000000000e-01 -4.747043997958493022e-02
4.814453125000000000e-01 -1.688091982868367147e-01
4.824218750000000000e-01 -7.803783559534689662e-02
4.833984375000000000e-01 3.727338166050515184e-02
4.843750000000000000e-01 -2.050376119558481453e-02
4.853515625000000000e-01 2.303790636146499718e-02
4.863281250000000000e-01 3.993063240929652091e-02
4.873046875000000000e-01 -1.052069910036089462e-02
4.882812500000000000e-01 1.726058204717282555e-03
4.892578125000000000e-01 7.343959164318054553e-03
4.902343750000000000e-01 9.034316095922083345e-03
4.912109375000000000e-01 3.285893381531567597e-02
4.921875000000000000e-01 6.531044563797996916e-02
4.931640625000000000e-01 6.314219999591604016e-02
4.941406250000000000e-01 1.556119286920281536e-02
4.951171875000000000e-01 -1.171309508474537575e-01
4.960937500000000000e-01 -5.132402473221718553e-02
4.970703125000000000e-01 2.633978682847003608e-02
4.980468750000000000e-01 1.137938755601304447e-01
4.990234375000000000e-01 1.084540847352781640e-01
