-5.000000000000000000e-01 -6.169521668816698501e+00
-4.990234375000000000e-01 -6.183815287155155715e+00
-4.980468750000000000e-01 -5.931173505317918426e+00
-4.970703125000000000e-01 -5.914148858500116290e+00
-4.960937500000000000e-01 -5.987098925715621078e+00
-4.951171875000000000e-01 -5.871825426777608214e+00
-4.941406250000000000e-01 -5.733502075141459819e+00
-4.931640625000000000e-01 -5.718519035378335502e+00
-4.921875000000000000e-01 -5.803496370922633041e+00
-4.912109375000000000e-01 -5.659906664861356518e+00
-4.902343750000000000e-01 -5.584411640468217364e+00
-4.892578125000000000e-01 -5.503415950407760882e+00
-4.882812500000000000e-01 -5.368125897297514548e+00
-4.873046875000000000e-01 -5.180587694284647604e+00
-4.863281250000000000e-01 -5.039442637511743150e+00
-4.853515625000000000e-01 -5.003579236190633495e+00
-4.843750000000000000e-01 -4.860024369530925092e+00
-4.833984375000000000e-01 -4.722190514669847516e+00
-4.824218750000000000e-01 -4.645821996054883662e+00
-4.814453125000000000e-01 -4.544130223092931686e+00
-4.804687500000000000e-01 -4.443153233321038620e+00
-4.794921875000000000e-01 -4.310984653516156229e+00
-4.785156250000000000e-01 -4.102317809511838220e+00
-4.775390625000000000e-01 -3.894594664407208029e+00
-4.765625000000000000e-01 -3.779488824539247283e+00
-4.755859375000000000e-01 -3.571306482945222793e+00
-4.746093750000000000e-01 -3.487211288392221498e+00
-4.736328125000000000e-01 -3.278047034814459693e+00
-4.726562500000000000e-01 -3.107199866853283421e+00
-4.716796875000000000e-01 -2.961929048736758219e+00
-4.707031250000000000e-01 -2.856386279287637553e+00
-4.697265625000000000e-01 -2.822306042660859937e+00
-4.687500000000000000e-01 -2.781968292422487110e+00
-4.677734375000000000e-01 -2.536371827681143554e+00
-4.667968750000000000e-01 -2.328029995759217652e+00
-4.658203125000000000e-01 -2.199473045695982787e+00
-4.648437500000000000e-01 -2.106228123334641378e+00
-4.638671875000000000e-01 -2.121636330968393214e+00
-4.628906250000000000e-01 -1.986583834920141678e+00
-4.619140625000000000e-01 -1.934011767844494134e+00
-4.609375000000000000e-01 -1.932981909806699150e+00
-4.599609375000000000e-01 -1.845163787985173665e+00
-4.589843750000000000e-01 -1.642559830974977597e+00
-4.580078125000000000e-01 -1.581401191043884769e+00
-4.570312500000000000e-01 -1.473411834889893690e+00
-4.560546875000000000e-01 -1.400778587440059564e+00
-4.550781250000000000e-01 -1.365949448790304555e+00
-4.541015625000000000e-01 -1.252161666353524438e+00
-4.531250000000000000e-01 -1.171640419371327013e+00
-4.521484375000000000e-01 -1.170539267141022632e+00
-4.511718750000000000e-01 -1.043308708452155287e+00
-4.501953125000000000e-01 -9.246190098983777528e-01
-4.492187500000000000e-01 -8.688884084246215611e-01
-4.482421875000000000e-01 -8.084398468706587293e-01
-4.472656250000000000e-01 -6.842416720975103006e-01
-4.462890625000000000e-01 -6.373516323690996410e-01
-4.453125000000000000e-01 -7.251795081842646873e-01
-4.443359375000000000e-01 -7.353702497807758087e-01
-4.433593750000000000e-01 -6.701799460517234852e-01
-4.423828125000000000e-01 -6.734703739077213536e-01
-4.414062500000000000e-01 -5.111433446347569687e-01
-4.404296875000000000e-01 -3.370908415384964996e-01
-4.394531250000000000e-01 -3.729391076176974962e-01
-4.384765625000000000e-01 -4.320878648680990253e-01
-4.375000000000000000e-01 -5.250877528308520725e-01
-4.365234375000000000e-01 -4.845178208076679205e-01
-4.355468750000000000e-01 -2.904429049782822903e-01
-4.345703125000000000e-01 -1.935542056564357460e-01
-4.335937500000000000e-01 -2.157399827242632850e-01
-4.326171875000000000e-01 -2.677417325279486393e-01
-4.316406250000000000e-01 -2.480121485461826703e-01
-4.306640625000000000e-01 -1.538780102225973945e-01
-4.296875000000000000e-01 -2.253430016882445597e-01
-4.287109375000000000e-01 -1.955771100114829519e-01
-4.277343750000000000e-01 -9.010309466961702318e-02
-4.267578125000000000e-01 -7.320893178780508992e-02
-4.257812500000000000e-01 -1.616139693762879206e-02
-4.248046875000000000e-01 -8.318517253503887598e-02
-4.238281250000000000e-01 -1.255916538127373194e-01
-4.228515625000000000e-01 -3.556555096947340566e-02
-4.218750000000000000e-01 -4.819814604033866717e-02
-4.208984375000000000e-01 -7.136871635471787878e-02
-4.199218750000000000e-01 -5.945028962068232142e-02
-4.189453125000000000e-01 -1.604526896075085876e-02
-4.179687500000000000e-01 -1.497371072309050810e-01
-4.169921875000000000e-01 -2.223257477637418100e-01
-4.160156250000000000e-01 -2.580207044390667170e-01
-4.150390625000000000e-01 -2.357062369736192542e-01
-4.140625000000000000e-01 -1.056145606849605983e-01
-4.130859375000000000e-01 -1.260159307871319429e-03
-4.121093750000000000e-01 -6.996772216082468299e-02
-4.111328125000000000e-01 -1.050411764632797895e-01
-4.101562500000000000e-01 6.849594661426407216e-02
-4.091796875000000000e-01 9.480502325464185143e-02
-4.082031250000000000e-01 -1.021082640007367343e-01
-4.072265625000000000e-01 -1.623417195661042145e-01
-4.062500000000000000e-01 -1.345987047571617079e-01
-4.052734375000000000e-01 -1.133379499083832231e-01
-4.042968750000000000e-01 3.350145957418261544e-02
-4.033203125000000000e-01 1.572497994157214321e-02
-4.023437500000000000e-01 -2.959038332153520606e-02
-4.013671875000000000e-01 4.196198912469355918e-02
-4.003906250000000000e-01 3.330256448288192866e-02
-3.994140625000000000e-01 9.439285411405953091e-03
-3.984375000000000000e-01 -1.061349522148507529e-01
-3.974609375000000000e-01 -1.019860684738062434e-01
-3.964843750000000000e-01 -9.585371483144988769e-02
-3.955078125000000000e-01 -2.052651731212084829e-01
-3.945312500000000000e-01 -7.538763867205904023e-02
-3.935546875000000000e-01 4.701330287550169185e-02
-3.925781250000000000e-01 4.791001327080852273e-02
-3.916015625000000000e-01 4.054308695146686264e-02
-3.906250000000000000e-01 6.118161405325534680e-02
-3.896484375000000000e-01 3.733482360882054568e-02
-3.886718750000000000e-01 -5.515937095180276258e-03
-3.876953125000000000e-01 -1.505604049065406742e-02
-3.867187500000000000e-01 9.342214004822352313e-02
-3.857421875000000000e-01 9.735828900187508406e-02
-3.847656250000000000e-01 5.545215751201981041e-02
-3.837890625000000000e-01 -9.047143392580855523e-03
-3.828125000000000000e-01 1.061474568534791045e-02
-3.818359375000000000e-01 -8.084850439485216644e-02
-3.808593750000000000e-01 -6.999694601457812082e-02
-3.798828125000000000e-01 8.852348905861148753e-02
-3.789062500000000000e-01 -9.726453518221681027e-02
-3.779296875000000000e-01 -2.962282141895253296e-02
-3.769531250000000000e-01 4.238490296658212891e-02
-3.759765625000000000e-01 -7.827473780903726475e-02
-3.750000000000000000e-01 -1.152060712982861945e-01
-3.740234375000000000e-01 -1.458154579629186987e-01
-3.730468750000000000e-01 1.011692254025437811e-02
-3.720703125000000000e-01 1.470093995616368436e-02
-3.710937500000000000e-01 -2.196001870494608630e-03
-3.701171875000000000e-01 3.378016976120475773e-02
-3.691406250000000000e-01 5.236266295280274374e-02
-3.681640625000000000e-01 6.024055230069105815e-02
-3.671875000000000000e-01 1.590418146796921117e-01
-3.662109375000000000e-01 1.117045032115788344e-01
-3.652343750000000000e-01 2.814144823556248565e-02
-3.642578125000000000e-01 1.816747218883231832e-02
-3.632812500000000000e-01 1.501577106188152766e-01
-3.623046875000000000e-01 2.216315490269311905e-01
-3.613281250000000000e-01 -2.183610137443596499e-01
-3.603515625000000000e-01 -3.218645096977635900e-01
-3.593750000000000000e-01 -2.297568064102898100e-01
-3.583984375000000000e-01 -6.672921728504127570e-02
-3.574218750000000000e-01 -2.654785450390389698e-02
-3.564453125000000000e-01 -1.983646677318977661e-02
-3.554687500000000000e-01 9.048533602065030740e-03
-3.544921875000000000e-01 -1.056619740824314146e-01
-3.535156250000000000e-01 -4.624792523874752398e-02
-3.525390625000000000e-01 -3.980958740181349265e-02
-3.515625000000000000e-01 -4.084283735042875535e-02
-3.505859375000000000e-01 -1.472664630041145284e-01
-3.496093750000000000e-01 -8.142276052009045362e-02
-3.486328125000000000e-01 9.286092976208387695e-03
-3.476562500000000000e-01 -9.263034270565979195e-03
-3.466796875000000000e-01 -3.374937648561483067e-02
-3.457031250000000000e-01 -5.194834194200517730e-02
-3.447265625000000000e-01 -1.749666550806251372e-02
-3.437500000000000000e-01 3.786760862332955863e-02
-3.427734375000000000e-01 4.064007686311936485e-02
-3.417968750000000000e-01 -7.505499441846538722e-02
-3.408203125000000000e-01 -5.120746379941724935e-02
-3.398437500000000000e-01 1.892714843437461048e-02
-3.388671875000000000e-01 -6.087192554827916546e-02
-3.378906250000000000e-01 -8.298422522450640826e-02
-3.369140625000000000e-01 -4.836407940294366881e-02
-3.359375000000000000e-01 -4.346230480402023949e-02
-3.349609375000000000e-01 -1.111021839552125967e-01
-3.339843750000000000e-01 -1.092630114752173170e-01
-3.330078125000000000e-01 -1.905882196977967680e-01
-3.320312500000000000e-01 -1.892140218556332965e-01
-3.310546875000000000e-01 -1.497407674330658023e-01
-3.300781250000000000e-01 -1.355677897797033515e-01
-3.291015625000000000e-01 -1.498008633315933147e-01
-3.281250000000000000e-01 -5.080118342523483321e-02
-3.271484375000000000e-01 9.951390731287770852e-03
-3.261718750000000000e-01 -5.031979634644577482e-02
-3.251953125000000000e-01 5.253004178612173669e-02
-3.242187500000000000e-01 6.955347487346102454e-03
-3.232421875000000000e-01 -2.985774646861676790e-02
-3.222656250000000000e-01 1.823690938784288673e-01
-3.212890625000000000e-01 1.891263470213928599e-01
-3.203125000000000000e-01 -1.461613164421026595e-02
-3.193359375000000000e-01 -4.893520507299146949e-02
-3.183593750000000000e-01 -1.271996038862427663e-03
-3.173828125000000000e-01 4.797568923643171640e-02
-3.164062500000000000e-01 -9.770304031779175613e-02
-3.154296875000000000e-01 -4.823092252700481031e-02
-3.144531250000000000e-01 8.594295102915341933e-02
-3.134765625000000000e-01 7.707933270424345562e-02
-3.125000000000000000e-01 1.240045362169230336e-01
-3.115234375000000000e-01 1.759995606835552950e-01
-3.105468750000000000e-01 -8.794048699642383060e-02
-3.095703125000000000e-01 -3.285424721920782165e-01
-3.085937500000000000e-01 -1.835679461514333199e-01
-3.076171875000000000e-01 -2.541348233910425275e-02
-3.066406250000000000e-01 1.394155281829727311e-01
-3.056640625000000000e-01 3.906050316577475146e-02
-3.046875000000000000e-01 -1.116156168223027823e-01
-3.037109375000000000e-01 -1.077123597761246027e-01
-3.027343750000000000e-01 -3.150724053910275435e-02
-3.017578125000000000e-01 -5.644403821382277392e-02
-3.007812500000000000e-01 -6.942209495433632194e-02
-2.998046875000000000e-01 5.218146907428698050e-02
-2.988281250000000000e-01 8.071411904259211123e-02
-2.978515625000000000e-01 2.610391653859176625e-02
-2.968750000000000000e-01 -2.300245448408230406e-02
-2.958984375000000000e-01 2.918323000768078407e-02
-2.949218750000000000e-01 -2.740525944941008332e-02
-2.939453125000000000e-01 -6.954802620784156231e-02
-2.929687500000000000e-01 2.340209852075784275e-02
-2.919921875000000000e-01 -6.774400727762401597e-02
-2.910156250000000000e-01 -9.748180734814503035e-02
-2.900390625000000000e-01 -8.335369292478389536e-02
-2.890625000000000000e-01 -1.681741636542938637e-02
-2.880859375000000000e-01 -1.296395600325525865e-01
-2.871093750000000000e-01 -1.453817210686166039e-01
-2.861328125000000000e-01 1.356000507871745961e-02
-2.851562500000000000e-01 4.853023598040517167e-02
-2.841796875000000000e-01 8.809401362490539011e-03
-2.832031250000000000e-01 -1.192299379266720943e-01
-2.822265625000000000e-01 -7.006340083730518142e-02
-2.812500000000000000e-01 2.958824446726732865e-02
-2.802734375000000000e-01 -7.437721578435031733e-02
-2.792968750000000000e-01 -1.069604483536806816e-01
-2.783203125000000000e-01 -2.036230335297934402e-01
-2.773437500000000000e-01 -1.879799070454472587e-01
-2.763671875000000000e-01 -2.432673096315945971e-02
-2.753906250000000000e-01 8.532254671843457483e-02
-2.744140625000000000e-01 1.881209781063897524e-01
-2.734375000000000000e-01 1.182605784502472612e-01
-2.724609375000000000e-01 1.316808778650254974e-01
-2.714843750000000000e-01 1.205933829263909352e-01
-2.705078125000000000e-01 3.297944392720396356e-02
-2.695312500000000000e-01 1.742142989241036999e-02
-2.685546875000000000e-01 1.069550965416152521e-01
-2.675781250000000000e-01 3.583010775184267138e-02
-2.666015625000000000e-01 5.085629159964213247e-02
-2.656250000000000000e-01 1.246318586970851794e-01
-2.646484375000000000e-01 1.979530532084728123e-01
-2.636718750000000000e-01 1.237300764399103525e-01
-2.626953125000000000e-01 -1.553702594006721102e-02
-2.617187500000000000e-01 -5.876179914812935945e-02
-2.607421875000000000e-01 -1.651393919801693033e-01
-2.597656250000000000e-01 -1.210339314111230496e-01
-2.587890625000000000e-01 -1.625612961367172704e-01
-2.578125000000000000e-01 -1.076485202226012683e-01
-2.568359375000000000e-01 5.986377081279550122e-02
-2.558593750000000000e-01 7.957257877886159125e-02
-2.548828125000000000e-01 -5.120673655605546479e-03
-2.539062500000000000e-01 5.653738833190104923e-02
-2.529296875000000000e-01 -3.151277891949158527e-02
-2.519531250000000000e-01 -7.806911431657082012e-02
-2.509765625000000000e-01 1.045607868928519063e-01
-2.500000000000000000e-01 2.148099265952425896e-01
-2.490234375000000000e-01 1.262047518284306891e-01
-2.480468750000000000e-01 6.237997162805194312e-02
-2.470703125000000000e-01 -3.527971370912402066e-02
-2.460937500000000000e-01 -1.020678284927202251e-01
-2.451171875000000000e-01 -1.063596337469833175e-01
-2.441406250000000000e-01 -8.845627867887095874e-02
-2.431640625000000000e-01 3.313444618626006088e-02
-2.421875000000000000e-01 1.158724242823971906e-01
-2.412109375000000000e-01 5.750389574371510271e-02
-2.402343750000000000e-01 -4.794432302918990446e-02
-2.392578125000000000e-01 -4.490698940048747784e-02
-2.382812500000000000e-01 -1.956856810269992988e-02
-2.373046875000000000e-01 -7.422418301717063904e-02
-2.363281250000000000e-01 -2.071753818538816239e-01
-2.353515625000000000e-01 -1.768423895162552495e-01
-2.343750000000000000e-01 -6.843251796001161014e-02
-2.333984375000000000e-01 8.782384140171745068e-02
-2.324218750000000000e-01 5.605694617902274093e-03
-2.314453125000000000e-01 -5.511835306881041757e-02
-2.304687500000000000e-01 7.538460635930470388e-02
-2.294921875000000000e-01 -3.177972349618453807e-03
-2.285156250000000000e-01 -1.599121118768809802e-01
-2.275390625000000000e-01 -2.141657990701388570e-02
-2.265625000000000000e-01 -2.131336026130970646e-02
-2.255859375000000000e-01 -1.625203785516801946e-01
-2.246093750000000000e-01 -7.487511761833515189e-02
-2.236328125000000000e-01 5.421640832517334030e-02
-2.226562500000000000e-01 7.165176006582218982e-02
-2.216796875000000000e-01 8.827766007298690210e-02
-2.207031250000000000e-01 2.756264826220895525e-01
-2.197265625000000000e-01 2.052395427395438399e-01
-2.187500000000000000e-01 -9.263208256848242533e-03
-2.177734375000000000e-01 -7.066623683249069476e-03
-2.167968750000000000e-01 7.860008637083042149e-02
-2.158203125000000000e-01 -2.635868872482830319e-02
-2.148437500000000000e-01 -2.234119278893717184e-02
-2.138671875000000000e-01 9.946447754374775074e-02
-2.128906250000000000e-01 2.585990678830463879e-02
-2.119140625000000000e-01 -9.103777153754986917e-02
-2.109375000000000000e-01 -5.223799611426536288e-02
-2.099609375000000000e-01 -9.545609158877635045e-03
-2.089843750000000000e-01 6.269192257852977679e-02
-2.080078125000000000e-01 6.014153904930438777e-02
-2.070312500000000000e-01 1.603670709085898774e-02
-2.060546875000000000e-01 1.173453294882057796e-01
-2.050781250000000000e-01 1.189240636537303997e-01
-2.041015625000000000e-01 -4.133382276295920199e-02
-2.031250000000000000e-01 -1.634003729620550904e-01
-2.021484375000000000e-01 -7.619806442286039538e-02
-2.011718750000000000e-01 2.789265597497208454e-02
-2.001953125000000000e-01 1.954451715274880055e-02
-1.992187500000000000e-01 4.054011423420224303e-02
-1.982421875000000000e-01 3.312518287516978688e-02
-1.972656250000000000e-01 1.521432461274495884e-01
-1.962890625000000000e-01 1.597045259034913234e-01
-1.953125000000000000e-01 -7.936300751040130993e-04
-1.943359375000000000e-01 -1.128268181095491846e-01
-1.933593750000000000e-01 -1.703669885682489449e-01
-1.923828125000000000e-01 -2.196276988865986379e-01
-1.914062500000000000e-01 -7.055815789171991648e-02
-1.904296875000000000e-01 -8.677887147859336681e-02
-1.894531250000000000e-01 -1.767371424247626555e-01
-1.884765625000000000e-01 -5.765737975321671288e-02
-1.875000000000000000e-01 6.636046956263205732e-02
-1.865234375000000000e-01 1.872848311912065841e-02
-1.855468750000000000e-01 -7.228727598137472954e-02
-1.845703125000000000e-01 -2.015959719728803445e-01
-1.835937500000000000e-01 -9.643450178314016963e-02
-1.826171875000000000e-01 1.078995594065866245e-02
-1.816406250000000000e-01 7.890919255295672508e-02
-1.806640625000000000e-01 1.193362097724184751e-01
-1.796875000000000000e-01 -7.228061710214400692e-02
-1.787109375000000000e-01 -1.379446914203818486e-01
-1.777343750000000000e-01 -8.721864598262464574e-02
-1.767578125000000000e-01 2.655271144718314782e-02
-1.757812500000000000e-01 -1.373822782867524239e-01
-1.748046875000000000e-01 -2.716901212742593996e-01
-1.738281250000000000e-01 -1.242206787775201188e-01
-1.728515625000000000e-01 1.168402941008993418e-01
-1.718750000000000000e-01 -2.256093367778720053e-03
-1.708984375000000000e-01 -5.935122818573768111e-02
-1.699218750000000000e-01 -1.585207126977475067e-01
-1.689453125000000000e-01 -6.417980447918290865e-02
-1.679687500000000000e-01 -1.233224278141375196e-01
-1.669921875000000000e-01 -7.713682341296647371e-02
-1.660156250000000000e-01 1.218406556020007747e-01
-1.650390625000000000e-01 9.220849868232704194e-02
-1.640625000000000000e-01 1.369546190487596141e-02
-1.630859375000000000e-01 6.538655276909575986e-02
-1.621093750000000000e-01 7.426583984436824215e-03
-1.611328125000000000e-01 -1.727669259863973128e-02
-1.601562500000000000e-01 1.343701938793075701e-01
-1.591796875000000000e-01 -7.383413744180505889e-02
-1.582031250000000000e-01 -2.095198547204994433e-01
-1.572265625000000000e-01 -1.180348142705237545e-02
-1.562500000000000000e-01 2.512133244845407218e-02
-1.552734375000000000e-01 -7.047019670586338914e-03
-1.542968750000000000e-01 -2.293260751166835421e-01
-1.533203125000000000e-01 -2.064498834881888789e-01
-1.523437500000000000e-01 -1.073919769846618244e-01
-1.513671875000000000e-01 3.637653317276524911e-02
-1.503906250000000000e-01 1.952328022481725767e-01
-1.494140625000000000e-01 1.849404661715227660e-01
-1.484375000000000000e-01 1.816639538560579220e-02
-1.474609375000000000e-01 -8.556969045031679114e-03
-1.464843750000000000e-01 -1.371960159672906861e-02
-1.455078125000000000e-01 7.409022154954399142e-02
-1.445312500000000000e-01 3.576474883769612673e-02
-1.435546875000000000e-01 -7.397122414286342110e-03
-1.425781250000000000e-01 -1.019315544415265173e-01
-1.416015625000000000e-01 -1.470105867712307723e-01
-1.406250000000000000e-01 -9.718119177735717873e-02
-1.396484375000000000e-01 -4.690680125098346635e-03
-1.386718750000000000e-01 -2.210270335427158214e-02
-1.376953125000000000e-01 3.946987318428984461e-03
-1.367187500000000000e-01 -3.235044580909269413e-02
-1.357421875000000000e-01 -2.856524450426626421e-02
-1.347656250000000000e-01 1.396704780048616257e-01
-1.337890625000000000e-01 3.576558033863174585e-02
-1.328125000000000000e-01 -1.475696985483644363e-01
-1.318359375000000000e-01 -6.736762856371877883e-02
-1.308593750000000000e-01 4.541056968301031282e-03
-1.298828125000000000e-01 -9.604896765401180203e-02
-1.289062500000000000e-01 -2.437688121014373599e-01
-1.279296875000000000e-01 -1.574548797355271867e-01
-1.269531250000000000e-01 1.178190169145278306e-02
-1.259765625000000000e-01 2.684911788822914175e-02
-1.250000000000000000e-01 2.590846096821665737e-02
-1.240234375000000000e-01 -5.336495551305958651e-02
-1.230468750000000000e-01 7.911505466482848803e-02
-1.220703125000000000e-01 2.206870025880954267e-01
-1.210937500000000000e-01 1.542488735513586062e-01
-1.201171875000000000e-01 -6.627107003482489607e-04
-1.191406250000000000e-01 -1.295964826460191122e-01
-1.181640625000000000e-01 -1.672541911579328855e-01
-1.171875000000000000e-01 -8.723496886781854920e-02
-1.162109375000000000e-01 -2.457956027110449592e-03
-1.152343750000000000e-01 -4.469380008693067327e-03
-1.142578125000000000e-01 -7.614587414641617313e-02
-1.132812500000000000e-01 -2.177098042196276215e-02
-1.123046875000000000e-01 -1.001537354186819162e-01
-1.113281250000000000e-01 -2.410397742090918949e-01
-1.103515625000000000e-01 -2.805136379333271202e-01
-1.093750000000000000e-01 -2.202045963710853038e-01
-1.083984375000000000e-01 -1.461249869892018993e-01
-1.074218750000000000e-01 -1.106696528527606749e-01
-1.064453125000000000e-01 -5.134097125696049368e-02
-1.054687500000000000e-01 -3.435166803711874745e-03
-1.044921875000000000e-01 -1.085455232255467389e-01
-1.035156250000000000e-01 -8.788629372284452457e-02
-1.025390625000000000e-01 -1.043205965835443394e-01
-1.015625000000000000e-01 -5.810504469488436685e-02
-1.005859375000000000e-01 -1.060703617198600207e-01
-9.960937500000000000e-02 -7.066558057584894359e-02
-9.863281250000000000e-02 -4.443486090947828399e-02
-9.765625000000000000e-02 7.447896009119242110e-04
-9.667968750000000000e-02 1.160740987291945803e-02
-9.570312500000000000e-02 1.029036090992459102e-01
-9.472656250000000000e-02 1.657048963761477700e-01
-9.375000000000000000e-02 8.267084640559939357e-02
-9.277343750000000000e-02 -4.313746330753678165e-02
-9.179687500000000000e-02 -2.231122898991650116e-01
-9.082031250000000000e-02 -3.680604081873996986e-02
-8.984375000000000000e-02 6.625551236933932553e-02
-8.886718750000000000e-02 4.026078230151688975e-02
-8.789062500000000000e-02 -5.045567053901398036e-02
-8.691406250000000000e-02 -6.424415673444836515e-03
-8.593750000000000000e-02 3.747540104941747552e-02
-8.496093750000000000e-02 -3.905771318565878780e-02
-8.398437500000000000e-02 1.234366084389501572e-02
-8.300781250000000000e-02 -1.893487954856529557e-02
-8.203125000000000000e-02 -7.290754855999267113e-03
-8.105468750000000000e-02 9.049314085167822763e-02
-8.007812500000000000e-02 4.533667051280580729e-02
-7.910156250000000000e-02 -8.917227486420349972e-03
-7.812500000000000000e-02 -3.965711009806288656e-02
-7.714843750000000000e-02 -6.513303387539258471e-02
-7.617187500000000000e-02 2.179631180803570049e-03
-7.519531250000000000e-02 1.077114444295476925e-01
-7.421875000000000000e-02 5.051696475771540878e-02
-7.324218750000000000e-02 3.622482083774571267e-03
-7.226562500000000000e-02 5.087808728716398943e-02
-7.128906250000000000e-02 -4.486815559232447403e-02
-7.031250000000000000e-02 -6.371348403744986344e-02
-6.933593750000000000e-02 1.932495663377569589e-02
-6.835937500000000000e-02 -8.777020930680835831e-02
-6.738281250000000000e-02 -1.134167416485966223e-01
-6.640625000000000000e-02 -1.259145589032318879e-01
-6.542968750000000000e-02 -1.229251597087111098e-01
-6.445312500000000000e-02 1.508546845307930095e-02
-6.347656250000000000e-02 -4.625141479210968104e-02
-6.250000000000000000e-02 -1.480213910153392043e-01
-6.152343750000000000e-02 6.605685419896611954e-02
-6.054687500000000000e-02 1.493613457684326851e-01
-5.957031250000000000e-02 1.081876428337915919e-01
-5.859375000000000000e-02 1.880159303505314281e-02
-5.761718750000000000e-02 -2.265101954871365231e-02
-5.664062500000000000e-02 1.001770419469463248e-02
-5.566406250000000000e-02 1.316995050446408966e-01
-5.468750000000000000e-02 -2.313453909013188110e-03
-5.371093750000000000e-02 3.389834032216892251e-02
-5.273437500000000000e-02 1.323040650319532996e-01
-5.175781250000000000e-02 1.169597113140284500e-01
-5.078125000000000000e-02 1.459026089663296999e-01
-4.980468750000000000e-02 8.203966951871502489e-02
-4.882812500000000000e-02 -1.578157550638828732e-01
-4.785156250000000000e-02 -1.758420479143419091e-01
-4.687500000000000000e-02 -2.986383213579467399e-02
-4.589843750000000000e-02 8.323117191481828325e-02
-4.492187500000000000e-02 1.055911585399609831e-01
-4.394531250000000000e-02 9.469675582522268931e-02
-4.296875000000000000e-02 1.062657912798926907e-01
-4.199218750000000000e-02 9.356611996853890501e-02
-4.101562500000000000e-02 8.687457161297662545e-02
-4.003906250000000000e-02 2.960970040710819012e-02
-3.906250000000000000e-02 -1.479320153538957461e-01
-3.808593750000000000e-02 6.803310653520661111e-03
-3.710937500000000000e-02 6.779127078839287945e-02
-3.613281250000000000e-02 1.302227770847015353e-01
-3.515625000000000000e-02 1.681095067192039383e-01
-3.417968750000000000e-02 8.704270811952705134e-02
-3.320312500000000000e-02 1.433702500297381333e-01
-3.222656250000000000e-02 7.743719987383586301e-02
-3.125000000000000000e-02 1.149802940114760677e-03
-3.027343750000000000e-02 6.897885376059746665e-02
-2.929687500000000000e-02 8.069287700363317328e-02
-2.832031250000000000e-02 -1.794633940766985139e-02
-2.734375000000000000e-02 2.737631832112019659e-02
-2.636718750000000000e-02 8.002574088716628287e-02
-2.539062500000000000e-02 7.272456202988362983e-02
-2.441406250000000000e-02 7.056773766953459981e-02
-2.343750000000000000e-02 2.311415196510337167e-02
-2.246093750000000000e-02 -1.710122149647460080e-02
-2.148437500000000000e-02 -5.435787417592015391e-02
-2.050781250000000000e-02 1.256620821357011877e-02
-1.953125000000000000e-02 4.891992351921867210e-02
-1.855468750000000000e-02 -1.261506141859311536e-01
-1.757812500000000000e-02 -4.942426588131848542e-02
-1.660156250000000000e-02 1.169150797857848589e-01
-1.562500000000000000e-02 4.956310091543604524e-02
-1.464843750000000000e-02 5.269423332340954225e-02
-1.367187500000000000e-02 8.099214065715976130e-02
-1.269531250000000000e-02 1.061877518537901327e-01
-1.171875000000000000e-02 1.121407060739640707e-02
-1.074218750000000000e-02 -2.594475371042078565e-02
-9.765625000000000000e-03 -4.393851065157419744e-02
-8.789062500000000000e-03 1.105658433961720540e-03
-7.812500000000000000e-03 -2.035057056412449203e-02
-6.835937500000000000e-03 -1.041889746446200554e-01
-5.859375000000000000e-03 -6.202512524760209200e-02
-4.882812500000000000e-03 1.717893406396107936e-01
-3.906250000000000000e-03 1.139039595073827599e-01
-2.929687500000000000e-03 4.214807087661331247e-02
-1.953125000000000000e-03 1.007511703215022009e-01
-9.765625000000000000e-04 1.127879263975134772e-01
0.000000000000000000e+00 6.566476408648902474e-02
9.765625000000000000e-04 1.763224817409447809e-01
1.953125000000000000e-03 7.836653597426405937e-02
2.929687500000000000e-03 2.834468299135383187e-02
3.906250000000000000e-03 3.604266221667019182e-02
4.882812500000000000e-03 3.749115703102241098e-02
5.859375000000000000e-03 1.235437334274912952e-01
6.835937500000000000e-03 7.424415226149728986e-02
7.812500000000000000e-03 -1.069360236464792085e-01
8.789062500000000000e-03 -1.155922270815242514e-01
9.765625000000000000e-03 -3.778922241799051451e-02
1.074218750000000000e-02 -7.776166298236376895e-02
1.171875000000000000e-02 -6.389155931011628042e-02
1.269531250000000000e-02 -1.645266314768826788e-01
1.367187500000000000e-02 -9.770559437377807077e-02
1.464843750000000000e-02 -3.713812750816671004e-02
1.562500000000000000e-02 -2.696529686370246690e-02
1.660156250000000000e-02 9.322158150063240140e-03
1.757812500000000000e-02 -1.076493903038975575e-01
1.855468750000000000e-02 -2.025777564774754180e-01
1.953125000000000000e-02 -1.646990490958848419e-01
2.050781250000000000e-02 -4.393795624107288411e-02
2.148437500000000000e-02 -3.955488296042568297e-02
2.246093750000000000e-02 -6.115984488432067018e-02
2.343750000000000000e-02 -3.245997337063499799e-02
2.441406250000000000e-02 -5.856901000454504957e-02
2.539062500000000000e-02 -6.568383966033409637e-04
2.636718750000000000e-02 7.224035160209324458e-02
2.734375000000000000e-02 -4.986735411067198809e-02
2.832031250000000000e-02 -1.177798076552156181e-01
2.929687500000000000e-02 -2.696913993260581857e-02
3.027343750000000000e-02 1.387763940527604323e-01
3.125000000000000000e-02 1.444743983230387663e-01
3.222656250000000000e-02 -2.838461026305672680e-02
3.320312500000000000e-02 5.670061756585220714e-02
3.417968750000000000e-02 1.640023910256879769e-01
3.515625000000000000e-02 6.522064402927603421e-02
3.613281250000000000e-02 -5.816673795271113528e-02
3.710937500000000000e-02 -1.060680917168903975e-02
3.808593750000000000e-02 4.266674905740356488e-02
3.906250000000000000e-02 6.313607988724839748e-02
4.003906250000000000e-02 1.442661381215253336e-01
4.101562500000000000e-02 4.850459542627721943e-02
4.199218750000000000e-02 -6.013990721089987335e-02
4.296875000000000000e-02 1.665485664951695810e-01
4.394531250000000000e-02 8.980206527948761397e-02
4.492187500000000000e-02 -9.532315860575783784e-03
4.589843750000000000e-02 -2.865807144280646621e-03
4.687500000000000000e-02 1.513241828733452587e-02
4.785156250000000000e-02 3.949623941102237135e-02
4.882812500000000000e-02 -2.324846311147983451e-03
4.980468750000000000e-02 -6.626028033592318289e-02
5.078125000000000000e-02 5.962762663614028236e-02
5.175781250000000000e-02 2.597986131693789599e-02
5.273437500000000000e-02 -1.335282842911526824e-01
5.371093750000000000e-02 -1.394016212896092011e-01
5.468750000000000000e-02 9.549481103024473616e-02
5.566406250000000000e-02 7.682648132726360712e-02
5.664062500000000000e-02 -4.914255559459421163e-02
5.761718750000000000e-02 -6.316013323363128817e-02
5.859375000000000000e-02 -1.256247378943724513e-01
5.957031250000000000e-02 -3.566257110948580639e-02
6.054687500000000000e-02 4.447763575786541253e-03
6.152343750000000000e-02 -7.128772771938307606e-02
6.250000000000000000e-02 -1.658958898207072222e-02
6.347656250000000000e-02 2.407681888400726306e-02
6.445312500000000000e-02 -2.767013527478176527e-02
6.542968750000000000e-02 -2.459517548778054202e-02
6.640625000000000000e-02 -8.353612409560638719e-02
6.738281250000000000e-02 -5.303495296345936416e-02
6.835937500000000000e-02 6.062561977630910592e-02
6.933593750000000000e-02 3.444874346272538274e-02
7.031250000000000000e-02 -7.594196996839611830e-03
7.128906250000000000e-02 -6.026697228865431077e-03
7.226562500000000000e-02 -5.992152769856184946e-02
7.324218750000000000e-02 -1.032350776235917700e-01
7.421875000000000000e-02 -4.729219789902376625e-02
7.519531250000000000e-02 -9.788430462258446152e-02
7.617187500000000000e-02 -4.591381122007278520e-02
7.714843750000000000e-02 1.696344991472186203e-01
7.812500000000000000e-02 2.695542586360611392e-01
7.910156250000000000e-02 2.327297342683927461e-01
8.007812500000000000e-02 1.075633328740236982e-01
8.105468750000000000e-02 4.665848567618698095e-02
8.203125000000000000e-02 1.364265347882719082e-02
8.300781250000000000e-02 -1.907339088432927904e-02
8.398437500000000000e-02 -6.179009558195190654e-02
8.496093750000000000e-02 -9.175183102330029816e-02
8.593750000000000000e-02 -1.174001142181435031e-01
8.691406250000000000e-02 -1.776399599970989729e-01
8.789062500000000000e-02 -2.387434807159737882e-01
8.886718750000000000e-02 -2.548035518357810170e-01
8.984375000000000000e-02 -1.537523423095399910e-01
9.082031250000000000e-02 6.791057821443033903e-03
9.179687500000000000e-02 5.470813836512495448e-02
9.277343750000000000e-02 1.451871152275028276e-01
9.375000000000000000e-02 1.415314140380937724e-01
9.472656250000000000e-02 1.947470821163452270e-01
9.570312500000000000e-02 1.092684444250214826e-01
9.667968750000000000e-02 -4.138126731089949994e-02
9.765625000000000000e-02 -2.499416637798200502e-03
9.863281250000000000e-02 -3.140188885943295816e-02
9.960937500000000000e-02 -1.214414123721441890e-01
1.005859375000000000e-01 -2.653167980863705977e-01
1.015625000000000000e-01 -1.575742288644219058e-01
1.025390625000000000e-01 -7.626150979369668292e-02
1.035156250000000000e-01 -2.012891592070827421e-02
1.044921875000000000e-01 9.273560765128642872e-03
1.054687500000000000e-01 -4.464366269335454107e-02
1.064453125000000000e-01 -1.424183517453977976e-01
1.074218750000000000e-01 -3.068859905494558116e-01
1.083984375000000000e-01 -2.453068039701168657e-01
1.093750000000000000e-01 -1.569032648197773716e-01
1.103515625000000000e-01 -1.026846453280018251e-01
1.113281250000000000e-01 -1.612741166719768721e-02
1.123046875000000000e-01 1.448202755360090618e-02
1.132812500000000000e-01 5.091132186696881168e-02
1.142578125000000000e-01 1.036665852882864836e-01
1.152343750000000000e-01 9.663343566246768157e-02
1.162109375000000000e-01 9.797772525587498949e-02
1.171875000000000000e-01 9.317913513845471618e-02
1.181640625000000000e-01 1.535032462979201151e-01
1.191406250000000000e-01 5.938149457936521547e-02
1.201171875000000000e-01 -3.534597935426098819e-02
1.210937500000000000e-01 1.297059160361683020e-02
1.220703125000000000e-01 -1.890180559678215216e-02
1.230468750000000000e-01 -1.668337437554832103e-01
1.240234375000000000e-01 -9.949089240015489277e-02
1.250000000000000000e-01 -2.722036818665008254e-02
1.259765625000000000e-01 -3.534340206408326940e-02
1.269531250000000000e-01 -9.680305393776020284e-02
1.279296875000000000e-01 -1.371896219863505684e-01
1.289062500000000000e-01 -2.300012650683052468e-02
1.298828125000000000e-01 -3.607479525489653985e-04
1.308593750000000000e-01 8.196877688743869905e-02
1.318359375000000000e-01 -3.745161486438215726e-02
1.328125000000000000e-01 -1.348999657030797439e-01
1.337890625000000000e-01 -1.783421763633177837e-01
1.347656250000000000e-01 -4.256946926838872658e-02
1.357421875000000000e-01 -6.253739059387827814e-02
1.367187500000000000e-01 -7.156474072138165055e-02
1.376953125000000000e-01 1.938405549519770649e-02
1.386718750000000000e-01 -1.120803373938355912e-01
1.396484375000000000e-01 -1.656727193232629056e-02
1.406250000000000000e-01 2.212297240537924869e-01
1.416015625000000000e-01 1.345635726530087783e-01
1.425781250000000000e-01 -5.632453914271674800e-02
1.435546875000000000e-01 -2.013375434266295033e-02
1.445312500000000000e-01 -5.442002748688690161e-02
1.455078125000000000e-01 -2.071471605870432720e-02
1.464843750000000000e-01 5.687701641069520947e-02
1.474609375000000000e-01 9.792646942817370692e-02
1.484375000000000000e-01 6.187496867463727207e-02
1.494140625000000000e-01 7.215840767770692610e-02
1.503906250000000000e-01 2.318072049636962437e-02
1.513671875000000000e-01 -3.961246372670142180e-02
1.523437500000000000e-01 2.004940469297139191e-02
1.533203125000000000e-01 7.020304663802991174e-02
1.542968750000000000e-01 7.284730200703495862e-02
1.552734375000000000e-01 8.515553968929018974e-03
1.562500000000000000e-01 -2.196923651089126295e-02
1.572265625000000000e-01 -5.750046120432137503e-02
1.582031250000000000e-01 -1.399668854800554807e-01
1.591796875000000000e-01 -1.395805334710897572e-01
1.601562500000000000e-01 -1.343225623766356736e-01
1.611328125000000000e-01 8.073382458692593064e-03
1.621093750000000000e-01 1.478252739098114832e-01
1.630859375000000000e-01 1.726847235634410005e-01
1.640625000000000000e-01 2.033821270154095584e-01
1.650390625000000000e-01 9.693655669570568068e-02
1.660156250000000000e-01 -3.342719801287950820e-02
1.669921875000000000e-01 7.440605409691225525e-02
1.679687500000000000e-01 1.104017079409011226e-01
1.689453125000000000e-01 5.287448621159433065e-03
1.699218750000000000e-01 -5.629105919960739057e-02
1.708984375000000000e-01 -8.098980702317147562e-02
1.718750000000000000e-01 -1.091833017436879966e-01
1.728515625000000000e-01 2.751739953164215879e-02
1.738281250000000000e-01 1.195230510630988785e-01
1.748046875000000000e-01 5.183340211443920875e-02
1.757812500000000000e-01 -5.548868338947417211e-03
1.767578125000000000e-01 -1.045041949303390783e-02
1.777343750000000000e-01 -3.722953217074762705e-02
1.787109375000000000e-01 6.528725412277188930e-03
1.796875000000000000e-01 -6.215703898390132626e-02
1.806640625000000000e-01 -9.983258709860909352e-02
1.816406250000000000e-01 -3.353892388125581658e-02
1.826171875000000000e-01 -6.465336735796173295e-02
1.835937500000000000e-01 -1.079691896267036960e-01
1.845703125000000000e-01 -9.600384238139095250e-02
1.855468750000000000e-01 -1.335351524987304084e-01
1.865234375000000000e-01 -1.902324202440332582e-02
1.875000000000000000e-01 5.487977085217989742e-02
1.884765625000000000e-01 -4.798406485985984293e-02
1.894531250000000000e-01 -9.183263756277110224e-02
1.904296875000000000e-01 -1.181954572226949635e-01
1.914062500000000000e-01 -1.416098065904238534e-01
1.923828125000000000e-01 -6.258817398659367870e-02
1.933593750000000000e-01 7.123518230411961250e-02
1.943359375000000000e-01 -4.207492038345780894e-02
1.953125000000000000e-01 -1.432506187860595748e-01
1.962890625000000000e-01 -1.100205461247700800e-01
1.972656250000000000e-01 -9.511122951380714119e-02
1.982421875000000000e-01 -2.868306585649807797e-02
1.992187500000000000e-01 3.073573063127103475e-02
2.001953125000000000e-01 -6.948772876274170174e-02
2.011718750000000000e-01 -1.475163141558666737e-03
2.021484375000000000e-01 3.024131863629768088e-02
2.031250000000000000e-01 -7.264341076036687217e-02
2.041015625000000000e-01 -1.445412635776226751e-01
2.050781250000000000e-01 -9.344528361447528020e-02
2.060546875000000000e-01 9.844791550391193691e-02
2.070312500000000000e-01 6.885643912527882049e-02
2.080078125000000000e-01 1.662659730685819154e-02
2.089843750000000000e-01 -8.804733199956707446e-02
2.099609375000000000e-01 5.327143709750513378e-02
2.109375000000000000e-01 1.827210685653568312e-01
2.119140625000000000e-01 5.975978009396801932e-02
2.128906250000000000e-01 6.658380200101542135e-02
2.138671875000000000e-01 -1.251383679714276366e-02
2.148437500000000000e-01 -1.233014329539852960e-01
2.158203125000000000e-01 -1.140450461558894235e-01
2.167968750000000000e-01 -1.318948949311330443e-01
2.177734375000000000e-01 8.844843042439701208e-02
2.187500000000000000e-01 1.966550788349507445e-02
2.197265625000000000e-01 -7.394313813430025695e-02
2.207031250000000000e-01 3.394809781450396774e-02
2.216796875000000000e-01 8.165956870674420665e-02
2.226562500000000000e-01 -1.190096200531122334e-01
2.236328125000000000e-01 -2.705795600557076575e-01
2.246093750000000000e-01 -2.186383515498093594e-02
2.255859375000000000e-01 -8.426227392958168805e-02
2.265625000000000000e-01 -1.757128709265203259e-01
2.275390625000000000e-01 -1.021057358725400294e-01
2.285156250000000000e-01 -8.109803173600769674e-03
2.294921875000000000e-01 1.057885559465492759e-01
2.304687500000000000e-01 6.166382400380817502e-02
2.314453125000000000e-01 4.990329281853624760e-02
2.324218750000000000e-01 2.090470813535779959e-01
2.333984375000000000e-01 1.631720187746315831e-01
2.343750000000000000e-01 7.413328673241586023e-03
2.353515625000000000e-01 -1.228683059791215587e-01
2.363281250000000000e-01 -1.023285907237104775e-01
2.373046875000000000e-01 -4.292264666665861206e-02
2.382812500000000000e-01 7.226560620884220918e-04
2.392578125000000000e-01 -2.712534991899833922e-02
2.402343750000000000e-01 1.085977443327709180e-01
2.412109375000000000e-01 1.242205487449950518e-01
2.421875000000000000e-01 -1.484319950903377483e-02
2.431640625000000000e-01 -3.212528680594647912e-02
2.441406250000000000e-01 -5.808526377396136531e-02
2.451171875000000000e-01 3.462614675365153355e-02
2.460937500000000000e-01 5.129706863898435276e-02
2.470703125000000000e-01 -2.751705807252815411e-02
2.480468750000000000e-01 -3.277690399066855026e-02
2.490234375000000000e-01 -7.115780911485003468e-02
2.500000000000000000e-01 -1.204309652120781268e-02
2.509765625000000000e-01 -6.672390280542789265e-02
2.519531250000000000e-01 -1.240527178586414980e-01
2.529296875000000000e-01 -1.552010267105715935e-01
2.539062500000000000e-01 -5.331991802789373680e-02
2.548828125000000000e-01 -4.477617625228741405e-02
2.558593750000000000e-01 -5.622249920646777560e-02
2.568359375000000000e-01 -1.959004828606167592e-01
2.578125000000000000e-01 -3.000071822441805480e-01
2.587890625000000000e-01 -1.040027154278737181e-01
2.597656250000000000e-01 1.923186751847928977e-01
2.607421875000000000e-01 2.451611365696269862e-02
2.617187500000000000e-01 -1.046039092112547447e-01
2.626953125000000000e-01 2.810425542004714103e-02
2.636718750000000000e-01 1.136897674162089117e-01
2.646484375000000000e-01 5.633688594444240250e-02
2.656250000000000000e-01 7.768706290677980519e-02
2.666015625000000000e-01 1.120829813552058074e-01
2.675781250000000000e-01 3.928514830150297427e-02
2.685546875000000000e-01 1.063313339788627687e-01
2.695312500000000000e-01 -2.002902386959631853e-02
2.705078125000000000e-01 -2.328200289280305257e-01
2.714843750000000000e-01 -1.676641349603652520e-02
2.724609375000000000e-01 1.778682334024778156e-02
2.734375000000000000e-01 -1.313847590111180408e-01
2.744140625000000000e-01 -1.570621064599037608e-01
2.753906250000000000e-01 -1.992222094304714197e-01
2.763671875000000000e-01 8.074307635957704218e-03
2.773437500000000000e-01 4.487454753861734591e-02
2.783203125000000000e-01 5.112949083988169857e-02
2.792968750000000000e-01 2.453444353764559771e-01
2.802734375000000000e-01 1.232534219362139832e-01
2.812500000000000000e-01 6.217274193903726820e-02
2.822265625000000000e-01 1.670385922831424397e-01
2.832031250000000000e-01 6.546432235538164092e-04
2.841796875000000000e-01 -1.666963714934165397e-01
2.851562500000000000e-01 -1.563604960666686305e-01
2.861328125000000000e-01 5.045623301716511272e-02
2.871093750000000000e-01 1.542509554338763744e-01
2.880859375000000000e-01 1.393163267531566940e-01
2.890625000000000000e-01 1.336405504181882309e-01
2.900390625000000000e-01 1.054945334402222629e-01
2.910156250000000000e-01 -8.492626600689041558e-03
2.919921875000000000e-01 -2.316422985020816505e-01
2.929687500000000000e-01 -2.415399457473590972e-01
2.939453125000000000e-01 -1.113842433921397174e-01
2.949218750000000000e-01 -2.704831129097254316e-02
2.958984375000000000e-01 -4.899668062617545256e-02
2.968750000000000000e-01 -5.770570728160467726e-03
2.978515625000000000e-01 -6.758191627252471689e-02
2.988281250000000000e-01 -5.017085049459960727e-02
2.998046875000000000e-01 7.902417991838087130e-02
3.007812500000000000e-01 4.573386490884185501e-02
3.017578125000000000e-01 -1.147015704673931824e-01
3.027343750000000000e-01 -1.267661802737947152e-01
3.037109375000000000e-01 1.946993947115688989e-02
3.046875000000000000e-01 -5.383455064224045017e-02
3.056640625000000000e-01 -1.175702884334919041e-01
3.066406250000000000e-01 -3.318057046086828055e-02
3.076171875000000000e-01 4.541027851224850587e-03
3.085937500000000000e-01 2.563222838686969249e-02
3.095703125000000000e-01 1.362671279500695110e-01
3.105468750000000000e-01 1.640694330644894283e-01
3.115234375000000000e-01 6.912164703520573550e-02
3.125000000000000000e-01 -3.599617471399570168e-02
3.134765625000000000e-01 -9.454456828757897002e-02
3.144531250000000000e-01 -1.118054695790068748e-01
3.154296875000000000e-01 -8.671272460337861587e-02
3.164062500000000000e-01 -1.544250621995904016e-01
3.173828125000000000e-01 -8.593430363825399487e-02
3.183593750000000000e-01 1.859851324441598105e-02
3.193359375000000000e-01 2.933481470095595373e-02
3.203125000000000000e-01 1.322621459118305566e-02
3.212890625000000000e-01 -4.499853317102022604e-02
3.222656250000000000e-01 -7.798159045784934518e-02
3.232421875000000000e-01 -1.760630550346329870e-01
3.242187500000000000e-01 -1.735745502447073596e-01
3.251953125000000000e-01 2.061394237081740077e-02
3.261718750000000000e-01 2.110326074592304424e-01
3.271484375000000000e-01 7.175985985934285605e-02
3.281250000000000000e-01 2.931369321318223753e-02
3.291015625000000000e-01 -1.605963519135910067e-01
3.300781250000000000e-01 -3.198480841386064366e-01
3.310546875000000000e-01 -2.997907193015355021e-01
3.320312500000000000e-01 -1.488297647275053093e-01
3.330078125000000000e-01 -3.961304142702231496e-02
3.339843750000000000e-01 -3.813122513294376487e-02
3.349609375000000000e-01 -3.675130437864247701e-02
3.359375000000000000e-01 6.734527778130611209e-02
3.369140625000000000e-01 4.984593187218319676e-02
3.378906250000000000e-01 -3.792353532317391945e-02
3.388671875000000000e-01 -1.506837900865339586e-01
3.398437500000000000e-01 -2.522362769429552509e-01
3.408203125000000000e-01 -2.447939368418737896e-02
3.417968750000000000e-01 1.317625132168650515e-01
3.427734375000000000e-01 1.356575823952149880e-02
3.437500000000000000e-01 -3.182732032286864771e-02
3.447265625000000000e-01 9.433098570314026043e-02
3.457031250000000000e-01 1.200817605860315662e-01
3.466796875000000000e-01 1.059193617810080534e-01
3.476562500000000000e-01 4.738801758247098567e-02
3.486328125000000000e-01 -1.000181526162217255e-03
3.496093750000000000e-01 -8.642439153858200163e-02
3.505859375000000000e-01 -5.894222340105357248e-03
3.515625000000000000e-01 -1.158413322435592786e-02
3.525390625000000000e-01 -6.000255464505457187e-02
3.535156250000000000e-01 -2.679238180498845143e-02
3.544921875000000000e-01 -4.538674909360333048e-02
3.554687500000000000e-01 -2.183684224667012050e-02
3.564453125000000000e-01 -2.867144934174741325e-02
3.574218750000000000e-01 -3.947102912537688718e-02
3.583984375000000000e-01 9.592496156982080469e-02
3.593750000000000000e-01 6.823025462308996564e-03
3.603515625000000000e-01 -4.358077983746828921e-02
3.613281250000000000e-01 1.620611547410514414e-02
3.623046875000000000e-01 2.225071948652539242e-03
3.632812500000000000e-01 5.102030334614918172e-02
3.642578125000000000e-01 1.178551046106471462e-01
3.652343750000000000e-01 1.129368864069411060e-01
3.662109375000000000e-01 -1.905516579914490194e-02
3.671875000000000000e-01 -1.028791361399077897e-01
3.681640625000000000e-01 -9.199059055075389790e-02
3.691406250000000000e-01 -7.259787105466147805e-02
3.701171875000000000e-01 3.713004022481734834e-02
3.710937500000000000e-01 2.397250475550197907e-02
3.720703125000000000e-01 9.204908499639638400e-04
3.730468750000000000e-01 -5.083609255312074304e-02
3.740234375000000000e-01 -1.277944164666367510e-01
3.750000000000000000e-01 -1.228396718647974395e-01
3.759765625000000000e-01 -9.248722321381691591e-02
3.769531250000000000e-01 -5.970709238760426446e-02
3.779296875000000000e-01 -7.074424946460272645e-02
3.789062500000000000e-01 -1.479649703492285084e-01
3.798828125000000000e-01 -1.763753015006435665e-01
3.808593750000000000e-01 -4.072085839082192210e-03
3.818359375000000000e-01 -1.531209532611890745e-02
3.828125000000000000e-01 -5.272392148721205540e-02
3.837890625000000000e-01 -2.158468829796939548e-01
3.847656250000000000e-01 -1.655129103308964345e-01
3.857421875000000000e-01 7.734098883088461052e-02
3.867187500000000000e-01 3.233515558252431088e-02
3.876953125000000000e-01 -5.378842354415387661e-02
3.886718750000000000e-01 8.246428514305807755e-02
3.896484375000000000e-01 1.135057361622402727e-01
3.906250000000000000e-01 9.714355284179079786e-02
3.916015625000000000e-01 5.964544043055777789e-02
3.925781250000000000e-01 -2.884235243053134140e-02
3.935546875000000000e-01 -7.903278287081288989e-02
3.945312500000000000e-01 3.458378813490012305e-02
3.955078125000000000e-01 1.541894051512628372e-01
3.964843750000000000e-01 5.043934047354638184e-02
3.974609375000000000e-01 1.478012978095535716e-02
3.984375000000000000e-01 2.158853663324873315e-02
3.994140625000000000e-01 2.886660588458181062e-02
4.003906250000000000e-01 1.376341885133925969e-01
4.013671875000000000e-01 2.190299581711706300e-01
4.023437500000000000e-01 5.296253672696134979e-02
4.033203125000000000e-01 -3.200121126756536732e-02
4.042968750000000000e-01 1.190797005902314853e-01
4.052734375000000000e-01 -2.663837151812559201e-02
4.062500000000000000e-01 -5.852030996675686852e-02
4.072265625000000000e-01 -3.617569671944862592e-02
4.082031250000000000e-01 -5.217611262673377444e-03
4.091796875000000000e-01 1.735638067260457107e-01
4.101562500000000000e-01 1.060014183499788237e-01
4.111328125000000000e-01 3.003085439253597860e-03
4.121093750000000000e-01 -2.472666785029856845e-02
4.130859375000000000e-01 1.216248571849123938e-01
4.140625000000000000e-01 8.088399065646056929e-02
4.150390625000000000e-01 -3.899111029478516399e-02
4.160156250000000000e-01 -5.608966646593633448e-02
4.169921875000000000e-01 -9.771462343675163531e-02
4.179687500000000000e-01 -1.245973934699007996e-01
4.189453125000000000e-01 -1.160118055592185282e-02
4.199218750000000000e-01 -1.041408959409843848e-01
4.208984375000000000e-01 -1.081418956113271435e-01
4.218750000000000000e-01 -1.363603182789366597e-01
4.228515625000000000e-01 -1.781864495966302420e-01
4.238281250000000000e-01 -2.951289226023846163e-02
4.248046875000000000e-01 1.743057015380265751e-01
4.257812500000000000e-01 2.134338176459370517e-01
4.267578125000000000e-01 6.106917096711313164e-02
4.277343750000000000e-01 -1.218180200991469675e-01
4.287109375000000000e-01 -1.347910728769484701e-01
4.296875000000000000e-01 -2.061389302464075035e-01
4.306640625000000000e-01 -2.889842442883412410e-01
4.316406250000000000e-01 -2.716154610812612780e-01
4.326171875000000000e-01 -3.784207529604950437e-01
4.335937500000000000e-01 -2.600919962584103962e-01
4.345703125000000000e-01 -2.102351681420589480e-01
4.355468750000000000e-01 -2.293227545042119953e-01
4.365234375000000000e-01 -3.003565828134230342e-01
4.375000000000000000e-01 -3.456901025757100343e-01
4.384765625000000000e-01 -3.482236174545617069e-01
4.394531250000000000e-01 -3.677211013971085629e-01
4.404296875000000000e-01 -4.213987876044493763e-01
4.414062500000000000e-01 -4.624170227192908600e-01
4.423828125000000000e-01 -4.598738590677472482e-01
4.433593750000000000e-01 -6.000319340208394303e-01
4.443359375000000000e-01 -6.170957553835435538e-01
4.453125000000000000e-01 -6.358174704347641093e-01
4.462890625000000000e-01 -7.225706611140438884e-01
4.472656250000000000e-01 -8.091288516224580674e-01
4.482421875000000000e-01 -8.488586346630382362e-01
4.492187500000000000e-01 -9.012546556550051768e-01
4.501953125000000000e-01 -8.960495488195274749e-01
4.511718750000000000e-01 -9.437339465100179625e-01
4.521484375000000000e-01 -1.172333141867547779e+00
4.531250000000000000e-01 -1.336787195840576148e+00
4.541015625000000000e-01 -1.353762342038820288e+00
4.550781250000000000e-01 -1.264460897718266530e+00
4.560546875000000000e-01 -1.190889209642472135e+00
4.570312500000000000e-01 -1.432753400880256045e+00
4.580078125000000000e-01 -1.747879590521504101e+00
4.589843750000000000e-01 -1.722958523728991276e+00
4.599609375000000000e-01 -1.688351612091161247e+00
4.609375000000000000e-01 -1.712192413680762471e+00
4.619140625000000000e-01 -1.690878073113179170e+00
4.628906250000000000e-01 -1.907171411727633936e+00
4.638671875000000000e-01 -2.090620011862561078e+00
4.648437500000000000e-01 -2.201797795100055577e+00
4.658203125000000000e-01 -2.421643120363192292e+00
4.667968750000000000e-01 -2.522845823700466283e+00
4.677734375000000000e-01 -2.606997079025401565e+00
4.687500000000000000e-01 -2.722311629434469360e+00
4.697265625000000000e-01 -2.722269438292963972e+00
4.707031250000000000e-01 -2.829170686214335539e+00
4.716796875000000000e-01 -3.129850076085412436e+00
4.726562500000000000e-01 -3.323308524435249822e+00
4.736328125000000000e-01 -3.320883035519636373e+00
4.746093750000000000e-01 -3.539100633731472989e+00
4.755859375000000000e-01 -3.798282969883576499e+00
4.765625000000000000e-01 -3.804932949914310747e+00
4.775390625000000000e-01 -3.734594507848067568e+00
4.785156250000000000e-01 -3.819154974290983606e+00
4.794921875000000000e-01 -4.137568063331514168e+00
4.804687500000000000e-01 -4.340010071267109915e+00
4.814453125000000000e-01 -4.439818455433696798e+00
4.824218750000000000e-01 -4.470382984221422440e+00
4.833984375000000000e-01 -4.738236159648124612e+00
4.843750000000000000e-01 -4.939839591243911698e+00
4.853515625000000000e-01 -4.894453761396903246e+00
4.863281250000000000e-01 -5.013848553197957969e+00
4.873046875000000000e-01 -5.193057336483573927e+00
4.882812500000000000e-01 -5.334752475555001539e+00
4.892578125000000000e-01 -5.407164030770148955e+00
4.902343750000000000e-01 -5.626066003524677228e+00
4.912109375000000000e-01 -5.715671089654237313e+00
4.921875000000000000e-01 -5.767634845168821300e+00
4.931640625000000000e-01 -5.756282397847708232e+00
4.941406250000000000e-01 -5.918109726697123207e+00
4.951171875000000000e-01 -5.994632722375944134e+00
4.960937500000000000e-01 -6.030212321375225670e+00
4.970703125000000000e-01 -6.151685761284236165e+00
4.980468750000000000e-01 -6.160392923037850466e+00
4.990234375000000000e-01 -6.035742997630166862e+00
