-5.000000000000000000e-01 -5.960702180399057859e+00
-4.990234375000000000e-01 -5.897516140255141259e+00
-4.980468750000000000e-01 -5.957625974677087655e+00
-4.970703125000000000e-01 -6.122896196359892684e+00
-4.960937500000000000e-01 -6.089252807496655429e+00
-4.951171875000000000e-01 -6.078344433502879340e+00
-4.941406250000000000e-01 -6.361640582692245083e+00
-4.931640625000000000e-01 -6.480194601133617560e+00
-4.921875000000000000e-01 -6.613239071590283125e+00
-4.912109375000000000e-01 -6.639719858248605888e+00
-4.902343750000000000e-01 -6.648390332370984979e+00
-4.892578125000000000e-01 -6.694119923882936973e+00
-4.882812500000000000e-01 -6.838314561423360693e+00
-4.873046875000000000e-01 -6.914613674536060905e+00
-4.863281250000000000e-01 -7.120193398854222089e+00
-4.853515625000000000e-01 -7.176373545641071772e+00
-4.843750000000000000e-01 -7.320252591887199678e+00
-4.833984375000000000e-01 -7.558533123869616510e+00
-4.824218750000000000e-01 -7.601515374306977435e+00
-4.814453125000000000e-01 -7.749236133572745544e+00
-4.804687500000000000e-01 -8.016324814176758906e+00
-4.794921875000000000e-01 -8.180328944585740558e+00
-4.785156250000000000e-01 -8.319320261061802668e+00
-4.775390625000000000e-01 -8.626104988524421202e+00
-4.765625000000000000e-01 -8.811036131610665123e+00
-4.755859375000000000e-01 -8.933803083055238403e+00
-4.746093750000000000e-01 -9.260182708890543068e+00
-4.736328125000000000e-01 -9.563796992860124746e+00
-4.726562500000000000e-01 -9.857378090516737856e+00
-4.716796875000000000e-01 -1.015221623709369680e+01
-4.707031250000000000e-01 -1.035038922435368214e+01
-4.697265625000000000e-01 -1.064731625734136244e+01
-4.687500000000000000e-01 -1.095082152637828266e+01
-4.677734375000000000e-01 -1.115091249781888294e+01
-4.667968750000000000e-01 -1.161870770102782835e+01
-4.658203125000000000e-01 -1.203511640299405450e+01
-4.648437500000000000e-01 -1.242471732974588505e+01
-4.638671875000000000e-01 -1.270066163463847886e+01
-4.628906250000000000e-01 -1.301917864673306902e+01
-4.619140625000000000e-01 -1.337566161393709585e+01
-4.609375000000000000e-01 -1.363702327394295111e+01
-4.599609375000000000e-01 -1.410743081218798878e+01
-4.589843750000000000e-01 -1.475951326292233645e+01
-4.580078125000000000e-01 -1.526943536435890536e+01
-4.570312500000000000e-01 -1.560508201068791401e+01
-4.560546875000000000e-01 -1.596470337740003487e+01
-4.550781250000000000e-01 -1.640206798543960787e+01
-4.541015625000000000e-01 -1.688560438768756455e+01
-4.531250000000000000e-01 -1.725400695961514330e+01
-4.521484375000000000e-01 -1.775537243415072552e+01
-4.511718750000000000e-01 -1.825593613262315884e+01
-4.501953125000000000e-01 -1.874448963174633320e+01
-4.492187500000000000e-01 -1.926324221265434389e+01
-4.482421875000000000e-01 -1.983403278102838030e+01
-4.472656250000000000e-01 -2.031553942124325474e+01
-4.462890625000000000e-01 -2.089648902918417406e+01
-4.453125000000000000e-01 -2.152382323277626597e+01
-4.443359375000000000e-01 -2.198719891336990173e+01
-4.433593750000000000e-01 -2.265589714877557270e+01
-4.423828125000000000e-01 -2.336518583898211787e+01
-4.414062500000000000e-01 -2.391390696153656847e+01
-4.404296875000000000e-01 -2.457240622969377952e+01
-4.394531250000000000e-01 -2.519033584583635488e+01
-4.384765625000000000e-01 -2.583864292894862302e+01
-4.375000000000000000e-01 -2.649228377678875646e+01
-4.365234375000000000e-01 -2.720552420362721335e+01
-4.355468750000000000e-01 -2.793912359283509872e+01
-4.345703125000000000e-01 -2.882546322178745513e+01
-4.335937500000000000e-01 -2.945853161028291112e+01
-4.326171875000000000e-01 -3.020715591210622719e+01
-4.316406250000000000e-01 -3.099116455778293400e+01
-4.306640625000000000e-01 -3.172435867562879963e+01
-4.296875000000000000e-01 -3.249993691238303484e+01
-4.287109375000000000e-01 -3.328678576613167195e+01
-4.277343750000000000e-01 -3.418243771584398871e+01
-4.267578125000000000e-01 -3.517789002672407861e+01
-4.257812500000000000e-01 -3.591958213888167961e+01
-4.248046875000000000e-01 -3.664322170777641929e+01
-4.238281250000000000e-01 -3.764886525124402539e+01
-4.228515625000000000e-01 -3.866448564521274989e+01
-4.218750000000000000e-01 -3.956942898396889774e+01
-4.208984375000000000e-01 -4.052580605797939484e+01
-4.199218750000000000e-01 -4.151020117748450389e+01
-4.189453125000000000e-01 -4.264991119621541316e+01
-4.179687500000000000e-01 -4.369065439851699040e+01
-4.169921875000000000e-01 -4.458393893959374310e+01
-4.160156250000000000e-01 -4.572351549114522129e+01
-4.150390625000000000e-01 -4.701421815578690655e+01
-4.140625000000000000e-01 -4.830594567316383348e+01
-4.130859375000000000e-01 -4.947695957727114546e+01
-4.121093750000000000e-01 -5.060105920925511924e+01
-4.111328125000000000e-01 -5.194833952932172849e+01
-4.101562500000000000e-01 -5.326462870451294407e+01
-4.091796875000000000e-01 -5.461488496483929111e+01
-4.082031250000000000e-01 -5.601328169768619603e+01
-4.072265625000000000e-01 -5.739495721009401308e+01
-4.062500000000000000e-01 -5.881446800145183573e+01
-4.052734375000000000e-01 -6.033425898193564052e+01
-4.042968750000000000e-01 -6.198802879245772601e+01
-4.033203125000000000e-01 -6.370877790096821514e+01
-4.023437500000000000e-01 -6.551195939088860598e+01
-4.013671875000000000e-01 -6.731854901155558935e+01
-4.003906250000000000e-01 -6.932967904780583979e+01
-3.994140625000000000e-01 -7.156324812323697415e+01
-3.984375000000000000e-01 -7.389785162803947571e+01
-3.974609375000000000e-01 -7.619874473386948921e+01
-3.964843750000000000e-01 -7.873656837254343088e+01
-3.955078125000000000e-01 -8.172077138204114988e+01
-3.945312500000000000e-01 -8.504866883540275069e+01
-3.935546875000000000e-01 -8.876114805206022140e+01
-3.925781250000000000e-01 -9.348424779715359989e+01
-3.916015625000000000e-01 -9.981187644545818216e+01
-3.906250000000000000e-01 -1.072450140820518243e+02
-3.896484375000000000e-01 -1.052156524378252413e+02
-3.886718750000000000e-01 -1.018666131133406054e+02
-3.876953125000000000e-01 -1.005620217634482856e+02
-3.867187500000000000e-01 -1.006090683349180637e+02
-3.857421875000000000e-01 -1.014329406008302215e+02
-3.847656250000000000e-01 -1.030664269529161601e+02
-3.837890625000000000e-01 -1.054242920647096753e+02
-3.828125000000000000e-01 -1.088986145783943726e+02
-3.818359375000000000e-01 -1.144143654039868352e+02
-3.808593750000000000e-01 -1.174648035087321603e+02
-3.798828125000000000e-01 -1.122103159896326332e+02
-3.789062500000000000e-01 -1.085136611539760452e+02
-3.779296875000000000e-01 -1.062361324814851571e+02
-3.769531250000000000e-01 -1.048073801143248573e+02
-3.759765625000000000e-01 -1.039534792898199385e+02
-3.750000000000000000e-01 -1.034727668898439106e+02
-3.740234375000000000e-01 -1.034378463183007852e+02
-3.730468750000000000e-01 -1.037577627214675431e+02
-3.720703125000000000e-01 -1.043079578688022337e+02
-3.710937500000000000e-01 -1.052971721044352904e+02
-3.701171875000000000e-01 -1.067598891739640266e+02
-3.691406250000000000e-01 -1.083881820334401169e+02
-3.681640625000000000e-01 -1.110337909078936747e+02
-3.671875000000000000e-01 -1.147655808781727558e+02
-3.662109375000000000e-01 -1.203425898969881871e+02
-3.652343750000000000e-01 -1.220923654934800737e+02
-3.642578125000000000e-01 -1.164716591565525192e+02
-3.632812500000000000e-01 -1.126715196874586127e+02
-3.623046875000000000e-01 -1.102647448602204605e+02
-3.613281250000000000e-01 -1.085214562684003283e+02
-3.603515625000000000e-01 -1.072465044484302723e+02
-3.593750000000000000e-01 -1.063875687149460418e+02
-3.583984375000000000e-01 -1.058590019563684024e+02
-3.574218750000000000e-01 -1.055431891018123594e+02
-3.564453125000000000e-01 -1.054212943671466149e+02
-3.554687500000000000e-01 -1.055248287437963626e+02
-3.544921875000000000e-01 -1.056820129934846619e+02
-3.535156250000000000e-01 -1.062809368790286157e+02
-3.525390625000000000e-01 -1.071843432725568022e+02
-3.515625000000000000e-01 -1.083430863288156729e+02
-3.505859375000000000e-01 -1.097076409534506212e+02
-3.496093750000000000e-01 -1.114621400860488336e+02
-3.486328125000000000e-01 -1.137541929685818189e+02
-3.476562500000000000e-01 -1.168992967094103790e+02
-3.466796875000000000e-01 -1.218944566625585821e+02
-3.457031250000000000e-01 -1.264039836265003345e+02
-3.447265625000000000e-01 -1.212171850900722490e+02
-3.437500000000000000e-01 -1.167424608072732326e+02
-3.427734375000000000e-01 -1.139049637860852897e+02
-3.417968750000000000e-01 -1.118571206178557134e+02
-3.408203125000000000e-01 -1.101692311835315934e+02
-3.398437500000000000e-01 -1.090527328805760021e+02
-3.388671875000000000e-01 -1.082912238530674642e+02
-3.378906250000000000e-01 -1.077330232441961471e+02
-3.369140625000000000e-01 -1.072883144658135279e+02
-3.359375000000000000e-01 -1.070687739046609863e+02
-3.349609375000000000e-01 -1.070541778257057501e+02
-3.339843750000000000e-01 -1.071234826702647354e+02
-3.330078125000000000e-01 -1.075087297777705828e+02
-3.320312500000000000e-01 -1.079818678274025814e+02
-3.310546875000000000e-01 -1.086122395072480629e+02
-3.300781250000000000e-01 -1.093698923343003884e+02
-3.291015625000000000e-01 -1.102507736550978450e+02
-3.281250000000000000e-01 -1.113677834847133710e+02
-3.271484375000000000e-01 -1.130086418768392065e+02
-3.261718750000000000e-01 -1.152570899685690051e+02
-3.251953125000000000e-01 -1.180758909625727284e+02
-3.242187500000000000e-01 -1.221500669663772669e+02
-3.232421875000000000e-01 -1.281323547280328512e+02
-3.222656250000000000e-01 -1.258759702585883247e+02
-3.212890625000000000e-01 -1.206039418667908762e+02
-3.203125000000000000e-01 -1.172561162100323031e+02
-3.193359375000000000e-01 -1.148780951509176873e+02
-3.183593750000000000e-01 -1.130566314122224298e+02
-3.173828125000000000e-01 -1.118332324494693921e+02
-3.164062500000000000e-01 -1.107426517876254337e+02
-3.154296875000000000e-01 -1.098973098943197613e+02
-3.144531250000000000e-01 -1.093323184484808763e+02
-3.134765625000000000e-01 -1.088902690783430813e+02
-3.125000000000000000e-01 -1.086422129957074247e+02
-3.115234375000000000e-01 -1.086686269270016396e+02
-3.105468750000000000e-01 -1.085741401610805070e+02
-3.095703125000000000e-01 -1.085044516790424751e+02
-3.085937500000000000e-01 -1.088673840901212486e+02
-3.076171875000000000e-01 -1.093248955994324945e+02
-3.066406250000000000e-01 -1.099469328967143156e+02
-3.056640625000000000e-01 -1.105334446822399741e+02
-3.046875000000000000e-01 -1.114234530280386366e+02
-3.037109375000000000e-01 -1.126369720986958214e+02
-3.027343750000000000e-01 -1.141554554787219615e+02
-3.017578125000000000e-01 -1.161064238418524042e+02
-3.007812500000000000e-01 -1.186125299140024225e+02
-2.998046875000000000e-01 -1.221997825315533106e+02
-2.988281250000000000e-01 -1.277925103279205246e+02
-2.978515625000000000e-01 -1.300330353626781630e+02
-2.968750000000000000e-01 -1.242783170861463304e+02
-2.958984375000000000e-01 -1.201920444413962485e+02
-2.949218750000000000e-01 -1.173866820062944640e+02
-2.939453125000000000e-01 -1.154025856701872357e+02
-2.929687500000000000e-01 -1.138437293103321792e+02
-2.919921875000000000e-01 -1.126673323216783018e+02
-2.910156250000000000e-01 -1.117004698745543578e+02
-2.900390625000000000e-01 -1.109140453649345801e+02
-2.890625000000000000e-01 -1.103075715714721525e+02
-2.880859375000000000e-01 -1.098555932485376445e+02
-2.871093750000000000e-01 -1.096288766795100997e+02
-2.861328125000000000e-01 -1.095383450262396963e+02
-2.851562500000000000e-01 -1.096585275553752865e+02
-2.841796875000000000e-01 -1.097756831056785956e+02
-2.832031250000000000e-01 -1.099094422329237517e+02
-2.822265625000000000e-01 -1.102666604231397685e+02
-2.812500000000000000e-01 -1.109124906819391612e+02
-2.802734375000000000e-01 -1.114359682296637004e+02
-2.792968750000000000e-01 -1.120325733834983737e+02
-2.783203125000000000e-01 -1.130546935845232071e+02
-2.773437500000000000e-01 -1.143090108425866163e+02
-2.763671875000000000e-01 -1.158307076548366865e+02
-2.753906250000000000e-01 -1.178552498057559461e+02
-2.744140625000000000e-01 -1.207083912204553400e+02
-2.734375000000000000e-01 -1.247548794419177227e+02
-2.724609375000000000e-01 -1.304152290359297126e+02
-2.714843750000000000e-01 -1.303373874629685076e+02
-2.705078125000000000e-01 -1.246181668268093148e+02
-2.695312500000000000e-01 -1.208279847611129156e+02
-2.685546875000000000e-01 -1.182693119954718100e+02
-2.675781250000000000e-01 -1.163079025459990845e+02
-2.666015625000000000e-01 -1.148187729046066039e+02
-2.656250000000000000e-01 -1.136640520339169029e+02
-2.646484375000000000e-01 -1.128210744688967537e+02
-2.636718750000000000e-01 -1.118986784921996360e+02
-2.626953125000000000e-01 -1.112810654825069037e+02
-2.617187500000000000e-01 -1.110225129631262320e+02
-2.607421875000000000e-01 -1.107091390883765172e+02
-2.597656250000000000e-01 -1.104921841113604586e+02
-2.587890625000000000e-01 -1.104250193051079521e+02
-2.578125000000000000e-01 -1.104612628192659685e+02
-2.568359375000000000e-01 -1.106948717643877274e+02
-2.558593750000000000e-01 -1.109909921222631937e+02
-2.548828125000000000e-01 -1.113599923795700164e+02
-2.539062500000000000e-01 -1.118860314191708625e+02
-2.529296875000000000e-01 -1.126607547539144889e+02
-2.519531250000000000e-01 -1.134882377179272339e+02
-2.509765625000000000e-01 -1.144704995291355374e+02
-2.500000000000000000e-01 -1.158637573588634240e+02
-2.490234375000000000e-01 -1.175716163865479160e+02
-2.480468750000000000e-01 -1.197006729033508634e+02
-2.470703125000000000e-01 -1.226097691968484753e+02
-2.460937500000000000e-01 -1.272156044589490165e+02
-2.451171875000000000e-01 -1.329857154705775315e+02
-2.441406250000000000e-01 -1.295682403154245605e+02
-2.431640625000000000e-01 -1.244066734417801570e+02
-2.421875000000000000e-01 -1.209357275365395736e+02
-2.412109375000000000e-01 -1.185565310585931229e+02
-2.402343750000000000e-01 -1.169342559559167825e+02
-2.392578125000000000e-01 -1.155853901977218499e+02
-2.382812500000000000e-01 -1.145384345333141312e+02
-2.373046875000000000e-01 -1.135667004152681017e+02
-2.363281250000000000e-01 -1.128672897729288138e+02
-2.353515625000000000e-01 -1.122362027017328501e+02
-2.343750000000000000e-01 -1.118336610071822435e+02
-2.333984375000000000e-01 -1.115618689512091635e+02
-2.324218750000000000e-01 -1.113608739290138629e+02
-2.314453125000000000e-01 -1.111942645948347206e+02
-2.304687500000000000e-01 -1.112092054160538623e+02
-2.294921875000000000e-01 -1.114278488084794390e+02
-2.285156250000000000e-01 -1.117235267701502579e+02
-2.275390625000000000e-01 -1.121121777960394041e+02
-2.265625000000000000e-01 -1.125814313777075313e+02
-2.255859375000000000e-01 -1.132615533274686754e+02
-2.246093750000000000e-01 -1.141011933366586675e+02
-2.236328125000000000e-01 -1.149580705886889831e+02
-2.226562500000000000e-01 -1.161621129738284708e+02
-2.216796875000000000e-01 -1.177372362762625073e+02
-2.207031250000000000e-01 -1.196305401277764986e+02
-2.197265625000000000e-01 -1.222577577108298215e+02
-2.187500000000000000e-01 -1.259254021224234208e+02
-2.177734375000000000e-01 -1.314141427409797700e+02
-2.167968750000000000e-01 -1.332077807416067401e+02
-2.158203125000000000e-01 -1.274122752006737187e+02
-2.148437500000000000e-01 -1.233968278150584013e+02
-2.138671875000000000e-01 -1.205463769119055684e+02
-2.128906250000000000e-01 -1.183978975547939569e+02
-2.119140625000000000e-01 -1.169396496376232761e+02
-2.109375000000000000e-01 -1.156218814521128024e+02
-2.099609375000000000e-01 -1.146532627045480268e+02
-2.089843750000000000e-01 -1.138762615344944891e+02
-2.080078125000000000e-01 -1.131728948849390122e+02
-2.070312500000000000e-01 -1.125708829210925899e+02
-2.060546875000000000e-01 -1.122799249828067047e+02
-2.050781250000000000e-01 -1.121900938700730279e+02
-2.041015625000000000e-01 -1.120148460102107180e+02
-2.031250000000000000e-01 -1.119108242639565276e+02
-2.021484375000000000e-01 -1.119892259951716795e+02
-2.011718750000000000e-01 -1.122534496312349575e+02
-2.001953125000000000e-01 -1.125674514294306050e+02
-1.992187500000000000e-01 -1.129276976260593557e+02
-1.982421875000000000e-01 -1.133506586670210936e+02
-1.972656250000000000e-01 -1.139729540032844568e+02
-1.962890625000000000e-01 -1.148523536579618423e+02
-1.953125000000000000e-01 -1.159587949208099360e+02
-1.943359375000000000e-01 -1.172211317901827243e+02
-1.933593750000000000e-01 -1.187699057205251165e+02
-1.923828125000000000e-01 -1.205743949919654483e+02
-1.914062500000000000e-01 -1.230955076792303373e+02
-1.904296875000000000e-01 -1.269040033406134000e+02
-1.894531250000000000e-01 -1.328271217426852218e+02
-1.884765625000000000e-01 -1.336197425290438616e+02
-1.875000000000000000e-01 -1.277340817907610671e+02
-1.865234375000000000e-01 -1.238420144058426899e+02
-1.855468750000000000e-01 -1.210945163292005731e+02
-1.845703125000000000e-01 -1.191676556889486278e+02
-1.835937500000000000e-01 -1.177267508390728921e+02
-1.826171875000000000e-01 -1.163458331266719057e+02
-1.816406250000000000e-01 -1.151212121450609658e+02
-1.806640625000000000e-01 -1.143807710990048179e+02
-1.796875000000000000e-01 -1.138763632653526372e+02
-1.787109375000000000e-01 -1.134000513449791754e+02
-1.777343750000000000e-01 -1.129571857709066478e+02
-1.767578125000000000e-01 -1.127878201167783487e+02
-1.757812500000000000e-01 -1.126864628417172440e+02
-1.748046875000000000e-01 -1.125208726267619568e+02
-1.738281250000000000e-01 -1.125922162087716885e+02
-1.728515625000000000e-01 -1.126277624356328317e+02
-1.718750000000000000e-01 -1.128815383485002002e+02
-1.708984375000000000e-01 -1.131558341334499431e+02
-1.699218750000000000e-01 -1.137384236980864074e+02
-1.689453125000000000e-01 -1.144511856824123868e+02
-1.679687500000000000e-01 -1.151296017861513405e+02
-1.669921875000000000e-01 -1.159628150621654896e+02
-1.660156250000000000e-01 -1.172503112681254720e+02
-1.650390625000000000e-01 -1.188147184615169181e+02
-1.640625000000000000e-01 -1.205633795697207944e+02
-1.630859375000000000e-01 -1.229687006471778261e+02
-1.621093750000000000e-01 -1.263747438485540755e+02
-1.611328125000000000e-01 -1.315842089209253061e+02
-1.601562500000000000e-01 -1.355169954935704197e+02
-1.591796875000000000e-01 -1.298329554318893315e+02
-1.582031250000000000e-01 -1.254553194087394985e+02
-1.572265625000000000e-01 -1.223399687494629120e+02
-1.562500000000000000e-01 -1.201086955037374793e+02
-1.552734375000000000e-01 -1.186026555094339727e+02
-1.542968750000000000e-01 -1.172661734753942397e+02
-1.533203125000000000e-01 -1.161049916077286355e+02
-1.523437500000000000e-01 -1.152344591498340520e+02
-1.513671875000000000e-01 -1.145482592360433074e+02
-1.503906250000000000e-01 -1.139120801641473975e+02
-1.494140625000000000e-01 -1.136362214582730132e+02
-1.484375000000000000e-01 -1.133030807882192903e+02
-1.474609375000000000e-01 -1.130500746587065919e+02
-1.464843750000000000e-01 -1.128973524020219799e+02
-1.455078125000000000e-01 -1.128554904911350576e+02
-1.445312500000000000e-01 -1.129695451693409609e+02
-1.435546875000000000e-01 -1.133275787927033207e+02
-1.425781250000000000e-01 -1.138161994350121944e+02
-1.416015625000000000e-01 -1.141358542700414205e+02
-1.406250000000000000e-01 -1.146592654602012828e+02
-1.396484375000000000e-01 -1.154038837099576824e+02
-1.386718750000000000e-01 -1.161941680404675878e+02
-1.376953125000000000e-01 -1.170739881022840052e+02
-1.367187500000000000e-01 -1.183002790658857180e+02
-1.357421875000000000e-01 -1.200643671918987252e+02
-1.347656250000000000e-01 -1.220944363377756616e+02
-1.337890625000000000e-01 -1.247370942860132175e+02
-1.328125000000000000e-01 -1.290459489937263697e+02
-1.318359375000000000e-01 -1.350515040147499803e+02
-1.308593750000000000e-01 -1.335645851914123625e+02
-1.298828125000000000e-01 -1.280128016696137081e+02
-1.289062500000000000e-01 -1.242903325631852454e+02
-1.279296875000000000e-01 -1.216799817410925755e+02
-1.269531250000000000e-01 -1.197889886672421653e+02
-1.259765625000000000e-01 -1.182990116324072147e+02
-1.250000000000000000e-01 -1.171568253805637312e+02
-1.240234375000000000e-01 -1.161310676024238973e+02
-1.230468750000000000e-01 -1.153531034863652991e+02
-1.220703125000000000e-01 -1.148376332275234972e+02
-1.210937500000000000e-01 -1.143504449036256574e+02
-1.201171875000000000e-01 -1.138981623227905686e+02
-1.191406250000000000e-01 -1.134487989584332581e+02
-1.181640625000000000e-01 -1.133248892763222671e+02
-1.171875000000000000e-01 -1.133714692668738024e+02
-1.162109375000000000e-01 -1.133413318928925975e+02
-1.152343750000000000e-01 -1.136861010509005609e+02
-1.142578125000000000e-01 -1.139806747664072759e+02
-1.132812500000000000e-01 -1.140910343409452423e+02
-1.123046875000000000e-01 -1.145706187377650735e+02
-1.113281250000000000e-01 -1.151674351628048214e+02
-1.103515625000000000e-01 -1.158874516643416825e+02
-1.093750000000000000e-01 -1.167157313627845525e+02
-1.083984375000000000e-01 -1.177846899132155443e+02
-1.074218750000000000e-01 -1.191578092018630741e+02
-1.064453125000000000e-01 -1.207306235696403860e+02
-1.054687500000000000e-01 -1.229103324712549039e+02
-1.044921875000000000e-01 -1.261239359302169021e+02
-1.035156250000000000e-01 -1.307312812009674019e+02
-1.025390625000000000e-01 -1.365173015181337348e+02
-1.015625000000000000e-01 -1.323227096514028460e+02
-1.005859375000000000e-01 -1.271704411036547100e+02
-9.960937500000000000e-02 -1.239383515155354729e+02
-9.863281250000000000e-02 -1.216015041712512499e+02
-9.765625000000000000e-02 -1.195873926421012925e+02
-9.667968750000000000e-02 -1.181041143157332982e+02
-9.570312500000000000e-02 -1.169374171002837386e+02
-9.472656250000000000e-02 -1.160814229870876915e+02
-9.375000000000000000e-02 -1.155716469281333900e+02
-9.277343750000000000e-02 -1.149583473739493513e+02
-9.179687500000000000e-02 -1.144482589176986522e+02
-9.082031250000000000e-02 -1.141722116434694101e+02
-8.984375000000000000e-02 -1.138174396643267272e+02
-8.886718750000000000e-02 -1.135198576029104203e+02
-8.789062500000000000e-02 -1.135629381312754731e+02
-8.691406250000000000e-02 -1.138154419412276042e+02
-8.593750000000000000e-02 -1.140065221299650631e+02
-8.496093750000000000e-02 -1.141895935500916437e+02
-8.398437500000000000e-02 -1.145848908408899263e+02
-8.300781250000000000e-02 -1.151641722487744630e+02
-8.203125000000000000e-02 -1.156296411287640780e+02
-8.105468750000000000e-02 -1.162401177858728687e+02
-8.007812500000000000e-02 -1.172712671691117805e+02
-7.910156250000000000e-02 -1.184334037731741773e+02
-7.812500000000000000e-02 -1.198130325857220413e+02
-7.714843750000000000e-02 -1.215969517837491196e+02
-7.617187500000000000e-02 -1.238281945346596729e+02
-7.519531250000000000e-02 -1.267042363497119766e+02
-7.421875000000000000e-02 -1.314487767595356900e+02
-7.324218750000000000e-02 -1.368141819787902307e+02
-7.226562500000000000e-02 -1.318250867318572546e+02
-7.128906250000000000e-02 -1.268480336767007799e+02
-7.031250000000000000e-02 -1.237269495441594245e+02
-6.933593750000000000e-02 -1.216046850876359997e+02
-6.835937500000000000e-02 -1.199066431338973615e+02
-6.738281250000000000e-02 -1.184597739667575667e+02
-6.640625000000000000e-02 -1.173311184737314932e+02
-6.542968750000000000e-02 -1.162311522190053950e+02
-6.445312500000000000e-02 -1.155223026340109129e+02
-6.347656250000000000e-02 -1.148362673199081598e+02
-6.250000000000000000e-02 -1.143766031221785227e+02
-6.152343750000000000e-02 -1.143479686790723946e+02
-6.054687500000000000e-02 -1.141434437826764423e+02
-5.957031250000000000e-02 -1.139472086103229884e+02
-5.859375000000000000e-02 -1.138953010256216771e+02
-5.761718750000000000e-02 -1.140482099546824486e+02
-5.664062500000000000e-02 -1.142675922722231121e+02
-5.566406250000000000e-02 -1.142890788781265599e+02
-5.468750000000000000e-02 -1.146151617884275709e+02
-5.371093750000000000e-02 -1.152526272639132685e+02
-5.273437500000000000e-02 -1.159627738206225587e+02
-5.175781250000000000e-02 -1.164469808493369953e+02
-5.078125000000000000e-02 -1.172917828638398987e+02
-4.980468750000000000e-02 -1.185306420918686001e+02
-4.882812500000000000e-02 -1.199724039444601260e+02
-4.785156250000000000e-02 -1.217815471851669713e+02
-4.687500000000000000e-02 -1.240221454705176853e+02
-4.589843750000000000e-02 -1.272161838896357722e+02
-4.492187500000000000e-02 -1.321092241397685143e+02
-4.394531250000000000e-02 -1.370224425692971408e+02
-4.296875000000000000e-02 -1.318456297900644927e+02
-4.199218750000000000e-02 -1.270254797217659757e+02
-4.101562500000000000e-02 -1.237652882382060540e+02
-4.003906250000000000e-02 -1.215395392964499734e+02
-3.906250000000000000e-02 -1.197313623374357121e+02
-3.808593750000000000e-02 -1.183626138335492897e+02
-3.710937500000000000e-02 -1.172793098022508218e+02
-3.613281250000000000e-02 -1.163902563068252221e+02
-3.515625000000000000e-02 -1.158142429599459291e+02
-3.417968750000000000e-02 -1.152084734440129097e+02
-3.320312500000000000e-02 -1.145738007220630266e+02
-3.222656250000000000e-02 -1.142974816445527750e+02
-3.125000000000000000e-02 -1.142032833039226460e+02
-3.027343750000000000e-02 -1.141711768143111527e+02
-2.929687500000000000e-02 -1.140373065837408859e+02
-2.832031250000000000e-02 -1.140274631579682989e+02
-2.734375000000000000e-02 -1.141941285561418908e+02
-2.636718750000000000e-02 -1.145382329343132568e+02
-2.539062500000000000e-02 -1.148297700333341140e+02
-2.441406250000000000e-02 -1.151515463165554252e+02
-2.343750000000000000e-02 -1.157922784834383663e+02
-2.246093750000000000e-02 -1.166130169365649039e+02
-2.148437500000000000e-02 -1.176562336321781430e+02
-2.050781250000000000e-02 -1.186069314614759520e+02
-1.953125000000000000e-02 -1.198774911462711970e+02
-1.855468750000000000e-02 -1.216583676922540889e+02
-1.757812500000000000e-02 -1.240047460762773142e+02
-1.660156250000000000e-02 -1.272308750344581227e+02
-1.562500000000000000e-02 -1.320922284397417457e+02
-1.464843750000000000e-02 -1.370739460395419655e+02
-1.367187500000000000e-02 -1.319463988335779163e+02
-1.269531250000000000e-02 -1.271367537989167431e+02
-1.171875000000000000e-02 -1.238579565480108329e+02
-1.074218750000000000e-02 -1.216490057974206564e+02
-9.765625000000000000e-03 -1.200337277600390138e+02
-8.789062500000000000e-03 -1.187521913655088071e+02
-7.812500000000000000e-03 -1.176865500328722902e+02
-6.835937500000000000e-03 -1.167003422620722830e+02
-5.859375000000000000e-03 -1.158276493590767871e+02
-4.882812500000000000e-03 -1.152393100403302952e+02
-3.906250000000000000e-03 -1.148034184862387264e+02
-2.929687500000000000e-03 -1.144031258783573719e+02
-1.953125000000000000e-03 -1.141861587529524513e+02
-9.765625000000000000e-04 -1.140396889952438357e+02
0.000000000000000000e+00 -1.140256205212432121e+02
9.765625000000000000e-04 -1.140673145083935793e+02
1.953125000000000000e-03 -1.140822395113714407e+02
2.929687500000000000e-03 -1.143678889956253215e+02
3.906250000000000000e-03 -1.146484516080707010e+02
4.882812500000000000e-03 -1.151320007717766032e+02
5.859375000000000000e-03 -1.158180359723925079e+02
6.835937500000000000e-03 -1.165557302241647051e+02
7.812500000000000000e-03 -1.174519123765758053e+02
8.789062500000000000e-03 -1.186238572477540174e+02
9.765625000000000000e-03 -1.199647529998758273e+02
1.074218750000000000e-02 -1.217737561695880544e+02
1.171875000000000000e-02 -1.242198640139053794e+02
1.269531250000000000e-02 -1.274460601345668920e+02
1.367187500000000000e-02 -1.321724701926727334e+02
1.464843750000000000e-02 -1.372568670154646213e+02
1.562500000000000000e-02 -1.322080249396659895e+02
1.660156250000000000e-02 -1.272661395581061186e+02
1.757812500000000000e-02 -1.240846125269442268e+02
1.855468750000000000e-02 -1.217288205134680652e+02
1.953125000000000000e-02 -1.200297089523498357e+02
2.050781250000000000e-02 -1.186779392791161172e+02
2.148437500000000000e-02 -1.174677649874323322e+02
2.246093750000000000e-02 -1.166299189755753503e+02
2.343750000000000000e-02 -1.157512216003451186e+02
2.441406250000000000e-02 -1.151033340570121197e+02
2.539062500000000000e-02 -1.147073143581986585e+02
2.636718750000000000e-02 -1.142636034549667414e+02
2.734375000000000000e-02 -1.140344952542368873e+02
2.832031250000000000e-02 -1.140653324282487091e+02
2.929687500000000000e-02 -1.140589497553097260e+02
3.027343750000000000e-02 -1.139146767743165611e+02
3.125000000000000000e-02 -1.140664669739059605e+02
3.222656250000000000e-02 -1.144435253272125550e+02
3.320312500000000000e-02 -1.147794099191700923e+02
3.417968750000000000e-02 -1.152767598391124295e+02
3.515625000000000000e-02 -1.158600039478392603e+02
3.613281250000000000e-02 -1.165259378232283325e+02
3.710937500000000000e-02 -1.174619422478344575e+02
3.808593750000000000e-02 -1.185409547622886066e+02
3.906250000000000000e-02 -1.198587522952235673e+02
4.003906250000000000e-02 -1.217040176772478333e+02
4.101562500000000000e-02 -1.239202123526218031e+02
4.199218750000000000e-02 -1.269872339525933427e+02
4.296875000000000000e-02 -1.317137109466009122e+02
4.394531250000000000e-02 -1.368634591855910401e+02
4.492187500000000000e-02 -1.321187587708687374e+02
4.589843750000000000e-02 -1.273569893793365395e+02
4.687500000000000000e-02 -1.241353623101356476e+02
4.785156250000000000e-02 -1.217003814966849831e+02
4.882812500000000000e-02 -1.198231505323791879e+02
4.980468750000000000e-02 -1.185978880309372414e+02
5.078125000000000000e-02 -1.174595745179468906e+02
5.175781250000000000e-02 -1.166373053994023792e+02
5.273437500000000000e-02 -1.159683037414845188e+02
5.371093750000000000e-02 -1.151695303707707581e+02
5.468750000000000000e-02 -1.145303033126160841e+02
5.566406250000000000e-02 -1.141611227558797026e+02
5.664062500000000000e-02 -1.139150272769065282e+02
5.761718750000000000e-02 -1.137414878119286072e+02
5.859375000000000000e-02 -1.137665419361943151e+02
5.957031250000000000e-02 -1.139363177873271837e+02
6.054687500000000000e-02 -1.141721504262394404e+02
6.152343750000000000e-02 -1.144619288712247851e+02
6.250000000000000000e-02 -1.147237791179876609e+02
6.347656250000000000e-02 -1.151473141581006985e+02
6.445312500000000000e-02 -1.157810767020105800e+02
6.542968750000000000e-02 -1.164047917312879719e+02
6.640625000000000000e-02 -1.173271270114512532e+02
6.738281250000000000e-02 -1.185494996681735813e+02
6.835937500000000000e-02 -1.198500787500709208e+02
6.933593750000000000e-02 -1.213503162844870360e+02
7.031250000000000000e-02 -1.235750054741075843e+02
7.128906250000000000e-02 -1.268397907599412378e+02
7.226562500000000000e-02 -1.318016601347410983e+02
7.324218750000000000e-02 -1.369125018129458340e+02
7.421875000000000000e-02 -1.319864377975203240e+02
7.519531250000000000e-02 -1.269683793165010286e+02
7.617187500000000000e-02 -1.236701698019451783e+02
7.714843750000000000e-02 -1.214586731457206099e+02
7.812500000000000000e-02 -1.198105824445258065e+02
7.910156250000000000e-02 -1.183746647281790132e+02
8.007812500000000000e-02 -1.173409607868464946e+02
8.105468750000000000e-02 -1.164297600725493567e+02
8.203125000000000000e-02 -1.156773554276274467e+02
8.300781250000000000e-02 -1.149142561791820327e+02
8.398437500000000000e-02 -1.143076001118892009e+02
8.496093750000000000e-02 -1.139799181149414551e+02
8.593750000000000000e-02 -1.137962053423279940e+02
8.691406250000000000e-02 -1.136191606662939222e+02
8.789062500000000000e-02 -1.135358391453165723e+02
8.886718750000000000e-02 -1.136811294470173692e+02
8.984375000000000000e-02 -1.137767072017765457e+02
9.082031250000000000e-02 -1.139675128563986419e+02
9.179687500000000000e-02 -1.144549904776024505e+02
9.277343750000000000e-02 -1.151898514453154263e+02
9.375000000000000000e-02 -1.156650423767080582e+02
9.472656250000000000e-02 -1.163143093040473275e+02
9.570312500000000000e-02 -1.170394292846089712e+02
9.667968750000000000e-02 -1.180908422872238930e+02
9.765625000000000000e-02 -1.196105053606000723e+02
9.863281250000000000e-02 -1.214284125382663717e+02
9.960937500000000000e-02 -1.238504885013443158e+02
1.005859375000000000e-01 -1.272636259189017949e+02
1.015625000000000000e-01 -1.322632037489229049e+02
1.025390625000000000e-01 -1.364202497234905707e+02
1.035156250000000000e-01 -1.308597590085691991e+02
1.044921875000000000e-01 -1.263345254091110093e+02
1.054687500000000000e-01 -1.232737583114536335e+02
1.064453125000000000e-01 -1.210494599138934291e+02
1.074218750000000000e-01 -1.191693322750816861e+02
1.083984375000000000e-01 -1.178407373261888011e+02
1.093750000000000000e-01 -1.168802389760393794e+02
1.103515625000000000e-01 -1.160261064915478642e+02
1.113281250000000000e-01 -1.152033958398478148e+02
1.123046875000000000e-01 -1.145819700093197326e+02
1.132812500000000000e-01 -1.141361974101650958e+02
1.142578125000000000e-01 -1.137598861703064301e+02
1.152343750000000000e-01 -1.134957295857857389e+02
1.162109375000000000e-01 -1.133708185599078604e+02
1.171875000000000000e-01 -1.133253167632852723e+02
1.181640625000000000e-01 -1.137719400057841028e+02
1.191406250000000000e-01 -1.138993318963735248e+02
1.201171875000000000e-01 -1.139012534788293038e+02
1.210937500000000000e-01 -1.142430893789978654e+02
1.220703125000000000e-01 -1.146272750041243285e+02
1.230468750000000000e-01 -1.151157125939112120e+02
1.240234375000000000e-01 -1.160764308233213882e+02
1.250000000000000000e-01 -1.171482437521805480e+02
1.259765625000000000e-01 -1.182716109013733075e+02
1.269531250000000000e-01 -1.197443763298143722e+02
1.279296875000000000e-01 -1.216761606801630933e+02
1.289062500000000000e-01 -1.242600262798921875e+02
1.298828125000000000e-01 -1.279636281723771987e+02
1.308593750000000000e-01 -1.335781990987536290e+02
1.318359375000000000e-01 -1.350827512526857390e+02
1.328125000000000000e-01 -1.291230500663121745e+02
1.337890625000000000e-01 -1.250049518025152082e+02
1.347656250000000000e-01 -1.222176617031236390e+02
1.357421875000000000e-01 -1.200109195850881747e+02
1.367187500000000000e-01 -1.182900918856014130e+02
1.376953125000000000e-01 -1.171347285678207015e+02
1.386718750000000000e-01 -1.161655632917512264e+02
1.396484375000000000e-01 -1.152624365393879771e+02
1.406250000000000000e-01 -1.145798872528016119e+02
1.416015625000000000e-01 -1.140739583381952826e+02
1.425781250000000000e-01 -1.136418171394748811e+02
1.435546875000000000e-01 -1.133686098428193390e+02
1.445312500000000000e-01 -1.133679651718562127e+02
1.455078125000000000e-01 -1.130689003032852895e+02
1.464843750000000000e-01 -1.129712265504927160e+02
1.474609375000000000e-01 -1.131031708348707951e+02
1.484375000000000000e-01 -1.133266226327924500e+02
1.494140625000000000e-01 -1.136013686728732637e+02
1.503906250000000000e-01 -1.139962175946102434e+02
1.513671875000000000e-01 -1.145226615457465584e+02
1.523437500000000000e-01 -1.150929466486339550e+02
1.533203125000000000e-01 -1.159369442633605161e+02
1.542968750000000000e-01 -1.169859644903125826e+02
1.552734375000000000e-01 -1.182169821284697520e+02
1.562500000000000000e-01 -1.200206183903732580e+02
1.572265625000000000e-01 -1.224269292372013638e+02
1.582031250000000000e-01 -1.253028801105461412e+02
1.591796875000000000e-01 -1.298208452132946888e+02
1.601562500000000000e-01 -1.356239573088198540e+02
1.611328125000000000e-01 -1.317901762970327013e+02
1.621093750000000000e-01 -1.265035975862035968e+02
1.630859375000000000e-01 -1.230870278796631823e+02
1.640625000000000000e-01 -1.205821843756890246e+02
1.650390625000000000e-01 -1.188404802119151213e+02
1.660156250000000000e-01 -1.173866682080738002e+02
1.669921875000000000e-01 -1.163669906707554560e+02
1.679687500000000000e-01 -1.154239708628007719e+02
1.689453125000000000e-01 -1.144879103844555033e+02
1.699218750000000000e-01 -1.138181288912473690e+02
1.708984375000000000e-01 -1.133834601395070507e+02
1.718750000000000000e-01 -1.131496656968789551e+02
1.728515625000000000e-01 -1.129151597865772061e+02
1.738281250000000000e-01 -1.125308918738551966e+02
1.748046875000000000e-01 -1.124465292950175268e+02
1.757812500000000000e-01 -1.124750780902649012e+02
1.767578125000000000e-01 -1.127482406302893594e+02
1.777343750000000000e-01 -1.130204311839531925e+02
1.787109375000000000e-01 -1.133384306627684310e+02
1.796875000000000000e-01 -1.138715905487135984e+02
1.806640625000000000e-01 -1.145647551608212495e+02
1.816406250000000000e-01 -1.153075219615251967e+02
1.826171875000000000e-01 -1.162137162688488843e+02
1.835937500000000000e-01 -1.174091044508680000e+02
1.845703125000000000e-01 -1.189992078084735567e+02
1.855468750000000000e-01 -1.210730438271285720e+02
1.865234375000000000e-01 -1.236324497893769490e+02
1.875000000000000000e-01 -1.274561529440644989e+02
1.884765625000000000e-01 -1.333458261254429260e+02
1.894531250000000000e-01 -1.327178853091925816e+02
1.904296875000000000e-01 -1.268511258089068292e+02
1.914062500000000000e-01 -1.230127820654322335e+02
1.923828125000000000e-01 -1.203349114802124689e+02
1.933593750000000000e-01 -1.184666660422863913e+02
1.943359375000000000e-01 -1.169863064206542731e+02
1.953125000000000000e-01 -1.156509310280221570e+02
1.962890625000000000e-01 -1.147708441686514647e+02
1.972656250000000000e-01 -1.141622287605325710e+02
1.982421875000000000e-01 -1.134921018512143291e+02
1.992187500000000000e-01 -1.129166066971205282e+02
2.001953125000000000e-01 -1.124896477911487978e+02
2.011718750000000000e-01 -1.122075680596789624e+02
2.021484375000000000e-01 -1.120880637417893411e+02
2.031250000000000000e-01 -1.120408824608311136e+02
2.041015625000000000e-01 -1.121277910397670610e+02
2.050781250000000000e-01 -1.122780684343795912e+02
2.060546875000000000e-01 -1.123615310015884177e+02
2.070312500000000000e-01 -1.127397359646424491e+02
2.080078125000000000e-01 -1.132676201262074756e+02
2.089843750000000000e-01 -1.138953818747185665e+02
2.099609375000000000e-01 -1.146446763366203783e+02
2.109375000000000000e-01 -1.155229329558000870e+02
2.119140625000000000e-01 -1.168903092967390762e+02
2.128906250000000000e-01 -1.186700020259450383e+02
2.138671875000000000e-01 -1.207273422184811693e+02
2.148437500000000000e-01 -1.234793085125153453e+02
2.158203125000000000e-01 -1.273799480779504876e+02
2.167968750000000000e-01 -1.331195085055304332e+02
2.177734375000000000e-01 -1.315872127735083268e+02
2.187500000000000000e-01 -1.260021274493844601e+02
2.197265625000000000e-01 -1.221873057385564607e+02
2.207031250000000000e-01 -1.196354112155290892e+02
2.216796875000000000e-01 -1.179319414187397967e+02
2.226562500000000000e-01 -1.163451177772569451e+02
2.236328125000000000e-01 -1.150000108217566321e+02
2.246093750000000000e-01 -1.140836223183245721e+02
2.255859375000000000e-01 -1.133561088361664133e+02
2.265625000000000000e-01 -1.126296561950385353e+02
2.275390625000000000e-01 -1.121636085692971676e+02
2.285156250000000000e-01 -1.117713846207634560e+02
2.294921875000000000e-01 -1.114744594970954381e+02
2.304687500000000000e-01 -1.113180458695638322e+02
2.314453125000000000e-01 -1.114127599677945568e+02
2.324218750000000000e-01 -1.113222177652790634e+02
2.333984375000000000e-01 -1.113041914825703174e+02
2.343750000000000000e-01 -1.117030545194991475e+02
2.353515625000000000e-01 -1.121519635982581349e+02
2.363281250000000000e-01 -1.127566573867752879e+02
2.373046875000000000e-01 -1.136208249681524052e+02
2.382812500000000000e-01 -1.144342345893045092e+02
2.392578125000000000e-01 -1.155395675919402265e+02
2.402343750000000000e-01 -1.170466794623998084e+02
2.412109375000000000e-01 -1.189363003037208273e+02
2.421875000000000000e-01 -1.213038839151563621e+02
2.431640625000000000e-01 -1.246835873394946645e+02
2.441406250000000000e-01 -1.298840156703339517e+02
2.451171875000000000e-01 -1.330267129806311175e+02
2.460937500000000000e-01 -1.270277535544363445e+02
2.470703125000000000e-01 -1.225836983297949558e+02
2.480468750000000000e-01 -1.195772659175030128e+02
2.490234375000000000e-01 -1.174834771119078738e+02
2.500000000000000000e-01 -1.158403495352623480e+02
2.509765625000000000e-01 -1.145773391351426653e+02
2.519531250000000000e-01 -1.135729538231684899e+02
2.529296875000000000e-01 -1.127865783325080287e+02
2.539062500000000000e-01 -1.121814999745644172e+02
2.548828125000000000e-01 -1.115796461788376348e+02
2.558593750000000000e-01 -1.111281583804962168e+02
2.568359375000000000e-01 -1.107825557433107804e+02
2.578125000000000000e-01 -1.105654447108448579e+02
2.587890625000000000e-01 -1.105188435329397123e+02
2.597656250000000000e-01 -1.104953895060806843e+02
2.607421875000000000e-01 -1.107088970241669017e+02
2.617187500000000000e-01 -1.112279301660690862e+02
2.626953125000000000e-01 -1.117894563707062048e+02
2.636718750000000000e-01 -1.122967638909816799e+02
2.646484375000000000e-01 -1.130052359402370286e+02
2.656250000000000000e-01 -1.138296232584041690e+02
2.666015625000000000e-01 -1.147842394680960041e+02
2.675781250000000000e-01 -1.160866006962143047e+02
2.685546875000000000e-01 -1.178782715671707990e+02
2.695312500000000000e-01 -1.207285820276779020e+02
2.705078125000000000e-01 -1.246955577958375159e+02
2.714843750000000000e-01 -1.302549406933280522e+02
2.724609375000000000e-01 -1.304614541060353190e+02
2.734375000000000000e-01 -1.246606736233782726e+02
2.744140625000000000e-01 -1.206072010832291994e+02
2.753906250000000000e-01 -1.179503569736905746e+02
2.763671875000000000e-01 -1.160622958967832972e+02
2.773437500000000000e-01 -1.145029997987266484e+02
2.783203125000000000e-01 -1.131613633430386443e+02
2.792968750000000000e-01 -1.121458156973069578e+02
2.802734375000000000e-01 -1.114101164660800691e+02
2.812500000000000000e-01 -1.107361229859014600e+02
2.822265625000000000e-01 -1.101803396041835725e+02
2.832031250000000000e-01 -1.098538576666416873e+02
2.841796875000000000e-01 -1.095024082307369753e+02
2.851562500000000000e-01 -1.094897248648921959e+02
2.861328125000000000e-01 -1.094851345199584784e+02
2.871093750000000000e-01 -1.096445622489756744e+02
2.880859375000000000e-01 -1.100174391852247737e+02
2.890625000000000000e-01 -1.105228264491359198e+02
2.900390625000000000e-01 -1.109667093951796488e+02
2.910156250000000000e-01 -1.114681307732875268e+02
2.919921875000000000e-01 -1.125065524407572752e+02
2.929687500000000000e-01 -1.138904771861908500e+02
2.939453125000000000e-01 -1.154309852888469266e+02
2.949218750000000000e-01 -1.173964218952684746e+02
2.958984375000000000e-01 -1.200029425071668356e+02
2.968750000000000000e-01 -1.240791955232930945e+02
2.978515625000000000e-01 -1.299105450168890172e+02
2.988281250000000000e-01 -1.274968116313292086e+02
2.998046875000000000e-01 -1.220308743696185729e+02
3.007812500000000000e-01 -1.186134907107763325e+02
3.017578125000000000e-01 -1.160053216214589611e+02
3.027343750000000000e-01 -1.141356882619646171e+02
3.037109375000000000e-01 -1.127151268709074117e+02
3.046875000000000000e-01 -1.115616001959048447e+02
3.056640625000000000e-01 -1.106728294964614179e+02
3.066406250000000000e-01 -1.098349246126616805e+02
3.076171875000000000e-01 -1.092758000081991554e+02
3.085937500000000000e-01 -1.088852513866788883e+02
3.095703125000000000e-01 -1.085824320215294989e+02
3.105468750000000000e-01 -1.085610336591742566e+02
3.115234375000000000e-01 -1.085253638421264100e+02
3.125000000000000000e-01 -1.085302301798620306e+02
3.134765625000000000e-01 -1.087244691805855439e+02
3.144531250000000000e-01 -1.091530008461342334e+02
3.154296875000000000e-01 -1.096872875734934496e+02
3.164062500000000000e-01 -1.104756890214093659e+02
3.173828125000000000e-01 -1.115657273015926307e+02
3.183593750000000000e-01 -1.129597028263505507e+02
3.193359375000000000e-01 -1.147065963284554471e+02
3.203125000000000000e-01 -1.170002087670746675e+02
3.212890625000000000e-01 -1.203982478290642462e+02
3.222656250000000000e-01 -1.259295823879882050e+02
3.232421875000000000e-01 -1.280809990961027438e+02
3.242187500000000000e-01 -1.222157769431899510e+02
3.251953125000000000e-01 -1.180496885817714912e+02
3.261718750000000000e-01 -1.151506662356112827e+02
3.271484375000000000e-01 -1.129869263978810636e+02
3.281250000000000000e-01 -1.113674390034628061e+02
3.291015625000000000e-01 -1.100335315388064714e+02
3.300781250000000000e-01 -1.091406201770445108e+02
3.310546875000000000e-01 -1.084290430419861053e+02
3.320312500000000000e-01 -1.078581136396282432e+02
3.330078125000000000e-01 -1.073945725574083951e+02
3.339843750000000000e-01 -1.071229077505623763e+02
3.349609375000000000e-01 -1.070512624950467426e+02
3.359375000000000000e-01 -1.071137433090991209e+02
3.369140625000000000e-01 -1.073146749695961688e+02
3.378906250000000000e-01 -1.076540562435668562e+02
3.388671875000000000e-01 -1.082197894616174239e+02
3.398437500000000000e-01 -1.090901182245049483e+02
3.408203125000000000e-01 -1.102811948330876817e+02
3.417968750000000000e-01 -1.117891403920051374e+02
3.427734375000000000e-01 -1.137919581384469438e+02
3.437500000000000000e-01 -1.167797727727136703e+02
3.447265625000000000e-01 -1.213553062680217209e+02
3.457031250000000000e-01 -1.265752402580692291e+02
3.466796875000000000e-01 -1.217635844644071739e+02
3.476562500000000000e-01 -1.168553070872667234e+02
3.486328125000000000e-01 -1.138107252295024097e+02
3.496093750000000000e-01 -1.113834117167900786e+02
3.505859375000000000e-01 -1.093922205848469957e+02
3.515625000000000000e-01 -1.081318905813728151e+02
3.525390625000000000e-01 -1.072074267631128919e+02
3.535156250000000000e-01 -1.065109319246928266e+02
3.544921875000000000e-01 -1.061438366008369485e+02
3.554687500000000000e-01 -1.058203383372338777e+02
3.564453125000000000e-01 -1.054455445619787071e+02
3.574218750000000000e-01 -1.054149656257587537e+02
3.583984375000000000e-01 -1.056666933555607244e+02
3.593750000000000000e-01 -1.062287060825185563e+02
3.603515625000000000e-01 -1.073359236133985632e+02
3.613281250000000000e-01 -1.085968745779275224e+02
3.623046875000000000e-01 -1.102331866729594765e+02
3.632812500000000000e-01 -1.125305834505013678e+02
3.642578125000000000e-01 -1.162799575210372893e+02
3.652343750000000000e-01 -1.219629193985347229e+02
3.662109375000000000e-01 -1.204338432927254843e+02
3.671875000000000000e-01 -1.148797787142174087e+02
3.681640625000000000e-01 -1.112610725215408536e+02
3.691406250000000000e-01 -1.086678240785049212e+02
3.701171875000000000e-01 -1.068432513320077248e+02
3.710937500000000000e-01 -1.055252253279736010e+02
3.720703125000000000e-01 -1.045031379716631932e+02
3.730468750000000000e-01 -1.038663759823938761e+02
3.740234375000000000e-01 -1.035114536815370343e+02
3.750000000000000000e-01 -1.034304362147190375e+02
3.759765625000000000e-01 -1.037677709751452682e+02
3.769531250000000000e-01 -1.046612458586521370e+02
3.779296875000000000e-01 -1.061436253014817197e+02
3.789062500000000000e-01 -1.083396317857355484e+02
3.798828125000000000e-01 -1.119873077996569464e+02
3.808593750000000000e-01 -1.173812524547306424e+02
3.818359375000000000e-01 -1.143598881940698391e+02
3.828125000000000000e-01 -1.089787408488207348e+02
3.837890625000000000e-01 -1.053785214163385717e+02
3.847656250000000000e-01 -1.030539303077949143e+02
3.857421875000000000e-01 -1.014694871753348906e+02
3.867187500000000000e-01 -1.006945403416081888e+02
3.876953125000000000e-01 -1.007442201959395902e+02
3.886718750000000000e-01 -1.019926982237923596e+02
3.896484375000000000e-01 -1.051560996778813859e+02
3.906250000000000000e-01 -1.073544291967551914e+02
3.916015625000000000e-01 -9.986435553604060544e+01
3.925781250000000000e-01 -9.344314909311427186e+01
3.935546875000000000e-01 -8.880896467476360101e+01
3.945312500000000000e-01 -8.495032887694733859e+01
3.955078125000000000e-01 -8.167941488716630261e+01
3.964843750000000000e-01 -7.887482788488556196e+01
3.974609375000000000e-01 -7.619482525245661009e+01
3.984375000000000000e-01 -7.365253021089829133e+01
3.994140625000000000e-01 -7.139431872461325668e+01
4.003906250000000000e-01 -6.938511185977557716e+01
4.013671875000000000e-01 -6.744545965047250036e+01
4.023437500000000000e-01 -6.555644228850016475e+01
4.033203125000000000e-01 -6.376644128643663123e+01
4.042968750000000000e-01 -6.214802571507686224e+01
4.052734375000000000e-01 -6.041049759483571080e+01
4.062500000000000000e-01 -5.878320778043300265e+01
4.072265625000000000e-01 -5.728064239559496684e+01
4.082031250000000000e-01 -5.593244463742179562e+01
4.091796875000000000e-01 -5.461236686406753194e+01
4.101562500000000000e-01 -5.319705956395694812e+01
4.111328125000000000e-01 -5.178672957481745698e+01
4.121093750000000000e-01 -5.063566272080234398e+01
4.130859375000000000e-01 -4.938674463729535091e+01
4.140625000000000000e-01 -4.811866424364235684e+01
4.150390625000000000e-01 -4.690239509101897397e+01
4.160156250000000000e-01 -4.574030492325547925e+01
4.169921875000000000e-01 -4.474232126961494771e+01
4.179687500000000000e-01 -4.374044130208591241e+01
4.189453125000000000e-01 -4.272901442758886503e+01
4.199218750000000000e-01 -4.175736337197812276e+01
4.208984375000000000e-01 -4.072830502192810798e+01
4.218750000000000000e-01 -3.967520213415661345e+01
4.228515625000000000e-01 -3.872197014648772750e+01
4.238281250000000000e-01 -3.771318607814415458e+01
4.248046875000000000e-01 -3.673613316287401176e+01
4.257812500000000000e-01 -3.592130059613469939e+01
4.267578125000000000e-01 -3.506905229958603343e+01
4.277343750000000000e-01 -3.417559156754177252e+01
4.287109375000000000e-01 -3.328612494243579789e+01
4.296875000000000000e-01 -3.249616172854457830e+01
4.306640625000000000e-01 -3.179263257560652889e+01
4.316406250000000000e-01 -3.094843135366573250e+01
4.326171875000000000e-01 -3.019044619519945272e+01
4.335937500000000000e-01 -2.953545402621403326e+01
4.345703125000000000e-01 -2.869968517883079784e+01
4.355468750000000000e-01 -2.786958280907112595e+01
4.365234375000000000e-01 -2.719712608390317143e+01
4.375000000000000000e-01 -2.658569843472573524e+01
4.384765625000000000e-01 -2.596413716451952070e+01
4.394531250000000000e-01 -2.530882634690175337e+01
4.404296875000000000e-01 -2.461328850382385269e+01
4.414062500000000000e-01 -2.391384172341359715e+01
4.423828125000000000e-01 -2.341198865721298006e+01
4.433593750000000000e-01 -2.295578796098951813e+01
4.443359375000000000e-01 -2.229938355836721087e+01
4.453125000000000000e-01 -2.154041526704476439e+01
4.462890625000000000e-01 -2.096280071743523266e+01
4.472656250000000000e-01 -2.042203564080676870e+01
4.482421875000000000e-01 -1.984886410721028582e+01
4.492187500000000000e-01 -1.940320481678524089e+01
4.501953125000000000e-01 -1.880803889757808989e+01
4.511718750000000000e-01 -1.829175317823781555e+01
4.521484375000000000e-01 -1.805155075633513917e+01
4.531250000000000000e-01 -1.739861417393525755e+01
4.541015625000000000e-01 -1.683147641113301418e+01
4.550781250000000000e-01 -1.636920454414769921e+01
4.560546875000000000e-01 -1.580458794087125973e+01
4.570312500000000000e-01 -1.545742810276984258e+01
4.580078125000000000e-01 -1.515604838996523718e+01
4.589843750000000000e-01 -1.474408892924552816e+01
4.599609375000000000e-01 -1.421465925097191096e+01
4.609375000000000000e-01 -1.376409279981887224e+01
4.619140625000000000e-01 -1.347645179054620179e+01
4.628906250000000000e-01 -1.306180654469216229e+01
4.638671875000000000e-01 -1.270930696257383374e+01
4.648437500000000000e-01 -1.240840983676874743e+01
4.658203125000000000e-01 -1.201450695186944984e+01
4.667968750000000000e-01 -1.183030528467723208e+01
4.677734375000000000e-01 -1.149416408287488522e+01
4.687500000000000000e-01 -1.103437783692489660e+01
4.697265625000000000e-01 -1.073344021201435616e+01
4.707031250000000000e-01 -1.046965997640040946e+01
4.716796875000000000e-01 -1.017005822104538204e+01
4.726562500000000000e-01 -9.880105219316478227e+00
4.736328125000000000e-01 -9.616746687862248066e+00
4.746093750000000000e-01 -9.240125497558915768e+00
4.755859375000000000e-01 -8.916711321538855373e+00
4.765625000000000000e-01 -8.696372493823353977e+00
4.775390625000000000e-01 -8.449866682755363456e+00
4.785156250000000000e-01 -8.381712608565285549e+00
4.794921875000000000e-01 -8.269143177994397576e+00
4.804687500000000000e-01 -7.997519087695578399e+00
4.814453125000000000e-01 -7.933006202682152619e+00
4.824218750000000000e-01 -7.658281748450857407e+00
4.833984375000000000e-01 -7.376469082890315221e+00
4.843750000000000000e-01 -7.277316071305490297e+00
4.853515625000000000e-01 -7.080815459383442700e+00
4.863281250000000000e-01 -6.927757577300521774e+00
4.873046875000000000e-01 -6.845511676231920362e+00
4.882812500000000000e-01 -6.713798989351359658e+00
4.892578125000000000e-01 -6.597452517865550981e+00
4.902343750000000000e-01 -6.494579892397066345e+00
4.912109375000000000e-01 -6.378834587696394109e+00
4.921875000000000000e-01 -6.265102437085369402e+00
4.931640625000000000e-01 -6.195093331289514893e+00
4.941406250000000000e-01 -6.180954271545707535e+00
4.951171875000000000e-01 -6.260378622301897344e+00
4.960937500000000000e-01 -6.150505367708321458e+00
4.970703125000000000e-01 -6.039488081886212001e+00
4.980468750000000000e-01 -5.927971610832061700e+00
4.990234375000000000e-01 -5.919149217586410217e+00
