1.677119999999999944e+00 -9.498714311491403350e+01
1.677599999999999980e+00 -9.606289781262948679e+01
1.678080000000000016e+00 -9.637181376525278154e+01
1.678560000000000052e+00 -9.642873364626167643e+01
1.679040000000000088e+00 -9.640511894793857550e+01
1.679520000000000124e+00 -9.624554357593989096e+01
1.680000000000000160e+00 -9.595089970929173262e+01
1.680479999999999974e+00 -9.565056306108066053e+01
1.680960000000000010e+00 -9.629949570706696704e+01
1.681440000000000046e+00 -9.584513032183117787e+01
1.681920000000000082e+00 -9.579346134624861975e+01
1.682400000000000118e+00 -9.547853837403239652e+01
1.682880000000000154e+00 -9.538618722894555901e+01
1.683359999999999967e+00 -9.511784806319714392e+01
1.683840000000000003e+00 -9.473504254611191300e+01
1.684320000000000039e+00 -9.490300236590788074e+01
1.684800000000000075e+00 -9.499973195358577982e+01
1.685280000000000111e+00 -9.488387565346181418e+01
1.685760000000000147e+00 -9.517437686149744991e+01
1.686239999999999961e+00 -9.516885677176411207e+01
1.686719999999999997e+00 -9.515456034525684004e+01
1.687200000000000033e+00 -9.478239760797214331e+01
1.687680000000000069e+00 -9.463483647905354701e+01
1.688160000000000105e+00 -9.407502782796844087e+01
1.688640000000000141e+00 -9.320195214937891137e+01
1.689119999999999955e+00 -9.239693900090432521e+01
1.689599999999999991e+00 -9.158792288925607750e+01
1.690080000000000027e+00 -9.073999604136699304e+01
1.690560000000000063e+00 -8.975783989522005868e+01
1.691040000000000099e+00 -8.856299038078839203e+01
1.691520000000000135e+00 -8.751469740125030228e+01
1.692000000000000171e+00 -8.663502728063917857e+01
1.692479999999999984e+00 -8.557102504736731419e+01
1.692960000000000020e+00 -8.460023170899222578e+01
1.693440000000000056e+00 -8.358571625107830982e+01
1.693920000000000092e+00 -8.338825305102614038e+01
1.694400000000000128e+00 -8.312747266205636265e+01
1.694879999999999942e+00 -8.235039578740999389e+01
1.695359999999999978e+00 -8.134971466643688132e+01
1.695840000000000014e+00 -8.103198893690451143e+01
1.696320000000000050e+00 -8.055895870032763639e+01
1.696800000000000086e+00 -7.989559533985463702e+01
1.697280000000000122e+00 -7.977094915834243238e+01
1.697760000000000158e+00 -7.970343412454514009e+01
1.698239999999999972e+00 -7.962074535130720676e+01
1.698720000000000008e+00 -7.961268275956230411e+01
1.699200000000000044e+00 -7.948826959487632848e+01
1.699680000000000080e+00 -7.897961396821159497e+01
1.700160000000000116e+00 -7.877233383279691736e+01
1.700640000000000152e+00 -7.879852871000389314e+01
1.701119999999999965e+00 -7.892089642872696231e+01
1.701600000000000001e+00 -7.892786707941321822e+01
1.702080000000000037e+00 -7.890617547646081675e+01
1.702560000000000073e+00 -7.902340186382264164e+01
1.703040000000000109e+00 -7.878243757788314383e+01
1.703520000000000145e+00 -7.847566469925912713e+01
1.703999999999999959e+00 -7.850148794603572355e+01
1.704479999999999995e+00 -7.866700609988254200e+01
1.704960000000000031e+00 -7.859006465456494084e+01
1.705440000000000067e+00 -7.844671183889215627e+01
1.705920000000000103e+00 -7.796810941843608589e+01
1.706400000000000139e+00 -7.803070591267083955e+01
1.706879999999999953e+00 -7.839337580363351776e+01
1.707359999999999989e+00 -7.825451391303889181e+01
1.707840000000000025e+00 -7.820388413803235039e+01
1.708320000000000061e+00 -7.811407943183382940e+01
1.708800000000000097e+00 -7.792922820488499269e+01
1.709280000000000133e+00 -7.789138191504605402e+01
1.709760000000000169e+00 -7.790890141347981057e+01
1.710239999999999982e+00 -7.794438577585259509e+01
1.710720000000000018e+00 -7.820960623464394246e+01
1.711200000000000054e+00 -7.802974507732945142e+01
1.711680000000000090e+00 -7.784262206391900918e+01
1.712160000000000126e+00 -7.788517088166339875e+01
1.712639999999999940e+00 -7.769663677052619732e+01
1.713119999999999976e+00 -7.755995927135266754e+01
1.713600000000000012e+00 -7.768677496551580930e+01
1.714080000000000048e+00 -7.777667656632493731e+01
1.714560000000000084e+00 -7.757993717803040568e+01
1.715040000000000120e+00 -7.737709169057828262e+01
1.715520000000000156e+00 -7.724907954375493091e+01
1.715999999999999970e+00 -7.736982686896938333e+01
1.716480000000000006e+00 -7.728453933076443150e+01
1.716960000000000042e+00 -7.721225589207938356e+01
1.717440000000000078e+00 -7.731217784385017922e+01
1.717920000000000114e+00 -7.713727272708179328e+01
1.718400000000000150e+00 -7.713869209104180413e+01
1.718879999999999963e+00 -7.715879151649400569e+01
1.719359999999999999e+00 -7.705903864987158158e+01
1.719840000000000035e+00 -7.705692654961967492e+01
1.720320000000000071e+00 -7.677216228192358471e+01
1.720800000000000107e+00 -7.696783820070444904e+01
1.721280000000000143e+00 -7.705800201717767095e+01
1.721759999999999957e+00 -7.681280381182924089e+01
1.722239999999999993e+00 -7.647346668818940429e+01
1.722720000000000029e+00 -7.640869746771252835e+01
1.723200000000000065e+00 -7.663892819468803452e+01
1.723680000000000101e+00 -7.661357034304933222e+01
1.724160000000000137e+00 -7.642847738502527477e+01
1.724639999999999951e+00 -7.634625255909224961e+01
1.725119999999999987e+00 -7.625385016117840564e+01
1.725600000000000023e+00 -7.601563848761938402e+01
1.726080000000000059e+00 -7.586736026907644259e+01
1.726560000000000095e+00 -7.592029201711339681e+01
1.727040000000000131e+00 -7.632987345902677134e+01
1.727520000000000167e+00 -7.631806669570693202e+01
1.727999999999999980e+00 -7.627819165895020603e+01
1.728480000000000016e+00 -7.625401987163570539e+01
1.728960000000000052e+00 -7.612326035371479804e+01
1.729440000000000088e+00 -7.610142380518803407e+01
1.729920000000000124e+00 -7.607864101566168813e+01
1.730399999999999938e+00 -7.610929107992765807e+01
1.730879999999999974e+00 -7.616667368160474894e+01
1.731360000000000010e+00 -7.610793398463326298e+01
1.731840000000000046e+00 -7.587622915567854420e+01
1.732320000000000082e+00 -7.563156824552744695e+01
1.732800000000000118e+00 -7.564196034833814508e+01
1.733280000000000154e+00 -7.561479114717768368e+01
1.733759999999999968e+00 -7.567625828988556691e+01
1.734240000000000004e+00 -7.571678802392318630e+01
1.734720000000000040e+00 -7.550856644684718333e+01
1.735200000000000076e+00 -7.527950957515733421e+01
1.735680000000000112e+00 -7.521393837917594283e+01
1.736160000000000148e+00 -7.506459784567535110e+01
1.736639999999999961e+00 -7.488355851521562556e+01
1.737119999999999997e+00 -7.499055144154037578e+01
1.737600000000000033e+00 -7.503878589634186369e+01
1.738080000000000069e+00 -7.476895851642134971e+01
1.738560000000000105e+00 -7.451920542034770278e+01
1.739040000000000141e+00 -7.452495593946981955e+01
1.739519999999999955e+00 -7.468589305196556438e+01
1.739999999999999991e+00 -7.467666346414607403e+01
1.740480000000000027e+00 -7.452985434556521227e+01
1.740960000000000063e+00 -7.461011607986847594e+01
1.741440000000000099e+00 -7.462718800817673070e+01
1.741920000000000135e+00 -7.450789496568945935e+01
1.742399999999999949e+00 -7.438049308277730631e+01
1.742879999999999985e+00 -7.422448764447051417e+01
1.743360000000000021e+00 -7.425281131784808508e+01
1.743840000000000057e+00 -7.416140239164394643e+01
1.744320000000000093e+00 -7.404683683923983040e+01
1.744800000000000129e+00 -7.402778175343811995e+01
1.745279999999999943e+00 -7.411771089181331718e+01
1.745759999999999978e+00 -7.399794286068731708e+01
1.746240000000000014e+00 -7.408200020201687153e+01
1.746720000000000050e+00 -7.409365075094993358e+01
1.747200000000000086e+00 -7.387715319891248100e+01
1.747680000000000122e+00 -7.382069326879465621e+01
1.748159999999999936e+00 -7.382629632745155845e+01
1.748639999999999972e+00 -7.398391542601757465e+01
1.749120000000000008e+00 -7.365391742300334954e+01
1.749600000000000044e+00 -7.327083313369445250e+01
1.750080000000000080e+00 -7.284141074250258896e+01
1.750560000000000116e+00 -7.264454556246050743e+01
1.751040000000000152e+00 -7.295253721735764429e+01
1.751519999999999966e+00 -7.281993714919289573e+01
1.752000000000000002e+00 -7.267647774159803475e+01
1.752480000000000038e+00 -7.272350309024875514e+01
1.752960000000000074e+00 -7.257366534598868668e+01
1.753440000000000110e+00 -7.262052527810514846e+01
1.753920000000000146e+00 -7.256413793664225409e+01
1.754399999999999959e+00 -7.256009239902374475e+01
1.754879999999999995e+00 -7.261241678347739992e+01
1.755360000000000031e+00 -7.244352268219461166e+01
1.755840000000000067e+00 -7.211701953753033933e+01
1.756320000000000103e+00 -7.210277400260832792e+01
1.756800000000000139e+00 -7.194229190894030523e+01
1.757279999999999953e+00 -7.175900078341558697e+01
1.757759999999999989e+00 -7.174997068443080650e+01
1.758240000000000025e+00 -7.160897149551787777e+01
1.758720000000000061e+00 -7.129625666230734282e+01
1.759200000000000097e+00 -7.115725813305402880e+01
1.759680000000000133e+00 -7.157237721140711528e+01
1.760159999999999947e+00 -7.169668557548867227e+01
1.760639999999999983e+00 -7.162245947010805480e+01
1.761120000000000019e+00 -7.115208457681508492e+01
1.761600000000000055e+00 -7.078460400766202554e+01
1.762080000000000091e+00 -7.054494813294731159e+01
1.762560000000000127e+00 -7.060993935629730345e+01
1.763039999999999941e+00 -7.021357154483426655e+01
1.763519999999999976e+00 -6.990963585361930654e+01
1.764000000000000012e+00 -6.973122520057640372e+01
1.764480000000000048e+00 -6.946835966564675857e+01
1.764960000000000084e+00 -6.917905949776924501e+01
1.765440000000000120e+00 -6.892880637050608073e+01
1.765919999999999934e+00 -6.861166149024872141e+01
1.766399999999999970e+00 -6.841561570705079021e+01
1.766880000000000006e+00 -6.814205068952810507e+01
1.767360000000000042e+00 -6.763338505157148006e+01
1.767840000000000078e+00 -6.745062773142811352e+01
1.768320000000000114e+00 -6.723220781182152450e+01
1.768800000000000150e+00 -6.716305231959333355e+01
1.769279999999999964e+00 -6.700325235796682932e+01
1.769760000000000000e+00 -6.679213838761558009e+01
1.770240000000000036e+00 -6.666709826714820508e+01
1.770720000000000072e+00 -6.652608339884008615e+01
1.771200000000000108e+00 -6.621829012264758774e+01
1.771680000000000144e+00 -6.584629306874026611e+01
1.772159999999999958e+00 -6.602309085577931569e+01
1.772639999999999993e+00 -6.601172689143366767e+01
1.773120000000000029e+00 -6.537764621208673077e+01
1.773600000000000065e+00 -6.493822560592539617e+01
1.774080000000000101e+00 -6.454624332429744982e+01
1.774560000000000137e+00 -6.415241686014691425e+01
1.775039999999999951e+00 -6.364993002944732581e+01
1.775519999999999987e+00 -6.301997892814662094e+01
1.776000000000000023e+00 -6.241253230193400725e+01
1.776480000000000059e+00 -6.192301018128539170e+01
1.776960000000000095e+00 -6.142572619749713425e+01
1.777440000000000131e+00 -6.083356246468237316e+01
1.777919999999999945e+00 -6.023344002109854500e+01
1.778399999999999981e+00 -5.975364307416662513e+01
1.778880000000000017e+00 -5.907067427845544216e+01
1.779360000000000053e+00 -5.843763915126876896e+01
1.779840000000000089e+00 -5.788081804762050808e+01
1.780320000000000125e+00 -5.751645072658169511e+01
1.780799999999999939e+00 -5.722381566019174670e+01
1.781279999999999974e+00 -5.695580021755428390e+01
1.781760000000000010e+00 -5.642555180979447016e+01
1.782240000000000046e+00 -5.589243674516260540e+01
1.782720000000000082e+00 -5.576228682041912776e+01
1.783200000000000118e+00 -5.583781660674482339e+01
1.783680000000000154e+00 -5.571115246210151639e+01
1.784159999999999968e+00 -5.526772520872995642e+01
1.784640000000000004e+00 -5.514983130896796126e+01
1.785120000000000040e+00 -5.498901485081115936e+01
1.785600000000000076e+00 -5.456274081489787875e+01
1.786080000000000112e+00 -5.428896795864366709e+01
1.786560000000000148e+00 -5.428623842375360908e+01
1.787039999999999962e+00 -5.406905918100044062e+01
1.787519999999999998e+00 -5.380269394311319076e+01
1.788000000000000034e+00 -5.346835424599180442e+01
1.788480000000000070e+00 -5.260871666804941071e+01
1.788960000000000106e+00 -5.155290378787887562e+01
1.789440000000000142e+00 -4.444891089550046814e+01
1.789919999999999956e+00 -2.705802986504755125e+01
1.790399999999999991e+00 -1.870152295650778740e+01
1.790880000000000027e+00 -1.608809928989631999e+01
1.791360000000000063e+00 -1.587284820113246653e+01
1.791840000000000099e+00 -1.585950445493794625e+01
1.792320000000000135e+00 -1.568031527791339919e+01
1.792799999999999949e+00 -1.557889191472558288e+01
1.793279999999999985e+00 -1.572625472354802056e+01
1.793760000000000021e+00 -1.567381891685257500e+01
1.794240000000000057e+00 -1.551038722524635993e+01
1.794720000000000093e+00 -1.552280362743559472e+01
1.795200000000000129e+00 -1.548898060160245294e+01
1.795679999999999943e+00 -1.569282647947008691e+01
1.796159999999999979e+00 -1.578156540968699950e+01
1.796640000000000015e+00 -1.576389798431712741e+01
1.797120000000000051e+00 -1.576178353850117020e+01
1.797600000000000087e+00 -1.561642661667530518e+01
1.798080000000000123e+00 -1.560714487455629751e+01
1.798559999999999937e+00 -1.559003127682990808e+01
1.799039999999999973e+00 -1.552303086833556733e+01
1.799520000000000008e+00 -1.561923525009100722e+01
1.800000000000000044e+00 -1.567089417516271688e+01
1.800480000000000080e+00 -1.546256020521293451e+01
1.800960000000000116e+00 -1.507470992823557232e+01
1.801440000000000152e+00 -1.540396000944991250e+01
1.801919999999999966e+00 -1.575219861292413093e+01
1.802400000000000002e+00 -1.553511399755591071e+01
1.802880000000000038e+00 -1.538149432267971051e+01
1.803360000000000074e+00 -1.522753649273376908e+01
1.803840000000000110e+00 -1.547143974716035331e+01
1.804320000000000146e+00 -1.578676005180360775e+01
1.804799999999999960e+00 -1.574120088760088265e+01
1.805279999999999996e+00 -1.566421618869064858e+01
1.805760000000000032e+00 -1.567207413742039712e+01
1.806240000000000068e+00 -1.576819183659925372e+01
1.806720000000000104e+00 -1.573188266027182181e+01
1.807200000000000140e+00 -1.563279521764927082e+01
1.807679999999999954e+00 -1.586029294058598715e+01
1.808159999999999989e+00 -1.581542426145652946e+01
1.808640000000000025e+00 -1.573037886602800839e+01
1.809120000000000061e+00 -1.606025792881339243e+01
1.809600000000000097e+00 -1.879392948708947131e+01
1.810080000000000133e+00 -2.729729825590233716e+01
1.810559999999999947e+00 -4.460668622892888635e+01
1.811039999999999983e+00 -5.159334999091906582e+01
1.811520000000000019e+00 -5.284145854474679993e+01
1.812000000000000055e+00 -5.351487520153386157e+01
1.812480000000000091e+00 -5.398421791895202659e+01
1.812960000000000127e+00 -5.396888656213914714e+01
1.813439999999999941e+00 -5.402316952393347549e+01
1.813919999999999977e+00 -5.392212241681033902e+01
1.814400000000000013e+00 -5.410218105127182753e+01
1.814880000000000049e+00 -5.462759150532150443e+01
1.815360000000000085e+00 -5.475819841709152769e+01
1.815840000000000121e+00 -5.475965704168702075e+01
1.816319999999999935e+00 -5.503743390164938631e+01
1.816799999999999971e+00 -5.512090728374967341e+01
1.817280000000000006e+00 -5.545713862912587899e+01
1.817760000000000042e+00 -5.620733151825974971e+01
1.818240000000000078e+00 -5.667243079248426341e+01
1.818720000000000114e+00 -5.699511620286721580e+01
1.819200000000000150e+00 -5.707155343817821347e+01
1.819679999999999964e+00 -5.742022029449972820e+01
1.820160000000000000e+00 -5.777389521334763600e+01
1.820640000000000036e+00 -5.842312426511415424e+01
1.821120000000000072e+00 -5.915558705568547282e+01
1.821600000000000108e+00 -5.934725562919039987e+01
1.822080000000000144e+00 -5.945124386608746647e+01
1.822559999999999958e+00 -5.995448526778952214e+01
1.823039999999999994e+00 -6.033711735548277488e+01
1.823520000000000030e+00 -6.080193972952427828e+01
1.824000000000000066e+00 -6.121510565738503828e+01
1.824480000000000102e+00 -6.171183309183990673e+01
1.824960000000000138e+00 -6.200630688297443527e+01
1.825439999999999952e+00 -6.247027647660516436e+01
1.825919999999999987e+00 -6.318120123979019809e+01
1.826400000000000023e+00 -6.385863658028164025e+01
1.826880000000000059e+00 -6.416541579644606941e+01
1.827360000000000095e+00 -6.461946319319267218e+01
1.827840000000000131e+00 -6.542582757379462066e+01
1.828319999999999945e+00 -6.580173211731423066e+01
1.828799999999999981e+00 -6.605522927439324121e+01
1.829280000000000017e+00 -6.621877453020672988e+01
1.829760000000000053e+00 -6.651531299646252648e+01
1.830240000000000089e+00 -6.705879333679126830e+01
1.830720000000000125e+00 -6.765459742996057457e+01
1.831199999999999939e+00 -6.802971122849454844e+01
1.831679999999999975e+00 -6.830457916570173893e+01
1.832160000000000011e+00 -6.849532507626349798e+01
1.832640000000000047e+00 -6.872556105521192649e+01
1.833120000000000083e+00 -6.873849102456037485e+01
1.833600000000000119e+00 -6.868914688794993140e+01
1.834080000000000155e+00 -6.889333656309776188e+01
1.834559999999999969e+00 -6.921858546260983758e+01
1.835040000000000004e+00 -6.937825938975248619e+01
1.835520000000000040e+00 -6.960641994633513718e+01
1.836000000000000076e+00 -7.012031252511428647e+01
1.836480000000000112e+00 -7.021385408798052197e+01
1.836960000000000148e+00 -7.052821402431821696e+01
1.837439999999999962e+00 -7.092617746121794653e+01
1.837919999999999998e+00 -7.140298768992246892e+01
1.838400000000000034e+00 -7.157298081079565577e+01
1.838880000000000070e+00 -7.171500552648322468e+01
1.839360000000000106e+00 -7.189704154696192973e+01
1.839840000000000142e+00 -7.191973126001370531e+01
1.840319999999999956e+00 -7.210081493343392367e+01
1.840799999999999992e+00 -7.236143249375359687e+01
1.841280000000000028e+00 -7.228842012413610973e+01
1.841760000000000064e+00 -7.230645909184163145e+01
1.842240000000000100e+00 -7.257094080250698198e+01
1.842720000000000136e+00 -7.258701803412581910e+01
1.843199999999999950e+00 -7.251677373432428908e+01
1.843679999999999986e+00 -7.257109326751256617e+01
1.844160000000000021e+00 -7.284957348842370095e+01
1.844640000000000057e+00 -7.299081632977009804e+01
1.845120000000000093e+00 -7.290172349734379509e+01
1.845600000000000129e+00 -7.298178898474947118e+01
1.846079999999999943e+00 -7.308914801498170277e+01
1.846559999999999979e+00 -7.365107516798144616e+01
1.847040000000000015e+00 -7.393018551985923636e+01
1.847520000000000051e+00 -7.407184176976686274e+01
1.848000000000000087e+00 -7.395338936256737838e+01
1.848480000000000123e+00 -7.401154704148552810e+01
1.848959999999999937e+00 -7.443662414111567216e+01
1.849439999999999973e+00 -7.447937975844702407e+01
1.849920000000000009e+00 -7.445927718140833917e+01
1.850400000000000045e+00 -7.456223705968231741e+01
1.850880000000000081e+00 -7.468031264002748060e+01
1.851360000000000117e+00 -7.486239152163420840e+01
1.851840000000000153e+00 -7.499731387662917825e+01
1.852319999999999967e+00 -7.484030065629299600e+01
1.852800000000000002e+00 -7.491448904046660573e+01
1.853280000000000038e+00 -7.507476472556930958e+01
1.853760000000000074e+00 -7.512037194841215637e+01
1.854240000000000110e+00 -7.500823010292826609e+01
1.854720000000000146e+00 -7.493977046304328837e+01
1.855199999999999960e+00 -7.515260787949121379e+01
1.855679999999999996e+00 -7.535132347079557746e+01
1.856160000000000032e+00 -7.566007134200606288e+01
1.856640000000000068e+00 -7.591436934914233348e+01
1.857120000000000104e+00 -7.596946230942893408e+01
1.857600000000000140e+00 -7.572723122157017883e+01
1.858079999999999954e+00 -7.539375478948532816e+01
1.858559999999999990e+00 -7.555383244254920783e+01
1.859040000000000026e+00 -7.589267367481858173e+01
1.859520000000000062e+00 -7.566944935909631909e+01
1.860000000000000098e+00 -7.576659632974269698e+01
1.860480000000000134e+00 -7.611371494837190710e+01
1.860959999999999948e+00 -7.594702973962070303e+01
1.861439999999999984e+00 -7.586666697788287195e+01
1.861920000000000019e+00 -7.589572106445417887e+01
1.862400000000000055e+00 -7.588172956684331893e+01
1.862880000000000091e+00 -7.599255891719619171e+01
1.863360000000000127e+00 -7.628442811082760500e+01
1.863839999999999941e+00 -7.645094604855434284e+01
1.864319999999999977e+00 -7.633453206449480888e+01
1.864800000000000013e+00 -7.625779416616164497e+01
1.865280000000000049e+00 -7.637593972027231359e+01
1.865760000000000085e+00 -7.657646403529699342e+01
1.866240000000000121e+00 -7.655154711503904252e+01
1.866719999999999935e+00 -7.667872174809005514e+01
1.867199999999999971e+00 -7.697988320706600973e+01
1.867680000000000007e+00 -7.689142960660963411e+01
1.868160000000000043e+00 -7.688563938750432669e+01
1.868640000000000079e+00 -7.704616974366874160e+01
1.869120000000000115e+00 -7.696086913503953042e+01
1.869600000000000151e+00 -7.684170643989941141e+01
1.870079999999999965e+00 -7.699756362635692142e+01
1.870560000000000000e+00 -7.732206460204785969e+01
1.871040000000000036e+00 -7.742919655585228611e+01
1.871520000000000072e+00 -7.722177297838628363e+01
1.872000000000000108e+00 -7.703632968268973968e+01
1.872479999999999922e+00 -7.729323405833032723e+01
1.872959999999999958e+00 -7.747530638134713854e+01
1.873439999999999994e+00 -7.739439092897075056e+01
1.873920000000000030e+00 -7.745875514801286954e+01
1.874400000000000066e+00 -7.786314895870540909e+01
1.874880000000000102e+00 -7.791583433657913815e+01
1.875360000000000138e+00 -7.793676440159165963e+01
1.875839999999999952e+00 -7.787916071058663192e+01
1.876319999999999988e+00 -7.788356527663754036e+01
1.876800000000000024e+00 -7.805274810637561700e+01
1.877280000000000060e+00 -7.827273586458443333e+01
1.877760000000000096e+00 -7.824588308037976958e+01
1.878240000000000132e+00 -7.816743078715337845e+01
1.878719999999999946e+00 -7.809240978369120967e+01
1.879199999999999982e+00 -7.809944772768072596e+01
1.879680000000000017e+00 -7.822581285355229852e+01
1.880160000000000053e+00 -7.825009625975619088e+01
1.880640000000000089e+00 -7.823855248387751260e+01
1.881120000000000125e+00 -7.809531923056019309e+01
1.881599999999999939e+00 -7.809882034496109782e+01
1.882079999999999975e+00 -7.828045378383757225e+01
1.882560000000000011e+00 -7.841277009218873673e+01
1.883040000000000047e+00 -7.835455429791336712e+01
1.883520000000000083e+00 -7.837367081777476585e+01
1.884000000000000119e+00 -7.845329969356126298e+01
1.884479999999999933e+00 -7.841010083335648062e+01
1.884959999999999969e+00 -7.848932757398625881e+01
1.885440000000000005e+00 -7.837263629357795480e+01
1.885920000000000041e+00 -7.836892174558215629e+01
1.886400000000000077e+00 -7.875410513775702270e+01
1.886880000000000113e+00 -7.896989535649548486e+01
1.887360000000000149e+00 -7.893367119148638267e+01
1.887839999999999963e+00 -7.885142530433699903e+01
1.888319999999999999e+00 -7.864516559261505790e+01
1.888800000000000034e+00 -7.869113203182344307e+01
1.889280000000000070e+00 -7.896357544775315773e+01
1.889760000000000106e+00 -7.892368608257959295e+01
1.890239999999999920e+00 -7.869230289969834757e+01
1.890719999999999956e+00 -7.850187638387713207e+01
1.891199999999999992e+00 -7.838696099714371712e+01
1.891680000000000028e+00 -7.850966076179969377e+01
1.892160000000000064e+00 -7.901045983290131858e+01
1.892640000000000100e+00 -7.898138702271444345e+01
1.893120000000000136e+00 -7.858834589751347721e+01
1.893599999999999950e+00 -7.867547014812791417e+01
1.894079999999999986e+00 -7.881982362672584941e+01
1.894560000000000022e+00 -7.873284432493569795e+01
1.895040000000000058e+00 -7.922749801465572261e+01
1.895520000000000094e+00 -7.943657255889010571e+01
1.896000000000000130e+00 -7.929772940959270500e+01
1.896479999999999944e+00 -7.946224557381808040e+01
1.896959999999999980e+00 -7.935602445611087319e+01
1.897440000000000015e+00 -7.920042905375102293e+01
1.897920000000000051e+00 -7.943605953901953853e+01
1.898400000000000087e+00 -7.977817939355861654e+01
1.898880000000000123e+00 -7.966489761486394627e+01
1.899359999999999937e+00 -7.941436379959222336e+01
1.899839999999999973e+00 -7.931232460781443194e+01
1.900320000000000009e+00 -7.939021782263563409e+01
1.900800000000000045e+00 -7.952354745021079907e+01
1.901280000000000081e+00 -7.952972759129269775e+01
1.901760000000000117e+00 -7.990969464669187516e+01
1.902239999999999931e+00 -8.014119510821912229e+01
1.902719999999999967e+00 -8.028051719732684433e+01
1.903200000000000003e+00 -8.039114650506229509e+01
1.903680000000000039e+00 -8.087548296810702197e+01
1.904160000000000075e+00 -8.171509999158311643e+01
1.904640000000000111e+00 -8.198207462366606535e+01
1.905120000000000147e+00 -8.219903654844986818e+01
1.905599999999999961e+00 -8.249970249706723280e+01
1.906079999999999997e+00 -8.294620659685132580e+01
1.906560000000000032e+00 -8.386909378695051487e+01
1.907040000000000068e+00 -8.483747903943495317e+01
1.907520000000000104e+00 -8.568877824449015179e+01
1.907999999999999918e+00 -8.685854714186690728e+01
1.908479999999999954e+00 -8.794656080256616804e+01
1.908959999999999990e+00 -8.867580648287024303e+01
1.909440000000000026e+00 -8.970486906613999167e+01
1.909920000000000062e+00 -9.082640587403116683e+01
1.910400000000000098e+00 -9.172777041613568372e+01
1.910880000000000134e+00 -9.321524142330719087e+01
1.911359999999999948e+00 -9.395321334118889922e+01
1.911839999999999984e+00 -9.440747938174044407e+01
1.912320000000000020e+00 -9.532711466206762907e+01
1.912800000000000056e+00 -9.575976229818463992e+01
1.913280000000000092e+00 -9.560165539200399110e+01
1.913760000000000128e+00 -9.582484114947250475e+01
1.914239999999999942e+00 -9.617001783405284243e+01
1.914719999999999978e+00 -9.611216283119955506e+01
1.915200000000000014e+00 -9.639443425534670951e+01
1.915680000000000049e+00 -9.662378988452871909e+01
1.916160000000000085e+00 -9.638283199725994166e+01
1.916640000000000121e+00 -9.656852051602476195e+01
1.917119999999999935e+00 -9.620192770360790746e+01
1.917599999999999971e+00 -9.626784540357729725e+01
1.918080000000000007e+00 -9.650146064745149488e+01
1.918560000000000043e+00 -9.656870685067478632e+01
1.919040000000000079e+00 -9.622042937436711441e+01
1.919520000000000115e+00 -9.655611746893598024e+01
1.919999999999999929e+00 -9.666133057222486968e+01
1.920479999999999965e+00 -9.644968786067087763e+01
1.920960000000000001e+00 -9.670813475482668764e+01
1.921440000000000037e+00 -9.659043002671620570e+01
1.921920000000000073e+00 -9.674805180402407245e+01
1.922400000000000109e+00 -9.607638401824030439e+01
