2.000000000000000000e+00 -3.502433740997495448e+01
4.000000000000000000e+00 -4.077003802976974356e+01
6.000000000000000000e+00 -3.881272122331853325e+01
8.000000000000000000e+00 -3.791462487419919114e+01
1.000000000000000000e+01 -3.963664986542248414e+01
1.200000000000000000e+01 -3.992240003573249396e+01
1.400000000000000000e+01 -4.051784710337803119e+01
1.600000000000000000e+01 -4.136266611909928770e+01
1.800000000000000000e+01 -4.389629829708222530e+01
2.000000000000000000e+01 -4.469029140936034139e+01
2.200000000000000000e+01 -4.682259828834161652e+01
2.400000000000000000e+01 -4.863269771844991851e+01
2.600000000000000000e+01 -4.973927202791659852e+01
2.800000000000000000e+01 -4.930686146421500382e+01
3.000000000000000000e+01 -4.863586234902061989e+01
