2.000000000000000000e+00 -3.113223290537015231e+01
4.000000000000000000e+00 -3.880189032383383108e+01
6.000000000000000000e+00 -4.459276924310334067e+01
8.000000000000000000e+00 -4.562929353285678502e+01
1.000000000000000000e+01 -4.620021973409465943e+01
1.200000000000000000e+01 -4.711650895343627354e+01
1.400000000000000000e+01 -4.767955041401232563e+01
1.600000000000000000e+01 -4.805026779090754019e+01
1.800000000000000000e+01 -4.803738124160399536e+01
2.000000000000000000e+01 -4.819164637823963204e+01
2.200000000000000000e+01 -4.814875029159355790e+01
2.400000000000000000e+01 -4.809732535544106469e+01
2.600000000000000000e+01 -4.822376393179666110e+01
2.800000000000000000e+01 -4.826089120508569863e+01
3.000000000000000000e+01 -4.825570746860680060e+01
