6.918309709189363055e-02 -5.386499932258133327e+01
1.430013090881850635e-01 -5.475416750488459172e+01
2.023691093679611808e-01 -5.292461687071948262e+01
2.552974035717613388e-01 -5.295901645210058462e+01
3.048329568223489550e-01 -5.339429373531825007e+01
3.466668793050656228e-01 -5.351395973819910523e+01
3.859212456509020783e-01 -5.384266714871586856e+01
4.240925735764377036e-01 -5.407355834290221708e+01
4.600794739243277975e-01 -5.420738261149849535e+01
4.949889595959590105e-01 -5.427830048237652960e+01
5.239738593195818472e-01 -5.427334347885977195e+01
5.519370255502471512e-01 -5.420479743465687505e+01
5.790607911068330615e-01 -5.402220831291260339e+01
6.049430098019933366e-01 -5.384095843771368095e+01
6.310021980534901154e-01 -5.357378684337778196e+01
6.560044196114368509e-01 -5.330865928226182859e+01
6.803649639228999124e-01 -5.306172933026392258e+01
7.043120819766955920e-01 -5.284016590020033988e+01
7.275947031903935436e-01 -5.267542197662008618e+01
7.494474625834471881e-01 -5.247351414103692946e+01
7.671578530430330778e-01 -5.235627682085190315e+01
7.848399962526019236e-01 -5.224818406726684827e+01
8.024093087441421801e-01 -5.215095059443009262e+01
8.207643247418626720e-01 -5.204729514562252035e+01
8.367996227666132381e-01 -5.195453532754299886e+01
8.493728520663886838e-01 -5.189832272841920258e+01
8.616646307255421133e-01 -5.184435555152476383e+01
8.744177003653592628e-01 -5.179759826312319859e+01
8.868080349335113466e-01 -5.172886346273784852e+01
8.996337927042702409e-01 -5.168671793929992475e+01
9.120108393559096527e-01 -5.164076382857454917e+01
