6.918309709189363055e-02 -4.287359662220323742e+01
1.430013090881850635e-01 -4.179686888462658345e+01
2.023691093679611808e-01 -4.081589209735162882e+01
2.552974035717613388e-01 -4.159024402344247306e+01
3.048329568223489550e-01 -4.181508265363377319e+01
3.466668793050656228e-01 -4.223805689589538304e+01
3.859212456509020783e-01 -4.278497642630719611e+01
4.240925735764377036e-01 -4.339508905687460327e+01
4.600794739243277975e-01 -4.404376672764225020e+01
4.949889595959590105e-01 -4.473690079242268780e+01
5.239738593195818472e-01 -4.544623847643129011e+01
5.519370255502471512e-01 -4.617134881006927571e+01
5.790607911068330615e-01 -4.691570887972820003e+01
6.049430098019933366e-01 -4.764802086532287717e+01
6.310021980534901154e-01 -4.833747875761295631e+01
6.560044196114368509e-01 -4.897770289794847542e+01
6.803649639228999124e-01 -4.956054728084305339e+01
7.043120819766955920e-01 -5.006643192588271774e+01
7.275947031903935436e-01 -5.046714356357949782e+01
7.494474625834471881e-01 -5.070002907230006173e+01
7.671578530430330778e-01 -5.085644847451871442e+01
7.848399962526019236e-01 -5.086233239608809953e+01
8.024093087441421801e-01 -5.076100228087834410e+01
8.207643247418626720e-01 -5.051853683079662005e+01
8.367996227666132381e-01 -5.020524538898006028e+01
8.493728520663886838e-01 -4.984710921721809029e+01
8.616646307255421133e-01 -4.945234800236798378e+01
8.744177003653592628e-01 -4.901348064774866486e+01
8.868080349335113466e-01 -4.856982872897095405e+01
8.996337927042702409e-01 -4.811168130284913502e+01
9.120108393559096527e-01 -4.767816446584522083e+01
