6.918309709189363055e-02 -5.386499932258133327e+01
1.069054879222657295e-01 -5.294883857500344249e+01
1.430013090881850635e-01 -5.475416750488459172e+01
1.747210677787641997e-01 -5.446144580997212614e+01
2.023691093679611808e-01 -5.292461687071948262e+01
2.288441571742559077e-01 -5.268683938973813952e+01
2.552974035717613388e-01 -5.295901645210058462e+01
2.802594523792587000e-01 -5.316390940038267132e+01
3.048329568223489550e-01 -5.339429373531825007e+01
3.258341160836837336e-01 -5.275867304100520983e+01
3.466668793050656228e-01 -5.351395973819910523e+01
3.661085683585907358e-01 -5.324981718233927808e+01
3.859212456509020783e-01 -5.384266714871586856e+01
4.052869077319075641e-01 -5.390215140214330347e+01
4.240925735764377036e-01 -5.407355834290221708e+01
4.419107376363038964e-01 -5.412546087296551178e+01
4.600794739243277975e-01 -5.420738261149849535e+01
4.785335052517001309e-01 -5.422671175123707599e+01
4.949889595959590105e-01 -5.427830048237652960e+01
5.091310916730596992e-01 -5.427496929978750018e+01
5.239738593195818472e-01 -5.427334347885977195e+01
5.380356788574782723e-01 -5.422121368119893248e+01
5.519370255502471512e-01 -5.420479743465687505e+01
5.660671779470934917e-01 -5.407056544109528318e+01
5.790607911068330615e-01 -5.402220831291260339e+01
5.925731114586282322e-01 -5.385231841383805573e+01
6.049430098019933366e-01 -5.384095843771368095e+01
6.186170807305768626e-01 -5.360825313228487943e+01
6.310021980534901154e-01 -5.357378684337778196e+01
6.447225777633069921e-01 -5.340999795243087078e+01
6.560044196114368509e-01 -5.330865928226182859e+01
6.684467040384861614e-01 -5.312494940622016770e+01
6.803649639228999124e-01 -5.306172933026392258e+01
6.916876207964992584e-01 -5.286232022158501564e+01
7.043120819766955920e-01 -5.284016590020033988e+01
7.163056484489599418e-01 -5.264508006324786038e+01
7.275947031903935436e-01 -5.267542197662008618e+01
7.402405625197464589e-01 -5.245286200103593188e+01
7.494474625834471881e-01 -5.247351414103692946e+01
7.577742240984973732e-01 -5.232883676428150466e+01
7.671578530430330778e-01 -5.235627682085190315e+01
7.758971425463475624e-01 -5.220650428552792732e+01
7.848399962526019236e-01 -5.224818406726684827e+01
7.939911557812042719e-01 -5.208304081297737298e+01
8.024093087441421801e-01 -5.215095059443009262e+01
8.119697101329879096e-01 -5.193477260084206648e+01
8.207643247418626720e-01 -5.204729514562252035e+01
8.297430940400554178e-01 -5.182188826446640917e+01
8.367996227666132381e-01 -5.195453532754299886e+01
8.426551541791446054e-01 -5.174665530898579391e+01
8.493728520663886838e-01 -5.189832272841920258e+01
8.554621372639256149e-01 -5.174020788287037220e+01
8.616646307255421133e-01 -5.184435555152476383e+01
8.679824371500065583e-01 -5.164048470705938598e+01
8.744177003653592628e-01 -5.179759826312319859e+01
8.801466226256193792e-01 -5.151820217170951821e+01
8.868080349335113466e-01 -5.172886346273784852e+01
8.927382839347345334e-01 -5.149192445194184131e+01
8.996337927042702409e-01 -5.168671793929992475e+01
9.057724435043446043e-01 -5.145225223222475108e+01
9.120108393559096527e-01 -5.164076382857454917e+01

