1.677119999999999944e+00 -9.582160177246026933e+01
1.677599999999999980e+00 -9.659576285638217996e+01
1.678080000000000016e+00 -9.706516977714819916e+01
1.678560000000000052e+00 -9.723883150966827316e+01
1.679040000000000088e+00 -9.734792659027144168e+01
1.679520000000000124e+00 -9.743315411781723867e+01
1.680000000000000160e+00 -9.715708802456295246e+01
1.680479999999999974e+00 -9.714981041330538858e+01
1.680960000000000010e+00 -9.765065973981667469e+01
1.681440000000000046e+00 -9.767777495665862375e+01
1.681920000000000082e+00 -9.725770705350618073e+01
1.682400000000000118e+00 -9.716713672414653047e+01
1.682880000000000154e+00 -9.730608943583632708e+01
1.683359999999999967e+00 -9.698425073718951239e+01
1.683840000000000003e+00 -9.714329630527942072e+01
1.684320000000000039e+00 -9.738850249834528938e+01
1.684800000000000075e+00 -9.730469720296331104e+01
1.685280000000000111e+00 -9.730744974442477258e+01
1.685760000000000147e+00 -9.731763259468452532e+01
1.686239999999999961e+00 -9.715661231646207341e+01
1.686719999999999997e+00 -9.681068926589000512e+01
1.687200000000000033e+00 -9.625311254241941583e+01
1.687680000000000069e+00 -9.588460377854390515e+01
1.688160000000000105e+00 -9.521507845546003068e+01
1.688640000000000141e+00 -9.453163359754239536e+01
1.689119999999999955e+00 -9.376672518774012133e+01
1.689599999999999991e+00 -9.270927337656118539e+01
1.690080000000000027e+00 -9.187748132932640033e+01
1.690560000000000063e+00 -9.094469745934890170e+01
1.691040000000000099e+00 -8.972182869763167901e+01
1.691520000000000135e+00 -8.877170047546007936e+01
1.692000000000000171e+00 -8.778599822359609561e+01
1.692479999999999984e+00 -8.669614729562138677e+01
1.692960000000000020e+00 -8.557630988336772759e+01
1.693440000000000056e+00 -8.458767308051261580e+01
1.693920000000000092e+00 -8.430530900267881123e+01
1.694400000000000128e+00 -8.403974273990691302e+01
1.694879999999999942e+00 -8.333118588653012182e+01
1.695359999999999978e+00 -8.236549884496162122e+01
1.695840000000000014e+00 -8.204266332906456682e+01
1.696320000000000050e+00 -8.167093601452314999e+01
1.696800000000000086e+00 -8.097837898437506965e+01
1.697280000000000122e+00 -8.080833567862117661e+01
1.697760000000000158e+00 -8.077087327679660689e+01
1.698239999999999972e+00 -8.066467091008428270e+01
1.698720000000000008e+00 -8.059132932043290509e+01
1.699200000000000044e+00 -8.038644831615411590e+01
1.699680000000000080e+00 -7.984708678803866633e+01
1.700160000000000116e+00 -7.962725080406097788e+01
1.700640000000000152e+00 -7.967213559601941597e+01
1.701119999999999965e+00 -7.982910853639987181e+01
1.701600000000000001e+00 -7.984882633715608335e+01
1.702080000000000037e+00 -7.977619412002974286e+01
1.702560000000000073e+00 -7.991671342354243279e+01
1.703040000000000109e+00 -7.971266067510046582e+01
1.703520000000000145e+00 -7.943459115753850597e+01
1.703999999999999959e+00 -7.945670012843331165e+01
1.704479999999999995e+00 -7.953365111574294133e+01
1.704960000000000031e+00 -7.941853520931421428e+01
1.705440000000000067e+00 -7.948295444864079684e+01
1.705920000000000103e+00 -7.922431201908489129e+01
1.706400000000000139e+00 -7.928195275698652722e+01
1.706879999999999953e+00 -7.959353821660792505e+01
1.707359999999999989e+00 -7.946252942971578648e+01
1.707840000000000025e+00 -7.928410012387736572e+01
1.708320000000000061e+00 -7.927445044157212806e+01
1.708800000000000097e+00 -7.917342381874523483e+01
1.709280000000000133e+00 -7.904754316136785519e+01
1.709760000000000169e+00 -7.907867278656794952e+01
1.710239999999999982e+00 -7.902845291908158742e+01
1.710720000000000018e+00 -7.920662926842096851e+01
1.711200000000000054e+00 -7.901791646185786533e+01
1.711680000000000090e+00 -7.884100998393145687e+01
1.712160000000000126e+00 -7.885108974924702352e+01
1.712639999999999940e+00 -7.873286037599355325e+01
1.713119999999999976e+00 -7.859136799381565197e+01
1.713600000000000012e+00 -7.869430582850039002e+01
1.714080000000000048e+00 -7.880232990827747130e+01
1.714560000000000084e+00 -7.863681813425982625e+01
1.715040000000000120e+00 -7.842795257050875080e+01
1.715520000000000156e+00 -7.827710994826261981e+01
1.715999999999999970e+00 -7.840984486426629019e+01
1.716480000000000006e+00 -7.834769370048424264e+01
1.716960000000000042e+00 -7.837355065780607788e+01
1.717440000000000078e+00 -7.847459487266274891e+01
1.717920000000000114e+00 -7.836082121295866898e+01
1.718400000000000150e+00 -7.843641347698059008e+01
1.718879999999999963e+00 -7.831010391660115033e+01
1.719359999999999999e+00 -7.814660046751623668e+01
1.719840000000000035e+00 -7.813308566635046759e+01
1.720320000000000071e+00 -7.797221662716052037e+01
1.720800000000000107e+00 -7.818518681328595221e+01
1.721280000000000143e+00 -7.822240305765912183e+01
1.721759999999999957e+00 -7.792244937379868475e+01
1.722239999999999993e+00 -7.760907205935001230e+01
1.722720000000000029e+00 -7.756392608841787251e+01
1.723200000000000065e+00 -7.786974678701704988e+01
1.723680000000000101e+00 -7.803726442387207385e+01
1.724160000000000137e+00 -7.793571340550799675e+01
1.724639999999999951e+00 -7.782394444925333232e+01
1.725119999999999987e+00 -7.775242200662830783e+01
1.725600000000000023e+00 -7.760543702837711066e+01
1.726080000000000059e+00 -7.737373463145931396e+01
1.726560000000000095e+00 -7.745923865515217699e+01
1.727040000000000131e+00 -7.778373630313791409e+01
1.727520000000000167e+00 -7.756668690298857882e+01
1.727999999999999980e+00 -7.757726359359753587e+01
1.728480000000000016e+00 -7.768186846736946904e+01
1.728960000000000052e+00 -7.744674125611538784e+01
1.729440000000000088e+00 -7.753592616529576276e+01
1.729920000000000124e+00 -7.760291125791482614e+01
1.730399999999999938e+00 -7.759590945872460566e+01
1.730879999999999974e+00 -7.743941822318231516e+01
1.731360000000000010e+00 -7.734402730974977658e+01
1.731840000000000046e+00 -7.739541518474972293e+01
1.732320000000000082e+00 -7.743235650562654371e+01
1.732800000000000118e+00 -7.756365365263644662e+01
1.733280000000000154e+00 -7.761748047610777235e+01
1.733759999999999968e+00 -7.732401548679649750e+01
1.734240000000000004e+00 -7.725690461334596648e+01
1.734720000000000040e+00 -7.709019129766491574e+01
1.735200000000000076e+00 -7.668728497991872928e+01
1.735680000000000112e+00 -7.671967272519725611e+01
1.736160000000000148e+00 -7.667383177260772698e+01
1.736639999999999961e+00 -7.657621173536183790e+01
1.737119999999999997e+00 -7.675753802102377676e+01
1.737600000000000033e+00 -7.687050556802776669e+01
1.738080000000000069e+00 -7.664144966717984175e+01
1.738560000000000105e+00 -7.627357565185273813e+01
1.739040000000000141e+00 -7.617065733115833837e+01
1.739519999999999955e+00 -7.649981341053472761e+01
1.739999999999999991e+00 -7.653334838686542696e+01
1.740480000000000027e+00 -7.637228488205661847e+01
1.740960000000000063e+00 -7.646307778158956125e+01
1.741440000000000099e+00 -7.667764249106433283e+01
1.741920000000000135e+00 -7.684678599887743644e+01
1.742399999999999949e+00 -7.665583757342886884e+01
1.742879999999999985e+00 -7.645712779018768401e+01
1.743360000000000021e+00 -7.627060213542193878e+01
1.743840000000000057e+00 -7.611379755125116731e+01
1.744320000000000093e+00 -7.627256485356252824e+01
1.744800000000000129e+00 -7.636384371355308076e+01
1.745279999999999943e+00 -7.640799402715170174e+01
1.745759999999999978e+00 -7.609748156221753845e+01
1.746240000000000014e+00 -7.624208070379656021e+01
1.746720000000000050e+00 -7.644251863479608744e+01
1.747200000000000086e+00 -7.617786479512490416e+01
1.747680000000000122e+00 -7.607126247482584347e+01
1.748159999999999936e+00 -7.592283532240941213e+01
1.748639999999999972e+00 -7.588879027255714504e+01
1.749120000000000008e+00 -7.557366348637386011e+01
1.749600000000000044e+00 -7.554613928057074190e+01
1.750080000000000080e+00 -7.536961382530995479e+01
1.750560000000000116e+00 -7.523625950526323436e+01
1.751040000000000152e+00 -7.522691529945255695e+01
1.751519999999999966e+00 -7.518130229101436157e+01
1.752000000000000002e+00 -7.521904483814012110e+01
1.752480000000000038e+00 -7.526359103886906610e+01
1.752960000000000074e+00 -7.514085514593965343e+01
1.753440000000000110e+00 -7.534715312830897460e+01
1.753920000000000146e+00 -7.531082570331359705e+01
1.754399999999999959e+00 -7.507936456169406370e+01
1.754879999999999995e+00 -7.502915558314177247e+01
1.755360000000000031e+00 -7.508811850467122895e+01
1.755840000000000067e+00 -7.477284848273022533e+01
1.756320000000000103e+00 -7.446748443226812242e+01
1.756800000000000139e+00 -7.445444356426403942e+01
1.757279999999999953e+00 -7.447411998280803402e+01
1.757759999999999989e+00 -7.440791128837777535e+01
1.758240000000000025e+00 -7.418775137052288926e+01
1.758720000000000061e+00 -7.427866767625970112e+01
1.759200000000000097e+00 -7.428620264337094170e+01
1.759680000000000133e+00 -7.435382329026363379e+01
1.760159999999999947e+00 -7.435034491579661164e+01
1.760639999999999983e+00 -7.416317363303201660e+01
1.761120000000000019e+00 -7.394853121568849019e+01
1.761600000000000055e+00 -7.399157336158481257e+01
1.762080000000000091e+00 -7.392011510558802456e+01
1.762560000000000127e+00 -7.389230349037239876e+01
1.763039999999999941e+00 -7.371253356008688229e+01
1.763519999999999976e+00 -7.362702892635587659e+01
1.764000000000000012e+00 -7.339417560163286680e+01
1.764480000000000048e+00 -7.319807443376160450e+01
1.764960000000000084e+00 -7.297607975628093868e+01
1.765440000000000120e+00 -7.261437846964626885e+01
1.765919999999999934e+00 -7.240045500616449203e+01
1.766399999999999970e+00 -7.225553963222122889e+01
1.766880000000000006e+00 -7.222266626221878028e+01
1.767360000000000042e+00 -7.226726557649439542e+01
1.767840000000000078e+00 -7.209819960361635083e+01
1.768320000000000114e+00 -7.183334509939930967e+01
1.768800000000000150e+00 -7.160583629576979092e+01
1.769279999999999964e+00 -7.124081458495604124e+01
1.769760000000000000e+00 -7.099674467568782177e+01
1.770240000000000036e+00 -7.079499506961386146e+01
1.770720000000000072e+00 -7.075239852909325577e+01
1.771200000000000108e+00 -7.077417703129492565e+01
1.771680000000000144e+00 -7.051408474257146963e+01
1.772159999999999958e+00 -7.045916693415860266e+01
1.772639999999999993e+00 -7.047518381241590646e+01
1.773120000000000029e+00 -7.003150335075528687e+01
1.773600000000000065e+00 -6.990343110591983589e+01
1.774080000000000101e+00 -6.965155111634437901e+01
1.774560000000000137e+00 -6.937543639846346366e+01
1.775039999999999951e+00 -6.932313480790099902e+01
1.775519999999999987e+00 -6.900963516903723871e+01
1.776000000000000023e+00 -6.863883636345525474e+01
1.776480000000000059e+00 -6.823443591098292416e+01
1.776960000000000095e+00 -6.825684260799093295e+01
1.777440000000000131e+00 -6.815787160416340384e+01
1.777919999999999945e+00 -6.771957273828007828e+01
1.778399999999999981e+00 -6.735285958571287779e+01
1.778880000000000017e+00 -6.682700674738734392e+01
1.779360000000000053e+00 -6.650228039104221978e+01
1.779840000000000089e+00 -6.626354374114976054e+01
1.780320000000000125e+00 -6.594077819853944789e+01
1.780799999999999939e+00 -6.574622696382229492e+01
1.781279999999999974e+00 -6.511915058128637668e+01
1.781760000000000010e+00 -6.444906460876697452e+01
1.782240000000000046e+00 -6.414193983641550290e+01
1.782720000000000082e+00 -6.369924130817805263e+01
1.783200000000000118e+00 -6.336396198027382098e+01
1.783680000000000154e+00 -6.279612156584644111e+01
1.784159999999999968e+00 -6.246476923204588161e+01
1.784640000000000004e+00 -6.212574254159612508e+01
1.785120000000000040e+00 -6.167710624391818897e+01
1.785600000000000076e+00 -6.157839349672097029e+01
1.786080000000000112e+00 -6.133249881383459723e+01
1.786560000000000148e+00 -6.114632159314868431e+01
1.787039999999999962e+00 -6.066655104851578528e+01
1.787519999999999998e+00 -6.029473077724966856e+01
1.788000000000000034e+00 -5.923194136802604959e+01
1.788480000000000070e+00 -5.732964922773435035e+01
1.788960000000000106e+00 -5.464661485457024526e+01
1.789440000000000142e+00 -4.482968000529601937e+01
1.789919999999999956e+00 -2.704186496775969317e+01
1.790399999999999991e+00 -1.868271032919044217e+01
1.790880000000000027e+00 -1.606703368000146526e+01
1.791360000000000063e+00 -1.585190604936665082e+01
1.791840000000000099e+00 -1.583739347168756595e+01
1.792320000000000135e+00 -1.565653288628778839e+01
1.792799999999999949e+00 -1.555485335630734411e+01
1.793279999999999985e+00 -1.570357169752727344e+01
1.793760000000000021e+00 -1.565226309999025567e+01
1.794240000000000057e+00 -1.549023780564380282e+01
1.794720000000000093e+00 -1.550413396006480937e+01
1.795200000000000129e+00 -1.547299095983262340e+01
1.795679999999999943e+00 -1.567558954279359007e+01
1.796159999999999979e+00 -1.577098022364208951e+01
1.796640000000000015e+00 -1.576345464831848808e+01
1.797120000000000051e+00 -1.577002434880478710e+01
1.797600000000000087e+00 -1.563654726772840853e+01
1.798080000000000123e+00 -1.564244583735509586e+01
1.798559999999999937e+00 -1.562616039841317495e+01
1.799039999999999973e+00 -1.556008534937448573e+01
1.799520000000000008e+00 -1.566151160931962849e+01
1.800000000000000044e+00 -1.571397658336953995e+01
1.800480000000000080e+00 -1.550028474260003897e+01
1.800960000000000116e+00 -1.511373636286133504e+01
1.801440000000000152e+00 -1.544763049795721699e+01
1.801919999999999966e+00 -1.579339201366774503e+01
1.802400000000000002e+00 -1.556967955969078510e+01
1.802880000000000038e+00 -1.540719598944558122e+01
1.803360000000000074e+00 -1.524651713138429976e+01
1.803840000000000110e+00 -1.548396213616282502e+01
1.804320000000000146e+00 -1.579113249582139034e+01
1.804799999999999960e+00 -1.573764985787765802e+01
1.805279999999999996e+00 -1.564749883540727105e+01
1.805760000000000032e+00 -1.565300988316514008e+01
1.806240000000000068e+00 -1.574793374515933841e+01
1.806720000000000104e+00 -1.570473430981406082e+01
1.807200000000000140e+00 -1.559857065393296160e+01
1.807679999999999954e+00 -1.581993302631766873e+01
1.808159999999999989e+00 -1.577740544160035441e+01
1.808640000000000025e+00 -1.569881036157943655e+01
1.809120000000000061e+00 -1.603349734821535932e+01
1.809600000000000097e+00 -1.876312029528295966e+01
1.810080000000000133e+00 -2.726737040521078725e+01
1.810559999999999947e+00 -4.503980880681534416e+01
1.811039999999999983e+00 -5.439873850612779904e+01
1.811520000000000019e+00 -5.768436298520702366e+01
1.812000000000000055e+00 -5.962409225713368244e+01
1.812480000000000091e+00 -6.080833030952786089e+01
1.812960000000000127e+00 -6.166260910646096249e+01
1.813439999999999941e+00 -6.207338189153286834e+01
1.813919999999999977e+00 -6.236548142684133467e+01
1.814400000000000013e+00 -6.276675662540849032e+01
1.814880000000000049e+00 -6.338982518162299584e+01
1.815360000000000085e+00 -6.391253932039664676e+01
1.815840000000000121e+00 -6.462513529705003634e+01
1.816319999999999935e+00 -6.478460822647500095e+01
1.816799999999999971e+00 -6.487942370654695878e+01
1.817280000000000006e+00 -6.545770032571863339e+01
1.817760000000000042e+00 -6.609748237574459040e+01
1.818240000000000078e+00 -6.649855917828767815e+01
1.818720000000000114e+00 -6.664643939908161485e+01
1.819200000000000150e+00 -6.706660249106568017e+01
1.819679999999999964e+00 -6.727016219729576108e+01
1.820160000000000000e+00 -6.751137894692044483e+01
1.820640000000000036e+00 -6.750108461445611852e+01
1.821120000000000072e+00 -6.785094756513092307e+01
1.821600000000000108e+00 -6.809945269660362044e+01
1.822080000000000144e+00 -6.835696324603989638e+01
1.822559999999999958e+00 -6.906901963389944399e+01
1.823039999999999994e+00 -6.946313010970665403e+01
1.823520000000000030e+00 -6.957384966347797217e+01
1.824000000000000066e+00 -6.996007056796788959e+01
1.824480000000000102e+00 -7.025322077462337234e+01
1.824960000000000138e+00 -7.060236747951898906e+01
1.825439999999999952e+00 -7.094327165212757791e+01
1.825919999999999987e+00 -7.094878999070257919e+01
1.826400000000000023e+00 -7.140249684287371679e+01
1.826880000000000059e+00 -7.147737746195484476e+01
1.827360000000000095e+00 -7.147978626815748271e+01
1.827840000000000131e+00 -7.198132273430489647e+01
1.828319999999999945e+00 -7.206437668803113183e+01
1.828799999999999981e+00 -7.222308464859807486e+01
1.829280000000000017e+00 -7.259304828816917166e+01
1.829760000000000053e+00 -7.280348347170712486e+01
1.830240000000000089e+00 -7.307270405439365391e+01
1.830720000000000125e+00 -7.336103704624146360e+01
1.831199999999999939e+00 -7.344550070044427059e+01
1.831679999999999975e+00 -7.345057898565990229e+01
1.832160000000000011e+00 -7.348760460945580064e+01
1.832640000000000047e+00 -7.372407161862186342e+01
1.833120000000000083e+00 -7.398999939236068712e+01
1.833600000000000119e+00 -7.397442727464331824e+01
1.834080000000000155e+00 -7.405918898765213498e+01
1.834559999999999969e+00 -7.428542609482531134e+01
1.835040000000000004e+00 -7.465716957565602740e+01
1.835520000000000040e+00 -7.477183965231125740e+01
1.836000000000000076e+00 -7.470937886453974386e+01
1.836480000000000112e+00 -7.490406559200687298e+01
1.836960000000000148e+00 -7.515840801428691975e+01
1.837439999999999962e+00 -7.544008373782220644e+01
1.837919999999999998e+00 -7.563791508880426306e+01
1.838400000000000034e+00 -7.569819240528502746e+01
1.838880000000000070e+00 -7.569647623091756827e+01
1.839360000000000106e+00 -7.571494049017418604e+01
1.839840000000000142e+00 -7.564416323364102368e+01
1.840319999999999956e+00 -7.573178509979911155e+01
1.840799999999999992e+00 -7.591174602368030833e+01
1.841280000000000028e+00 -7.585758463009726427e+01
1.841760000000000064e+00 -7.582787265918145181e+01
1.842240000000000100e+00 -7.602559199375414778e+01
1.842720000000000136e+00 -7.639396413040469724e+01
1.843199999999999950e+00 -7.643673927161225379e+01
1.843679999999999986e+00 -7.620793260982119932e+01
1.844160000000000021e+00 -7.622954639777350394e+01
1.844640000000000057e+00 -7.652911621946142873e+01
1.845120000000000093e+00 -7.674433593696910805e+01
1.845600000000000129e+00 -7.652587655836994429e+01
1.846079999999999943e+00 -7.632384360964518066e+01
1.846559999999999979e+00 -7.676950283801333796e+01
1.847040000000000015e+00 -7.684296641445902765e+01
1.847520000000000051e+00 -7.700006844031736364e+01
1.848000000000000087e+00 -7.720511124882537501e+01
1.848480000000000123e+00 -7.711367792243609642e+01
1.848959999999999937e+00 -7.726884323330986604e+01
1.849439999999999973e+00 -7.740282821973950433e+01
1.849920000000000009e+00 -7.722846325524983513e+01
1.850400000000000045e+00 -7.721270360664911436e+01
1.850880000000000081e+00 -7.719476728156456602e+01
1.851360000000000117e+00 -7.719015129717942614e+01
1.851840000000000153e+00 -7.717361161860792151e+01
1.852319999999999967e+00 -7.715242214880164795e+01
1.852800000000000002e+00 -7.741591230446576333e+01
1.853280000000000038e+00 -7.764865677465658678e+01
1.853760000000000074e+00 -7.765984577939008204e+01
1.854240000000000110e+00 -7.759004120936347704e+01
1.854720000000000146e+00 -7.745566690003035148e+01
1.855199999999999960e+00 -7.768707994536131878e+01
1.855679999999999996e+00 -7.791387429374911733e+01
1.856160000000000032e+00 -7.795360141272192323e+01
1.856640000000000068e+00 -7.807009686874511090e+01
1.857120000000000104e+00 -7.831144063545852418e+01
1.857600000000000140e+00 -7.811551622724775257e+01
1.858079999999999954e+00 -7.769242729836616945e+01
1.858559999999999990e+00 -7.787944964136073622e+01
1.859040000000000026e+00 -7.808353423411489302e+01
1.859520000000000062e+00 -7.797021748157652610e+01
1.860000000000000098e+00 -7.815163141524374169e+01
1.860480000000000134e+00 -7.836256061290181663e+01
1.860959999999999948e+00 -7.823192296500539555e+01
1.861439999999999984e+00 -7.822081560550326174e+01
1.861920000000000019e+00 -7.818160147340222466e+01
1.862400000000000055e+00 -7.803855741714852456e+01
1.862880000000000091e+00 -7.801175160015340282e+01
1.863360000000000127e+00 -7.835897457256683651e+01
1.863839999999999941e+00 -7.866096521819878262e+01
1.864319999999999977e+00 -7.844742816068435332e+01
1.864800000000000013e+00 -7.826955419597537400e+01
1.865280000000000049e+00 -7.821703067021022093e+01
1.865760000000000085e+00 -7.846694061382157770e+01
1.866240000000000121e+00 -7.837920854495638423e+01
1.866719999999999935e+00 -7.849974024032198372e+01
1.867199999999999971e+00 -7.882452459610479423e+01
1.867680000000000007e+00 -7.864086686112571556e+01
1.868160000000000043e+00 -7.850556693982674972e+01
1.868640000000000079e+00 -7.862853485640447104e+01
1.869120000000000115e+00 -7.862549597108016997e+01
1.869600000000000151e+00 -7.862266944585768158e+01
1.870079999999999965e+00 -7.881166844903160040e+01
1.870560000000000000e+00 -7.903389020736999271e+01
1.871040000000000036e+00 -7.905631525373269142e+01
1.871520000000000072e+00 -7.900660565225216203e+01
1.872000000000000108e+00 -7.877358136574301284e+01
1.872479999999999922e+00 -7.907121920507771051e+01
1.872959999999999958e+00 -7.922605932156419328e+01
1.873439999999999994e+00 -7.893930181212772368e+01
1.873920000000000030e+00 -7.892039106510064528e+01
1.874400000000000066e+00 -7.934138816639412539e+01
1.874880000000000102e+00 -7.935869867600938221e+01
1.875360000000000138e+00 -7.923247899688418272e+01
1.875839999999999952e+00 -7.918211118544344629e+01
1.876319999999999988e+00 -7.904129573560183530e+01
1.876800000000000024e+00 -7.915586449331107133e+01
1.877280000000000060e+00 -7.946461429997323478e+01
1.877760000000000096e+00 -7.949641578970106082e+01
1.878240000000000132e+00 -7.947783967648969394e+01
1.878719999999999946e+00 -7.928876571714614840e+01
1.879199999999999982e+00 -7.928121241367165339e+01
1.879680000000000017e+00 -7.947804404068956785e+01
1.880160000000000053e+00 -7.947874517001976358e+01
1.880640000000000089e+00 -7.940295418091909596e+01
1.881120000000000125e+00 -7.929248532358751334e+01
1.881599999999999939e+00 -7.946087698388120657e+01
1.882079999999999975e+00 -7.965210478508925007e+01
1.882560000000000011e+00 -7.969186169985563595e+01
1.883040000000000047e+00 -7.964413776338057005e+01
1.883520000000000083e+00 -7.969950027911565371e+01
1.884000000000000119e+00 -7.977782833978406529e+01
1.884479999999999933e+00 -7.973251565156630249e+01
1.884959999999999969e+00 -7.978423812331941178e+01
1.885440000000000005e+00 -7.962008110331814237e+01
1.885920000000000041e+00 -7.959410151156430402e+01
1.886400000000000077e+00 -8.000132281431237402e+01
1.886880000000000113e+00 -8.017661109940264907e+01
1.887360000000000149e+00 -8.013232915184842398e+01
1.887839999999999963e+00 -8.008664213890635608e+01
1.888319999999999999e+00 -7.980743699811432634e+01
1.888800000000000034e+00 -7.993084856918562764e+01
1.889280000000000070e+00 -8.031826308707681505e+01
1.889760000000000106e+00 -8.032497804005234343e+01
1.890239999999999920e+00 -8.003025774882488008e+01
1.890719999999999956e+00 -7.991882738895100147e+01
1.891199999999999992e+00 -7.985077315950179866e+01
1.891680000000000028e+00 -7.982987847157704664e+01
1.892160000000000064e+00 -8.025367690466171666e+01
1.892640000000000100e+00 -8.030944683872594680e+01
1.893120000000000136e+00 -7.987503510610649471e+01
1.893599999999999950e+00 -7.997371453848013800e+01
1.894079999999999986e+00 -7.998609530633585507e+01
1.894560000000000022e+00 -7.983837880057991754e+01
1.895040000000000058e+00 -8.034917609999047272e+01
1.895520000000000094e+00 -8.053873378254618842e+01
1.896000000000000130e+00 -8.042674582911675429e+01
1.896479999999999944e+00 -8.051063520376676763e+01
1.896959999999999980e+00 -8.032736732873495100e+01
1.897440000000000015e+00 -8.026588882851100948e+01
1.897920000000000051e+00 -8.047486060661265128e+01
1.898400000000000087e+00 -8.070977376024180217e+01
1.898880000000000123e+00 -8.062567969342774177e+01
1.899359999999999937e+00 -8.041590068307101546e+01
1.899839999999999973e+00 -8.036279121762746058e+01
1.900320000000000009e+00 -8.042088543600971207e+01
1.900800000000000045e+00 -8.050734826756728069e+01
1.901280000000000081e+00 -8.061824878555151486e+01
1.901760000000000117e+00 -8.101942667248627572e+01
1.902239999999999931e+00 -8.117277902593723127e+01
1.902719999999999967e+00 -8.130122988723204003e+01
1.903200000000000003e+00 -8.143414497660199913e+01
1.903680000000000039e+00 -8.193313767752655963e+01
1.904160000000000075e+00 -8.274020061214136490e+01
1.904640000000000111e+00 -8.308180527400898541e+01
1.905120000000000147e+00 -8.329985428617777643e+01
1.905599999999999961e+00 -8.345643721819276095e+01
1.906079999999999997e+00 -8.381903819645356180e+01
1.906560000000000032e+00 -8.475872579874784662e+01
1.907040000000000068e+00 -8.581803747605653143e+01
1.907520000000000104e+00 -8.673103989036422945e+01
1.907999999999999918e+00 -8.776953922078737946e+01
1.908479999999999954e+00 -8.874407211555694630e+01
1.908959999999999990e+00 -8.954387830186578867e+01
1.909440000000000026e+00 -9.061174845654480237e+01
1.909920000000000062e+00 -9.145748632154422353e+01
1.910400000000000098e+00 -9.221791900703480849e+01
1.910880000000000134e+00 -9.330683754356361703e+01
1.911359999999999948e+00 -9.417275234561063257e+01
1.911839999999999984e+00 -9.476505167078292402e+01
1.912320000000000020e+00 -9.574417455520375597e+01
1.912800000000000056e+00 -9.609692208044052109e+01
1.913280000000000092e+00 -9.610968382013635392e+01
1.913760000000000128e+00 -9.636746094163750342e+01
1.914239999999999942e+00 -9.662871255801486825e+01
1.914719999999999978e+00 -9.699016958995765947e+01
1.915200000000000014e+00 -9.728085315846786330e+01
1.915680000000000049e+00 -9.746941357849905785e+01
1.916160000000000085e+00 -9.754674333488979698e+01
1.916640000000000121e+00 -9.730142517904920396e+01
1.917119999999999935e+00 -9.716592926945001807e+01
1.917599999999999971e+00 -9.686773604568890050e+01
1.918080000000000007e+00 -9.698884550757266254e+01
1.918560000000000043e+00 -9.714642069194114526e+01
1.919040000000000079e+00 -9.692076718771357946e+01
1.919520000000000115e+00 -9.733025352475195291e+01
1.919999999999999929e+00 -9.735135083181835114e+01
1.920479999999999965e+00 -9.718691887733092472e+01
1.920960000000000001e+00 -9.753192402716180709e+01
1.921440000000000037e+00 -9.745392515548279277e+01
1.921920000000000073e+00 -9.759657233271730092e+01
1.922400000000000109e+00 -9.723402239273546854e+01
