1.677119999999999944e+00 -8.267021431471094672e+01
1.677599999999999980e+00 -8.418543794085113063e+01
1.678080000000000016e+00 -8.367245088102154682e+01
1.678560000000000052e+00 -8.393996745629286238e+01
1.679040000000000088e+00 -8.356474381307228327e+01
1.679520000000000124e+00 -8.424649362838535183e+01
1.680000000000000160e+00 -8.391298581440253201e+01
1.680479999999999974e+00 -8.441553369880321611e+01
1.680960000000000010e+00 -8.426671723669488756e+01
1.681440000000000046e+00 -8.449695788826406329e+01
1.681920000000000082e+00 -8.492524039040711159e+01
1.682400000000000118e+00 -8.465738852045272722e+01
1.682880000000000154e+00 -8.482994197583921903e+01
1.683359999999999967e+00 -8.482124483708771834e+01
1.683840000000000003e+00 -8.540696712419112657e+01
1.684320000000000039e+00 -8.527457498505495437e+01
1.684800000000000075e+00 -8.541215321340619937e+01
1.685280000000000111e+00 -8.546561230551911592e+01
1.685760000000000147e+00 -8.551792320057666075e+01
1.686239999999999961e+00 -8.559473446625044346e+01
1.686719999999999997e+00 -8.584512848079722858e+01
1.687200000000000033e+00 -8.588312236177679893e+01
1.687680000000000069e+00 -8.609321064395699352e+01
1.688160000000000105e+00 -8.600294384619485299e+01
1.688640000000000141e+00 -8.570814479990943369e+01
1.689119999999999955e+00 -8.551917432525027607e+01
1.689599999999999991e+00 -8.497626587339038906e+01
1.690080000000000027e+00 -8.407153061600135402e+01
1.690560000000000063e+00 -8.376976526671901979e+01
1.691040000000000099e+00 -8.323383018393488442e+01
1.691520000000000135e+00 -8.239026554901397503e+01
1.692000000000000171e+00 -8.157203169483710781e+01
1.692479999999999984e+00 -8.088354372514100987e+01
1.692960000000000020e+00 -8.023536103289575294e+01
1.693440000000000056e+00 -7.951649605239234120e+01
1.693920000000000092e+00 -7.884094395454047799e+01
1.694400000000000128e+00 -7.815997455392178495e+01
1.694879999999999942e+00 -7.742483332834002852e+01
1.695359999999999978e+00 -7.693211239585667727e+01
1.695840000000000014e+00 -7.692567669373221406e+01
1.696320000000000050e+00 -7.650704014073173198e+01
1.696800000000000086e+00 -7.584692240144424602e+01
1.697280000000000122e+00 -7.587425180444689943e+01
1.697760000000000158e+00 -7.557761154708350659e+01
1.698239999999999972e+00 -7.534586821087577846e+01
1.698720000000000008e+00 -7.474231255018396780e+01
1.699200000000000044e+00 -7.453196211059247389e+01
1.699680000000000080e+00 -7.467186376396851699e+01
1.700160000000000116e+00 -7.452465777957375792e+01
1.700640000000000152e+00 -7.463264549407979587e+01
1.701119999999999965e+00 -7.455547855622032216e+01
1.701600000000000001e+00 -7.421233808325288805e+01
1.702080000000000037e+00 -7.428571783475884160e+01
1.702560000000000073e+00 -7.425322940546632822e+01
1.703040000000000109e+00 -7.418215264156228272e+01
1.703520000000000145e+00 -7.417603485258058527e+01
1.703999999999999959e+00 -7.429788160229283278e+01
1.704479999999999995e+00 -7.431075351921839456e+01
1.704960000000000031e+00 -7.413223157758285708e+01
1.705440000000000067e+00 -7.423811657124639396e+01
1.705920000000000103e+00 -7.397108130151482897e+01
1.706400000000000139e+00 -7.381230059886144090e+01
1.706879999999999953e+00 -7.392783698807949122e+01
1.707359999999999989e+00 -7.393956746954432901e+01
1.707840000000000025e+00 -7.371084265141259095e+01
1.708320000000000061e+00 -7.367836838032522451e+01
1.708800000000000097e+00 -7.353595239870593048e+01
1.709280000000000133e+00 -7.354251196371795629e+01
1.709760000000000169e+00 -7.324218288412318145e+01
1.710239999999999982e+00 -7.292112514590144201e+01
1.710720000000000018e+00 -7.294891882007891581e+01
1.711200000000000054e+00 -7.296309354763715760e+01
1.711680000000000090e+00 -7.247795479895465576e+01
1.712160000000000126e+00 -7.228614623510014781e+01
1.712639999999999940e+00 -7.206328968045446004e+01
1.713119999999999976e+00 -7.206941398570809554e+01
1.713600000000000012e+00 -7.182013241872834897e+01
1.714080000000000048e+00 -7.161545666299977597e+01
1.714560000000000084e+00 -7.182944287526866844e+01
1.715040000000000120e+00 -7.169982660831220755e+01
1.715520000000000156e+00 -7.149280822270051772e+01
1.715999999999999970e+00 -7.148818004020516526e+01
1.716480000000000006e+00 -7.136986605808645834e+01
1.716960000000000042e+00 -7.153147172925542918e+01
1.717440000000000078e+00 -7.173083184010262414e+01
1.717920000000000114e+00 -7.163340317569888782e+01
1.718400000000000150e+00 -7.156472921706640022e+01
1.718879999999999963e+00 -7.129465605917448556e+01
1.719359999999999999e+00 -7.128700243238671419e+01
1.719840000000000035e+00 -7.142742054367954552e+01
1.720320000000000071e+00 -7.124954187053204180e+01
1.720800000000000107e+00 -7.109506067361451187e+01
1.721280000000000143e+00 -7.124414445460179479e+01
1.721759999999999957e+00 -7.123673469398771374e+01
1.722239999999999993e+00 -7.118365377818071238e+01
1.722720000000000029e+00 -7.083802604725831031e+01
1.723200000000000065e+00 -7.011621485897056516e+01
1.723680000000000101e+00 -6.994078928728231404e+01
1.724160000000000137e+00 -6.983380321432866822e+01
1.724639999999999951e+00 -6.960230408619507614e+01
1.725119999999999987e+00 -6.927455561984405108e+01
1.725600000000000023e+00 -6.917869220068834579e+01
1.726080000000000059e+00 -6.893172830006119511e+01
1.726560000000000095e+00 -6.857384941028611536e+01
1.727040000000000131e+00 -6.859976597399254672e+01
1.727520000000000167e+00 -6.880013238422199606e+01
1.727999999999999980e+00 -6.861446130175977487e+01
1.728480000000000016e+00 -6.857609145618270929e+01
1.728960000000000052e+00 -6.861085224923311898e+01
1.729440000000000088e+00 -6.849323114680316849e+01
1.729920000000000124e+00 -6.835687426549711176e+01
1.730399999999999938e+00 -6.856610098436561884e+01
1.730879999999999974e+00 -6.831784075860770145e+01
1.731360000000000010e+00 -6.814557608224583873e+01
1.731840000000000046e+00 -6.826289480505646168e+01
1.732320000000000082e+00 -6.823228439206926055e+01
1.732800000000000118e+00 -6.823101372275257859e+01
1.733280000000000154e+00 -6.816641609167976412e+01
1.733759999999999968e+00 -6.786574362087425527e+01
1.734240000000000004e+00 -6.764822796202028599e+01
1.734720000000000040e+00 -6.782823099988026172e+01
1.735200000000000076e+00 -6.778270711694216288e+01
1.735680000000000112e+00 -6.755220334195772125e+01
1.736160000000000148e+00 -6.728336172040681618e+01
1.736639999999999961e+00 -6.724089480059367929e+01
1.737119999999999997e+00 -6.712961512530907271e+01
1.737600000000000033e+00 -6.709058270926200862e+01
1.738080000000000069e+00 -6.702792552758525346e+01
1.738560000000000105e+00 -6.685348372930496907e+01
1.739040000000000141e+00 -6.672231754339097165e+01
1.739519999999999955e+00 -6.669926250422746250e+01
1.739999999999999991e+00 -6.668593338983322383e+01
1.740480000000000027e+00 -6.656512871085121219e+01
1.740960000000000063e+00 -6.629787678440023058e+01
1.741440000000000099e+00 -6.619437216898806753e+01
1.741920000000000135e+00 -6.614855799320991991e+01
1.742399999999999949e+00 -6.609845534664606248e+01
1.742879999999999985e+00 -6.574129006998747116e+01
1.743360000000000021e+00 -6.537644192319483238e+01
1.743840000000000057e+00 -6.509114219278364999e+01
1.744320000000000093e+00 -6.532133411822296409e+01
1.744800000000000129e+00 -6.523832792877512077e+01
1.745279999999999943e+00 -6.509755524257762715e+01
1.745759999999999978e+00 -6.520599253760067882e+01
1.746240000000000014e+00 -6.506954382229980638e+01
1.746720000000000050e+00 -6.483603635091411377e+01
1.747200000000000086e+00 -6.472599261552619510e+01
1.747680000000000122e+00 -6.464000723394990189e+01
1.748159999999999936e+00 -6.460503637994439430e+01
1.748639999999999972e+00 -6.483952050066525885e+01
1.749120000000000008e+00 -6.468581012803687713e+01
1.749600000000000044e+00 -6.435152414270044119e+01
1.750080000000000080e+00 -6.419711796088191136e+01
1.750560000000000116e+00 -6.413967247754784751e+01
1.751040000000000152e+00 -6.421760806490229356e+01
1.751519999999999966e+00 -6.416071824610460794e+01
1.752000000000000002e+00 -6.377396591060794151e+01
1.752480000000000038e+00 -6.342394792204238740e+01
1.752960000000000074e+00 -6.337670934728411254e+01
1.753440000000000110e+00 -6.343010033774510248e+01
1.753920000000000146e+00 -6.334564683396830986e+01
1.754399999999999959e+00 -6.317152639665304292e+01
1.754879999999999995e+00 -6.329005229789289189e+01
1.755360000000000031e+00 -6.316352857731337167e+01
1.755840000000000067e+00 -6.313304445956822519e+01
1.756320000000000103e+00 -6.301754925234605054e+01
1.756800000000000139e+00 -6.258132204634534901e+01
1.757279999999999953e+00 -6.235112087765651268e+01
1.757759999999999989e+00 -6.221706387659332904e+01
1.758240000000000025e+00 -6.201556555033441498e+01
1.758720000000000061e+00 -6.178986550172138692e+01
1.759200000000000097e+00 -6.165278139018268178e+01
1.759680000000000133e+00 -6.141227286320502543e+01
1.760159999999999947e+00 -6.081038988293960301e+01
1.760639999999999983e+00 -6.062733632858277133e+01
1.761120000000000019e+00 -6.068915129893649407e+01
1.761600000000000055e+00 -6.058642840153098064e+01
1.762080000000000091e+00 -6.029259447568179553e+01
1.762560000000000127e+00 -5.996827939398723117e+01
1.763039999999999941e+00 -5.980797306691690096e+01
1.763519999999999976e+00 -5.997912008162305142e+01
1.764000000000000012e+00 -6.026069315610781985e+01
1.764480000000000048e+00 -6.020034294042579859e+01
1.764960000000000084e+00 -6.024781516879306054e+01
1.765440000000000120e+00 -5.985272866305808748e+01
1.765919999999999934e+00 -5.922035413544916338e+01
1.766399999999999970e+00 -5.892603242967108201e+01
1.766880000000000006e+00 -5.876141517408101578e+01
1.767360000000000042e+00 -5.836918858411988253e+01
1.767840000000000078e+00 -5.787027510410118225e+01
1.768320000000000114e+00 -5.747145271350614593e+01
1.768800000000000150e+00 -5.682873357580178464e+01
1.769279999999999964e+00 -5.585368316535483046e+01
1.769760000000000000e+00 -5.516820007791576330e+01
1.770240000000000036e+00 -5.459860334495890299e+01
1.770720000000000072e+00 -5.403550147400936510e+01
1.771200000000000108e+00 -5.391413234441522917e+01
1.771680000000000144e+00 -5.391793525320509417e+01
1.772159999999999958e+00 -5.349470629544553901e+01
1.772639999999999993e+00 -5.294992965173666022e+01
1.773120000000000029e+00 -5.256815117558176098e+01
1.773600000000000065e+00 -5.242632984032805155e+01
1.774080000000000101e+00 -5.194032991220815632e+01
1.774560000000000137e+00 -5.128832612794813883e+01
1.775039999999999951e+00 -5.078368737831429058e+01
1.775519999999999987e+00 -5.040680659572030464e+01
1.776000000000000023e+00 -4.981429200077518260e+01
1.776480000000000059e+00 -4.927769979997901117e+01
1.776960000000000095e+00 -4.874427261800152422e+01
1.777440000000000131e+00 -4.805477218273716034e+01
1.777919999999999945e+00 -4.737741470560654733e+01
1.778399999999999981e+00 -4.670311468819879508e+01
1.778880000000000017e+00 -4.545291509376422567e+01
1.779360000000000053e+00 -4.470590718680529818e+01
1.779840000000000089e+00 -4.425424953846842868e+01
1.780320000000000125e+00 -4.385162608633139314e+01
1.780799999999999939e+00 -4.375321687058711007e+01
1.781279999999999974e+00 -4.360019440349986297e+01
1.781760000000000010e+00 -4.324115507835682592e+01
1.782240000000000046e+00 -4.278288751888160846e+01
1.782720000000000082e+00 -4.278763612846817921e+01
1.783200000000000118e+00 -4.290729687715862894e+01
1.783680000000000154e+00 -4.285877617535349060e+01
1.784159999999999968e+00 -4.268954926529100646e+01
1.784640000000000004e+00 -4.250311715040649574e+01
1.785120000000000040e+00 -4.238443479938109704e+01
1.785600000000000076e+00 -4.209618657665903640e+01
1.786080000000000112e+00 -4.170120743183790069e+01
1.786560000000000148e+00 -4.156386518946381159e+01
1.787039999999999962e+00 -4.107168838157249979e+01
1.787519999999999998e+00 -4.044699522798046587e+01
1.788000000000000034e+00 -4.018901627888637051e+01
1.788480000000000070e+00 -3.981565720884793791e+01
1.788960000000000106e+00 -3.929412651433072767e+01
1.789440000000000142e+00 -3.886240762747193855e+01
1.789919999999999956e+00 -3.439826909336603222e+01
1.790399999999999991e+00 -2.756269314476157462e+01
1.790880000000000027e+00 -2.513441630111439551e+01
1.791360000000000063e+00 -2.497117735916889458e+01
1.791840000000000099e+00 -2.491936604481992390e+01
1.792320000000000135e+00 -2.475859182712713391e+01
1.792799999999999949e+00 -2.465143683847345812e+01
1.793279999999999985e+00 -2.479345467135094339e+01
1.793760000000000021e+00 -2.480263027570897805e+01
1.794240000000000057e+00 -2.468604889259561475e+01
1.794720000000000093e+00 -2.471849623248237293e+01
1.795200000000000129e+00 -2.463795589377678397e+01
1.795679999999999943e+00 -2.475591885834649730e+01
1.796159999999999979e+00 -2.481803551556250653e+01
1.796640000000000015e+00 -2.487221249872698081e+01
1.797120000000000051e+00 -2.494951050362917044e+01
1.797600000000000087e+00 -2.479575385063408177e+01
1.798080000000000123e+00 -2.479686065859429078e+01
1.798559999999999937e+00 -2.485974940316182469e+01
1.799039999999999973e+00 -2.475703644474596743e+01
1.799520000000000008e+00 -2.480323268941494419e+01
1.800000000000000044e+00 -2.496763070545097563e+01
1.800480000000000080e+00 -2.489662698628715276e+01
1.800960000000000116e+00 -2.450961348497431302e+01
1.801440000000000152e+00 -2.480904639963872071e+01
1.801919999999999966e+00 -2.531535972199027995e+01
1.802400000000000002e+00 -2.514671017831463118e+01
1.802880000000000038e+00 -2.497172434896094728e+01
1.803360000000000074e+00 -2.487397236658510025e+01
1.803840000000000110e+00 -2.517973492640987843e+01
1.804320000000000146e+00 -2.554927379595600456e+01
1.804799999999999960e+00 -2.555956106815120421e+01
1.805279999999999996e+00 -2.559591358544412287e+01
1.805760000000000032e+00 -2.564168548994641839e+01
1.806240000000000068e+00 -2.567305329208712195e+01
1.806720000000000104e+00 -2.558661395250032200e+01
1.807200000000000140e+00 -2.550935566607080673e+01
1.807679999999999954e+00 -2.578521744512223535e+01
1.808159999999999989e+00 -2.574764502831306601e+01
1.808640000000000025e+00 -2.561671586917558585e+01
1.809120000000000061e+00 -2.588069743160401259e+01
1.809600000000000097e+00 -2.845599710654371250e+01
1.810080000000000133e+00 -3.501237385735466745e+01
1.810559999999999947e+00 -3.893520262443826141e+01
1.811039999999999983e+00 -3.946511150152385028e+01
1.811520000000000019e+00 -3.962648708890780824e+01
1.812000000000000055e+00 -3.995618450889834605e+01
1.812480000000000091e+00 -4.054963746460275331e+01
1.812960000000000127e+00 -4.089453809140651686e+01
1.813439999999999941e+00 -4.110985614648706132e+01
1.813919999999999977e+00 -4.136868777584632539e+01
1.814400000000000013e+00 -4.189198388846977394e+01
1.814880000000000049e+00 -4.249235961685327823e+01
1.815360000000000085e+00 -4.267144416006655661e+01
1.815840000000000121e+00 -4.286283371890095850e+01
1.816319999999999935e+00 -4.313328778734679503e+01
1.816799999999999971e+00 -4.350076245879147052e+01
1.817280000000000006e+00 -4.400473368341157254e+01
1.817760000000000042e+00 -4.470498465783516906e+01
1.818240000000000078e+00 -4.492411025451092854e+01
1.818720000000000114e+00 -4.508472401670203311e+01
1.819200000000000150e+00 -4.523855421313447067e+01
1.819679999999999964e+00 -4.562065336281940375e+01
1.820160000000000000e+00 -4.602820971389169813e+01
1.820640000000000036e+00 -4.674240017903710509e+01
1.821120000000000072e+00 -4.746031661639138832e+01
1.821600000000000108e+00 -4.770027259692854216e+01
1.822080000000000144e+00 -4.813533080613509441e+01
1.822559999999999958e+00 -4.888455102104131811e+01
1.823039999999999994e+00 -4.939721309902695623e+01
1.823520000000000030e+00 -5.020899805519479742e+01
1.824000000000000066e+00 -5.093235583323617277e+01
1.824480000000000102e+00 -5.154670214269496853e+01
1.824960000000000138e+00 -5.206417035464700405e+01
1.825439999999999952e+00 -5.284629665233745754e+01
1.825919999999999987e+00 -5.358484558389312724e+01
1.826400000000000023e+00 -5.435643246133620465e+01
1.826880000000000059e+00 -5.492726208382138964e+01
1.827360000000000095e+00 -5.528110743761143198e+01
1.827840000000000131e+00 -5.600559557830239754e+01
1.828319999999999945e+00 -5.663724583765176845e+01
1.828799999999999981e+00 -5.693752897460728235e+01
1.829280000000000017e+00 -5.724817143385068618e+01
1.829760000000000053e+00 -5.738727836680551064e+01
1.830240000000000089e+00 -5.793077321285851156e+01
1.830720000000000125e+00 -5.835909600002573683e+01
1.831199999999999939e+00 -5.894299487382409808e+01
1.831679999999999975e+00 -5.926023424764605352e+01
1.832160000000000011e+00 -5.973681799782922042e+01
1.832640000000000047e+00 -6.034566064329222002e+01
1.833120000000000083e+00 -6.062183623685779565e+01
1.833600000000000119e+00 -6.086769984041639958e+01
1.834080000000000155e+00 -6.137415790191565179e+01
1.834559999999999969e+00 -6.190438283542188458e+01
1.835040000000000004e+00 -6.227683299364213099e+01
1.835520000000000040e+00 -6.210893260457888942e+01
1.836000000000000076e+00 -6.253408349789076226e+01
1.836480000000000112e+00 -6.289786707954397826e+01
1.836960000000000148e+00 -6.325933325810719765e+01
1.837439999999999962e+00 -6.355942285361177824e+01
1.837919999999999998e+00 -6.371274908620561916e+01
1.838400000000000034e+00 -6.395956228110262742e+01
1.838880000000000070e+00 -6.390804076991632598e+01
1.839360000000000106e+00 -6.403977223590946721e+01
1.839840000000000142e+00 -6.419193616376401224e+01
1.840319999999999956e+00 -6.408606630723207331e+01
1.840799999999999992e+00 -6.424505165091235881e+01
1.841280000000000028e+00 -6.426080190637068768e+01
1.841760000000000064e+00 -6.427042175891725151e+01
1.842240000000000100e+00 -6.429124472953479597e+01
1.842720000000000136e+00 -6.445047887760847516e+01
1.843199999999999950e+00 -6.441909196572174778e+01
1.843679999999999986e+00 -6.447518573346025050e+01
1.844160000000000021e+00 -6.485925204488641782e+01
1.844640000000000057e+00 -6.490688776485352207e+01
1.845120000000000093e+00 -6.490336404923151292e+01
1.845600000000000129e+00 -6.530773218899622634e+01
1.846079999999999943e+00 -6.547534427045809480e+01
1.846559999999999979e+00 -6.611439573012071946e+01
1.847040000000000015e+00 -6.648187962743500634e+01
1.847520000000000051e+00 -6.645781851076836233e+01
1.848000000000000087e+00 -6.661293279346486429e+01
1.848480000000000123e+00 -6.687506807950182974e+01
1.848959999999999937e+00 -6.737285210793766055e+01
1.849439999999999973e+00 -6.740966697960669762e+01
1.849920000000000009e+00 -6.749574750041841753e+01
1.850400000000000045e+00 -6.739795950683286208e+01
1.850880000000000081e+00 -6.717013183980526492e+01
1.851360000000000117e+00 -6.715447084348680562e+01
1.851840000000000153e+00 -6.722127282210313126e+01
1.852319999999999967e+00 -6.701769344330864442e+01
1.852800000000000002e+00 -6.676612924710173047e+01
1.853280000000000038e+00 -6.686002872275344089e+01
1.853760000000000074e+00 -6.698070188141480230e+01
1.854240000000000110e+00 -6.695347739435507606e+01
1.854720000000000146e+00 -6.732898386965612758e+01
1.855199999999999960e+00 -6.741003865037488652e+01
1.855679999999999996e+00 -6.715590629213448892e+01
1.856160000000000032e+00 -6.755980729944701579e+01
1.856640000000000068e+00 -6.782757735495866314e+01
1.857120000000000104e+00 -6.785929913359541388e+01
1.857600000000000140e+00 -6.794540225381490473e+01
1.858079999999999954e+00 -6.817365836527181955e+01
1.858559999999999990e+00 -6.848358160749108947e+01
1.859040000000000026e+00 -6.864371949138717355e+01
1.859520000000000062e+00 -6.862721831410614470e+01
1.860000000000000098e+00 -6.856667094573595023e+01
1.860480000000000134e+00 -6.863872861299006445e+01
1.860959999999999948e+00 -6.881258794958615965e+01
1.861439999999999984e+00 -6.893109467039140270e+01
1.861920000000000019e+00 -6.888152778774977492e+01
1.862400000000000055e+00 -6.884381049770806271e+01
1.862880000000000091e+00 -6.895460628934128522e+01
1.863360000000000127e+00 -6.926559516774136682e+01
1.863839999999999941e+00 -6.928801336159246205e+01
1.864319999999999977e+00 -6.931419460721102155e+01
1.864800000000000013e+00 -6.953710933656709869e+01
1.865280000000000049e+00 -6.992860712329279238e+01
1.865760000000000085e+00 -7.001680353817990010e+01
1.866240000000000121e+00 -7.015253117709298181e+01
1.866719999999999935e+00 -7.045666594814390749e+01
1.867199999999999971e+00 -7.057406987978066581e+01
1.867680000000000007e+00 -7.068327165524493694e+01
1.868160000000000043e+00 -7.078744236310103588e+01
1.868640000000000079e+00 -7.077397671728576256e+01
1.869120000000000115e+00 -7.093133373845189737e+01
1.869600000000000151e+00 -7.087343911284708042e+01
1.870079999999999965e+00 -7.106731749255334307e+01
1.870560000000000000e+00 -7.108635210148167971e+01
1.871040000000000036e+00 -7.086390572308950198e+01
1.871520000000000072e+00 -7.089133104209855674e+01
1.872000000000000108e+00 -7.042934780937048345e+01
1.872479999999999922e+00 -7.039896757093168844e+01
1.872959999999999958e+00 -7.051696104493669282e+01
1.873439999999999994e+00 -7.058365551765723467e+01
1.873920000000000030e+00 -7.096379309730592411e+01
1.874400000000000066e+00 -7.122417478124272350e+01
1.874880000000000102e+00 -7.109671286425913195e+01
1.875360000000000138e+00 -7.117686993582933042e+01
1.875839999999999952e+00 -7.130565036629398890e+01
1.876319999999999988e+00 -7.176076116348106382e+01
1.876800000000000024e+00 -7.201256305903163479e+01
1.877280000000000060e+00 -7.202458829733282641e+01
1.877760000000000096e+00 -7.206442476721427681e+01
1.878240000000000132e+00 -7.209544191200083674e+01
1.878719999999999946e+00 -7.208343308867013377e+01
1.879199999999999982e+00 -7.220952198304311764e+01
1.879680000000000017e+00 -7.246678727870580872e+01
1.880160000000000053e+00 -7.259964531503564444e+01
1.880640000000000089e+00 -7.247513310610973747e+01
1.881120000000000125e+00 -7.262249002039476409e+01
1.881599999999999939e+00 -7.274939211383320981e+01
1.882079999999999975e+00 -7.261590446604145654e+01
1.882560000000000011e+00 -7.266680996471130527e+01
1.883040000000000047e+00 -7.256209554379108795e+01
1.883520000000000083e+00 -7.257901582763182091e+01
1.884000000000000119e+00 -7.255717051082453395e+01
1.884479999999999933e+00 -7.269937492169569282e+01
1.884959999999999969e+00 -7.309390921830458865e+01
1.885440000000000005e+00 -7.322094547465204073e+01
1.885920000000000041e+00 -7.304049339505590410e+01
1.886400000000000077e+00 -7.288980592527738622e+01
1.886880000000000113e+00 -7.296090651021162898e+01
1.887360000000000149e+00 -7.292981030804662623e+01
1.887839999999999963e+00 -7.311845548909181502e+01
1.888319999999999999e+00 -7.320087043343764321e+01
1.888800000000000034e+00 -7.308033548147574265e+01
1.889280000000000070e+00 -7.335884364531507629e+01
1.889760000000000106e+00 -7.320583763565207391e+01
1.890239999999999920e+00 -7.275823610431012867e+01
1.890719999999999956e+00 -7.294964919984840890e+01
1.891199999999999992e+00 -7.324106642504850129e+01
1.891680000000000028e+00 -7.333006172083250362e+01
1.892160000000000064e+00 -7.346121719540559525e+01
1.892640000000000100e+00 -7.360272163159675074e+01
1.893120000000000136e+00 -7.356511553206098597e+01
1.893599999999999950e+00 -7.377918535988834492e+01
1.894079999999999986e+00 -7.422560827706233511e+01
1.894560000000000022e+00 -7.408212072261252956e+01
1.895040000000000058e+00 -7.380419929464584072e+01
1.895520000000000094e+00 -7.391187689326899601e+01
1.896000000000000130e+00 -7.416113953591579389e+01
1.896479999999999944e+00 -7.438508266839082239e+01
1.896959999999999980e+00 -7.417158451467038560e+01
1.897440000000000015e+00 -7.397784952117788748e+01
1.897920000000000051e+00 -7.400955005745295523e+01
1.898400000000000087e+00 -7.400616283558261443e+01
1.898880000000000123e+00 -7.399404155696183238e+01
1.899359999999999937e+00 -7.406083903196039842e+01
1.899839999999999973e+00 -7.385327815040793098e+01
1.900320000000000009e+00 -7.391198762536799904e+01
1.900800000000000045e+00 -7.417524555782374307e+01
1.901280000000000081e+00 -7.437231820780944247e+01
1.901760000000000117e+00 -7.422334351996263990e+01
1.902239999999999931e+00 -7.447441162323455899e+01
1.902719999999999967e+00 -7.510124444729402171e+01
1.903200000000000003e+00 -7.543018809406544278e+01
1.903680000000000039e+00 -7.537751529478119039e+01
1.904160000000000075e+00 -7.569201988526117475e+01
1.904640000000000111e+00 -7.600281280968854958e+01
1.905120000000000147e+00 -7.644213407182243714e+01
1.905599999999999961e+00 -7.557212227449042530e+01
1.906079999999999997e+00 -7.459308336513248605e+01
1.906560000000000032e+00 -7.683262766324878612e+01
1.907040000000000068e+00 -7.856116856820491989e+01
1.907520000000000104e+00 -7.939389997340501282e+01
1.907999999999999918e+00 -8.025279070971564011e+01
1.908479999999999954e+00 -8.124555619852483801e+01
1.908959999999999990e+00 -8.203386436881319810e+01
1.909440000000000026e+00 -8.254981927097868777e+01
1.909920000000000062e+00 -8.321154818662799357e+01
1.910400000000000098e+00 -8.371352094302712032e+01
1.910880000000000134e+00 -8.415109927032656856e+01
1.911359999999999948e+00 -8.472071617321151393e+01
1.911839999999999984e+00 -8.472556825563589200e+01
1.912320000000000020e+00 -8.493473698495219537e+01
1.912800000000000056e+00 -8.510410691139836104e+01
1.913280000000000092e+00 -8.496671667454907606e+01
1.913760000000000128e+00 -8.468305155397980855e+01
1.914239999999999942e+00 -8.452646724086403651e+01
1.914719999999999978e+00 -8.434846615712567086e+01
1.915200000000000014e+00 -8.406831342336769808e+01
1.915680000000000049e+00 -8.410889589213992679e+01
1.916160000000000085e+00 -8.365463673278844681e+01
1.916640000000000121e+00 -8.375637639466717133e+01
1.917119999999999935e+00 -8.396814239831199700e+01
1.917599999999999971e+00 -8.355395503401010160e+01
1.918080000000000007e+00 -8.352080245092911071e+01
1.918560000000000043e+00 -8.352713338279599498e+01
1.919040000000000079e+00 -8.354791608657785673e+01
1.919520000000000115e+00 -8.346054276375147651e+01
1.919999999999999929e+00 -8.341985535361041570e+01
1.920479999999999965e+00 -8.323431934791540243e+01
1.920960000000000001e+00 -8.344004725789487509e+01
1.921440000000000037e+00 -8.313134833345284846e+01
1.921920000000000073e+00 -8.340403185267643948e+01
1.922400000000000109e+00 -8.348631776886944067e+01
