6.918309709189363055e-02 -4.778370195871655568e+01
1.430013090881850635e-01 -4.900410889909391443e+01
2.023691093679611808e-01 -4.998295396382190603e+01
2.552974035717613388e-01 -5.060892257799514482e+01
3.048329568223489550e-01 -5.184563912246528616e+01
3.466668793050656228e-01 -5.227303412069696265e+01
3.859212456509020783e-01 -5.225455942984855540e+01
4.240925735764377036e-01 -5.241136819156773186e+01
4.600794739243277975e-01 -5.238052853710509993e+01
4.949889595959590105e-01 -5.203711553948026847e+01
5.239738593195818472e-01 -5.166938737276051796e+01
5.519370255502471512e-01 -5.143256470233046684e+01
5.790607911068330615e-01 -5.127017549774993910e+01
6.049430098019933366e-01 -5.125984258881535993e+01
6.310021980534901154e-01 -5.131324948666094343e+01
6.560044196114368509e-01 -5.142165521723286759e+01
6.803649639228999124e-01 -5.151064936480581480e+01
7.043120819766955920e-01 -5.159628897321653795e+01
7.275947031903935436e-01 -5.163695593969936937e+01
7.494474625834471881e-01 -5.158403981734252852e+01
7.671578530430330778e-01 -5.159106578498948181e+01
7.848399962526019236e-01 -5.159363605540285391e+01
8.024093087441421801e-01 -5.160526006457595116e+01
8.207643247418626720e-01 -5.160455438407207396e+01
8.367996227666132381e-01 -5.162788511506117572e+01
8.493728520663886838e-01 -5.166318656063809556e+01
8.616646307255421133e-01 -5.167200122438853072e+01
8.744177003653592628e-01 -5.166095605383529232e+01
8.868080349335113466e-01 -5.150055065961711875e+01
8.996337927042702409e-01 -5.105760185785052130e+01
9.120108393559096527e-01 -5.131447615266740314e+01
