6.918309709189363055e-02 -4.665735142139924108e+01
1.430013090881850635e-01 -4.839144540513003534e+01
2.023691093679611808e-01 -4.969343620163655117e+01
2.552974035717613388e-01 -4.896551781533410264e+01
3.048329568223489550e-01 -4.962108053656425000e+01
3.466668793050656228e-01 -5.070624354119037491e+01
3.859212456509020783e-01 -5.163470934264449852e+01
4.240925735764377036e-01 -5.204422915256370175e+01
4.600794739243277975e-01 -5.211852694750313475e+01
4.949889595959590105e-01 -5.192543606856950333e+01
5.239738593195818472e-01 -5.155719818830614543e+01
5.519370255502471512e-01 -5.120275060243211840e+01
5.790607911068330615e-01 -5.093369409560087036e+01
6.049430098019933366e-01 -5.083756888942902208e+01
6.310021980534901154e-01 -5.077285151407627950e+01
6.560044196114368509e-01 -5.076879118101804522e+01
6.803649639228999124e-01 -5.083453892113153927e+01
7.043120819766955920e-01 -5.102572518166279991e+01
7.275947031903935436e-01 -5.123016761943837594e+01
7.494474625834471881e-01 -5.133999640808303866e+01
7.671578530430330778e-01 -5.137352377798816150e+01
7.848399962526019236e-01 -5.130401907607780032e+01
8.024093087441421801e-01 -5.117712021617018081e+01
8.207643247418626720e-01 -5.104578428301472570e+01
8.367996227666132381e-01 -5.102432403128900518e+01
8.493728520663886838e-01 -5.106894729325932758e+01
8.616646307255421133e-01 -5.103061786245415732e+01
8.744177003653592628e-01 -5.090351970113907498e+01
8.868080349335113466e-01 -5.041827408275761968e+01
8.996337927042702409e-01 -4.914451754200943157e+01
9.120108393559096527e-01 -4.876835832833516804e+01
