6.918309709189363055e-02 -4.616577845050124296e+01
1.069054879222657295e-01 -4.196531041968688669e+01
1.430013090881850635e-01 -4.790429822254630920e+01
1.747210677787641997e-01 -4.592408422373474508e+01
2.023691093679611808e-01 -4.941055103275007809e+01
2.288441571742559077e-01 -4.746717137118105256e+01
2.552974035717613388e-01 -4.827149266221351809e+01
2.802594523792587000e-01 -4.522552602382513953e+01
3.048329568223489550e-01 -4.827232746626960846e+01
3.258341160836837336e-01 -4.738639092310555156e+01
3.466668793050656228e-01 -4.919974952477153352e+01
3.661085683585907358e-01 -4.661157349014827389e+01
3.859212456509020783e-01 -5.083864244515290665e+01
4.052869077319075641e-01 -4.915058590102284342e+01
4.240925735764377036e-01 -5.191572215594391793e+01
4.419107376363038964e-01 -4.865797799281011748e+01
4.600794739243277975e-01 -5.197410790385052337e+01
4.785335052517001309e-01 -4.822393255354963060e+01
4.949889595959590105e-01 -5.165618459179044208e+01
5.091310916730596992e-01 -4.944344915193153156e+01
5.239738593195818472e-01 -5.126789149670905488e+01
5.380356788574782723e-01 -4.722498818108314822e+01
5.519370255502471512e-01 -5.086389072808304945e+01
5.660671779470934917e-01 -4.937985661310199959e+01
5.790607911068330615e-01 -5.050653868359159304e+01
5.925731114586282322e-01 -4.694882159329022642e+01
6.049430098019933366e-01 -5.028841729089522516e+01
6.186170807305768626e-01 -4.861769209063798769e+01
6.310021980534901154e-01 -5.010316748867872860e+01
6.447225777633069921e-01 -4.737260502250169480e+01
6.560044196114368509e-01 -4.999474576119644809e+01
6.684467040384861614e-01 -4.774439370223440449e+01
6.803649639228999124e-01 -4.999201718733709754e+01
6.916876207964992584e-01 -4.845870257829706418e+01
7.043120819766955920e-01 -5.018203640871630000e+01
7.163056484489599418e-01 -4.717573274749823753e+01
7.275947031903935436e-01 -5.042966093158698015e+01
7.402405625197464589e-01 -4.963085439830244638e+01
7.494474625834471881e-01 -5.068139997932152596e+01
7.577742240984973732e-01 -4.717305389745757793e+01
7.671578530430330778e-01 -5.095132895112799076e+01
7.758971425463475624e-01 -4.947474467259689135e+01
7.848399962526019236e-01 -5.099294482660526739e+01
7.939911557812042719e-01 -4.759777139792894474e+01
8.024093087441421801e-01 -5.076927923878920268e+01
8.119697101329879096e-01 -4.833118642131445597e+01
8.207643247418626720e-01 -5.049583573104143852e+01
8.297430940400554178e-01 -4.853839404324089912e+01
8.367996227666132381e-01 -5.051510376503817668e+01
8.426551541791446054e-01 -4.742420454178451905e+01
8.493728520663886838e-01 -5.064780286540874243e+01
8.554621372639256149e-01 -4.923013445699773172e+01
8.616646307255421133e-01 -5.062402343573683794e+01
8.679824371500065583e-01 -4.664696450537790184e+01
8.744177003653592628e-01 -5.042331157411151565e+01
8.801466226256193792e-01 -4.704331303215131044e+01
8.868080349335113466e-01 -4.954642017199744686e+01
8.927382839347345334e-01 -4.274609826549482960e+01
8.996337927042702409e-01 -4.778544096076778658e+01
9.057724435043446043e-01 -4.630575264438149929e+01
9.120108393559096527e-01 -4.321927978380092128e+01
