-1.228799999999999955e+02 -9.842643370117096424e+01
-1.223999999999999915e+02 -9.863252303519344366e+01
-1.219200000000000017e+02 -9.867508156046470447e+01
-1.214399999999999977e+02 -9.845207215974077997e+01
-1.209599999999999937e+02 -9.833121543891738270e+01
-1.204799999999999898e+02 -9.826407484213459043e+01
-1.200000000000000000e+02 -9.822722922060620476e+01
-1.195199999999999960e+02 -9.831922524782555683e+01
-1.190399999999999920e+02 -9.825855987188373319e+01
-1.185600000000000023e+02 -9.780624168972022403e+01
-1.180799999999999983e+02 -9.770082203446720825e+01
-1.175999999999999943e+02 -9.776869821725489373e+01
-1.171199999999999903e+02 -9.758125814953774579e+01
-1.166400000000000006e+02 -9.705712019206040964e+01
-1.161599999999999966e+02 -9.702293819614911285e+01
-1.156799999999999926e+02 -9.703386356035750282e+01
-1.151999999999999886e+02 -9.705659010647985951e+01
-1.147199999999999989e+02 -9.687316643563556795e+01
-1.142399999999999949e+02 -9.647801127024054324e+01
-1.137599999999999909e+02 -9.668259905683203215e+01
-1.132800000000000011e+02 -9.649228134307418259e+01
-1.127999999999999972e+02 -9.621479867428047328e+01
-1.123199999999999932e+02 -9.623006392644001039e+01
-1.118399999999999892e+02 -9.619834695882714470e+01
-1.113599999999999994e+02 -9.569859432440497926e+01
-1.108799999999999955e+02 -9.538562900983640702e+01
-1.103999999999999915e+02 -9.542585278384999015e+01
-1.099200000000000017e+02 -9.527169792336414389e+01
-1.094399999999999977e+02 -9.494293235471006653e+01
-1.089599999999999937e+02 -9.437763210259558377e+01
-1.084799999999999898e+02 -9.375012653030714205e+01
-1.080000000000000000e+02 -9.302407010222921713e+01
-1.075199999999999960e+02 -9.250515256979633705e+01
-1.070399999999999920e+02 -9.189395770348239978e+01
-1.065600000000000023e+02 -9.123220901882434930e+01
-1.060799999999999983e+02 -9.049474547995552598e+01
-1.055999999999999943e+02 -8.991961006055909422e+01
-1.051199999999999903e+02 -8.931231434476769948e+01
-1.046400000000000006e+02 -8.880257887908301484e+01
-1.041599999999999966e+02 -8.824975772273056407e+01
-1.036799999999999926e+02 -8.799601412203287509e+01
-1.032000000000000028e+02 -8.753115492435659917e+01
-1.027199999999999989e+02 -8.709130709347248001e+01
-1.022399999999999949e+02 -8.681153298596328227e+01
-1.017599999999999909e+02 -8.669965418851506911e+01
-1.012800000000000011e+02 -8.664078240900789751e+01
-1.007999999999999972e+02 -8.648100235693205207e+01
-1.003199999999999932e+02 -8.613502647919774802e+01
-9.984000000000000341e+01 -8.579869105467568602e+01
-9.935999999999999943e+01 -8.595166678034007646e+01
-9.887999999999999545e+01 -8.607688206281218868e+01
-9.839999999999999147e+01 -8.600454889432535310e+01
-9.792000000000000171e+01 -8.594943326952609652e+01
-9.743999999999999773e+01 -8.578214958445849447e+01
-9.695999999999999375e+01 -8.573211337095705176e+01
-9.647999999999998977e+01 -8.581501467702435093e+01
-9.600000000000000000e+01 -8.568394763140135240e+01
-9.551999999999999602e+01 -8.558052029610783507e+01
-9.503999999999999204e+01 -8.533861747015363619e+01
-9.456000000000000227e+01 -8.531781256604475061e+01
-9.407999999999999829e+01 -8.537763278176581139e+01
-9.359999999999999432e+01 -8.522188510951008311e+01
-9.311999999999999034e+01 -8.494917081097077016e+01
-9.264000000000000057e+01 -8.482314984999662499e+01
-9.215999999999999659e+01 -8.488661204768973789e+01
-9.167999999999999261e+01 -8.494971690595906466e+01
-9.120000000000000284e+01 -8.514891796670900703e+01
-9.071999999999999886e+01 -8.489772806876928257e+01
-9.023999999999999488e+01 -8.475288998933777407e+01
-8.975999999999999091e+01 -8.455908964888106993e+01
-8.928000000000000114e+01 -8.433762572135390201e+01
-8.879999999999999716e+01 -8.458739835558931475e+01
-8.831999999999999318e+01 -8.465418106825553934e+01
-8.784000000000000341e+01 -8.441696118454669318e+01
-8.735999999999999943e+01 -8.408562190329368491e+01
-8.687999999999999545e+01 -8.406347520604234091e+01
-8.639999999999999147e+01 -8.386863857245494103e+01
-8.592000000000000171e+01 -8.375155683482270774e+01
-8.543999999999999773e+01 -8.369516553346805665e+01
-8.495999999999999375e+01 -8.350836263762352019e+01
-8.447999999999998977e+01 -8.344808166123654303e+01
-8.400000000000000000e+01 -8.345404793208155070e+01
-8.351999999999999602e+01 -8.314510137640547782e+01
-8.303999999999999204e+01 -8.306045707105583631e+01
-8.256000000000000227e+01 -8.308284579767999389e+01
-8.207999999999999829e+01 -8.311859985858782807e+01
-8.159999999999999432e+01 -8.313308582230160937e+01
-8.111999999999999034e+01 -8.290042343333584540e+01
-8.064000000000000057e+01 -8.278522857665529955e+01
-8.015999999999999659e+01 -8.264737285121083232e+01
-7.967999999999999261e+01 -8.249091094366815469e+01
-7.920000000000000284e+01 -8.278365931570624525e+01
-7.871999999999999886e+01 -8.281498609412884093e+01
-7.823999999999999488e+01 -8.249469241140727149e+01
-7.775999999999999091e+01 -8.241410878019763686e+01
-7.728000000000000114e+01 -8.240958614824380390e+01
-7.679999999999999716e+01 -8.221658911955643134e+01
-7.631999999999999318e+01 -8.193942212911434808e+01
-7.584000000000000341e+01 -8.177887104181687050e+01
-7.535999999999999943e+01 -8.199779350846105785e+01
-7.487999999999999545e+01 -8.182682662928371542e+01
-7.439999999999999147e+01 -8.162511889088590067e+01
-7.392000000000000171e+01 -8.169744107232887131e+01
-7.343999999999999773e+01 -8.157447787074050893e+01
-7.295999999999999375e+01 -8.137940417346287347e+01
-7.248000000000000398e+01 -8.147932253062910490e+01
-7.200000000000000000e+01 -8.125751776960765937e+01
-7.151999999999999602e+01 -8.095972061104836826e+01
-7.103999999999999204e+01 -8.098189979175707265e+01
-7.056000000000000227e+01 -8.108030495564756279e+01
-7.007999999999999829e+01 -8.119224606667850708e+01
-6.959999999999999432e+01 -8.128519188389809358e+01
-6.912000000000000455e+01 -8.123797225123763610e+01
-6.864000000000000057e+01 -8.099419429098956869e+01
-6.815999999999999659e+01 -8.083759202435635416e+01
-6.767999999999999261e+01 -8.087386438925244647e+01
-6.720000000000000284e+01 -8.070729356365524154e+01
-6.671999999999999886e+01 -8.054620723610054256e+01
-6.623999999999999488e+01 -8.056379108360438579e+01
-6.575999999999999091e+01 -8.066154493711724172e+01
-6.528000000000000114e+01 -8.038924782673993263e+01
-6.479999999999999716e+01 -8.033891538597998760e+01
-6.431999999999999318e+01 -8.044605098342341876e+01
-6.383999999999999631e+01 -8.014983703481249222e+01
-6.335999999999999943e+01 -8.015203043562793539e+01
-6.287999999999999545e+01 -7.992510568700362228e+01
-6.239999999999999858e+01 -7.974471301573038318e+01
-6.191999999999999460e+01 -7.994190122349321825e+01
-6.143999999999999773e+01 -7.978030023089868905e+01
-6.096000000000000085e+01 -7.987902859437180325e+01
-6.047999999999999687e+01 -7.996623646472350799e+01
-6.000000000000000000e+01 -7.979840859871075054e+01
-5.951999999999999602e+01 -7.966477619353567263e+01
-5.903999999999999915e+01 -7.989829613548236864e+01
-5.855999999999999517e+01 -7.948699231821906608e+01
-5.807999999999999829e+01 -7.937656592232990249e+01
-5.759999999999999432e+01 -7.927849756693289862e+01
-5.711999999999999744e+01 -7.883924547643120206e+01
-5.664000000000000057e+01 -7.874125926337664794e+01
-5.615999999999999659e+01 -7.862005563803002417e+01
-5.567999999999999972e+01 -7.860278827203978835e+01
-5.519999999999999574e+01 -7.884171347419953690e+01
-5.471999999999999886e+01 -7.882995322547922967e+01
-5.423999999999999488e+01 -7.873379312073281255e+01
-5.375999999999999801e+01 -7.860548251459773894e+01
-5.328000000000000114e+01 -7.842500164183876166e+01
-5.279999999999999716e+01 -7.824394210616398482e+01
-5.232000000000000028e+01 -7.833472770367200155e+01
-5.183999999999999631e+01 -7.834978708947835457e+01
-5.135999999999999943e+01 -7.816181047084478450e+01
-5.087999999999999545e+01 -7.790414334093321713e+01
-5.039999999999999858e+01 -7.798976800458319758e+01
-4.992000000000000171e+01 -7.791503420421383908e+01
-4.943999999999999773e+01 -7.761960757234237462e+01
-4.896000000000000085e+01 -7.760645682246313015e+01
-4.847999999999999687e+01 -7.786094603138990067e+01
-4.800000000000000000e+01 -7.781133198218586244e+01
-4.751999999999999602e+01 -7.742100183259979929e+01
-4.703999999999999915e+01 -7.716552013317624414e+01
-4.655999999999999517e+01 -7.737307637161173091e+01
-4.607999999999999829e+01 -7.733137075802790150e+01
-4.560000000000000142e+01 -7.713218920979809923e+01
-4.511999999999999744e+01 -7.724488461802108930e+01
-4.464000000000000057e+01 -7.724618367540959696e+01
-4.415999999999999659e+01 -7.710379642412651435e+01
-4.367999999999999972e+01 -7.700830887506201350e+01
-4.319999999999999574e+01 -7.686495406921528684e+01
-4.271999999999999886e+01 -7.690406629477726597e+01
-4.223999999999999488e+01 -7.702417511031046615e+01
-4.175999999999999801e+01 -7.685624548656390687e+01
-4.128000000000000114e+01 -7.673956021565184926e+01
-4.079999999999999716e+01 -7.663847377249516057e+01
-4.032000000000000028e+01 -7.631927748421041713e+01
-3.983999999999999631e+01 -7.650871553975211725e+01
-3.935999999999999943e+01 -7.653547908051118043e+01
-3.887999999999999545e+01 -7.628040266971201788e+01
-3.839999999999999858e+01 -7.629229834200825167e+01
-3.792000000000000171e+01 -7.621954723852687152e+01
-3.743999999999999773e+01 -7.630976888685258075e+01
-3.696000000000000085e+01 -7.630881813738396602e+01
-3.647999999999999687e+01 -7.621915659450297653e+01
-3.600000000000000000e+01 -7.618420244956341492e+01
-3.551999999999999602e+01 -7.601282333233963584e+01
-3.503999999999999915e+01 -7.585843899758502573e+01
-3.456000000000000227e+01 -7.592644843457378556e+01
-3.407999999999999829e+01 -7.605987902750095486e+01
-3.360000000000000142e+01 -7.586133072158480672e+01
-3.311999999999999744e+01 -7.551203578223054080e+01
-3.264000000000000057e+01 -7.530535809319275131e+01
-3.215999999999999659e+01 -7.533692291427175292e+01
-3.167999999999999972e+01 -7.523780601809549751e+01
-3.119999999999999929e+01 -7.535033834869436475e+01
-3.071999999999999886e+01 -7.535171166609916327e+01
-3.023999999999999844e+01 -7.539511169019641557e+01
-2.975999999999999801e+01 -7.534247599128507034e+01
-2.927999999999999758e+01 -7.532987818700567573e+01
-2.879999999999999716e+01 -7.502972568455402325e+01
-2.832000000000000028e+01 -7.517835983718383375e+01
-2.783999999999999986e+01 -7.513371610868132677e+01
-2.735999999999999943e+01 -7.499716637791480878e+01
-2.687999999999999901e+01 -7.508315802238547576e+01
-2.639999999999999858e+01 -7.492844895129424287e+01
-2.591999999999999815e+01 -7.476782988971018540e+01
-2.543999999999999773e+01 -7.486179421133813605e+01
-2.496000000000000085e+01 -7.484629555116997324e+01
-2.448000000000000043e+01 -7.430987261640659369e+01
-2.400000000000000000e+01 -7.396542690738441195e+01
-2.351999999999999957e+01 -7.399579554012301230e+01
-2.303999999999999915e+01 -7.402546255845301459e+01
-2.255999999999999872e+01 -7.409676368278772429e+01
-2.207999999999999829e+01 -7.409727736966186740e+01
-2.159999999999999787e+01 -7.383162967586928005e+01
-2.111999999999999744e+01 -7.348534127944814998e+01
-2.064000000000000057e+01 -7.323039493512673914e+01
-2.016000000000000014e+01 -7.301089134585369322e+01
-1.967999999999999972e+01 -7.284997097943130484e+01
-1.919999999999999929e+01 -7.268749969187753379e+01
-1.871999999999999886e+01 -7.208933241063309083e+01
-1.823999999999999844e+01 -7.166439200054307435e+01
-1.775999999999999801e+01 -7.160682011490432330e+01
-1.728000000000000114e+01 -7.119580952071127911e+01
-1.680000000000000071e+01 -7.102891207378294780e+01
-1.632000000000000028e+01 -7.077605536389117447e+01
-1.583999999999999986e+01 -7.048556778528974576e+01
-1.535999999999999943e+01 -7.010320335258107605e+01
-1.487999999999999901e+01 -6.957308629074213968e+01
-1.439999999999999858e+01 -6.955384588517108568e+01
-1.391999999999999993e+01 -6.921896908467000742e+01
-1.343999999999999950e+01 -6.886926231094106754e+01
-1.295999999999999908e+01 -6.840994938848866980e+01
-1.248000000000000043e+01 -6.795837392597552196e+01
-1.200000000000000000e+01 -6.689119423508630291e+01
-1.151999999999999957e+01 -6.483525219877672896e+01
-1.103999999999999915e+01 -6.202766712898436197e+01
-1.055999999999999872e+01 -5.192358141307703789e+01
-1.008000000000000007e+01 -3.408662555900744451e+01
-9.599999999999999645e+00 -2.572685901677623477e+01
-9.119999999999999218e+00 -2.311169662867606078e+01
-8.640000000000000568e+00 -2.289661942843678588e+01
-8.160000000000000142e+00 -2.288051388958765386e+01
-7.679999999999999716e+00 -2.269830917784945257e+01
-7.199999999999999289e+00 -2.259968593346438581e+01
-6.719999999999999751e+00 -2.275152217044120562e+01
-6.240000000000000213e+00 -2.270330535375097725e+01
-5.759999999999999787e+00 -2.254742189823039666e+01
-5.279999999999999361e+00 -2.256682546012763879e+01
-4.799999999999999822e+00 -2.253867580651408531e+01
-4.320000000000000284e+00 -2.274568495359587672e+01
-3.839999999999999858e+00 -2.284504697395495043e+01
-3.359999999999999876e+00 -2.284074761138190723e+01
-2.879999999999999893e+00 -2.285151807732015072e+01
-2.399999999999999911e+00 -2.272091483861064631e+01
-1.919999999999999929e+00 -2.272528106564619321e+01
-1.439999999999999947e+00 -2.271378471094582352e+01
-9.599999999999999645e-01 -2.265391778937555856e+01
-4.799999999999999822e-01 -2.276079250329263814e+01
0.000000000000000000e+00 -2.281972541727856196e+01
4.799999999999999822e-01 -2.261408466295281272e+01
9.599999999999999645e-01 -2.223645371659486969e+01
1.439999999999999947e+00 -2.257903786490107834e+01
1.919999999999999929e+00 -2.293279724926856744e+01
2.399999999999999911e+00 -2.271610331395439530e+01
2.879999999999999893e+00 -2.255808589625883798e+01
3.359999999999999876e+00 -2.240101451482079398e+01
3.839999999999999858e+00 -2.263981099638581540e+01
4.320000000000000284e+00 -2.294332095471645161e+01
4.799999999999999822e+00 -2.288396674459346514e+01
5.279999999999999361e+00 -2.278615897359102149e+01
5.759999999999999787e+00 -2.278179904022634616e+01
6.240000000000000213e+00 -2.286761359584433961e+01
6.719999999999999751e+00 -2.281582832254068549e+01
7.199999999999999289e+00 -2.270079289180874582e+01
7.679999999999999716e+00 -2.291394900053574446e+01
8.160000000000000142e+00 -2.286327997479407514e+01
8.640000000000000568e+00 -2.277678064758801924e+01
9.119999999999999218e+00 -2.310438764454464433e+01
9.599999999999999645e+00 -2.583180691219341796e+01
1.008000000000000007e+01 -3.433852901268591040e+01
1.055999999999999872e+01 -5.213956018723317243e+01
1.103999999999999915e+01 -6.166922773069514818e+01
1.151999999999999957e+01 -6.504102435027594709e+01
1.200000000000000000e+01 -6.727370419091550957e+01
1.248000000000000043e+01 -6.888296133067201765e+01
1.295999999999999908e+01 -6.958978258867800548e+01
1.343999999999999950e+01 -6.979120094950739883e+01
1.391999999999999993e+01 -7.019792481408107676e+01
1.439999999999999858e+01 -7.035061244072930720e+01
1.487999999999999901e+01 -7.086727956994208455e+01
1.535999999999999943e+01 -7.130874170133147061e+01
1.583999999999999986e+01 -7.174372375865169715e+01
1.632000000000000028e+01 -7.188988238507488404e+01
1.680000000000000071e+01 -7.188402591937915531e+01
1.728000000000000114e+01 -7.218693061732676597e+01
1.775999999999999801e+01 -7.274400122461366891e+01
1.823999999999999844e+01 -7.309195956274223249e+01
1.871999999999999886e+01 -7.326853037889172526e+01
1.919999999999999929e+01 -7.349120625201217649e+01
1.967999999999999972e+01 -7.364143624568308155e+01
2.016000000000000014e+01 -7.390688200053345724e+01
2.064000000000000057e+01 -7.390126168883683988e+01
2.111999999999999744e+01 -7.410347426034499563e+01
2.159999999999999787e+01 -7.443674991503894489e+01
2.207999999999999829e+01 -7.459144331335593847e+01
2.255999999999999872e+01 -7.481327102550157804e+01
2.303999999999999915e+01 -7.462108706166145566e+01
2.351999999999999957e+01 -7.449383897652900544e+01
2.400000000000000000e+01 -7.460944185043581456e+01
2.448000000000000043e+01 -7.484511588372654955e+01
2.496000000000000085e+01 -7.517055439513262627e+01
2.543999999999999773e+01 -7.554314936623946153e+01
2.591999999999999815e+01 -7.569846128510934591e+01
2.639999999999999858e+01 -7.570190573785663446e+01
2.687999999999999901e+01 -7.554540746319204914e+01
2.735999999999999943e+01 -7.547068469297491333e+01
2.783999999999999986e+01 -7.546671292438259115e+01
2.832000000000000028e+01 -7.550862012574489768e+01
2.879999999999999716e+01 -7.580843578725811938e+01
2.927999999999999758e+01 -7.597508632591370770e+01
2.975999999999999801e+01 -7.624971321342789565e+01
3.023999999999999844e+01 -7.625883457359299200e+01
3.071999999999999886e+01 -7.620884834827963061e+01
3.119999999999999929e+01 -7.617733584476971487e+01
3.167999999999999972e+01 -7.612811792907646691e+01
3.215999999999999659e+01 -7.619768721897392538e+01
3.264000000000000057e+01 -7.610871541467810175e+01
3.311999999999999744e+01 -7.618127645071191978e+01
3.360000000000000142e+01 -7.625516299136582177e+01
3.407999999999999829e+01 -7.643080920002439882e+01
3.456000000000000227e+01 -7.667538155390758448e+01
3.503999999999999915e+01 -7.650786925592781529e+01
3.551999999999999602e+01 -7.648199624591131851e+01
3.600000000000000000e+01 -7.675908474381974145e+01
3.647999999999999687e+01 -7.682761914894815902e+01
3.696000000000000085e+01 -7.664917156540164456e+01
3.743999999999999773e+01 -7.666442535777767375e+01
3.792000000000000171e+01 -7.680716758147548262e+01
3.839999999999999858e+01 -7.677995635931470986e+01
3.887999999999999545e+01 -7.689393510708703161e+01
3.935999999999999943e+01 -7.693930993258972251e+01
3.983999999999999631e+01 -7.702955258970617081e+01
4.032000000000000028e+01 -7.724927466600210835e+01
4.079999999999999716e+01 -7.749184007830326948e+01
4.128000000000000114e+01 -7.744917964146490874e+01
4.175999999999999801e+01 -7.748531792753313141e+01
4.223999999999999488e+01 -7.775055377875952445e+01
4.271999999999999886e+01 -7.780966550486922984e+01
4.319999999999999574e+01 -7.774845350002021860e+01
4.367999999999999972e+01 -7.757287999451703797e+01
4.415999999999999659e+01 -7.764948449706055555e+01
4.464000000000000057e+01 -7.793239098111448016e+01
4.511999999999999744e+01 -7.815479471074817752e+01
4.560000000000000142e+01 -7.817825624361003634e+01
4.607999999999999829e+01 -7.821678528319142742e+01
4.655999999999999517e+01 -7.802525907533134841e+01
4.703999999999999915e+01 -7.812315837900879956e+01
4.751999999999999602e+01 -7.818463220410889392e+01
4.800000000000000000e+01 -7.819841561312786382e+01
4.847999999999999687e+01 -7.838495005981978636e+01
4.896000000000000085e+01 -7.820375498727790387e+01
4.943999999999999773e+01 -7.808787047164894091e+01
4.992000000000000171e+01 -7.846789251947187438e+01
5.039999999999999858e+01 -7.875939418114262480e+01
5.087999999999999545e+01 -7.848409305344506492e+01
5.135999999999999943e+01 -7.845276270415340036e+01
5.183999999999999631e+01 -7.885673570605615623e+01
5.232000000000000028e+01 -7.889462395595921862e+01
5.279999999999999716e+01 -7.897185148616580364e+01
5.328000000000000114e+01 -7.931668359316752515e+01
5.375999999999999801e+01 -7.927225180579524988e+01
5.423999999999999488e+01 -7.946504567290789112e+01
5.471999999999999886e+01 -7.960744267211738645e+01
5.519999999999999574e+01 -7.948208164869789982e+01
5.567999999999999972e+01 -7.962048903685541745e+01
5.615999999999999659e+01 -7.972156949790506530e+01
5.664000000000000057e+01 -7.990814732024779232e+01
5.711999999999999744e+01 -8.021949463684632065e+01
5.759999999999999432e+01 -8.012577933562168653e+01
5.807999999999999829e+01 -8.006700645432320584e+01
5.855999999999999517e+01 -8.004493154137296074e+01
5.903999999999999915e+01 -8.026779420943773857e+01
5.951999999999999602e+01 -8.027397487618692651e+01
6.000000000000000000e+01 -8.013592462261411242e+01
6.047999999999999687e+01 -8.030242363879081324e+01
6.096000000000000085e+01 -8.071175234416634225e+01
6.143999999999999773e+01 -8.058129667693140163e+01
6.191999999999999460e+01 -8.048695587600290935e+01
6.239999999999999858e+01 -8.065365732939937971e+01
6.287999999999999545e+01 -8.064607362584413863e+01
6.335999999999999943e+01 -8.078366154232766405e+01
6.383999999999999631e+01 -8.079737580841963052e+01
6.431999999999999318e+01 -8.060539439172026732e+01
6.479999999999999716e+01 -8.076160651022527759e+01
6.528000000000000114e+01 -8.104085906206940138e+01
6.575999999999999091e+01 -8.119528849220877476e+01
6.623999999999999488e+01 -8.112781572161310351e+01
6.671999999999999886e+01 -8.122319856982328190e+01
6.720000000000000284e+01 -8.143357784514087427e+01
6.767999999999999261e+01 -8.165315291691207733e+01
6.815999999999999659e+01 -8.165530453627607699e+01
6.864000000000000057e+01 -8.157414809180031057e+01
6.912000000000000455e+01 -8.143411879314891166e+01
6.959999999999999432e+01 -8.163124208613082544e+01
7.007999999999999829e+01 -8.207261481630172284e+01
7.056000000000000227e+01 -8.204798822594938201e+01
7.103999999999999204e+01 -8.211587808058156668e+01
7.151999999999999602e+01 -8.217179283563559977e+01
7.200000000000000000e+01 -8.215060599812106545e+01
7.248000000000000398e+01 -8.235145352962837251e+01
7.295999999999999375e+01 -8.252889367444389279e+01
7.343999999999999773e+01 -8.229972470085323266e+01
7.392000000000000171e+01 -8.225645626962430867e+01
7.439999999999999147e+01 -8.266341966173796152e+01
7.487999999999999545e+01 -8.264806220681217042e+01
7.535999999999999943e+01 -8.292379796918376655e+01
7.584000000000000341e+01 -8.300965552619116750e+01
7.631999999999999318e+01 -8.296844092301894591e+01
7.679999999999999716e+01 -8.319097826961652231e+01
7.728000000000000114e+01 -8.333014418688276237e+01
7.775999999999999091e+01 -8.297159819114517632e+01
7.823999999999999488e+01 -8.314244764050556569e+01
7.871999999999999886e+01 -8.365367268425757175e+01
7.920000000000000284e+01 -8.364113527259277703e+01
7.967999999999999261e+01 -8.376646395860211669e+01
8.015999999999999659e+01 -8.413236890098448839e+01
8.064000000000000057e+01 -8.401480577693462237e+01
8.111999999999999034e+01 -8.383844179268245966e+01
8.159999999999999432e+01 -8.394546378373286188e+01
8.207999999999999829e+01 -8.406994820130410062e+01
8.256000000000000227e+01 -8.403098090459818081e+01
8.303999999999999204e+01 -8.396256808545311401e+01
8.351999999999999602e+01 -8.392190645761149881e+01
8.400000000000000000e+01 -8.399158592494315201e+01
8.447999999999998977e+01 -8.428199101076073418e+01
8.495999999999999375e+01 -8.420352791971289719e+01
8.543999999999999773e+01 -8.396878261774594421e+01
8.592000000000000171e+01 -8.414908838613121134e+01
8.639999999999999147e+01 -8.463118187921588742e+01
8.687999999999999545e+01 -8.468516382736720516e+01
8.735999999999999943e+01 -8.468060381099493839e+01
8.784000000000000341e+01 -8.480229996912089518e+01
8.831999999999999318e+01 -8.489597361223485450e+01
8.879999999999999716e+01 -8.476482094520039823e+01
8.928000000000000114e+01 -8.479101868006466702e+01
8.975999999999999091e+01 -8.495255232235837184e+01
9.023999999999999488e+01 -8.497659260583506580e+01
9.071999999999999886e+01 -8.497820065545096213e+01
9.120000000000000284e+01 -8.497964625453975884e+01
9.167999999999999261e+01 -8.538395262067322733e+01
9.215999999999999659e+01 -8.546852323399320994e+01
9.264000000000000057e+01 -8.541292370155460389e+01
9.311999999999999034e+01 -8.543327533006815599e+01
9.359999999999999432e+01 -8.558018213052665146e+01
9.407999999999999829e+01 -8.565480151065401060e+01
9.456000000000000227e+01 -8.569910076610754857e+01
9.503999999999999204e+01 -8.573344303794581833e+01
9.551999999999999602e+01 -8.582622481787052493e+01
9.600000000000000000e+01 -8.582526116851360598e+01
9.647999999999998977e+01 -8.580074780440419602e+01
9.695999999999999375e+01 -8.593604427557147574e+01
9.743999999999999773e+01 -8.587583347629377784e+01
9.792000000000000171e+01 -8.570574191794413821e+01
9.839999999999999147e+01 -8.567801503850554923e+01
9.887999999999999545e+01 -8.591384444839903267e+01
9.935999999999999943e+01 -8.612243189919369968e+01
9.984000000000000341e+01 -8.598798985963227892e+01
1.003199999999999932e+02 -8.587272139483525280e+01
1.007999999999999972e+02 -8.608888561367987791e+01
1.012800000000000011e+02 -8.661562892940085590e+01
1.017599999999999909e+02 -8.716472487692175264e+01
1.022399999999999949e+02 -8.723408134341163134e+01
1.027199999999999989e+02 -8.725315116263665516e+01
1.032000000000000028e+02 -8.727314873918074056e+01
1.036799999999999926e+02 -8.764018624180405936e+01
1.041599999999999966e+02 -8.812099248982489996e+01
1.046400000000000006e+02 -8.870921135024610749e+01
1.051199999999999903e+02 -8.936278764457904344e+01
1.055999999999999943e+02 -8.982620807939697727e+01
1.060799999999999983e+02 -9.014331808389525236e+01
1.065600000000000023e+02 -9.133604061720369316e+01
1.070399999999999920e+02 -9.199044503963591524e+01
1.075199999999999960e+02 -9.260607822432463365e+01
1.080000000000000000e+02 -9.348491706201129148e+01
1.084799999999999898e+02 -9.442892296682025233e+01
1.089599999999999937e+02 -9.532660346857142031e+01
1.094399999999999977e+02 -9.623462198723174765e+01
1.099200000000000017e+02 -9.703436309022762885e+01
1.103999999999999915e+02 -9.728678172574328187e+01
1.108799999999999955e+02 -9.747841812454689148e+01
1.113599999999999994e+02 -9.796747400052602472e+01
1.118399999999999892e+02 -9.875712107638941006e+01
1.123199999999999932e+02 -9.903521185821711015e+01
1.127999999999999972e+02 -9.893033784720810786e+01
1.132800000000000011e+02 -9.901244749391842959e+01
1.137599999999999909e+02 -9.898258997517666558e+01
1.142399999999999949e+02 -9.902577494928416968e+01
1.147199999999999989e+02 -9.948312962943269611e+01
1.151999999999999886e+02 -9.963664196924584360e+01
1.156799999999999926e+02 -9.929852747897101040e+01
1.161599999999999966e+02 -9.917766432048971126e+01
1.166400000000000006e+02 -9.935845060569178600e+01
1.171199999999999903e+02 -9.951579599868097148e+01
1.175999999999999943e+02 -9.926287295918709219e+01
1.180799999999999983e+02 -9.926366147134970674e+01
1.185600000000000023e+02 -9.939729839560561686e+01
1.190399999999999920e+02 -9.929671895149552086e+01
1.195199999999999960e+02 -9.923351489859604158e+01
1.200000000000000000e+02 -9.910430806053454944e+01
1.204799999999999898e+02 -9.920282598811351704e+01
1.209599999999999937e+02 -9.922453484357141917e+01
1.214399999999999977e+02 -9.921572992467145014e+01
1.219200000000000017e+02 -9.892719267816991646e+01
1.223999999999999915e+02 -9.872887950099864440e+01
