-1.228799999999999955e+02 -9.878761918121413999e+01
-1.223999999999999915e+02 -9.935590795931287289e+01
-1.219200000000000017e+02 -9.928762926783471698e+01
-1.214399999999999977e+02 -9.890972301651049747e+01
-1.209599999999999937e+02 -9.914351153603757894e+01
-1.204799999999999898e+02 -9.901655960580733051e+01
-1.200000000000000000e+02 -9.899422025412837911e+01
-1.195199999999999960e+02 -9.906553180072899067e+01
-1.190399999999999920e+02 -9.883246989680444017e+01
-1.185600000000000023e+02 -9.835603458287877743e+01
-1.180799999999999983e+02 -9.851215072715008603e+01
-1.175999999999999943e+02 -9.840583128523149981e+01
-1.171199999999999903e+02 -9.833534067699871173e+01
-1.166400000000000006e+02 -9.789341891163172704e+01
-1.161599999999999966e+02 -9.764331324810325441e+01
-1.156799999999999926e+02 -9.757714247591580659e+01
-1.151999999999999886e+02 -9.747007709347791149e+01
-1.147199999999999989e+02 -9.712594456630533557e+01
-1.142399999999999949e+02 -9.672529698020603917e+01
-1.137599999999999909e+02 -9.708683964158291246e+01
-1.132800000000000011e+02 -9.702619272692716379e+01
-1.127999999999999972e+02 -9.676957537070060766e+01
-1.123199999999999932e+02 -9.672877920569155208e+01
-1.118399999999999892e+02 -9.663135772143300528e+01
-1.113599999999999994e+02 -9.621408694810924089e+01
-1.108799999999999955e+02 -9.610941368891609216e+01
-1.103999999999999915e+02 -9.596151082453742731e+01
-1.099200000000000017e+02 -9.564742188065349637e+01
-1.094399999999999977e+02 -9.519160373160380573e+01
-1.089599999999999937e+02 -9.467738360369014572e+01
-1.084799999999999898e+02 -9.431855251942212703e+01
-1.080000000000000000e+02 -9.332304024874579795e+01
-1.075199999999999960e+02 -9.264613535642416764e+01
-1.070399999999999920e+02 -9.235728500078913328e+01
-1.065600000000000023e+02 -9.153432743914324021e+01
-1.060799999999999983e+02 -9.090171939364326192e+01
-1.055999999999999943e+02 -9.037212085798502414e+01
-1.051199999999999903e+02 -8.964213220798134785e+01
-1.046400000000000006e+02 -8.884019760525231391e+01
-1.041599999999999966e+02 -8.850426915756571589e+01
-1.036799999999999926e+02 -8.825781268885650377e+01
-1.032000000000000028e+02 -8.781343531358088228e+01
-1.027199999999999989e+02 -8.735059715378974943e+01
-1.022399999999999949e+02 -8.711195214055125291e+01
-1.017599999999999909e+02 -8.671638117047675109e+01
-1.012800000000000011e+02 -8.655110350486879156e+01
-1.007999999999999972e+02 -8.642601063773865633e+01
-1.003199999999999932e+02 -8.621057998789304122e+01
-9.984000000000000341e+01 -8.611949629124735850e+01
-9.935999999999999943e+01 -8.597511148140719683e+01
-9.887999999999999545e+01 -8.592444293287633172e+01
-9.839999999999999147e+01 -8.595671849841075129e+01
-9.792000000000000171e+01 -8.583647610455076915e+01
-9.743999999999999773e+01 -8.606058916194156438e+01
-9.695999999999999375e+01 -8.589828771838568855e+01
-9.647999999999998977e+01 -8.572540178091830398e+01
-9.600000000000000000e+01 -8.586722600967462427e+01
-9.551999999999999602e+01 -8.603642884652782641e+01
-9.503999999999999204e+01 -8.573642085783322386e+01
-9.456000000000000227e+01 -8.531356480032086154e+01
-9.407999999999999829e+01 -8.533691673426447721e+01
-9.359999999999999432e+01 -8.544135485655813511e+01
-9.311999999999999034e+01 -8.543038615895764565e+01
-9.264000000000000057e+01 -8.520184237600585675e+01
-9.215999999999999659e+01 -8.508629177617444839e+01
-9.167999999999999261e+01 -8.511572054571480805e+01
-9.120000000000000284e+01 -8.496290439368871716e+01
-9.071999999999999886e+01 -8.483326207492243043e+01
-9.023999999999999488e+01 -8.491317835934302138e+01
-8.975999999999999091e+01 -8.482294660316046020e+01
-8.928000000000000114e+01 -8.454369886165383718e+01
-8.879999999999999716e+01 -8.448538793285869986e+01
-8.831999999999999318e+01 -8.438638192609167277e+01
-8.784000000000000341e+01 -8.422255300113100418e+01
-8.735999999999999943e+01 -8.404737002978137639e+01
-8.687999999999999545e+01 -8.418002264609890517e+01
-8.639999999999999147e+01 -8.410369272938082474e+01
-8.592000000000000171e+01 -8.422305013500987059e+01
-8.543999999999999773e+01 -8.410951582251874470e+01
-8.495999999999999375e+01 -8.364549882208692111e+01
-8.447999999999998977e+01 -8.363132851350512453e+01
-8.400000000000000000e+01 -8.365682895041538814e+01
-8.351999999999999602e+01 -8.356942125444950875e+01
-8.303999999999999204e+01 -8.353448218096234257e+01
-8.256000000000000227e+01 -8.333542274382739379e+01
-8.207999999999999829e+01 -8.311194835151667348e+01
-8.159999999999999432e+01 -8.304058982621860707e+01
-8.111999999999999034e+01 -8.308164248441293864e+01
-8.064000000000000057e+01 -8.286620241418356159e+01
-8.015999999999999659e+01 -8.281424181450762489e+01
-7.967999999999999261e+01 -8.275356154928439878e+01
-7.920000000000000284e+01 -8.285782325891567268e+01
-7.871999999999999886e+01 -8.264280931361538762e+01
-7.823999999999999488e+01 -8.257045369009544800e+01
-7.775999999999999091e+01 -8.253151102240808257e+01
-7.728000000000000114e+01 -8.244220943142595104e+01
-7.679999999999999716e+01 -8.235010543220482759e+01
-7.631999999999999318e+01 -8.217517071781399807e+01
-7.584000000000000341e+01 -8.207693590385922278e+01
-7.535999999999999943e+01 -8.219304329573407131e+01
-7.487999999999999545e+01 -8.199004411627186073e+01
-7.439999999999999147e+01 -8.173250068706927607e+01
-7.392000000000000171e+01 -8.170313116145806021e+01
-7.343999999999999773e+01 -8.186642998201078569e+01
-7.295999999999999375e+01 -8.162931633589872149e+01
-7.248000000000000398e+01 -8.153750842142966349e+01
-7.200000000000000000e+01 -8.141295307158905814e+01
-7.151999999999999602e+01 -8.128573638947548829e+01
-7.103999999999999204e+01 -8.137185307515656518e+01
-7.056000000000000227e+01 -8.123402450983445533e+01
-7.007999999999999829e+01 -8.148144079437911103e+01
-6.959999999999999432e+01 -8.143126852588278553e+01
-6.912000000000000455e+01 -8.111404593633821491e+01
-6.864000000000000057e+01 -8.097023453584853314e+01
-6.815999999999999659e+01 -8.090585189221657458e+01
-6.767999999999999261e+01 -8.093724301937544396e+01
-6.720000000000000284e+01 -8.079644071388372595e+01
-6.671999999999999886e+01 -8.088520640412460239e+01
-6.623999999999999488e+01 -8.086992986628594338e+01
-6.575999999999999091e+01 -8.073210206768351327e+01
-6.528000000000000114e+01 -8.041307500403659958e+01
-6.479999999999999716e+01 -8.017260695535641446e+01
-6.431999999999999318e+01 -8.018499897632094076e+01
-6.383999999999999631e+01 -8.008104491335026864e+01
-6.335999999999999943e+01 -7.993416872390854166e+01
-6.287999999999999545e+01 -8.003425618385007567e+01
-6.239999999999999858e+01 -8.014276718996741522e+01
-6.191999999999999460e+01 -8.005984330092296375e+01
-6.143999999999999773e+01 -8.000545447036091673e+01
-6.096000000000000085e+01 -7.995291246707851940e+01
-6.047999999999999687e+01 -7.981327246531871822e+01
-6.000000000000000000e+01 -7.951282129241889152e+01
-5.951999999999999602e+01 -7.973071125287714267e+01
-5.903999999999999915e+01 -8.016874746628090520e+01
-5.855999999999999517e+01 -7.965106473246706287e+01
-5.807999999999999829e+01 -7.927852503496679049e+01
-5.759999999999999432e+01 -7.946076133867808267e+01
-5.711999999999999744e+01 -7.939327249293509681e+01
-5.664000000000000057e+01 -7.922851925278514784e+01
-5.615999999999999659e+01 -7.899225766842603491e+01
-5.567999999999999972e+01 -7.908984952238722599e+01
-5.519999999999999574e+01 -7.914755235665356281e+01
-5.471999999999999886e+01 -7.895055079295664768e+01
-5.423999999999999488e+01 -7.890944766357048934e+01
-5.375999999999999801e+01 -7.883129398677142774e+01
-5.328000000000000114e+01 -7.857991924075618329e+01
-5.279999999999999716e+01 -7.861067524672053253e+01
-5.232000000000000028e+01 -7.887631895353217715e+01
-5.183999999999999631e+01 -7.863833713530897285e+01
-5.135999999999999943e+01 -7.825493030565201025e+01
-5.087999999999999545e+01 -7.811188367712563263e+01
-5.039999999999999858e+01 -7.813274282788037794e+01
-4.992000000000000171e+01 -7.813819783733035251e+01
-4.943999999999999773e+01 -7.789044000665748513e+01
-4.896000000000000085e+01 -7.781257123964927302e+01
-4.847999999999999687e+01 -7.787548190706718287e+01
-4.800000000000000000e+01 -7.795046865123302382e+01
-4.751999999999999602e+01 -7.789871355216335758e+01
-4.703999999999999915e+01 -7.783716899461596483e+01
-4.655999999999999517e+01 -7.771934917844393453e+01
-4.607999999999999829e+01 -7.755598080700450225e+01
-4.560000000000000142e+01 -7.743141951418280655e+01
-4.511999999999999744e+01 -7.727952948510669273e+01
-4.464000000000000057e+01 -7.730548249359509327e+01
-4.415999999999999659e+01 -7.711441334741012099e+01
-4.367999999999999972e+01 -7.702512906589522856e+01
-4.319999999999999574e+01 -7.703735277735782461e+01
-4.271999999999999886e+01 -7.715680751977548368e+01
-4.223999999999999488e+01 -7.719271788159612413e+01
-4.175999999999999801e+01 -7.703890301058491730e+01
-4.128000000000000114e+01 -7.691712435840069872e+01
-4.079999999999999716e+01 -7.690112177859661813e+01
-4.032000000000000028e+01 -7.674301108850731623e+01
-3.983999999999999631e+01 -7.682615840916940897e+01
-3.935999999999999943e+01 -7.666365329865469391e+01
-3.887999999999999545e+01 -7.635526708703054055e+01
-3.839999999999999858e+01 -7.643819416489716900e+01
-3.792000000000000171e+01 -7.656544753161958283e+01
-3.743999999999999773e+01 -7.660569015073586741e+01
-3.696000000000000085e+01 -7.628004228369454154e+01
-3.647999999999999687e+01 -7.621103075514197656e+01
-3.600000000000000000e+01 -7.644707604736764495e+01
-3.551999999999999602e+01 -7.636182221996351416e+01
-3.503999999999999915e+01 -7.609970565691729405e+01
-3.456000000000000227e+01 -7.614155290848179902e+01
-3.407999999999999829e+01 -7.617499307379412699e+01
-3.360000000000000142e+01 -7.601357556827272788e+01
-3.311999999999999744e+01 -7.570986013104217704e+01
-3.264000000000000057e+01 -7.539245740713555222e+01
-3.215999999999999659e+01 -7.547270275761940184e+01
-3.167999999999999972e+01 -7.537677110823429416e+01
-3.119999999999999929e+01 -7.564812672930075621e+01
-3.071999999999999886e+01 -7.569017445970165170e+01
-3.023999999999999844e+01 -7.557016964160358441e+01
-2.975999999999999801e+01 -7.566526320230090619e+01
-2.927999999999999758e+01 -7.559084318768034905e+01
-2.879999999999999716e+01 -7.527656734694156171e+01
-2.832000000000000028e+01 -7.532134879102150649e+01
-2.783999999999999986e+01 -7.516102090775375189e+01
-2.735999999999999943e+01 -7.501485634362445865e+01
-2.687999999999999901e+01 -7.510789978291113300e+01
-2.639999999999999858e+01 -7.495679778992396791e+01
-2.591999999999999815e+01 -7.483697226222707855e+01
-2.543999999999999773e+01 -7.488870528694292261e+01
-2.496000000000000085e+01 -7.478663154970686833e+01
-2.448000000000000043e+01 -7.435963619635057853e+01
-2.400000000000000000e+01 -7.400611666930905130e+01
-2.351999999999999957e+01 -7.386765449743737122e+01
-2.303999999999999915e+01 -7.390829734374227655e+01
-2.255999999999999872e+01 -7.394799761785402836e+01
-2.207999999999999829e+01 -7.387901091927952280e+01
-2.159999999999999787e+01 -7.367006272276383072e+01
-2.111999999999999744e+01 -7.336262646037602053e+01
-2.064000000000000057e+01 -7.306998025929844687e+01
-2.016000000000000014e+01 -7.276605841245896045e+01
-1.967999999999999972e+01 -7.260971383325147599e+01
-1.919999999999999929e+01 -7.256576753188075202e+01
-1.871999999999999886e+01 -7.192214145797628078e+01
-1.823999999999999844e+01 -7.149473951340542044e+01
-1.775999999999999801e+01 -7.142354921330547768e+01
-1.728000000000000114e+01 -7.088563876958207288e+01
-1.680000000000000071e+01 -7.070175920640781442e+01
-1.632000000000000028e+01 -7.055963339054959249e+01
-1.583999999999999986e+01 -7.035788085009862414e+01
-1.535999999999999943e+01 -6.996391926262548111e+01
-1.487999999999999901e+01 -6.928491720830994893e+01
-1.439999999999999858e+01 -6.914893028315586321e+01
-1.391999999999999993e+01 -6.884395445357618826e+01
-1.343999999999999950e+01 -6.857610797403103220e+01
-1.295999999999999908e+01 -6.824782055507532164e+01
-1.248000000000000043e+01 -6.784953550633490238e+01
-1.200000000000000000e+01 -6.668452227877889982e+01
-1.151999999999999957e+01 -6.468715014244614281e+01
-1.103999999999999915e+01 -6.195213843842385160e+01
-1.055999999999999872e+01 -5.190242921447283209e+01
-1.008000000000000007e+01 -3.408786219136686668e+01
-9.599999999999999645e+00 -2.572876762859532818e+01
-9.119999999999999218e+00 -2.311357052235891629e+01
-8.640000000000000568e+00 -2.289846215464185519e+01
-8.160000000000000142e+00 -2.288275664710302237e+01
-7.679999999999999716e+00 -2.270113895857423358e+01
-7.199999999999999289e+00 -2.260144479074586954e+01
-6.719999999999999751e+00 -2.275292630302950059e+01
-6.240000000000000213e+00 -2.270484481565529222e+01
-5.759999999999999787e+00 -2.254911533549483948e+01
-5.279999999999999361e+00 -2.256866422070156375e+01
-4.799999999999999822e+00 -2.254053364530705394e+01
-4.320000000000000284e+00 -2.274729677852718979e+01
-3.839999999999999858e+00 -2.284680806973159761e+01
-3.359999999999999876e+00 -2.284229958173467523e+01
-2.879999999999999893e+00 -2.285226582324675348e+01
-2.399999999999999911e+00 -2.272111178211611104e+01
-1.919999999999999929e+00 -2.272574434699599877e+01
-1.439999999999999947e+00 -2.271439943085437818e+01
-9.599999999999999645e-01 -2.265413137423151113e+01
-4.799999999999999822e-01 -2.276090776844264241e+01
0.000000000000000000e+00 -2.282017722049624098e+01
4.799999999999999822e-01 -2.261508781564035431e+01
9.599999999999999645e-01 -2.223685572351914885e+01
1.439999999999999947e+00 -2.257894918392002737e+01
1.919999999999999929e+00 -2.293291795339060357e+01
2.399999999999999911e+00 -2.271610044951461660e+01
2.879999999999999893e+00 -2.255797638675874239e+01
3.359999999999999876e+00 -2.240043900369773056e+01
3.839999999999999858e+00 -2.263961500674049887e+01
4.320000000000000284e+00 -2.294316688820396521e+01
4.799999999999999822e+00 -2.288397099448630101e+01
5.279999999999999361e+00 -2.278653953844501956e+01
5.759999999999999787e+00 -2.278200874521246533e+01
6.240000000000000213e+00 -2.286776591312057150e+01
6.719999999999999751e+00 -2.281626004450668077e+01
7.199999999999999289e+00 -2.270105926040675115e+01
7.679999999999999716e+00 -2.291356927833130186e+01
8.160000000000000142e+00 -2.286314392296132425e+01
8.640000000000000568e+00 -2.277712384634497766e+01
9.119999999999999218e+00 -2.310477850440143754e+01
9.599999999999999645e+00 -2.583194470179778079e+01
1.008000000000000007e+01 -3.433727431961557386e+01
1.055999999999999872e+01 -5.212938893046742805e+01
1.103999999999999915e+01 -6.164393282599627355e+01
1.151999999999999957e+01 -6.503932057701538838e+01
1.200000000000000000e+01 -6.729902544779771745e+01
1.248000000000000043e+01 -6.881721732001643943e+01
1.295999999999999908e+01 -6.945420303058162403e+01
1.343999999999999950e+01 -6.960464000638974369e+01
1.391999999999999993e+01 -7.001413939550037924e+01
1.439999999999999858e+01 -7.031990967382989766e+01
1.487999999999999901e+01 -7.088380239285503137e+01
1.535999999999999943e+01 -7.132673799542999404e+01
1.583999999999999986e+01 -7.168144016947010755e+01
1.632000000000000028e+01 -7.166849781229913674e+01
1.680000000000000071e+01 -7.176106274576073929e+01
1.728000000000000114e+01 -7.206510323983930277e+01
1.775999999999999801e+01 -7.271250722841683967e+01
1.823999999999999844e+01 -7.304550076469635655e+01
1.871999999999999886e+01 -7.322324679814759918e+01
1.919999999999999929e+01 -7.352376848551509170e+01
1.967999999999999972e+01 -7.372704525124495945e+01
2.016000000000000014e+01 -7.405790594211934774e+01
2.064000000000000057e+01 -7.404949801558575473e+01
2.111999999999999744e+01 -7.407228064988760252e+01
2.159999999999999787e+01 -7.432718284260640473e+01
2.207999999999999829e+01 -7.464493398653870315e+01
2.255999999999999872e+01 -7.484115020983875866e+01
2.303999999999999915e+01 -7.461792187628260820e+01
2.351999999999999957e+01 -7.445617777995965980e+01
2.400000000000000000e+01 -7.455080710552549306e+01
2.448000000000000043e+01 -7.489115424144446820e+01
2.496000000000000085e+01 -7.528103430146279607e+01
2.543999999999999773e+01 -7.566424182513681274e+01
2.591999999999999815e+01 -7.574077095945241922e+01
2.639999999999999858e+01 -7.563669696792034358e+01
2.687999999999999901e+01 -7.577704315126247536e+01
2.735999999999999943e+01 -7.587138738645606395e+01
2.783999999999999986e+01 -7.569348268320733553e+01
2.832000000000000028e+01 -7.562669594295915942e+01
2.879999999999999716e+01 -7.588285181172739158e+01
2.927999999999999758e+01 -7.604138091333800276e+01
2.975999999999999801e+01 -7.612040746284861825e+01
3.023999999999999844e+01 -7.631988922731390801e+01
3.071999999999999886e+01 -7.645961176020593086e+01
3.119999999999999929e+01 -7.644622723683778531e+01
3.167999999999999972e+01 -7.649422873012554192e+01
3.215999999999999659e+01 -7.653156614744752062e+01
3.264000000000000057e+01 -7.626442377817774343e+01
3.311999999999999744e+01 -7.627624149659739317e+01
3.360000000000000142e+01 -7.634648013195703697e+01
3.407999999999999829e+01 -7.671957632607347932e+01
3.456000000000000227e+01 -7.699501799162327131e+01
3.503999999999999915e+01 -7.698644089131852297e+01
3.551999999999999602e+01 -7.690417116850697710e+01
3.600000000000000000e+01 -7.717491355706715694e+01
3.647999999999999687e+01 -7.736530226314063441e+01
3.696000000000000085e+01 -7.707381484790363402e+01
3.743999999999999773e+01 -7.698679395506042056e+01
3.792000000000000171e+01 -7.718832379371399099e+01
3.839999999999999858e+01 -7.696152050089190766e+01
3.887999999999999545e+01 -7.700596587407187599e+01
3.935999999999999943e+01 -7.720013596067737183e+01
3.983999999999999631e+01 -7.735717013725077607e+01
4.032000000000000028e+01 -7.745247989102215058e+01
4.079999999999999716e+01 -7.772906395277921376e+01
4.128000000000000114e+01 -7.770560256763027951e+01
4.175999999999999801e+01 -7.771244172218607105e+01
4.223999999999999488e+01 -7.797346177941406609e+01
4.271999999999999886e+01 -7.822676913305818402e+01
4.319999999999999574e+01 -7.811093464091396754e+01
4.367999999999999972e+01 -7.804595274804989913e+01
4.415999999999999659e+01 -7.810054860399633014e+01
4.464000000000000057e+01 -7.829766568444325969e+01
4.511999999999999744e+01 -7.857332153967928434e+01
4.560000000000000142e+01 -7.833393518997797855e+01
4.607999999999999829e+01 -7.827791717073644406e+01
4.655999999999999517e+01 -7.822216272612295995e+01
4.703999999999999915e+01 -7.847273167253557347e+01
4.751999999999999602e+01 -7.857514881857045452e+01
4.800000000000000000e+01 -7.852224571857784952e+01
4.847999999999999687e+01 -7.863755123640595457e+01
4.896000000000000085e+01 -7.866281363497377299e+01
4.943999999999999773e+01 -7.848631810237449713e+01
4.992000000000000171e+01 -7.863384875484537417e+01
5.039999999999999858e+01 -7.897845337752238493e+01
5.087999999999999545e+01 -7.889602231609855210e+01
5.135999999999999943e+01 -7.869064096654528839e+01
5.183999999999999631e+01 -7.896060151924729098e+01
5.232000000000000028e+01 -7.915253490956442306e+01
5.279999999999999716e+01 -7.909275371384963194e+01
5.328000000000000114e+01 -7.951836529952949206e+01
5.375999999999999801e+01 -7.962860500245754736e+01
5.423999999999999488e+01 -7.953419039285044789e+01
5.471999999999999886e+01 -7.973592316535561508e+01
5.519999999999999574e+01 -7.986841769728249574e+01
5.567999999999999972e+01 -7.980986677894451020e+01
5.615999999999999659e+01 -7.958833942970565545e+01
5.664000000000000057e+01 -7.983710019753372933e+01
5.711999999999999744e+01 -8.031970876967720585e+01
5.759999999999999432e+01 -8.035377091657525739e+01
5.807999999999999829e+01 -8.026130106233935635e+01
5.855999999999999517e+01 -8.020622112720828056e+01
5.903999999999999915e+01 -8.036993771021002431e+01
5.951999999999999602e+01 -8.044487396415520664e+01
6.000000000000000000e+01 -8.030270038219637740e+01
6.047999999999999687e+01 -8.025203021118223035e+01
6.096000000000000085e+01 -8.064963281112142113e+01
6.143999999999999773e+01 -8.082698720224291833e+01
6.191999999999999460e+01 -8.059632358707742128e+01
6.239999999999999858e+01 -8.062798608481801921e+01
6.287999999999999545e+01 -8.083094560447584342e+01
6.335999999999999943e+01 -8.086492610756523902e+01
6.383999999999999631e+01 -8.081114334164004731e+01
6.431999999999999318e+01 -8.063222364285340404e+01
6.479999999999999716e+01 -8.066558777444095085e+01
6.528000000000000114e+01 -8.104078943189720974e+01
6.575999999999999091e+01 -8.139097744604072204e+01
6.623999999999999488e+01 -8.121975733227100136e+01
6.671999999999999886e+01 -8.128233045674807045e+01
6.720000000000000284e+01 -8.154785719674016775e+01
6.767999999999999261e+01 -8.165754317138686247e+01
6.815999999999999659e+01 -8.158016410374051475e+01
6.864000000000000057e+01 -8.156509332058274708e+01
6.912000000000000455e+01 -8.145798620105510679e+01
6.959999999999999432e+01 -8.162944944605249020e+01
7.007999999999999829e+01 -8.205833509934764436e+01
7.056000000000000227e+01 -8.204807309586416864e+01
7.103999999999999204e+01 -8.197109519454805593e+01
7.151999999999999602e+01 -8.213122559771798592e+01
7.200000000000000000e+01 -8.230500514696815628e+01
7.248000000000000398e+01 -8.236567808823926384e+01
7.295999999999999375e+01 -8.242657692845513395e+01
7.343999999999999773e+01 -8.235409248358365630e+01
7.392000000000000171e+01 -8.234714089286720196e+01
7.439999999999999147e+01 -8.277972829655794840e+01
7.487999999999999545e+01 -8.291152854312740317e+01
7.535999999999999943e+01 -8.309552363359611604e+01
7.584000000000000341e+01 -8.308864825379802710e+01
7.631999999999999318e+01 -8.278474807626055565e+01
7.679999999999999716e+01 -8.314264297586431951e+01
7.728000000000000114e+01 -8.326370245571696671e+01
7.775999999999999091e+01 -8.314301276735152157e+01
7.823999999999999488e+01 -8.346430767616814705e+01
7.871999999999999886e+01 -8.356127214969889394e+01
7.920000000000000284e+01 -8.340769108927634079e+01
7.967999999999999261e+01 -8.355144989109511755e+01
8.015999999999999659e+01 -8.381144792134504939e+01
8.064000000000000057e+01 -8.389604678633445189e+01
8.111999999999999034e+01 -8.390117273126352870e+01
8.159999999999999432e+01 -8.405698284375054641e+01
8.207999999999999829e+01 -8.408894020583790052e+01
8.256000000000000227e+01 -8.389162650413366862e+01
8.303999999999999204e+01 -8.416350497376470230e+01
8.351999999999999602e+01 -8.386542144111281516e+01
8.400000000000000000e+01 -8.395541118245932921e+01
8.447999999999998977e+01 -8.442844939070978683e+01
8.495999999999999375e+01 -8.450735009746324522e+01
8.543999999999999773e+01 -8.423129424068710591e+01
8.592000000000000171e+01 -8.438384568041841760e+01
8.639999999999999147e+01 -8.478397666185202297e+01
8.687999999999999545e+01 -8.495795852853630947e+01
8.735999999999999943e+01 -8.481769066270715030e+01
8.784000000000000341e+01 -8.459351528187940517e+01
8.831999999999999318e+01 -8.493831686247355606e+01
8.879999999999999716e+01 -8.492796708648795345e+01
8.928000000000000114e+01 -8.492568873521562978e+01
8.975999999999999091e+01 -8.496724559795345044e+01
9.023999999999999488e+01 -8.507176174334441043e+01
9.071999999999999886e+01 -8.509728470318727034e+01
9.120000000000000284e+01 -8.510209457270536859e+01
9.167999999999999261e+01 -8.542816600227791923e+01
9.215999999999999659e+01 -8.553410090735802385e+01
9.264000000000000057e+01 -8.539438736830290111e+01
9.311999999999999034e+01 -8.539388076506938319e+01
9.359999999999999432e+01 -8.538555205571068996e+01
9.407999999999999829e+01 -8.541330557254900668e+01
9.456000000000000227e+01 -8.586578391471232408e+01
9.503999999999999204e+01 -8.612866182945772664e+01
9.551999999999999602e+01 -8.597083705536962839e+01
9.600000000000000000e+01 -8.594029306824702985e+01
9.647999999999998977e+01 -8.607005119970254725e+01
9.695999999999999375e+01 -8.595057822955376992e+01
9.743999999999999773e+01 -8.583044577392982433e+01
9.792000000000000171e+01 -8.562355886980974162e+01
9.839999999999999147e+01 -8.569585398786465191e+01
9.887999999999999545e+01 -8.599368928588202721e+01
9.935999999999999943e+01 -8.622835055944139526e+01
9.984000000000000341e+01 -8.612068494412626762e+01
1.003199999999999932e+02 -8.587869498263798107e+01
1.007999999999999972e+02 -8.600189488409610306e+01
1.012800000000000011e+02 -8.627266929168339971e+01
1.017599999999999909e+02 -8.659263981400421528e+01
1.022399999999999949e+02 -8.669866612433098396e+01
1.027199999999999989e+02 -8.705592937818724408e+01
1.032000000000000028e+02 -8.742833292333914130e+01
1.036799999999999926e+02 -8.796023558303096479e+01
1.041599999999999966e+02 -8.860779527078322815e+01
1.046400000000000006e+02 -8.908183574897412882e+01
1.051199999999999903e+02 -8.982883563092212853e+01
1.055999999999999943e+02 -9.024889210780648341e+01
1.060799999999999983e+02 -9.007510200218601426e+01
1.065600000000000023e+02 -9.110471556881788047e+01
1.070399999999999920e+02 -9.215170296573342057e+01
1.075199999999999960e+02 -9.315330614706816448e+01
1.080000000000000000e+02 -9.385884651277187629e+01
1.084799999999999898e+02 -9.465181633593832089e+01
1.089599999999999937e+02 -9.542383871438670440e+01
1.094399999999999977e+02 -9.622805572789823714e+01
1.099200000000000017e+02 -9.680390295781107568e+01
1.103999999999999915e+02 -9.733353779158065322e+01
1.108799999999999955e+02 -9.772997106477305351e+01
1.113599999999999994e+02 -9.803102363830157628e+01
1.118399999999999892e+02 -9.861930342714640574e+01
1.123199999999999932e+02 -9.901096319371170296e+01
1.127999999999999972e+02 -9.887306222127669741e+01
1.132800000000000011e+02 -9.894986026091638109e+01
1.137599999999999909e+02 -9.908883248693071266e+01
1.142399999999999949e+02 -9.918872884613229246e+01
1.147199999999999989e+02 -9.950253514698850665e+01
1.151999999999999886e+02 -9.932556938138307601e+01
1.156799999999999926e+02 -9.909997968892298559e+01
1.161599999999999966e+02 -9.944324510053044719e+01
1.166400000000000006e+02 -9.952359064817810008e+01
1.171199999999999903e+02 -9.968113172707342073e+01
1.175999999999999943e+02 -9.955837858028309029e+01
1.180799999999999983e+02 -9.938507722743926820e+01
1.185600000000000023e+02 -9.959585562617647270e+01
1.190399999999999920e+02 -9.959416892650068576e+01
1.195199999999999960e+02 -9.934279120033522759e+01
1.200000000000000000e+02 -9.935674684772406806e+01
1.204799999999999898e+02 -9.967381990496356536e+01
1.209599999999999937e+02 -9.972539423996138908e+01
1.214399999999999977e+02 -9.977597746047904081e+01
1.219200000000000017e+02 -9.961578542692194560e+01
1.223999999999999915e+02 -9.911837147452078511e+01
