-1.228799999999999892e-01 -7.025418888998513012e+01
-1.223999999999999949e-01 -7.056720247289068482e+01
-1.219199999999999867e-01 -7.074264676900418181e+01
-1.214399999999999924e-01 -7.048335741561236034e+01
-1.209599999999999842e-01 -7.065546784497425392e+01
-1.204799999999999899e-01 -7.049551223372506570e+01
-1.199999999999999956e-01 -7.043168629042523321e+01
-1.195199999999999874e-01 -7.038937617699670568e+01
-1.190399999999999930e-01 -7.048637024565950071e+01
-1.185599999999999848e-01 -7.019122725749814151e+01
-1.180799999999999905e-01 -7.010350280388446720e+01
-1.175999999999999962e-01 -7.025981524899565045e+01
-1.171199999999999880e-01 -7.019329039512336976e+01
-1.166399999999999937e-01 -6.978867955746495966e+01
-1.161599999999999855e-01 -6.947576457380760928e+01
-1.156799999999999912e-01 -6.955255783117128487e+01
-1.151999999999999968e-01 -6.986236221849932804e+01
-1.147199999999999886e-01 -6.967030140151395301e+01
-1.142399999999999943e-01 -6.919756860357009032e+01
-1.137599999999999861e-01 -6.949591750983412908e+01
-1.132799999999999918e-01 -6.961341690658498749e+01
-1.127999999999999836e-01 -6.944121293825845953e+01
-1.123199999999999893e-01 -6.917961571144631705e+01
-1.118399999999999950e-01 -6.908251461865111764e+01
-1.113599999999999868e-01 -6.894739938066264529e+01
-1.108799999999999925e-01 -6.901059334420763491e+01
-1.103999999999999843e-01 -6.920287761682587302e+01
-1.099199999999999899e-01 -6.899955899594614550e+01
-1.094399999999999956e-01 -6.907934953077715079e+01
-1.089599999999999874e-01 -6.866188287027952697e+01
-1.084799999999999931e-01 -6.820276925577364580e+01
-1.079999999999999849e-01 -6.777466820489233612e+01
-1.075199999999999906e-01 -6.763684733433115071e+01
-1.070399999999999963e-01 -6.718693235644590800e+01
-1.065599999999999881e-01 -6.657702386974352748e+01
-1.060799999999999937e-01 -6.642779637901197987e+01
-1.055999999999999855e-01 -6.605919765988446102e+01
-1.051199999999999912e-01 -6.515315564058930420e+01
-1.046399999999999969e-01 -6.428361968884846078e+01
-1.041599999999999887e-01 -6.395583494538489333e+01
-1.036799999999999944e-01 -6.358151373169964415e+01
-1.031999999999999862e-01 -6.333102829305357062e+01
-1.027199999999999919e-01 -6.276376939849444625e+01
-1.022399999999999975e-01 -6.238816038286817189e+01
-1.017599999999999894e-01 -6.216218574258392238e+01
-1.012799999999999950e-01 -6.232362158446078126e+01
-1.007999999999999868e-01 -6.224671807160264336e+01
-1.003199999999999925e-01 -6.205441876699971004e+01
-9.983999999999998431e-02 -6.171014818833789661e+01
-9.935999999999998999e-02 -6.163829832317971835e+01
-9.887999999999999567e-02 -6.172578258023320075e+01
-9.839999999999998748e-02 -6.167915820601278654e+01
-9.791999999999999316e-02 -6.145796464374353718e+01
-9.743999999999998496e-02 -6.144002486782671468e+01
-9.695999999999999064e-02 -6.129520981424881398e+01
-9.647999999999999632e-02 -6.105049210466997778e+01
-9.599999999999998812e-02 -6.118833213360298373e+01
-9.551999999999999380e-02 -6.107352989185925907e+01
-9.503999999999998560e-02 -6.095442278718859086e+01
-9.455999999999999128e-02 -6.083958864484179685e+01
-9.407999999999999696e-02 -6.063389793102337677e+01
-9.359999999999998876e-02 -6.065491642264646543e+01
-9.311999999999999444e-02 -6.081471859538923042e+01
-9.263999999999998625e-02 -6.065207937589619291e+01
-9.215999999999999193e-02 -6.072266378834518719e+01
-9.167999999999999761e-02 -6.081328637535364123e+01
-9.119999999999998941e-02 -6.028595714283633100e+01
-9.071999999999999509e-02 -6.000911984879174810e+01
-9.023999999999998689e-02 -5.993884502821114069e+01
-8.975999999999999257e-02 -5.951752259244010901e+01
-8.927999999999999825e-02 -5.951952664452642239e+01
-8.879999999999999005e-02 -5.955495497069782829e+01
-8.831999999999999573e-02 -5.955877889923083757e+01
-8.783999999999998753e-02 -5.946240899479379038e+01
-8.735999999999999321e-02 -5.932088946134280150e+01
-8.687999999999999889e-02 -5.936432996644300886e+01
-8.639999999999999070e-02 -5.909035533187348932e+01
-8.591999999999999638e-02 -5.896036664156061136e+01
-8.543999999999998818e-02 -5.862088021027861373e+01
-8.495999999999999386e-02 -5.830751599580669620e+01
-8.447999999999999954e-02 -5.811538076975266165e+01
-8.399999999999999134e-02 -5.809242372305086377e+01
-8.351999999999999702e-02 -5.805673450236247390e+01
-8.303999999999998882e-02 -5.803478557528301707e+01
-8.255999999999999450e-02 -5.809015867236312403e+01
-8.207999999999998630e-02 -5.775318913397683218e+01
-8.159999999999999198e-02 -5.758978350115242506e+01
-8.111999999999999766e-02 -5.751395133790833825e+01
-8.063999999999998947e-02 -5.728065194312478070e+01
-8.015999999999999515e-02 -5.723967159093856338e+01
-7.967999999999998695e-02 -5.705096761142912243e+01
-7.919999999999999263e-02 -5.677746828696062664e+01
-7.871999999999999831e-02 -5.679432087511426630e+01
-7.823999999999999011e-02 -5.686643733717035332e+01
-7.775999999999999579e-02 -5.684358084774605402e+01
-7.727999999999998759e-02 -5.662515156641024561e+01
-7.679999999999999327e-02 -5.624714723106787773e+01
-7.631999999999999895e-02 -5.627623628911834430e+01
-7.583999999999999075e-02 -5.628696383634075318e+01
-7.535999999999999643e-02 -5.627158360451933561e+01
-7.487999999999998824e-02 -5.592690220891830677e+01
-7.439999999999999392e-02 -5.545586707150474126e+01
-7.391999999999999960e-02 -5.542336490516966307e+01
-7.343999999999999140e-02 -5.575497475784868584e+01
-7.295999999999999708e-02 -5.552280589325265225e+01
-7.247999999999998888e-02 -5.527362826768360549e+01
-7.199999999999999456e-02 -5.508085791912455420e+01
-7.152000000000000024e-02 -5.490938792865301821e+01
-7.103999999999999204e-02 -5.502315793798500465e+01
-7.055999999999999772e-02 -5.485109735498891581e+01
-7.007999999999998952e-02 -5.489252845529791358e+01
-6.959999999999999520e-02 -5.494324752754218366e+01
-6.911999999999998701e-02 -5.474763646953289253e+01
-6.863999999999999269e-02 -5.476780735910816134e+01
-6.815999999999999837e-02 -5.464747783949957238e+01
-6.767999999999999017e-02 -5.430712491004438647e+01
-6.719999999999999585e-02 -5.403394092867454646e+01
-6.671999999999998765e-02 -5.415150952212127322e+01
-6.623999999999999333e-02 -5.403873889355587323e+01
-6.575999999999999901e-02 -5.394927049438815914e+01
-6.527999999999999081e-02 -5.380607398540548303e+01
-6.479999999999999649e-02 -5.380890143197544262e+01
-6.431999999999998829e-02 -5.386769136219039922e+01
-6.383999999999999397e-02 -5.368389018754788822e+01
-6.335999999999999965e-02 -5.340378459317805948e+01
-6.287999999999999146e-02 -5.347666749152714516e+01
-6.239999999999999714e-02 -5.367528560177142083e+01
-6.191999999999999588e-02 -5.355954118294674515e+01
-6.143999999999999462e-02 -5.347280968715270433e+01
-6.095999999999999336e-02 -5.365760576608332144e+01
-6.047999999999999210e-02 -5.354397742181316033e+01
-5.999999999999999778e-02 -5.331885217221589102e+01
-5.951999999999999652e-02 -5.310958083315342293e+01
-5.903999999999999526e-02 -5.341637080890997424e+01
-5.855999999999999400e-02 -5.328804275240740651e+01
-5.807999999999999274e-02 -5.308241111989730854e+01
-5.759999999999999842e-02 -5.314082343493048910e+01
-5.711999999999999716e-02 -5.295126765480563336e+01
-5.663999999999999591e-02 -5.279930741770500902e+01
-5.615999999999999465e-02 -5.228025788143326480e+01
-5.567999999999999339e-02 -5.239383465524194605e+01
-5.519999999999999213e-02 -5.257012410524622226e+01
-5.471999999999999781e-02 -5.232551994540656892e+01
-5.423999999999999655e-02 -5.240582307186703304e+01
-5.375999999999999529e-02 -5.248724382984303816e+01
-5.327999999999999403e-02 -5.230106957483958041e+01
-5.279999999999999277e-02 -5.225329348191563383e+01
-5.231999999999999845e-02 -5.237336137861314000e+01
-5.183999999999999719e-02 -5.241954961223883203e+01
-5.135999999999999593e-02 -5.213398933821579107e+01
-5.087999999999999468e-02 -5.184805709663832829e+01
-5.039999999999999342e-02 -5.188345607065073750e+01
-4.991999999999999216e-02 -5.206963262697961881e+01
-4.943999999999999784e-02 -5.182568140850523974e+01
-4.895999999999999658e-02 -5.171646804862687929e+01
-4.847999999999999532e-02 -5.198600537480299977e+01
-4.799999999999999406e-02 -5.198281789808633846e+01
-4.751999999999999280e-02 -5.184997852033025367e+01
-4.703999999999999848e-02 -5.171298211603126305e+01
-4.655999999999999722e-02 -5.166852858219971267e+01
-4.607999999999999596e-02 -5.166443582555608316e+01
-4.559999999999999470e-02 -5.153048684442684646e+01
-4.511999999999999345e-02 -5.123374363275559062e+01
-4.463999999999999913e-02 -5.121498848574590568e+01
-4.415999999999999787e-02 -5.115188490995783610e+01
-4.367999999999999661e-02 -5.099889515776500559e+01
-4.319999999999999535e-02 -5.098865150663385748e+01
-4.271999999999999409e-02 -5.123401789157054509e+01
-4.223999999999999977e-02 -5.142490739465539207e+01
-4.175999999999999851e-02 -5.135714162873996003e+01
-4.127999999999999725e-02 -5.122524651485962011e+01
-4.079999999999999599e-02 -5.109298418803847142e+01
-4.031999999999999473e-02 -5.080393459961111091e+01
-3.983999999999999347e-02 -5.082750679689360851e+01
-3.935999999999999915e-02 -5.068051042104451653e+01
-3.887999999999999790e-02 -5.056441823798554225e+01
-3.839999999999999664e-02 -5.078216265632445214e+01
-3.791999999999999538e-02 -5.062556838262355541e+01
-3.743999999999999412e-02 -5.046676317430018344e+01
-3.695999999999999980e-02 -5.039653599249186300e+01
-3.647999999999999854e-02 -5.041518121148936160e+01
-3.599999999999999728e-02 -5.050208853622510219e+01
-3.551999999999999602e-02 -5.047974181288893192e+01
-3.503999999999999476e-02 -5.024766364760328230e+01
-3.455999999999999350e-02 -5.032685930786111328e+01
-3.407999999999999918e-02 -5.043645102755759524e+01
-3.359999999999999792e-02 -5.013311211307068049e+01
-3.311999999999999666e-02 -4.979969125423104259e+01
-3.263999999999999541e-02 -4.964073391567001892e+01
-3.215999999999999415e-02 -4.962213217406744548e+01
-3.167999999999999983e-02 -4.939179562326003747e+01
-3.119999999999999857e-02 -4.963407774759971858e+01
-3.071999999999999731e-02 -4.996364603129934778e+01
-3.023999999999999605e-02 -4.994398176300715875e+01
-2.975999999999999826e-02 -4.991015991548239583e+01
-2.927999999999999700e-02 -4.975825833136188692e+01
-2.879999999999999921e-02 -4.955019560919929944e+01
-2.831999999999999795e-02 -4.946634423132093161e+01
-2.783999999999999669e-02 -4.932148811175166259e+01
-2.735999999999999890e-02 -4.915459442926528766e+01
-2.687999999999999765e-02 -4.923624657122036297e+01
-2.639999999999999639e-02 -4.918945269732181202e+01
-2.591999999999999860e-02 -4.894345521712057945e+01
-2.543999999999999734e-02 -4.910643436410636298e+01
-2.495999999999999608e-02 -4.921367919022445392e+01
-2.447999999999999829e-02 -4.882193526374579307e+01
-2.399999999999999703e-02 -4.853616213259095247e+01
-2.351999999999999924e-02 -4.835496545378009614e+01
-2.303999999999999798e-02 -4.837737716762717355e+01
-2.255999999999999672e-02 -4.833430400845717401e+01
-2.207999999999999893e-02 -4.838307992666459256e+01
-2.159999999999999767e-02 -4.833378667529657946e+01
-2.111999999999999988e-02 -4.788146963777712983e+01
-2.063999999999999863e-02 -4.749811500077713333e+01
-2.015999999999999737e-02 -4.736038696599266729e+01
-1.967999999999999958e-02 -4.739207545745128414e+01
-1.919999999999999832e-02 -4.719885402963902266e+01
-1.871999999999999706e-02 -4.650647206006215839e+01
-1.823999999999999927e-02 -4.610436399456890655e+01
-1.775999999999999801e-02 -4.593820802779730883e+01
-1.727999999999999675e-02 -4.560357285450814402e+01
-1.679999999999999896e-02 -4.548049980056092068e+01
-1.631999999999999770e-02 -4.518504865278061544e+01
-1.583999999999999991e-02 -4.466126235269846489e+01
-1.535999999999999865e-02 -4.418780683365039863e+01
-1.487999999999999913e-02 -4.367295074465667426e+01
-1.439999999999999961e-02 -4.338884758136131126e+01
-1.391999999999999835e-02 -4.294243073672795674e+01
-1.343999999999999882e-02 -4.280916664962212081e+01
-1.295999999999999930e-02 -4.235942094998202379e+01
-1.247999999999999804e-02 -4.164928332227628971e+01
-1.199999999999999852e-02 -3.983188200473078666e+01
-1.151999999999999899e-02 -3.671797602345244371e+01
-1.103999999999999947e-02 -3.291520405813074746e+01
-1.055999999999999994e-02 -2.195567316357086440e+01
-1.007999999999999868e-02 -4.036167756231228587e+00
-9.599999999999999159e-03 4.324924613577374899e+00
-9.119999999999999635e-03 6.940042727399069022e+00
-8.639999999999998376e-03 7.154849408481717354e+00
-8.159999999999998851e-03 7.170679210696651040e+00
-7.679999999999999327e-03 7.354242535265687053e+00
-7.199999999999999803e-03 7.455797963482462265e+00
-6.719999999999999411e-03 7.305549287687542304e+00
-6.239999999999999020e-03 7.353446355986099192e+00
-5.759999999999999495e-03 7.510262018145562379e+00
-5.279999999999999971e-03 7.492519541341544631e+00
-4.799999999999999580e-03 7.521481696266657302e+00
-4.319999999999999188e-03 7.313916611954171643e+00
-3.839999999999999664e-03 7.214267729958355524e+00
-3.359999999999999706e-03 7.220153115606268379e+00
-2.879999999999999748e-03 7.209480692532522994e+00
-2.399999999999999790e-03 7.338645363066080840e+00
-1.919999999999999832e-03 7.332256469013962885e+00
-1.439999999999999874e-03 7.341055609054657261e+00
-9.599999999999999159e-04 7.399267676232995861e+00
-4.799999999999999580e-04 7.292917923906554023e+00
0.000000000000000000e+00 7.230362470367502681e+00
4.799999999999999580e-04 7.437181569129165837e+00
9.599999999999999159e-04 7.819721769503917841e+00
1.439999999999999874e-03 7.480499615978403405e+00
1.919999999999999832e-03 7.129502831714969346e+00
2.399999999999999790e-03 7.347156572433224397e+00
2.879999999999999748e-03 7.506254537235101942e+00
3.359999999999999706e-03 7.664286296246286767e+00
3.839999999999999664e-03 7.426164537669526666e+00
4.319999999999999188e-03 7.123687287035601834e+00
4.799999999999999580e-03 7.181672483576729604e+00
5.279999999999999971e-03 7.277508232172118952e+00
5.759999999999999495e-03 7.281032291966046621e+00
6.239999999999999020e-03 7.194710677435622870e+00
6.719999999999999411e-03 7.246917539507437667e+00
7.199999999999999803e-03 7.360863370559469487e+00
7.679999999999999327e-03 7.146209439604939817e+00
8.159999999999998851e-03 7.195727106892780611e+00
8.639999999999998376e-03 7.281787165912545490e+00
9.119999999999999635e-03 6.953684369030299628e+00
9.599999999999999159e-03 4.226176617796503443e+00
1.007999999999999868e-02 -4.281295247660493963e+00
1.055999999999999994e-02 -2.214230248050715133e+01
1.103999999999999947e-02 -3.213017497131402678e+01
1.151999999999999899e-02 -3.636172423377917795e+01
1.199999999999999852e-02 -3.968142058954990148e+01
1.247999999999999804e-02 -4.204594403633348065e+01
1.295999999999999930e-02 -4.324311867449413427e+01
1.343999999999999882e-02 -4.371295606023325320e+01
1.391999999999999835e-02 -4.406287066706024547e+01
1.439999999999999961e-02 -4.422825429474954007e+01
1.487999999999999913e-02 -4.490301527893620204e+01
1.535999999999999865e-02 -4.551841260983937332e+01
1.583999999999999991e-02 -4.592239619811117990e+01
1.631999999999999770e-02 -4.615538058122037768e+01
1.679999999999999896e-02 -4.644640085851811051e+01
1.727999999999999675e-02 -4.687246202857377142e+01
1.775999999999999801e-02 -4.746770791632553710e+01
1.823999999999999927e-02 -4.774372252846003306e+01
1.871999999999999706e-02 -4.807948989910711646e+01
1.919999999999999832e-02 -4.845944575044239855e+01
1.967999999999999958e-02 -4.858469944298424537e+01
2.015999999999999737e-02 -4.889787312271152331e+01
2.063999999999999863e-02 -4.874164633790294943e+01
2.111999999999999988e-02 -4.883419030639998226e+01
2.159999999999999767e-02 -4.933497772140655258e+01
2.207999999999999893e-02 -4.960426052200372027e+01
2.255999999999999672e-02 -4.966444654813435733e+01
2.303999999999999798e-02 -4.954901414571303064e+01
2.351999999999999924e-02 -4.933256042133059793e+01
2.399999999999999703e-02 -4.940238036157261092e+01
2.447999999999999829e-02 -4.983147936548407131e+01
2.495999999999999608e-02 -4.995257236454804683e+01
2.543999999999999734e-02 -5.041024285769679381e+01
2.591999999999999860e-02 -5.062204071636446656e+01
2.639999999999999639e-02 -5.043097024132831052e+01
2.687999999999999765e-02 -5.040487770174068061e+01
2.735999999999999890e-02 -5.046162221551404059e+01
2.783999999999999669e-02 -5.049075880521694160e+01
2.831999999999999795e-02 -5.029792938756784793e+01
2.879999999999999921e-02 -5.038566873177428818e+01
2.927999999999999700e-02 -5.057048496678518745e+01
2.975999999999999826e-02 -5.084608188643358062e+01
3.023999999999999605e-02 -5.117000301397965245e+01
3.071999999999999731e-02 -5.130488454223743133e+01
3.119999999999999857e-02 -5.114345354258488641e+01
3.167999999999999983e-02 -5.110634666429808703e+01
3.215999999999999415e-02 -5.133060525511539396e+01
3.263999999999999541e-02 -5.129065661041507695e+01
3.311999999999999666e-02 -5.121342977460062684e+01
3.359999999999999792e-02 -5.133586596628227738e+01
3.407999999999999918e-02 -5.164044640292771504e+01
3.455999999999999350e-02 -5.188915449258855972e+01
3.503999999999999476e-02 -5.188787841379447485e+01
3.551999999999999602e-02 -5.177883372421764818e+01
3.599999999999999728e-02 -5.187956788322680524e+01
3.647999999999999854e-02 -5.218334821657855827e+01
3.695999999999999980e-02 -5.203507702934312817e+01
3.743999999999999412e-02 -5.188890086830562609e+01
3.791999999999999538e-02 -5.198475393472196515e+01
3.839999999999999664e-02 -5.172319005870926389e+01
3.887999999999999790e-02 -5.174162836284178724e+01
3.935999999999999915e-02 -5.208410752610967620e+01
3.983999999999999347e-02 -5.240715700409246125e+01
4.031999999999999473e-02 -5.241677728602753206e+01
4.079999999999999599e-02 -5.234996713337860541e+01
4.127999999999999725e-02 -5.239554237877690923e+01
4.175999999999999851e-02 -5.270884102094981927e+01
4.223999999999999977e-02 -5.296522273803033443e+01
4.271999999999999409e-02 -5.294236630076088801e+01
4.319999999999999535e-02 -5.271803492873331720e+01
4.367999999999999661e-02 -5.275781725191435356e+01
4.415999999999999787e-02 -5.285125683330916502e+01
4.463999999999999913e-02 -5.304824520196697790e+01
4.511999999999999345e-02 -5.336925821904902989e+01
4.559999999999999470e-02 -5.318492588988667080e+01
4.607999999999999596e-02 -5.307945054746016922e+01
4.655999999999999722e-02 -5.308379377962128842e+01
4.703999999999999848e-02 -5.311207222909358450e+01
4.751999999999999280e-02 -5.312142826820262798e+01
4.799999999999999406e-02 -5.319277831034412429e+01
4.847999999999999532e-02 -5.317170590498818683e+01
4.895999999999999658e-02 -5.305086515606858200e+01
4.943999999999999784e-02 -5.290663559206081601e+01
4.991999999999999216e-02 -5.322456787006434809e+01
5.039999999999999342e-02 -5.350831015979703409e+01
5.087999999999999468e-02 -5.338707435205716934e+01
5.135999999999999593e-02 -5.335681649673023941e+01
5.183999999999999719e-02 -5.365650598060653920e+01
5.231999999999999845e-02 -5.403009395831242045e+01
5.279999999999999277e-02 -5.393175058442628256e+01
5.327999999999999403e-02 -5.411268224180717823e+01
5.375999999999999529e-02 -5.398635332015329880e+01
5.423999999999999655e-02 -5.382848926742987317e+01
5.471999999999999781e-02 -5.402032434673266437e+01
5.519999999999999213e-02 -5.416654767801362880e+01
5.567999999999999339e-02 -5.434358377414417873e+01
5.615999999999999465e-02 -5.422415318893764891e+01
5.663999999999999591e-02 -5.440723009116499043e+01
5.711999999999999716e-02 -5.468816645716893277e+01
5.759999999999999842e-02 -5.474442085423545734e+01
5.807999999999999274e-02 -5.455158189982192596e+01
5.855999999999999400e-02 -5.439729200491179739e+01
5.903999999999999526e-02 -5.462225670357759810e+01
5.951999999999999652e-02 -5.484310197074410098e+01
5.999999999999999778e-02 -5.470210879412888261e+01
6.047999999999999210e-02 -5.452279739433461003e+01
6.095999999999999336e-02 -5.482016459059731517e+01
6.143999999999999462e-02 -5.508349623780087256e+01
6.191999999999999588e-02 -5.506428693821347764e+01
6.239999999999999714e-02 -5.503065506757594960e+01
6.287999999999999146e-02 -5.523001967489105368e+01
6.335999999999999965e-02 -5.533824544300392745e+01
6.383999999999999397e-02 -5.522759632703447608e+01
6.431999999999998829e-02 -5.500816327955608642e+01
6.479999999999999649e-02 -5.511669382953002838e+01
6.527999999999999081e-02 -5.532385220565379313e+01
6.575999999999999901e-02 -5.568646650828927136e+01
6.623999999999999333e-02 -5.589124047295293707e+01
6.671999999999998765e-02 -5.579852830982444800e+01
6.719999999999999585e-02 -5.592724425499309859e+01
6.767999999999999017e-02 -5.602772235236347598e+01
6.815999999999999837e-02 -5.605204312175277437e+01
6.863999999999999269e-02 -5.620561797103079726e+01
6.911999999999998701e-02 -5.602387666076698736e+01
6.959999999999999520e-02 -5.608897762193399217e+01
7.007999999999998952e-02 -5.656365685759151773e+01
7.055999999999999772e-02 -5.659208022388931170e+01
7.103999999999999204e-02 -5.658447220862590399e+01
7.152000000000000024e-02 -5.670789561879924179e+01
7.199999999999999456e-02 -5.686186682681343996e+01
7.247999999999998888e-02 -5.709423971986561241e+01
7.295999999999999708e-02 -5.706504678623865345e+01
7.343999999999999140e-02 -5.688938188999732404e+01
7.391999999999999960e-02 -5.689948542022794697e+01
7.439999999999999392e-02 -5.720358390629451151e+01
7.487999999999998824e-02 -5.720575090075855229e+01
7.535999999999999643e-02 -5.757025758308896002e+01
7.583999999999999075e-02 -5.788916143500958356e+01
7.631999999999999895e-02 -5.773644586390338418e+01
7.679999999999999327e-02 -5.787026022570746875e+01
7.727999999999998759e-02 -5.802930141036516432e+01
7.775999999999999579e-02 -5.786648493887172151e+01
7.823999999999999011e-02 -5.804883419581000226e+01
7.871999999999999831e-02 -5.829002783670759413e+01
7.919999999999999263e-02 -5.855937617036137510e+01
7.967999999999998695e-02 -5.864646027636090508e+01
8.015999999999999515e-02 -5.887351089798632131e+01
8.063999999999998947e-02 -5.899278323996754381e+01
8.111999999999999766e-02 -5.875993040799955480e+01
8.159999999999999198e-02 -5.870428301370687052e+01
8.207999999999998630e-02 -5.895163885605083465e+01
8.255999999999999450e-02 -5.894890254600887403e+01
8.303999999999998882e-02 -5.915407666825862520e+01
8.351999999999999702e-02 -5.931629739544472812e+01
8.399999999999999134e-02 -5.922278653141130889e+01
8.447999999999999954e-02 -5.940630227669763741e+01
8.495999999999999386e-02 -5.939328827296925795e+01
8.543999999999998818e-02 -5.934299678849561133e+01
8.591999999999999638e-02 -5.963023952943026984e+01
8.639999999999999070e-02 -5.990289309270745832e+01
8.687999999999999889e-02 -6.024836920839820920e+01
8.735999999999999321e-02 -6.027717135858077313e+01
8.783999999999998753e-02 -6.030462128611528527e+01
8.831999999999999573e-02 -6.040538818015144074e+01
8.879999999999999005e-02 -6.023544523473623258e+01
8.927999999999999825e-02 -6.017586894665670627e+01
8.975999999999999257e-02 -6.029254220869671599e+01
9.023999999999998689e-02 -6.052539989068993265e+01
9.071999999999999509e-02 -6.058697152813990527e+01
9.119999999999998941e-02 -6.066772844836428646e+01
9.167999999999999761e-02 -6.067091881440571655e+01
9.215999999999999193e-02 -6.059214718787480081e+01
9.263999999999998625e-02 -6.088997447668206320e+01
9.311999999999999444e-02 -6.098548673713555957e+01
9.359999999999998876e-02 -6.089434721184166222e+01
9.407999999999999696e-02 -6.094337702216476771e+01
9.455999999999999128e-02 -6.130542136220028482e+01
9.503999999999998560e-02 -6.130167260062731316e+01
9.551999999999999380e-02 -6.148176166582284452e+01
9.599999999999998812e-02 -6.149971367330102368e+01
9.647999999999999632e-02 -6.147508678336363630e+01
9.695999999999999064e-02 -6.148968212597132066e+01
9.743999999999998496e-02 -6.136042188730761637e+01
9.791999999999999316e-02 -6.165394373349361956e+01
9.839999999999998748e-02 -6.169042181605825448e+01
9.887999999999999567e-02 -6.166644788092946783e+01
9.935999999999998999e-02 -6.191029455282652805e+01
9.983999999999998431e-02 -6.202431238598699537e+01
1.003199999999999925e-01 -6.214056556715992485e+01
1.007999999999999868e-01 -6.228299963432276343e+01
1.012799999999999950e-01 -6.247899527003920639e+01
1.017599999999999894e-01 -6.268879439737392545e+01
1.022399999999999975e-01 -6.279419606657174313e+01
1.027199999999999919e-01 -6.330821835813714671e+01
1.031999999999999862e-01 -6.374879553033090218e+01
1.036799999999999944e-01 -6.402342185923762941e+01
1.041599999999999887e-01 -6.429999025773484789e+01
1.046399999999999969e-01 -6.470641760572421219e+01
1.051199999999999912e-01 -6.517205415441183902e+01
1.055999999999999855e-01 -6.541170575409111621e+01
1.060799999999999937e-01 -6.593153073990768576e+01
1.065599999999999881e-01 -6.730873655969789127e+01
1.070399999999999963e-01 -6.803093848083442197e+01
1.075199999999999906e-01 -6.853743680352832257e+01
1.079999999999999849e-01 -6.881660645952078426e+01
1.084799999999999931e-01 -6.944475176352145240e+01
1.089599999999999874e-01 -7.003289294014565769e+01
1.094399999999999956e-01 -7.038100146422775083e+01
1.099199999999999899e-01 -7.032877165645115269e+01
1.103999999999999843e-01 -7.033240127837656530e+01
1.108799999999999925e-01 -7.043711174410735509e+01
1.113599999999999868e-01 -7.034277633565174881e+01
1.118399999999999950e-01 -7.066149609993183844e+01
1.123199999999999893e-01 -7.099861151279209537e+01
1.127999999999999836e-01 -7.085306822898787971e+01
1.132799999999999918e-01 -7.063385119286800773e+01
1.137599999999999861e-01 -7.050849780719394744e+01
1.142399999999999943e-01 -7.049538455479607535e+01
1.147199999999999886e-01 -7.076245728366059495e+01
1.151999999999999968e-01 -7.078971163096960595e+01
1.156799999999999912e-01 -7.065095535389851023e+01
1.161599999999999855e-01 -7.063983438694532424e+01
1.166399999999999937e-01 -7.096837109527878340e+01
1.171199999999999880e-01 -7.099193892588989740e+01
1.175999999999999962e-01 -7.068559498403223529e+01
1.180799999999999905e-01 -7.068802445381642485e+01
1.185599999999999848e-01 -7.092306661431911152e+01
1.190399999999999930e-01 -7.084771889284316160e+01
1.195199999999999874e-01 -7.067829295100636955e+01
1.199999999999999956e-01 -7.069310609149805202e+01
1.204799999999999899e-01 -7.080349014290969478e+01
1.209599999999999842e-01 -7.069936898824776961e+01
1.214399999999999924e-01 -7.069453636417871678e+01
1.219199999999999867e-01 -7.056295168429110731e+01
1.223999999999999949e-01 -7.047246830026784892e+01
