-1.228799999999999955e+02 -9.856794898164751828e+01
-1.223999999999999915e+02 -9.888064906864015313e+01
-1.219200000000000017e+02 -9.910807795406867626e+01
-1.214399999999999977e+02 -9.909633595611190060e+01
-1.209599999999999937e+02 -9.946183180932533219e+01
-1.204799999999999898e+02 -9.893948738856225589e+01
-1.200000000000000000e+02 -9.890425400940402767e+01
-1.195199999999999960e+02 -9.896018218233960795e+01
-1.190399999999999920e+02 -9.858233893002484649e+01
-1.185600000000000023e+02 -9.833356466043679234e+01
-1.180799999999999983e+02 -9.842866342850183514e+01
-1.175999999999999943e+02 -9.836701307856375820e+01
-1.171199999999999903e+02 -9.819309805285762138e+01
-1.166400000000000006e+02 -9.782509645682038979e+01
-1.161599999999999966e+02 -9.766048415324162590e+01
-1.156799999999999926e+02 -9.766767502505915388e+01
-1.151999999999999886e+02 -9.781219822788858664e+01
-1.147199999999999989e+02 -9.752538029292993826e+01
-1.142399999999999949e+02 -9.722803370343798690e+01
-1.137599999999999909e+02 -9.742899097900618699e+01
-1.132800000000000011e+02 -9.696200397123087100e+01
-1.127999999999999972e+02 -9.663477591844500125e+01
-1.123199999999999932e+02 -9.655214509189470107e+01
-1.118399999999999892e+02 -9.653955028783825298e+01
-1.113599999999999994e+02 -9.633763719477184395e+01
-1.108799999999999955e+02 -9.623393813098603289e+01
-1.103999999999999915e+02 -9.621613168929761173e+01
-1.099200000000000017e+02 -9.602212424321834305e+01
-1.094399999999999977e+02 -9.556076798867239575e+01
-1.089599999999999937e+02 -9.495882126149956548e+01
-1.084799999999999898e+02 -9.456629388239863943e+01
-1.080000000000000000e+02 -9.390513693708042808e+01
-1.075199999999999960e+02 -9.302314274612481881e+01
-1.070399999999999920e+02 -9.242184935796090883e+01
-1.065600000000000023e+02 -9.185034442384987585e+01
-1.060799999999999983e+02 -9.109799593078170687e+01
-1.055999999999999943e+02 -9.051853464440085872e+01
-1.051199999999999903e+02 -8.960713997565063949e+01
-1.046400000000000006e+02 -8.872863518791204740e+01
-1.041599999999999966e+02 -8.825625303834421231e+01
-1.036799999999999926e+02 -8.784396474110467068e+01
-1.032000000000000028e+02 -8.745635155576633224e+01
-1.027199999999999989e+02 -8.719509333407712859e+01
-1.022399999999999949e+02 -8.689537348388100213e+01
-1.017599999999999909e+02 -8.664852403380066903e+01
-1.012800000000000011e+02 -8.659803567225330312e+01
-1.007999999999999972e+02 -8.660129520075449250e+01
-1.003199999999999932e+02 -8.643974218755499805e+01
-9.984000000000000341e+01 -8.620568706695466688e+01
-9.935999999999999943e+01 -8.601237838540993152e+01
-9.887999999999999545e+01 -8.605439515374217763e+01
-9.839999999999999147e+01 -8.594030036791706095e+01
-9.792000000000000171e+01 -8.589551107014025888e+01
-9.743999999999999773e+01 -8.588908463767977253e+01
-9.695999999999999375e+01 -8.567719714573075862e+01
-9.647999999999998977e+01 -8.556585688165552028e+01
-9.600000000000000000e+01 -8.578380746547877322e+01
-9.551999999999999602e+01 -8.574462410302680837e+01
-9.503999999999999204e+01 -8.554288797456629823e+01
-9.456000000000000227e+01 -8.534414146472360585e+01
-9.407999999999999829e+01 -8.531001278183255465e+01
-9.359999999999999432e+01 -8.564684644962579796e+01
-9.311999999999999034e+01 -8.568625863466220949e+01
-9.264000000000000057e+01 -8.505120579962829197e+01
-9.215999999999999659e+01 -8.517885802863118272e+01
-9.167999999999999261e+01 -8.525569154442169406e+01
-9.120000000000000284e+01 -8.480928008930618489e+01
-9.071999999999999886e+01 -8.481032337857888592e+01
-9.023999999999999488e+01 -8.487440005547685473e+01
-8.975999999999999091e+01 -8.477513398310087211e+01
-8.928000000000000114e+01 -8.464790728191741209e+01
-8.879999999999999716e+01 -8.472842184652270703e+01
-8.831999999999999318e+01 -8.452842834647584880e+01
-8.784000000000000341e+01 -8.456059436789557537e+01
-8.735999999999999943e+01 -8.461469352060304061e+01
-8.687999999999999545e+01 -8.446665255305488529e+01
-8.639999999999999147e+01 -8.414432317825406926e+01
-8.592000000000000171e+01 -8.396288965102469604e+01
-8.543999999999999773e+01 -8.345395522430274582e+01
-8.495999999999999375e+01 -8.341222580903247774e+01
-8.447999999999998977e+01 -8.344731024915689943e+01
-8.400000000000000000e+01 -8.367392046451570309e+01
-8.351999999999999602e+01 -8.347048236339583127e+01
-8.303999999999999204e+01 -8.354342457885080364e+01
-8.256000000000000227e+01 -8.348524918358887703e+01
-8.207999999999999829e+01 -8.315809148206754742e+01
-8.159999999999999432e+01 -8.294194019428745435e+01
-8.111999999999999034e+01 -8.300040862922236329e+01
-8.064000000000000057e+01 -8.295725057335667429e+01
-8.015999999999999659e+01 -8.289441388000179245e+01
-7.967999999999999261e+01 -8.306289743605984199e+01
-7.920000000000000284e+01 -8.279437808634951068e+01
-7.871999999999999886e+01 -8.268484459712465195e+01
-7.823999999999999488e+01 -8.263947049354634089e+01
-7.775999999999999091e+01 -8.265286616547369647e+01
-7.728000000000000114e+01 -8.243629316741481716e+01
-7.679999999999999716e+01 -8.223642446164411979e+01
-7.631999999999999318e+01 -8.247901006742601737e+01
-7.584000000000000341e+01 -8.264229619185572062e+01
-7.535999999999999943e+01 -8.244595305029830001e+01
-7.487999999999999545e+01 -8.214627867065036071e+01
-7.439999999999999147e+01 -8.189653671889132625e+01
-7.392000000000000171e+01 -8.172980165699264887e+01
-7.343999999999999773e+01 -8.199571788990010646e+01
-7.295999999999999375e+01 -8.194037243594408437e+01
-7.248000000000000398e+01 -8.174618026498961854e+01
-7.200000000000000000e+01 -8.140181220784883465e+01
-7.151999999999999602e+01 -8.140611647956390584e+01
-7.103999999999999204e+01 -8.158833663860238516e+01
-7.056000000000000227e+01 -8.145649566522216389e+01
-7.007999999999999829e+01 -8.136504905491949557e+01
-6.959999999999999432e+01 -8.131780690957454283e+01
-6.912000000000000455e+01 -8.122648617776232527e+01
-6.864000000000000057e+01 -8.128230232173633851e+01
-6.815999999999999659e+01 -8.110711821520868625e+01
-6.767999999999999261e+01 -8.114291409407104538e+01
-6.720000000000000284e+01 -8.095846169755672861e+01
-6.671999999999999886e+01 -8.070810218200253416e+01
-6.623999999999999488e+01 -8.060962443786581844e+01
-6.575999999999999091e+01 -8.051178075952513780e+01
-6.528000000000000114e+01 -8.059558725641446131e+01
-6.479999999999999716e+01 -8.064670311582908369e+01
-6.431999999999999318e+01 -8.059102450201146439e+01
-6.383999999999999631e+01 -8.023818431817694830e+01
-6.335999999999999943e+01 -8.016638809057295134e+01
-6.287999999999999545e+01 -8.045202451247263298e+01
-6.239999999999999858e+01 -8.048283730901309241e+01
-6.191999999999999460e+01 -8.028086757385113970e+01
-6.143999999999999773e+01 -8.016839536892555884e+01
-6.096000000000000085e+01 -8.002432769578737748e+01
-6.047999999999999687e+01 -7.990517124672409466e+01
-6.000000000000000000e+01 -7.979645877218499095e+01
-5.951999999999999602e+01 -7.999489685205591627e+01
-5.903999999999999915e+01 -8.006241536934525982e+01
-5.855999999999999517e+01 -7.987437959886621286e+01
-5.807999999999999829e+01 -7.965324732137810315e+01
-5.759999999999999432e+01 -7.952043726589872108e+01
-5.711999999999999744e+01 -7.962972719671925859e+01
-5.664000000000000057e+01 -7.928060403747171847e+01
-5.615999999999999659e+01 -7.889670740513919611e+01
-5.567999999999999972e+01 -7.904498091515340263e+01
-5.519999999999999574e+01 -7.896837699372910890e+01
-5.471999999999999886e+01 -7.889060422386732796e+01
-5.423999999999999488e+01 -7.914975803372620078e+01
-5.375999999999999801e+01 -7.901259017691653241e+01
-5.328000000000000114e+01 -7.873941466508873077e+01
-5.279999999999999716e+01 -7.877256136087167704e+01
-5.232000000000000028e+01 -7.884504115151993631e+01
-5.183999999999999631e+01 -7.857698318130390192e+01
-5.135999999999999943e+01 -7.835790894979987797e+01
-5.087999999999999545e+01 -7.809374878398867281e+01
-5.039999999999999858e+01 -7.829103994893554841e+01
-4.992000000000000171e+01 -7.832571105846474779e+01
-4.943999999999999773e+01 -7.806099184056110118e+01
-4.896000000000000085e+01 -7.819879999537110393e+01
-4.847999999999999687e+01 -7.824608880679564038e+01
-4.800000000000000000e+01 -7.818795314867101354e+01
-4.751999999999999602e+01 -7.827598829765302924e+01
-4.703999999999999915e+01 -7.836910655873143128e+01
-4.655999999999999517e+01 -7.804921381689237592e+01
-4.607999999999999829e+01 -7.778707160616119154e+01
-4.560000000000000142e+01 -7.763843003886522354e+01
-4.511999999999999744e+01 -7.746666980686930515e+01
-4.464000000000000057e+01 -7.759404603823197988e+01
-4.415999999999999659e+01 -7.734068366079326040e+01
-4.367999999999999972e+01 -7.727864754447209350e+01
-4.319999999999999574e+01 -7.732333761762409097e+01
-4.271999999999999886e+01 -7.728598346489556548e+01
-4.223999999999999488e+01 -7.717423217124007806e+01
-4.175999999999999801e+01 -7.698799200611242100e+01
-4.128000000000000114e+01 -7.677988614096393860e+01
-4.079999999999999716e+01 -7.700904161170723228e+01
-4.032000000000000028e+01 -7.723367564086673553e+01
-3.983999999999999631e+01 -7.712824282113234631e+01
-3.935999999999999943e+01 -7.677767731057593892e+01
-3.887999999999999545e+01 -7.656932129193879177e+01
-3.839999999999999858e+01 -7.657777534239548345e+01
-3.792000000000000171e+01 -7.674136622527309726e+01
-3.743999999999999773e+01 -7.672846067282941362e+01
-3.696000000000000085e+01 -7.650460933346604975e+01
-3.647999999999999687e+01 -7.663719490679021362e+01
-3.600000000000000000e+01 -7.669986796870173862e+01
-3.551999999999999602e+01 -7.665425268539182468e+01
-3.503999999999999915e+01 -7.651511802022261577e+01
-3.456000000000000227e+01 -7.649043541324732587e+01
-3.407999999999999829e+01 -7.643935985916692744e+01
-3.360000000000000142e+01 -7.641716382624095161e+01
-3.311999999999999744e+01 -7.600319048149361834e+01
-3.264000000000000057e+01 -7.564285508977141603e+01
-3.215999999999999659e+01 -7.579857215193501929e+01
-3.167999999999999972e+01 -7.557264694592342380e+01
-3.119999999999999929e+01 -7.569372015281645361e+01
-3.071999999999999886e+01 -7.599696781579440596e+01
-3.023999999999999844e+01 -7.591910482272547256e+01
-2.975999999999999801e+01 -7.571620309790327497e+01
-2.927999999999999758e+01 -7.568701364273414356e+01
-2.879999999999999716e+01 -7.548068367390384026e+01
-2.832000000000000028e+01 -7.522426478318499221e+01
-2.783999999999999986e+01 -7.501104059736958618e+01
-2.735999999999999943e+01 -7.511593266790862344e+01
-2.687999999999999901e+01 -7.516229722331760854e+01
-2.639999999999999858e+01 -7.488310731632459749e+01
-2.591999999999999815e+01 -7.453104622489840381e+01
-2.543999999999999773e+01 -7.446986487422759637e+01
-2.496000000000000085e+01 -7.476736192115902213e+01
-2.448000000000000043e+01 -7.454107159250379766e+01
-2.400000000000000000e+01 -7.428640940714791441e+01
-2.351999999999999957e+01 -7.413040976520784398e+01
-2.303999999999999915e+01 -7.413755141321675524e+01
-2.255999999999999872e+01 -7.397259051542684460e+01
-2.207999999999999829e+01 -7.370310238621600263e+01
-2.159999999999999787e+01 -7.353228575685787405e+01
-2.111999999999999744e+01 -7.324916903247543587e+01
-2.064000000000000057e+01 -7.283705157598176072e+01
-2.016000000000000014e+01 -7.261864481368932900e+01
-1.967999999999999972e+01 -7.264685843154335032e+01
-1.919999999999999929e+01 -7.240385879540829706e+01
-1.871999999999999886e+01 -7.164402265545805903e+01
-1.823999999999999844e+01 -7.119325391735128505e+01
-1.775999999999999801e+01 -7.116526783478401796e+01
-1.728000000000000114e+01 -7.070570428365041948e+01
-1.680000000000000071e+01 -7.047388068697338781e+01
-1.632000000000000028e+01 -7.034025170331713639e+01
-1.583999999999999986e+01 -7.006958714756697759e+01
-1.535999999999999943e+01 -6.965110510281752454e+01
-1.487999999999999901e+01 -6.904198181424841607e+01
-1.439999999999999858e+01 -6.874021880300671228e+01
-1.391999999999999993e+01 -6.836886476120810130e+01
-1.343999999999999950e+01 -6.830850356292982895e+01
-1.295999999999999908e+01 -6.796080965753772318e+01
-1.248000000000000043e+01 -6.754937532996710559e+01
-1.200000000000000000e+01 -6.643073887887089768e+01
-1.151999999999999957e+01 -6.458291718803809545e+01
-1.103999999999999915e+01 -6.192203576136166987e+01
-1.055999999999999872e+01 -5.191379758283463275e+01
-1.008000000000000007e+01 -3.408917407379397702e+01
-9.599999999999999645e+00 -2.572858781992739807e+01
-9.119999999999999218e+00 -2.311325229079188404e+01
-8.640000000000000568e+00 -2.289875796306927924e+01
-8.160000000000000142e+00 -2.288384560345215846e+01
-7.679999999999999716e+00 -2.270222657079976969e+01
-7.199999999999999289e+00 -2.260194011239792999e+01
-6.719999999999999751e+00 -2.275367383173774982e+01
-6.240000000000000213e+00 -2.270556828276052741e+01
-5.759999999999999787e+00 -2.254915756249375036e+01
-5.279999999999999361e+00 -2.256857687931994505e+01
-4.799999999999999822e+00 -2.254144597349756651e+01
-4.320000000000000284e+00 -2.274778097618760242e+01
-3.839999999999999858e+00 -2.284764565501035349e+01
-3.359999999999999876e+00 -2.284275242783386872e+01
-2.879999999999999893e+00 -2.285115069010119271e+01
-2.399999999999999911e+00 -2.271964044204161226e+01
-1.919999999999999929e+00 -2.272613656797247117e+01
-1.439999999999999947e+00 -2.271429584411373526e+01
-9.599999999999999645e-01 -2.265321113835749145e+01
-4.799999999999999822e-01 -2.276006758820420472e+01
0.000000000000000000e+00 -2.281910472658987743e+01
4.799999999999999822e-01 -2.261360934161307767e+01
9.599999999999999645e-01 -2.223543885995109193e+01
1.439999999999999947e+00 -2.257680509029395566e+01
1.919999999999999929e+00 -2.292997896039936023e+01
2.399999999999999911e+00 -2.271248236100100826e+01
2.879999999999999893e+00 -2.255482872220038360e+01
3.359999999999999876e+00 -2.239752495464280457e+01
3.839999999999999858e+00 -2.263690840907781876e+01
4.320000000000000284e+00 -2.294063501852097886e+01
4.799999999999999822e+00 -2.288136359195898706e+01
5.279999999999999361e+00 -2.278424169685931844e+01
5.759999999999999787e+00 -2.277935391507606155e+01
6.240000000000000213e+00 -2.286480016116574276e+01
6.719999999999999751e+00 -2.281310043600868553e+01
7.199999999999999289e+00 -2.269836107331747144e+01
7.679999999999999716e+00 -2.291136217801629726e+01
8.160000000000000142e+00 -2.286132773527749151e+01
8.640000000000000568e+00 -2.277570802014512807e+01
9.119999999999999218e+00 -2.310444779287070816e+01
9.599999999999999645e+00 -2.583145791505107169e+01
1.008000000000000007e+01 -3.433501546175743613e+01
1.055999999999999872e+01 -5.210239735485350820e+01
1.103999999999999915e+01 -6.152124258325562778e+01
1.151999999999999957e+01 -6.489595479686626334e+01
1.200000000000000000e+01 -6.705956905567123272e+01
1.248000000000000043e+01 -6.838102736164759676e+01
1.295999999999999908e+01 -6.909706367018515039e+01
1.343999999999999950e+01 -6.930558101373451052e+01
1.391999999999999993e+01 -6.963174570716600442e+01
1.439999999999999858e+01 -6.998450248555739961e+01
1.487999999999999901e+01 -7.053274247320838697e+01
1.535999999999999943e+01 -7.089381217915375544e+01
1.583999999999999986e+01 -7.128120102730277097e+01
1.632000000000000028e+01 -7.129205469279619933e+01
1.680000000000000071e+01 -7.164308674106213459e+01
1.728000000000000114e+01 -7.210335792421409451e+01
1.775999999999999801e+01 -7.243574393899925212e+01
1.823999999999999844e+01 -7.266442308529545357e+01
1.871999999999999886e+01 -7.301482812044390869e+01
1.919999999999999929e+01 -7.353934765224845194e+01
1.967999999999999972e+01 -7.375211837939396275e+01
2.016000000000000014e+01 -7.411355591748676375e+01
2.064000000000000057e+01 -7.404274750589529219e+01
2.111999999999999744e+01 -7.397142270763379202e+01
2.159999999999999787e+01 -7.422764575661902597e+01
2.207999999999999829e+01 -7.472742821348707309e+01
2.255999999999999872e+01 -7.508851694473362670e+01
2.303999999999999915e+01 -7.494588738707261655e+01
2.351999999999999957e+01 -7.501780064129478376e+01
2.400000000000000000e+01 -7.507820143323233708e+01
2.448000000000000043e+01 -7.515244506443369232e+01
2.496000000000000085e+01 -7.551729955075518319e+01
2.543999999999999773e+01 -7.586847142699697599e+01
2.591999999999999815e+01 -7.582727995378289165e+01
2.639999999999999858e+01 -7.578553234458807708e+01
2.687999999999999901e+01 -7.599858819935482757e+01
2.735999999999999943e+01 -7.606714206793282074e+01
2.783999999999999986e+01 -7.609774241697098773e+01
2.832000000000000028e+01 -7.613426524183951472e+01
2.879999999999999716e+01 -7.618053214232237735e+01
2.927999999999999758e+01 -7.643887155643071196e+01
2.975999999999999801e+01 -7.655515990806378568e+01
3.023999999999999844e+01 -7.696251222529973290e+01
3.071999999999999886e+01 -7.701677247334616538e+01
3.119999999999999929e+01 -7.686221289775642163e+01
3.167999999999999972e+01 -7.693279997576728135e+01
3.215999999999999659e+01 -7.705052340352024487e+01
3.264000000000000057e+01 -7.714035748722083952e+01
3.311999999999999744e+01 -7.703213508030601986e+01
3.360000000000000142e+01 -7.694058260321872922e+01
3.407999999999999829e+01 -7.733607772099945521e+01
3.456000000000000227e+01 -7.763491532545364748e+01
3.503999999999999915e+01 -7.760722533583543736e+01
3.551999999999999602e+01 -7.734732536362953681e+01
3.600000000000000000e+01 -7.741642928483955188e+01
3.647999999999999687e+01 -7.768270685608045767e+01
3.696000000000000085e+01 -7.761580185097257356e+01
3.743999999999999773e+01 -7.761967869799364905e+01
3.792000000000000171e+01 -7.769414623373046425e+01
3.839999999999999858e+01 -7.757554463034645664e+01
3.887999999999999545e+01 -7.769454094196311189e+01
3.935999999999999943e+01 -7.793333493293525294e+01
3.983999999999999631e+01 -7.811391001583915283e+01
4.032000000000000028e+01 -7.795901008868777637e+01
4.079999999999999716e+01 -7.815071043200499901e+01
4.128000000000000114e+01 -7.829689192443214552e+01
4.175999999999999801e+01 -7.834610740467130086e+01
4.223999999999999488e+01 -7.836394729761713052e+01
4.271999999999999886e+01 -7.865700028840676339e+01
4.319999999999999574e+01 -7.862032008532108307e+01
4.367999999999999972e+01 -7.859212705927498632e+01
4.415999999999999659e+01 -7.882307752984294780e+01
4.464000000000000057e+01 -7.903303954200859494e+01
4.511999999999999744e+01 -7.901874573145710201e+01
4.560000000000000142e+01 -7.874794164031300170e+01
4.607999999999999829e+01 -7.869546808674311933e+01
4.655999999999999517e+01 -7.871510981106122529e+01
4.703999999999999915e+01 -7.869523741622151647e+01
4.751999999999999602e+01 -7.875601851732588443e+01
4.800000000000000000e+01 -7.905584314789058453e+01
4.847999999999999687e+01 -7.899193103140763128e+01
4.896000000000000085e+01 -7.899594581338691057e+01
4.943999999999999773e+01 -7.879368092527488443e+01
4.992000000000000171e+01 -7.876498931225980016e+01
5.039999999999999858e+01 -7.923646583138472010e+01
5.087999999999999545e+01 -7.895089659910672708e+01
5.135999999999999943e+01 -7.891648039460365283e+01
5.183999999999999631e+01 -7.925933177049148526e+01
5.232000000000000028e+01 -7.961131018382636171e+01
5.279999999999999716e+01 -7.963301899042002674e+01
5.328000000000000114e+01 -7.980888233675420906e+01
5.375999999999999801e+01 -8.003965633521546863e+01
5.423999999999999488e+01 -7.994919892546053575e+01
5.471999999999999886e+01 -7.992152532597961567e+01
5.519999999999999574e+01 -8.004651191059053872e+01
5.567999999999999972e+01 -7.994601646187540211e+01
5.615999999999999659e+01 -7.977185145225244867e+01
5.664000000000000057e+01 -8.014838711991797027e+01
5.711999999999999744e+01 -8.057758957608751871e+01
5.759999999999999432e+01 -8.044322170698359287e+01
5.807999999999999829e+01 -8.023972563358042009e+01
5.855999999999999517e+01 -8.037331709942748148e+01
5.903999999999999915e+01 -8.038305514624272519e+01
5.951999999999999602e+01 -8.051986304243035875e+01
6.000000000000000000e+01 -8.055004865641917888e+01
6.047999999999999687e+01 -8.035099095930087287e+01
6.096000000000000085e+01 -8.038674699701005011e+01
6.143999999999999773e+01 -8.095738459112914143e+01
6.191999999999999460e+01 -8.111803200896254396e+01
6.239999999999999858e+01 -8.091607760548006922e+01
6.287999999999999545e+01 -8.114318600632245193e+01
6.335999999999999943e+01 -8.136546909397070237e+01
6.383999999999999631e+01 -8.119696204011947316e+01
6.431999999999999318e+01 -8.092939065220610928e+01
6.479999999999999716e+01 -8.090957487475105836e+01
6.528000000000000114e+01 -8.122260474948674869e+01
6.575999999999999091e+01 -8.158217223701355181e+01
6.623999999999999488e+01 -8.178902148596982613e+01
6.671999999999999886e+01 -8.216293372755337998e+01
6.720000000000000284e+01 -8.221540536106716957e+01
6.767999999999999261e+01 -8.187266857540485887e+01
6.815999999999999659e+01 -8.161758206417724182e+01
6.864000000000000057e+01 -8.170077513437881578e+01
6.912000000000000455e+01 -8.182725787577579979e+01
6.959999999999999432e+01 -8.211982099952740555e+01
7.007999999999999829e+01 -8.232032437372888012e+01
7.056000000000000227e+01 -8.222760055421716174e+01
7.103999999999999204e+01 -8.221522447397066458e+01
7.151999999999999602e+01 -8.222753603091481978e+01
7.200000000000000000e+01 -8.232398498387550489e+01
7.248000000000000398e+01 -8.229701521092431449e+01
7.295999999999999375e+01 -8.259335046998060648e+01
7.343999999999999773e+01 -8.273087416410785977e+01
7.392000000000000171e+01 -8.234398830487648979e+01
7.439999999999999147e+01 -8.249891922408414757e+01
7.487999999999999545e+01 -8.275839592943418666e+01
7.535999999999999943e+01 -8.324370824590432960e+01
7.584000000000000341e+01 -8.320906872901771578e+01
7.631999999999999318e+01 -8.289143443824431756e+01
7.679999999999999716e+01 -8.298718549558138591e+01
7.728000000000000114e+01 -8.334021413625512764e+01
7.775999999999999091e+01 -8.341889592963589450e+01
7.823999999999999488e+01 -8.326669056602074193e+01
7.871999999999999886e+01 -8.321007070611767631e+01
7.920000000000000284e+01 -8.346988854018916015e+01
7.967999999999999261e+01 -8.383157790319943103e+01
8.015999999999999659e+01 -8.375372096951961964e+01
8.064000000000000057e+01 -8.384597300034185707e+01
8.111999999999999034e+01 -8.374166636927803609e+01
8.159999999999999432e+01 -8.380060135042099034e+01
8.207999999999999829e+01 -8.419934898543500879e+01
8.256000000000000227e+01 -8.415743103695837135e+01
8.303999999999999204e+01 -8.393321296851524949e+01
8.351999999999999602e+01 -8.393714325924131003e+01
8.400000000000000000e+01 -8.408638106015054348e+01
8.447999999999998977e+01 -8.435405104208484772e+01
8.495999999999999375e+01 -8.432934001968816062e+01
8.543999999999999773e+01 -8.414094323264144748e+01
8.592000000000000171e+01 -8.406281706586315750e+01
8.639999999999999147e+01 -8.416917186986482591e+01
8.687999999999999545e+01 -8.450907024423052860e+01
8.735999999999999943e+01 -8.474935437670822580e+01
8.784000000000000341e+01 -8.475646773027926884e+01
8.831999999999999318e+01 -8.474257812782170163e+01
8.879999999999999716e+01 -8.455576017215031470e+01
8.928000000000000114e+01 -8.472043778981530693e+01
8.975999999999999091e+01 -8.497875670271838544e+01
9.023999999999999488e+01 -8.516124358407219574e+01
9.071999999999999886e+01 -8.525858937496705892e+01
9.120000000000000284e+01 -8.498805166360121177e+01
9.167999999999999261e+01 -8.505064622002733188e+01
9.215999999999999659e+01 -8.506587789303473812e+01
9.264000000000000057e+01 -8.537057267044698960e+01
9.311999999999999034e+01 -8.530375345751249938e+01
9.359999999999999432e+01 -8.524362563330515741e+01
9.407999999999999829e+01 -8.538183346219993552e+01
9.456000000000000227e+01 -8.567379109259867676e+01
9.503999999999999204e+01 -8.578273389290029627e+01
9.551999999999999602e+01 -8.567339772774779760e+01
9.600000000000000000e+01 -8.548551527605485489e+01
9.647999999999998977e+01 -8.577213949465314613e+01
9.695999999999999375e+01 -8.589393301615183418e+01
9.743999999999999773e+01 -8.585400559569441725e+01
9.792000000000000171e+01 -8.586445608672298135e+01
9.839999999999999147e+01 -8.583941529799402304e+01
9.887999999999999545e+01 -8.570088259733495306e+01
9.935999999999999943e+01 -8.574969550624162196e+01
9.984000000000000341e+01 -8.621216575921572201e+01
1.003199999999999932e+02 -8.622834990369284469e+01
1.007999999999999972e+02 -8.635447216255164449e+01
1.012800000000000011e+02 -8.652226247154484895e+01
1.017599999999999909e+02 -8.662937860670318457e+01
1.022399999999999949e+02 -8.683645005913213311e+01
1.027199999999999989e+02 -8.723320501025119711e+01
1.032000000000000028e+02 -8.766166826615859975e+01
1.036799999999999926e+02 -8.825005390198727184e+01
1.041599999999999966e+02 -8.850412054562136177e+01
1.046400000000000006e+02 -8.891794658136274165e+01
1.051199999999999903e+02 -8.962977216308303241e+01
1.055999999999999943e+02 -9.018071584418430575e+01
1.060799999999999983e+02 -9.063607798230850676e+01
1.065600000000000023e+02 -9.150290574026195145e+01
1.070399999999999920e+02 -9.246531372013122052e+01
1.075199999999999960e+02 -9.320335225906100618e+01
1.080000000000000000e+02 -9.390971307821401126e+01
1.084799999999999898e+02 -9.471318114997023940e+01
1.089599999999999937e+02 -9.535707652591086969e+01
1.094399999999999977e+02 -9.621245821474181525e+01
1.099200000000000017e+02 -9.675805702314507073e+01
1.103999999999999915e+02 -9.745924972482329451e+01
1.108799999999999955e+02 -9.782013806556271618e+01
1.113599999999999994e+02 -9.819617039947712556e+01
1.118399999999999892e+02 -9.829441714634276650e+01
1.123199999999999932e+02 -9.823609401434738686e+01
1.127999999999999972e+02 -9.827103242169937403e+01
1.132800000000000011e+02 -9.824746237314778341e+01
1.137599999999999909e+02 -9.827681590720827387e+01
1.142399999999999949e+02 -9.826734497494619802e+01
1.147199999999999989e+02 -9.860641381387645765e+01
1.151999999999999886e+02 -9.900996501701742147e+01
1.156799999999999926e+02 -9.877495001266350982e+01
1.161599999999999966e+02 -9.870065562402494663e+01
1.166400000000000006e+02 -9.882897385431952841e+01
1.171199999999999903e+02 -9.875538402627321943e+01
1.175999999999999943e+02 -9.863199879520200852e+01
1.180799999999999983e+02 -9.890381509930125503e+01
1.185600000000000023e+02 -9.915122894453837432e+01
1.190399999999999920e+02 -9.922008258704843797e+01
1.195199999999999960e+02 -9.902760011514388339e+01
1.200000000000000000e+02 -9.887318896969448190e+01
1.204799999999999898e+02 -9.901541754295141118e+01
1.209599999999999937e+02 -9.910529165517141337e+01
1.214399999999999977e+02 -9.921500610143189647e+01
1.219200000000000017e+02 -9.913778535509790402e+01
1.223999999999999915e+02 -9.904400666608155746e+01
