-1.228799999999999892e-01 -7.099169392781146826e+01
-1.223999999999999949e-01 -7.098845610151496999e+01
-1.219199999999999867e-01 -7.109949686794651313e+01
-1.214399999999999924e-01 -7.093509029335422156e+01
-1.209599999999999842e-01 -7.127201248011397183e+01
-1.204799999999999899e-01 -7.135454581981892375e+01
-1.199999999999999956e-01 -7.117611266838855499e+01
-1.195199999999999874e-01 -7.111665086637495392e+01
-1.190399999999999930e-01 -7.116953487544620316e+01
-1.185599999999999848e-01 -7.080190947684764069e+01
-1.180799999999999905e-01 -7.077063746096430918e+01
-1.175999999999999962e-01 -7.135792112604443105e+01
-1.171199999999999880e-01 -7.141973256955296279e+01
-1.166399999999999937e-01 -7.103742680652773345e+01
-1.161599999999999855e-01 -7.118882492859609101e+01
-1.156799999999999912e-01 -7.139448299296233813e+01
-1.151999999999999968e-01 -7.136901872279476322e+01
-1.147199999999999886e-01 -7.137942475563478695e+01
-1.142399999999999943e-01 -7.162801464917887984e+01
-1.137599999999999861e-01 -7.186571441130270443e+01
-1.132799999999999918e-01 -7.159038478064043431e+01
-1.127999999999999836e-01 -7.149252680166833329e+01
-1.123199999999999893e-01 -7.158681129349582761e+01
-1.118399999999999950e-01 -7.177881188835371518e+01
-1.113599999999999868e-01 -7.167071383087900927e+01
-1.108799999999999925e-01 -7.129617683241905013e+01
-1.103999999999999843e-01 -7.114607550153243665e+01
-1.099199999999999899e-01 -7.103845221145360256e+01
-1.094399999999999956e-01 -7.077372484013150711e+01
-1.089599999999999874e-01 -7.017925179869092744e+01
-1.084799999999999931e-01 -6.944438798355952258e+01
-1.079999999999999849e-01 -6.878759481704675238e+01
-1.075199999999999906e-01 -6.816789493981409009e+01
-1.070399999999999963e-01 -6.772528328130555053e+01
-1.065599999999999881e-01 -6.702532491784515400e+01
-1.060799999999999937e-01 -6.630302759954435032e+01
-1.055999999999999855e-01 -6.587441975103224934e+01
-1.051199999999999912e-01 -6.538705715830235476e+01
-1.046399999999999969e-01 -6.486605136760091739e+01
-1.041599999999999887e-01 -6.437966563277632304e+01
-1.036799999999999944e-01 -6.398235714152009734e+01
-1.031999999999999862e-01 -6.396448880270025938e+01
-1.027199999999999919e-01 -6.364525052523902104e+01
-1.022399999999999975e-01 -6.312274230862547597e+01
-1.017599999999999894e-01 -6.293331984556921554e+01
-1.012799999999999950e-01 -6.279310583713976257e+01
-1.007999999999999868e-01 -6.273391065008580370e+01
-1.003199999999999925e-01 -6.277286780340331518e+01
-9.983999999999998431e-02 -6.270736696037645430e+01
-9.935999999999998999e-02 -6.266001589932984217e+01
-9.887999999999999567e-02 -6.246078133739779048e+01
-9.839999999999998748e-02 -6.250845917885197878e+01
-9.791999999999999316e-02 -6.245076156547430912e+01
-9.743999999999998496e-02 -6.246696023994586255e+01
-9.695999999999999064e-02 -6.253846466042038799e+01
-9.647999999999999632e-02 -6.237605318268879273e+01
-9.599999999999998812e-02 -6.226762799878387256e+01
-9.551999999999999380e-02 -6.196348140628042955e+01
-9.503999999999998560e-02 -6.186638062724054521e+01
-9.455999999999999128e-02 -6.183552185721947581e+01
-9.407999999999999696e-02 -6.188583117435025827e+01
-9.359999999999998876e-02 -6.210169430642315547e+01
-9.311999999999999444e-02 -6.207214262753733180e+01
-9.263999999999998625e-02 -6.216159036477791489e+01
-9.215999999999999193e-02 -6.221498196685459448e+01
-9.167999999999999761e-02 -6.188357437880227963e+01
-9.119999999999998941e-02 -6.157278770977787019e+01
-9.071999999999999509e-02 -6.146372538909298555e+01
-9.023999999999998689e-02 -6.120150159489783448e+01
-8.975999999999999257e-02 -6.132667760222305731e+01
-8.927999999999999825e-02 -6.127639011540537695e+01
-8.879999999999999005e-02 -6.122010540494741093e+01
-8.831999999999999573e-02 -6.122324893977426541e+01
-8.783999999999998753e-02 -6.140748564783179120e+01
-8.735999999999999321e-02 -6.125231969741861349e+01
-8.687999999999999889e-02 -6.118449759400894550e+01
-8.639999999999999070e-02 -6.115966567492580452e+01
-8.591999999999999638e-02 -6.113199929296029467e+01
-8.543999999999998818e-02 -6.107638717284766017e+01
-8.495999999999999386e-02 -6.095331232154485690e+01
-8.447999999999999954e-02 -6.089828330516836274e+01
-8.399999999999999134e-02 -6.088613476781979728e+01
-8.351999999999999702e-02 -6.078341682386482603e+01
-8.303999999999998882e-02 -6.076513725754455209e+01
-8.255999999999999450e-02 -6.042997539133497753e+01
-8.207999999999998630e-02 -6.003639305824906103e+01
-8.159999999999999198e-02 -5.994262179945909708e+01
-8.111999999999999766e-02 -6.003611862834024038e+01
-8.063999999999998947e-02 -6.010043624260740103e+01
-8.015999999999999515e-02 -6.006930856540642338e+01
-7.967999999999998695e-02 -5.990786163385596552e+01
-7.919999999999999263e-02 -5.958207366414751505e+01
-7.871999999999999831e-02 -5.924959085697701511e+01
-7.823999999999999011e-02 -5.915580425815445409e+01
-7.775999999999999579e-02 -5.927369921371831651e+01
-7.727999999999998759e-02 -5.922071578289013161e+01
-7.679999999999999327e-02 -5.940988447754727986e+01
-7.631999999999999895e-02 -5.912779792432293391e+01
-7.583999999999999075e-02 -5.871065454757210489e+01
-7.535999999999999643e-02 -5.873672083511104347e+01
-7.487999999999998824e-02 -5.886577952014021520e+01
-7.439999999999999392e-02 -5.877609741899067330e+01
-7.391999999999999960e-02 -5.874418183930934845e+01
-7.343999999999999140e-02 -5.855892121452568233e+01
-7.295999999999999708e-02 -5.854646007226287452e+01
-7.247999999999998888e-02 -5.831577406907928207e+01
-7.199999999999999456e-02 -5.834241891148436565e+01
-7.152000000000000024e-02 -5.837046215140390615e+01
-7.103999999999999204e-02 -5.828169760640940211e+01
-7.055999999999999772e-02 -5.808394697055776135e+01
-7.007999999999998952e-02 -5.790639432922202445e+01
-6.959999999999999520e-02 -5.815288565629359141e+01
-6.911999999999998701e-02 -5.817104871697354440e+01
-6.863999999999999269e-02 -5.778002078374684203e+01
-6.815999999999999837e-02 -5.748884713623702680e+01
-6.767999999999999017e-02 -5.726781731774438811e+01
-6.719999999999999585e-02 -5.724958221788871526e+01
-6.671999999999998765e-02 -5.708458217475828889e+01
-6.623999999999999333e-02 -5.721925538460880745e+01
-6.575999999999999901e-02 -5.725040318729404731e+01
-6.527999999999999081e-02 -5.714360459121057545e+01
-6.479999999999999649e-02 -5.683798091291038901e+01
-6.431999999999998829e-02 -5.685565139939547663e+01
-6.383999999999999397e-02 -5.647811036085616365e+01
-6.335999999999999965e-02 -5.622312324468671818e+01
-6.287999999999999146e-02 -5.623500076542690351e+01
-6.239999999999999714e-02 -5.604683602857724622e+01
-6.191999999999999588e-02 -5.578494246086737007e+01
-6.143999999999999462e-02 -5.562163255346825963e+01
-6.095999999999999336e-02 -5.591727654027830852e+01
-6.047999999999999210e-02 -5.599644617129376911e+01
-5.999999999999999778e-02 -5.583945384832391312e+01
-5.951999999999999652e-02 -5.563585889953736086e+01
-5.903999999999999526e-02 -5.558600859516658232e+01
-5.855999999999999400e-02 -5.544842662934896538e+01
-5.807999999999999274e-02 -5.523417436936072278e+01
-5.759999999999999842e-02 -5.499059621947417043e+01
-5.711999999999999716e-02 -5.489430334378091203e+01
-5.663999999999999591e-02 -5.493947994126973811e+01
-5.615999999999999465e-02 -5.477283553005345595e+01
-5.567999999999999339e-02 -5.459469891388615537e+01
-5.519999999999999213e-02 -5.454934808535054458e+01
-5.471999999999999781e-02 -5.435663061868172719e+01
-5.423999999999999655e-02 -5.412018106656394423e+01
-5.375999999999999529e-02 -5.408478900079990126e+01
-5.327999999999999403e-02 -5.408367452375504314e+01
-5.279999999999999277e-02 -5.399256883927294837e+01
-5.231999999999999845e-02 -5.397472568526866610e+01
-5.183999999999999719e-02 -5.396853002057766702e+01
-5.135999999999999593e-02 -5.368887581718646373e+01
-5.087999999999999468e-02 -5.339756634617693720e+01
-5.039999999999999342e-02 -5.340473437819193236e+01
-4.991999999999999216e-02 -5.351437334479329166e+01
-4.943999999999999784e-02 -5.322626227627224438e+01
-4.895999999999999658e-02 -5.317723126098268693e+01
-4.847999999999999532e-02 -5.323043581569884708e+01
-4.799999999999999406e-02 -5.267556301964384602e+01
-4.751999999999999280e-02 -5.241939810542528733e+01
-4.703999999999999848e-02 -5.248395644197663046e+01
-4.655999999999999722e-02 -5.245962271252472675e+01
-4.607999999999999596e-02 -5.243227802632478074e+01
-4.559999999999999470e-02 -5.219046153840683644e+01
-4.511999999999999345e-02 -5.221915284251533507e+01
-4.463999999999999913e-02 -5.221684375603904016e+01
-4.415999999999999787e-02 -5.222992794895478852e+01
-4.367999999999999661e-02 -5.221851474218905054e+01
-4.319999999999999535e-02 -5.239282964941428133e+01
-4.271999999999999409e-02 -5.231740084099772048e+01
-4.223999999999999977e-02 -5.234657831977944653e+01
-4.175999999999999851e-02 -5.266039464591866448e+01
-4.127999999999999725e-02 -5.249567342908343193e+01
-4.079999999999999599e-02 -5.204928368286346796e+01
-4.031999999999999473e-02 -5.171318580998728720e+01
-3.983999999999999347e-02 -5.177372482341242232e+01
-3.935999999999999915e-02 -5.169862752293787622e+01
-3.887999999999999790e-02 -5.175504821134506273e+01
-3.839999999999999664e-02 -5.185663092638422000e+01
-3.791999999999999538e-02 -5.150085502551991112e+01
-3.743999999999999412e-02 -5.129099256186901812e+01
-3.695999999999999980e-02 -5.119955306923311866e+01
-3.647999999999999854e-02 -5.140481437072360649e+01
-3.599999999999999728e-02 -5.121524185250759587e+01
-3.551999999999999602e-02 -5.104865226582208493e+01
-3.503999999999999476e-02 -5.093038162054780571e+01
-3.455999999999999350e-02 -5.080970628135418821e+01
-3.407999999999999918e-02 -5.054110945426260315e+01
-3.359999999999999792e-02 -5.044491605997801287e+01
-3.311999999999999666e-02 -5.059260903361270323e+01
-3.263999999999999541e-02 -5.056153573713945804e+01
-3.215999999999999415e-02 -4.994592692587823990e+01
-3.167999999999999983e-02 -4.981464476932251983e+01
-3.119999999999999857e-02 -5.010343641623772726e+01
-3.071999999999999731e-02 -5.002166089170113139e+01
-3.023999999999999605e-02 -4.992806689039869639e+01
-2.975999999999999826e-02 -4.993364239638594881e+01
-2.927999999999999700e-02 -4.968163554700119988e+01
-2.879999999999999921e-02 -4.915305085130960805e+01
-2.831999999999999795e-02 -4.907958565379299642e+01
-2.783999999999999669e-02 -4.882467682152359600e+01
-2.735999999999999890e-02 -4.848890898464336630e+01
-2.687999999999999765e-02 -4.861436076931675387e+01
-2.639999999999999639e-02 -4.865465141351698009e+01
-2.591999999999999860e-02 -4.840154448443036728e+01
-2.543999999999999734e-02 -4.809715640521226021e+01
-2.495999999999999608e-02 -4.804908695025888221e+01
-2.447999999999999829e-02 -4.804890450710101391e+01
-2.399999999999999703e-02 -4.788346871159890838e+01
-2.351999999999999924e-02 -4.798392845485264502e+01
-2.303999999999999798e-02 -4.788124663825755789e+01
-2.255999999999999672e-02 -4.769494548440596304e+01
-2.207999999999999893e-02 -4.764594312969003909e+01
-2.159999999999999767e-02 -4.764058565833345682e+01
-2.111999999999999988e-02 -4.741397389871369938e+01
-2.063999999999999863e-02 -4.710809828470541305e+01
-2.015999999999999737e-02 -4.689572323593252889e+01
-1.967999999999999958e-02 -4.683562778596927956e+01
-1.919999999999999832e-02 -4.701760139401812921e+01
-1.871999999999999706e-02 -4.690309363569463130e+01
-1.823999999999999927e-02 -4.707464350070289072e+01
-1.775999999999999801e-02 -4.661430168869227941e+01
-1.727999999999999675e-02 -4.625393708976577045e+01
-1.679999999999999896e-02 -4.630333227067013269e+01
-1.631999999999999770e-02 -4.611773719491652912e+01
-1.583999999999999991e-02 -4.558951687308518075e+01
-1.535999999999999865e-02 -4.522814949650629757e+01
-1.487999999999999913e-02 -4.484785002098089279e+01
-1.439999999999999961e-02 -4.439738552721551201e+01
-1.391999999999999835e-02 -4.406265658297282073e+01
-1.343999999999999882e-02 -4.383961594506896375e+01
-1.295999999999999930e-02 -4.368603737750903093e+01
-1.247999999999999804e-02 -4.284118373047384409e+01
-1.199999999999999852e-02 -4.047783833417356192e+01
-1.151999999999999899e-02 -3.714692424259868631e+01
-1.103999999999999947e-02 -3.294525764335733697e+01
-1.055999999999999994e-02 -2.189890866389148272e+01
-1.007999999999999868e-02 -3.962001595875598525e+00
-9.599999999999999159e-03 4.401957892014737972e+00
-9.119999999999999635e-03 7.017903593874301293e+00
-8.639999999999998376e-03 7.233028242046518841e+00
-8.159999999999998851e-03 7.248759469112102671e+00
-7.679999999999999327e-03 7.432800186217302318e+00
-7.199999999999999803e-03 7.536054954789495497e+00
-6.719999999999999411e-03 7.385729505074473344e+00
-6.239999999999999020e-03 7.433527078957997247e+00
-5.759999999999999495e-03 7.591046646542425336e+00
-5.279999999999999971e-03 7.573945463748922080e+00
-4.799999999999999580e-03 7.602161578912309814e+00
-4.319999999999999188e-03 7.393386910639291543e+00
-3.839999999999999664e-03 7.294090942755989460e+00
-3.359999999999999706e-03 7.301594999540715669e+00
-2.879999999999999748e-03 7.291730632911353815e+00
-2.399999999999999790e-03 7.420755057717357772e+00
-1.919999999999999832e-03 7.415512890857058892e+00
-1.439999999999999874e-03 7.424782745509583393e+00
-9.599999999999999159e-04 7.482009158927356296e+00
-4.799999999999999580e-04 7.376410586196083585e+00
0.000000000000000000e+00 7.313356406623988448e+00
4.799999999999999580e-04 7.521128513001119842e+00
9.599999999999999159e-04 7.905314477599794998e+00
1.439999999999999874e-03 7.566368310980589484e+00
1.919999999999999832e-03 7.214409275592003290e+00
2.399999999999999790e-03 7.431559928561091155e+00
2.879999999999999748e-03 7.591375359591870264e+00
3.359999999999999706e-03 7.750900238079592164e+00
3.839999999999999664e-03 7.513332316097675267e+00
4.319999999999999188e-03 7.210689076770476547e+00
4.799999999999999580e-03 7.268812887379886511e+00
5.279999999999999971e-03 7.365193430427599885e+00
5.759999999999999495e-03 7.368180664002793812e+00
6.239999999999999020e-03 7.282494906380399868e+00
6.719999999999999411e-03 7.334687073041089356e+00
7.199999999999999803e-03 7.448115029105006002e+00
7.679999999999999327e-03 7.234351830606002842e+00
8.159999999999998851e-03 7.284263112412562080e+00
8.639999999999998376e-03 7.369756944461006043e+00
9.119999999999999635e-03 7.040775188746231095e+00
9.599999999999999159e-03 4.313502824713330241e+00
1.007999999999999868e-02 -4.192191187311285816e+00
1.055999999999999994e-02 -2.204905902694365949e+01
1.103999999999999947e-02 -3.202973628145426233e+01
1.151999999999999899e-02 -3.636650487874551629e+01
1.199999999999999852e-02 -3.996648328814195139e+01
1.247999999999999804e-02 -4.277947754346710951e+01
1.295999999999999930e-02 -4.430794877226708195e+01
1.343999999999999882e-02 -4.472015996849598451e+01
1.391999999999999835e-02 -4.475038055024805317e+01
1.439999999999999961e-02 -4.496988046417457952e+01
1.487999999999999913e-02 -4.536751565553090870e+01
1.535999999999999865e-02 -4.543909308102102784e+01
1.583999999999999991e-02 -4.591166865936966701e+01
1.631999999999999770e-02 -4.634888945928950221e+01
1.679999999999999896e-02 -4.698870165869705318e+01
1.727999999999999675e-02 -4.721462064371301892e+01
1.775999999999999801e-02 -4.735954550168542454e+01
1.823999999999999927e-02 -4.764359392859355324e+01
1.871999999999999706e-02 -4.806156714429852883e+01
1.919999999999999832e-02 -4.803184292403506106e+01
1.967999999999999958e-02 -4.812255209346054841e+01
2.015999999999999737e-02 -4.836667700874839682e+01
2.063999999999999863e-02 -4.847073987227614111e+01
2.111999999999999988e-02 -4.856148323697330227e+01
2.159999999999999767e-02 -4.882480552653933614e+01
2.207999999999999893e-02 -4.881043077065530156e+01
2.255999999999999672e-02 -4.887216977755784342e+01
2.303999999999999798e-02 -4.910704906355179844e+01
2.351999999999999924e-02 -4.911971974229445692e+01
2.399999999999999703e-02 -4.908976737792067269e+01
2.447999999999999829e-02 -4.914091345820794032e+01
2.495999999999999608e-02 -4.941678313636776920e+01
2.543999999999999734e-02 -4.965113684899360891e+01
2.591999999999999860e-02 -4.973798691294988572e+01
2.639999999999999639e-02 -4.948641663842590788e+01
2.687999999999999765e-02 -4.966229377786184784e+01
2.735999999999999890e-02 -5.005284218831840093e+01
2.783999999999999669e-02 -5.013673656068501572e+01
2.831999999999999795e-02 -5.034122406989654053e+01
2.879999999999999921e-02 -5.064598549539441308e+01
2.927999999999999700e-02 -5.063744516312360844e+01
2.975999999999999826e-02 -5.079955408259593241e+01
3.023999999999999605e-02 -5.097298371558825636e+01
3.071999999999999731e-02 -5.121054921725394138e+01
3.119999999999999857e-02 -5.127747414773095613e+01
3.167999999999999983e-02 -5.130365465638902123e+01
3.215999999999999415e-02 -5.157810473026120945e+01
3.263999999999999541e-02 -5.179060676940125774e+01
3.311999999999999666e-02 -5.170632909776866626e+01
3.359999999999999792e-02 -5.211095983725837044e+01
3.407999999999999918e-02 -5.206807127019458648e+01
3.455999999999999350e-02 -5.211532794226707210e+01
3.503999999999999476e-02 -5.228084094602883170e+01
3.551999999999999602e-02 -5.223630345299598332e+01
3.599999999999999728e-02 -5.233805091864745407e+01
3.647999999999999854e-02 -5.241508329826928048e+01
3.695999999999999980e-02 -5.272936644778692994e+01
3.743999999999999412e-02 -5.265567976743945167e+01
3.791999999999999538e-02 -5.254079688643780344e+01
3.839999999999999664e-02 -5.276361802168150916e+01
3.887999999999999790e-02 -5.277007778199926236e+01
3.935999999999999915e-02 -5.271871798590857594e+01
3.983999999999999347e-02 -5.300350536520396361e+01
4.031999999999999473e-02 -5.320823268587427890e+01
4.079999999999999599e-02 -5.330809884806066634e+01
4.127999999999999725e-02 -5.330319911834682500e+01
4.175999999999999851e-02 -5.337922044096752927e+01
4.223999999999999977e-02 -5.336256817733187319e+01
4.271999999999999409e-02 -5.348433259496466974e+01
4.319999999999999535e-02 -5.340457118780955170e+01
4.367999999999999661e-02 -5.320142451714999510e+01
4.415999999999999787e-02 -5.338954751243282715e+01
4.463999999999999913e-02 -5.361796616150154193e+01
4.511999999999999345e-02 -5.375008811007617737e+01
4.559999999999999470e-02 -5.376616670790524211e+01
4.607999999999999596e-02 -5.370399198842942923e+01
4.655999999999999722e-02 -5.383943389711166816e+01
4.703999999999999848e-02 -5.378950241639741137e+01
4.751999999999999280e-02 -5.386626069684367479e+01
4.799999999999999406e-02 -5.409803667468652577e+01
4.847999999999999532e-02 -5.430766403350639848e+01
4.895999999999999658e-02 -5.456165051621385942e+01
4.943999999999999784e-02 -5.465037007452203000e+01
4.991999999999999216e-02 -5.465351790983901736e+01
5.039999999999999342e-02 -5.444894598479840653e+01
5.087999999999999468e-02 -5.442477389403956067e+01
5.135999999999999593e-02 -5.485383204682471359e+01
5.183999999999999719e-02 -5.503580508289077500e+01
5.231999999999999845e-02 -5.502409563290034100e+01
5.279999999999999277e-02 -5.522511188600098109e+01
5.327999999999999403e-02 -5.564859007977820227e+01
5.375999999999999529e-02 -5.548777377345676598e+01
5.423999999999999655e-02 -5.534865638320057712e+01
5.471999999999999781e-02 -5.534184830952486323e+01
5.519999999999999213e-02 -5.548574357850789340e+01
5.567999999999999339e-02 -5.588892358085507794e+01
5.615999999999999465e-02 -5.606354835967624695e+01
5.663999999999999591e-02 -5.625786264246045931e+01
5.711999999999999716e-02 -5.643853422372332318e+01
5.759999999999999842e-02 -5.647200718189733237e+01
5.807999999999999274e-02 -5.637536262483727256e+01
5.855999999999999400e-02 -5.647718520117741292e+01
5.903999999999999526e-02 -5.681856979522225970e+01
5.951999999999999652e-02 -5.716761297300075029e+01
5.999999999999999778e-02 -5.714637157245629595e+01
6.047999999999999210e-02 -5.716907424681928518e+01
6.095999999999999336e-02 -5.709212465018778460e+01
6.143999999999999462e-02 -5.724205372759884369e+01
6.191999999999999588e-02 -5.731645498911677805e+01
6.239999999999999714e-02 -5.763567938741541496e+01
6.287999999999999146e-02 -5.768882971145835370e+01
6.335999999999999965e-02 -5.784457457980147410e+01
6.383999999999999397e-02 -5.804336583454599463e+01
6.431999999999998829e-02 -5.813579908140040686e+01
6.479999999999999649e-02 -5.803996837213713889e+01
6.527999999999999081e-02 -5.815968689928398305e+01
6.575999999999999901e-02 -5.842903992203492436e+01
6.623999999999999333e-02 -5.837102087944238349e+01
6.671999999999998765e-02 -5.832930663382469305e+01
6.719999999999999585e-02 -5.867684815902281059e+01
6.767999999999999017e-02 -5.900634376151120364e+01
6.815999999999999837e-02 -5.898791970401642004e+01
6.863999999999999269e-02 -5.882614436104916678e+01
6.911999999999998701e-02 -5.878037493023754223e+01
6.959999999999999520e-02 -5.868706959426795322e+01
7.007999999999998952e-02 -5.889785135200897059e+01
7.055999999999999772e-02 -5.915041927641019015e+01
7.103999999999999204e-02 -5.935346026174424594e+01
7.152000000000000024e-02 -5.930566093032599184e+01
7.199999999999999456e-02 -5.919102930237360738e+01
7.247999999999998888e-02 -5.942908303945766590e+01
7.295999999999999708e-02 -5.959262115636660440e+01
7.343999999999999140e-02 -5.967786723515071401e+01
7.391999999999999960e-02 -5.967530814790794125e+01
7.439999999999999392e-02 -5.944785792758968057e+01
7.487999999999998824e-02 -5.946278170403357421e+01
7.535999999999999643e-02 -5.966075003936960286e+01
7.583999999999999075e-02 -5.994166824660324266e+01
7.631999999999999895e-02 -6.004387847784592935e+01
7.679999999999999327e-02 -6.019731279934907775e+01
7.727999999999998759e-02 -6.045289472048035861e+01
7.775999999999999579e-02 -6.054191595407229443e+01
7.823999999999999011e-02 -6.051425704178255671e+01
7.871999999999999831e-02 -6.064314198233476816e+01
7.919999999999999263e-02 -6.051299784262280923e+01
7.967999999999998695e-02 -6.050442830162836572e+01
8.015999999999999515e-02 -6.061450669358713839e+01
8.063999999999998947e-02 -6.086863829487661803e+01
8.111999999999999766e-02 -6.071044813874535606e+01
8.159999999999999198e-02 -6.065322261231695222e+01
8.207999999999998630e-02 -6.090183967306877122e+01
8.255999999999999450e-02 -6.107832548591241562e+01
8.303999999999998882e-02 -6.137046231950699848e+01
8.351999999999999702e-02 -6.137013180686778924e+01
8.399999999999999134e-02 -6.116368685124225379e+01
8.447999999999999954e-02 -6.110248926690827886e+01
8.495999999999999386e-02 -6.109366955198395033e+01
8.543999999999998818e-02 -6.121353204286835137e+01
8.591999999999999638e-02 -6.120580977307948700e+01
8.639999999999999070e-02 -6.118711538949655449e+01
8.687999999999999889e-02 -6.144457562539612638e+01
8.735999999999999321e-02 -6.147204047685224282e+01
8.783999999999998753e-02 -6.156532658337712860e+01
8.831999999999999573e-02 -6.169105449347167536e+01
8.879999999999999005e-02 -6.128457534833096787e+01
8.927999999999999825e-02 -6.134485918455557396e+01
8.975999999999999257e-02 -6.178077118618766406e+01
9.023999999999998689e-02 -6.186598305003094111e+01
9.071999999999999509e-02 -6.167666614175527684e+01
9.119999999999998941e-02 -6.178625529865563948e+01
9.167999999999999761e-02 -6.217808049178327678e+01
9.215999999999999193e-02 -6.216029439138810631e+01
9.263999999999998625e-02 -6.202519384545227155e+01
9.311999999999999444e-02 -6.202823145525929505e+01
9.359999999999998876e-02 -6.211670710260727191e+01
9.407999999999999696e-02 -6.211622136907074321e+01
9.455999999999999128e-02 -6.228880741003059995e+01
9.503999999999998560e-02 -6.252900853181888152e+01
9.551999999999999380e-02 -6.254393228787599668e+01
9.599999999999998812e-02 -6.288272069451232937e+01
9.647999999999999632e-02 -6.289226810323501837e+01
9.695999999999999064e-02 -6.274374630812985032e+01
9.743999999999998496e-02 -6.284095920088049070e+01
9.791999999999999316e-02 -6.277354591442954757e+01
9.839999999999998748e-02 -6.275106705434367882e+01
9.887999999999999567e-02 -6.279805004799285939e+01
9.935999999999998999e-02 -6.313834700943709777e+01
9.983999999999998431e-02 -6.347551660302488585e+01
1.003199999999999925e-01 -6.354265761633765663e+01
1.007999999999999868e-01 -6.340708927535933981e+01
1.012799999999999950e-01 -6.338112656587024674e+01
1.017599999999999894e-01 -6.384610034391969435e+01
1.022399999999999975e-01 -6.388588147729551281e+01
1.027199999999999919e-01 -6.399493088603605884e+01
1.031999999999999862e-01 -6.438872346316392736e+01
1.036799999999999944e-01 -6.472685098976894835e+01
1.041599999999999887e-01 -6.499634060766754828e+01
1.046399999999999969e-01 -6.541649282159356460e+01
1.051199999999999912e-01 -6.567163625928905901e+01
1.055999999999999855e-01 -6.520163181602083569e+01
1.060799999999999937e-01 -6.462425664731236452e+01
1.065599999999999881e-01 -6.642240586492579268e+01
1.070399999999999963e-01 -6.788478244237410308e+01
1.075199999999999906e-01 -6.889758746638410969e+01
1.079999999999999849e-01 -6.949518881155378836e+01
1.084799999999999931e-01 -6.992881865915678929e+01
1.089599999999999874e-01 -7.057189805609502287e+01
1.094399999999999956e-01 -7.104228458086295461e+01
1.099199999999999899e-01 -7.152323299972221093e+01
1.103999999999999843e-01 -7.221978325389693509e+01
1.108799999999999925e-01 -7.253995858290346632e+01
1.113599999999999868e-01 -7.267285471775750239e+01
1.118399999999999950e-01 -7.280346766683680926e+01
1.123199999999999893e-01 -7.288717439658928754e+01
1.127999999999999836e-01 -7.288564925371552761e+01
1.132799999999999918e-01 -7.289712205533396627e+01
1.137599999999999861e-01 -7.285637824672133434e+01
1.142399999999999943e-01 -7.261470084872922826e+01
1.147199999999999886e-01 -7.259669130437329443e+01
1.151999999999999968e-01 -7.255763508205808421e+01
1.156799999999999912e-01 -7.239375322548399083e+01
1.161599999999999855e-01 -7.217731949619769694e+01
1.166399999999999937e-01 -7.213617720774836073e+01
1.171199999999999880e-01 -7.194248932359988657e+01
1.175999999999999962e-01 -7.154496893756322606e+01
1.180799999999999905e-01 -7.156767924756101706e+01
1.185599999999999848e-01 -7.163048244925985841e+01
1.190399999999999930e-01 -7.174014118578826071e+01
1.195199999999999874e-01 -7.180703573866681211e+01
1.199999999999999956e-01 -7.175587773865009922e+01
1.204799999999999899e-01 -7.155882403209685094e+01
1.209599999999999842e-01 -7.125339803404094141e+01
1.214399999999999924e-01 -7.151015064221414264e+01
1.219199999999999867e-01 -7.125502440762149092e+01
1.223999999999999949e-01 -7.119899766542297925e+01
