-1.228799999999999892e-01 -6.941271057616768303e+01
-1.223999999999999949e-01 -7.048894082777158587e+01
-1.219199999999999867e-01 -7.102730449955824099e+01
-1.214399999999999924e-01 -7.105119540452253091e+01
-1.209599999999999842e-01 -7.118298719242257278e+01
-1.204799999999999899e-01 -7.080257278561064993e+01
-1.199999999999999956e-01 -7.080226945326697319e+01
-1.195199999999999874e-01 -7.087533849529658880e+01
-1.190399999999999930e-01 -7.075081758565494283e+01
-1.185599999999999848e-01 -7.039969350069384291e+01
-1.180799999999999905e-01 -7.040179224272735325e+01
-1.175999999999999962e-01 -7.050208606899566632e+01
-1.171199999999999880e-01 -7.054859369616906406e+01
-1.166399999999999937e-01 -7.037043093035309482e+01
-1.161599999999999855e-01 -7.022830196608137499e+01
-1.156799999999999912e-01 -7.018652169276137442e+01
-1.151999999999999968e-01 -7.033456813559924115e+01
-1.147199999999999886e-01 -7.010970626039245701e+01
-1.142399999999999943e-01 -6.979322766987037596e+01
-1.137599999999999861e-01 -7.007839159117727945e+01
-1.132799999999999918e-01 -6.995642652823723040e+01
-1.127999999999999836e-01 -6.994098508717138429e+01
-1.123199999999999893e-01 -6.979687784984895416e+01
-1.118399999999999950e-01 -6.972200016678718271e+01
-1.113599999999999868e-01 -6.960588691216669588e+01
-1.108799999999999925e-01 -6.962999573063957826e+01
-1.103999999999999843e-01 -6.978568198634214070e+01
-1.099199999999999899e-01 -6.966032639643873381e+01
-1.094399999999999956e-01 -6.955201858513687796e+01
-1.089599999999999874e-01 -6.934669190435141672e+01
-1.084799999999999931e-01 -6.913106999007064246e+01
-1.079999999999999849e-01 -6.865015330668144600e+01
-1.075199999999999906e-01 -6.826445895065023706e+01
-1.070399999999999963e-01 -6.755814824223793380e+01
-1.065599999999999881e-01 -6.692267192119433616e+01
-1.060799999999999937e-01 -6.645878237664074106e+01
-1.055999999999999855e-01 -6.581215455938342984e+01
-1.051199999999999912e-01 -6.507065218989885125e+01
-1.046399999999999969e-01 -6.426928325104836404e+01
-1.041599999999999887e-01 -6.369994461404324682e+01
-1.036799999999999944e-01 -6.330114522338582361e+01
-1.031999999999999862e-01 -6.291841582968753954e+01
-1.027199999999999919e-01 -6.271416241041792716e+01
-1.022399999999999975e-01 -6.244821588433191550e+01
-1.017599999999999894e-01 -6.210230920720758263e+01
-1.012799999999999950e-01 -6.203324415291774585e+01
-1.007999999999999868e-01 -6.191309314174659306e+01
-1.003199999999999925e-01 -6.142863882584626367e+01
-9.983999999999998431e-02 -6.131923286455835864e+01
-9.935999999999998999e-02 -6.136157402255638260e+01
-9.887999999999999567e-02 -6.121194198194331193e+01
-9.839999999999998748e-02 -6.122424183989230784e+01
-9.791999999999999316e-02 -6.128975043743233186e+01
-9.743999999999998496e-02 -6.133098878887924599e+01
-9.695999999999999064e-02 -6.122678897459412894e+01
-9.647999999999999632e-02 -6.089190187008028232e+01
-9.599999999999998812e-02 -6.086594074249474318e+01
-9.551999999999999380e-02 -6.085789508993332220e+01
-9.503999999999998560e-02 -6.058620469638967876e+01
-9.455999999999999128e-02 -6.043579920275783479e+01
-9.407999999999999696e-02 -6.036764526942967279e+01
-9.359999999999998876e-02 -6.030076204951920715e+01
-9.311999999999999444e-02 -6.039232929463515376e+01
-9.263999999999998625e-02 -6.000867287903758296e+01
-9.215999999999999193e-02 -5.970960140021382045e+01
-9.167999999999999761e-02 -5.986563706064405466e+01
-9.119999999999998941e-02 -5.951028470345037391e+01
-9.071999999999999509e-02 -5.936580092433374034e+01
-9.023999999999998689e-02 -5.933234819169298646e+01
-8.975999999999999257e-02 -5.938388545234376181e+01
-8.927999999999999825e-02 -5.951825259599362994e+01
-8.879999999999999005e-02 -5.976191849797159961e+01
-8.831999999999999573e-02 -5.930061141191985996e+01
-8.783999999999998753e-02 -5.903039143832842228e+01
-8.735999999999999321e-02 -5.884070323075020781e+01
-8.687999999999999889e-02 -5.877286568325386895e+01
-8.639999999999999070e-02 -5.858679600164076362e+01
-8.591999999999999638e-02 -5.814683886430310622e+01
-8.543999999999998818e-02 -5.763786825626865351e+01
-8.495999999999999386e-02 -5.763694492933736058e+01
-8.447999999999999954e-02 -5.747570251947265518e+01
-8.399999999999999134e-02 -5.766051571438934786e+01
-8.351999999999999702e-02 -5.774040789595119350e+01
-8.303999999999998882e-02 -5.776385080582671350e+01
-8.255999999999999450e-02 -5.761519686254639794e+01
-8.207999999999998630e-02 -5.718395613066065408e+01
-8.159999999999999198e-02 -5.700255960684587819e+01
-8.111999999999999766e-02 -5.709913297601598714e+01
-8.063999999999998947e-02 -5.675140237745364402e+01
-8.015999999999999515e-02 -5.662337919393343810e+01
-7.967999999999998695e-02 -5.674494105234850139e+01
-7.919999999999999263e-02 -5.654094861944541606e+01
-7.871999999999999831e-02 -5.650394895483485413e+01
-7.823999999999999011e-02 -5.651942888275903698e+01
-7.775999999999999579e-02 -5.666788504112404468e+01
-7.727999999999998759e-02 -5.651863180753771587e+01
-7.679999999999999327e-02 -5.611703142064149574e+01
-7.631999999999999895e-02 -5.618757734557119932e+01
-7.583999999999999075e-02 -5.626673813942023372e+01
-7.535999999999999643e-02 -5.611288851560382085e+01
-7.487999999999998824e-02 -5.592391752957523465e+01
-7.439999999999999392e-02 -5.544803970268141313e+01
-7.391999999999999960e-02 -5.538254697514381064e+01
-7.343999999999999140e-02 -5.577736297151648159e+01
-7.295999999999999708e-02 -5.558878264523860935e+01
-7.247999999999998888e-02 -5.532985679139312651e+01
-7.199999999999999456e-02 -5.487485893886499611e+01
-7.152000000000000024e-02 -5.474240493633217142e+01
-7.103999999999999204e-02 -5.508549051988146061e+01
-7.055999999999999772e-02 -5.502208990278957401e+01
-7.007999999999998952e-02 -5.481518734134859727e+01
-6.959999999999999520e-02 -5.484669949271412293e+01
-6.911999999999998701e-02 -5.481086354230331636e+01
-6.863999999999999269e-02 -5.490188704326950386e+01
-6.815999999999999837e-02 -5.474690644881463442e+01
-6.767999999999999017e-02 -5.448926198078321192e+01
-6.719999999999999585e-02 -5.432096720418786617e+01
-6.671999999999998765e-02 -5.431653838847957871e+01
-6.623999999999999333e-02 -5.433979325916519088e+01
-6.575999999999999901e-02 -5.420359912423114679e+01
-6.527999999999999081e-02 -5.404356554329095275e+01
-6.479999999999999649e-02 -5.398453234839482207e+01
-6.431999999999998829e-02 -5.390585834551434630e+01
-6.383999999999999397e-02 -5.378049272838416073e+01
-6.335999999999999965e-02 -5.360511785386929517e+01
-6.287999999999999146e-02 -5.380437557769045753e+01
-6.239999999999999714e-02 -5.408146627580771337e+01
-6.191999999999999588e-02 -5.396154455655534576e+01
-6.143999999999999462e-02 -5.392941916884731768e+01
-6.095999999999999336e-02 -5.387531432829756994e+01
-6.047999999999999210e-02 -5.363959612330579318e+01
-5.999999999999999778e-02 -5.366812971366836393e+01
-5.951999999999999652e-02 -5.396514541141097254e+01
-5.903999999999999526e-02 -5.407967311922781306e+01
-5.855999999999999400e-02 -5.399909647692658865e+01
-5.807999999999999274e-02 -5.368654091460832234e+01
-5.759999999999999842e-02 -5.345499533738997400e+01
-5.711999999999999716e-02 -5.357266084130365158e+01
-5.663999999999999591e-02 -5.352600196866765714e+01
-5.615999999999999465e-02 -5.307047734426724617e+01
-5.567999999999999339e-02 -5.310978143252221173e+01
-5.519999999999999213e-02 -5.307721031643605869e+01
-5.471999999999999781e-02 -5.275937969891266732e+01
-5.423999999999999655e-02 -5.299121699379453787e+01
-5.375999999999999529e-02 -5.309032359290539205e+01
-5.327999999999999403e-02 -5.311017679614201370e+01
-5.279999999999999277e-02 -5.311071672975992186e+01
-5.231999999999999845e-02 -5.323911553051193835e+01
-5.183999999999999719e-02 -5.312825370060700436e+01
-5.135999999999999593e-02 -5.272945188494477975e+01
-5.087999999999999468e-02 -5.240598996547773680e+01
-5.039999999999999342e-02 -5.248603094561964610e+01
-4.991999999999999216e-02 -5.263541812747727988e+01
-4.943999999999999784e-02 -5.250029563631947127e+01
-4.895999999999999658e-02 -5.241745909871140441e+01
-4.847999999999999532e-02 -5.264072947244094536e+01
-4.799999999999999406e-02 -5.259634511550985536e+01
-4.751999999999999280e-02 -5.234990423102691182e+01
-4.703999999999999848e-02 -5.240345716885974525e+01
-4.655999999999999722e-02 -5.219537114165198943e+01
-4.607999999999999596e-02 -5.213952569117150659e+01
-4.559999999999999470e-02 -5.224432841852504339e+01
-4.511999999999999345e-02 -5.203384300550666808e+01
-4.463999999999999913e-02 -5.203415788041688472e+01
-4.415999999999999787e-02 -5.166740631085505697e+01
-4.367999999999999661e-02 -5.154910606449840316e+01
-4.319999999999999535e-02 -5.163954483626702796e+01
-4.271999999999999409e-02 -5.173105812117987767e+01
-4.223999999999999977e-02 -5.191230955095239352e+01
-4.175999999999999851e-02 -5.175965933528962637e+01
-4.127999999999999725e-02 -5.157433732907804824e+01
-4.079999999999999599e-02 -5.174393605533570195e+01
-4.031999999999999473e-02 -5.182696041405605314e+01
-3.983999999999999347e-02 -5.172368807149582182e+01
-3.935999999999999915e-02 -5.145013288778109484e+01
-3.887999999999999790e-02 -5.121172949653303874e+01
-3.839999999999999664e-02 -5.125049132930100626e+01
-3.791999999999999538e-02 -5.140630337300167696e+01
-3.743999999999999412e-02 -5.110863432954175067e+01
-3.695999999999999980e-02 -5.097316041186967084e+01
-3.647999999999999854e-02 -5.111398820020863809e+01
-3.599999999999999728e-02 -5.112099758679575245e+01
-3.551999999999999602e-02 -5.116443996377904568e+01
-3.503999999999999476e-02 -5.097350162158719655e+01
-3.455999999999999350e-02 -5.095843448011825672e+01
-3.407999999999999918e-02 -5.095213177028114160e+01
-3.359999999999999792e-02 -5.087354451641849096e+01
-3.311999999999999666e-02 -5.070373814330659457e+01
-3.263999999999999541e-02 -5.030800888476998978e+01
-3.215999999999999415e-02 -5.035921370934169516e+01
-3.167999999999999983e-02 -5.015823339985950469e+01
-3.119999999999999857e-02 -5.030293676575994510e+01
-3.071999999999999731e-02 -5.057427794108809849e+01
-3.023999999999999605e-02 -5.039773104661640701e+01
-2.975999999999999826e-02 -5.024548202501910055e+01
-2.927999999999999700e-02 -5.011897659159202334e+01
-2.879999999999999921e-02 -4.992636534275523275e+01
-2.831999999999999795e-02 -4.982868588535205845e+01
-2.783999999999999669e-02 -4.959657485991493786e+01
-2.735999999999999890e-02 -4.953775002876785294e+01
-2.687999999999999765e-02 -4.978958159064909239e+01
-2.639999999999999639e-02 -4.958321557295781190e+01
-2.591999999999999860e-02 -4.919021006157439047e+01
-2.543999999999999734e-02 -4.928987470760417011e+01
-2.495999999999999608e-02 -4.952982551101904818e+01
-2.447999999999999829e-02 -4.932902934796882732e+01
-2.399999999999999703e-02 -4.894341320903522785e+01
-2.351999999999999924e-02 -4.872642805905353924e+01
-2.303999999999999798e-02 -4.885192777625356086e+01
-2.255999999999999672e-02 -4.868434407636005545e+01
-2.207999999999999893e-02 -4.848045401534490395e+01
-2.159999999999999767e-02 -4.839116717387311439e+01
-2.111999999999999988e-02 -4.799329489292776429e+01
-2.063999999999999863e-02 -4.761252938922022793e+01
-2.015999999999999737e-02 -4.745753267623163651e+01
-1.967999999999999958e-02 -4.748451534210091296e+01
-1.919999999999999832e-02 -4.731944914380484590e+01
-1.871999999999999706e-02 -4.649405772108869428e+01
-1.823999999999999927e-02 -4.595117067958880597e+01
-1.775999999999999801e-02 -4.582318143323873727e+01
-1.727999999999999675e-02 -4.549695874887401459e+01
-1.679999999999999896e-02 -4.524262801161189174e+01
-1.631999999999999770e-02 -4.499504870940891976e+01
-1.583999999999999991e-02 -4.453976917749979236e+01
-1.535999999999999865e-02 -4.403585921114260771e+01
-1.487999999999999913e-02 -4.341353771353956859e+01
-1.439999999999999961e-02 -4.302421618826259220e+01
-1.391999999999999835e-02 -4.262737640155103236e+01
-1.343999999999999882e-02 -4.255742487598050161e+01
-1.295999999999999930e-02 -4.213048822401260907e+01
-1.247999999999999804e-02 -4.153992513510790019e+01
-1.199999999999999852e-02 -3.969727952348907252e+01
-1.151999999999999899e-02 -3.664594959420633558e+01
-1.103999999999999947e-02 -3.287181116994911179e+01
-1.055999999999999994e-02 -2.197061003964059367e+01
-1.007999999999999868e-02 -4.045385397305922837e+00
-9.599999999999999159e-03 4.317121011186322299e+00
-9.119999999999999635e-03 6.932320177941902806e+00
-8.639999999999998376e-03 7.146940314265968652e+00
-8.159999999999998851e-03 7.162625174386850979e+00
-7.679999999999999327e-03 7.345997542156453619e+00
-7.199999999999999803e-03 7.447756592355544214e+00
-6.719999999999999411e-03 7.297535775813150494e+00
-6.239999999999999020e-03 7.345475988406546364e+00
-5.759999999999999495e-03 7.502638769468705782e+00
-5.279999999999999971e-03 7.484877829243005820e+00
-4.799999999999999580e-03 7.513691113307875646e+00
-4.319999999999999188e-03 7.305648660635297276e+00
-3.839999999999999664e-03 7.205702959014291586e+00
-3.359999999999999706e-03 7.211727286850257990e+00
-2.879999999999999748e-03 7.201759018666965773e+00
-2.399999999999999790e-03 7.331099547537637484e+00
-1.919999999999999832e-03 7.324311754932394614e+00
-1.439999999999999874e-03 7.332897940051198660e+00
-9.599999999999999159e-04 7.391174185095917615e+00
-4.799999999999999580e-04 7.284558368988962584e+00
0.000000000000000000e+00 7.221865004842346281e+00
4.799999999999999580e-04 7.428339942362061521e+00
9.599999999999999159e-04 7.810594342774397347e+00
1.439999999999999874e-03 7.471912596289370434e+00
1.919999999999999832e-03 7.121263251794420768e+00
2.399999999999999790e-03 7.338436618693808811e+00
2.879999999999999748e-03 7.497433886518637181e+00
3.359999999999999706e-03 7.655763804244736903e+00
3.839999999999999664e-03 7.417447373462175975e+00
4.319999999999999188e-03 7.114761525237412343e+00
4.799999999999999580e-03 7.173064763963311385e+00
5.279999999999999971e-03 7.268671715379078080e+00
5.759999999999999495e-03 7.272323246554085685e+00
6.239999999999999020e-03 7.186121319401919116e+00
6.719999999999999411e-03 7.238430051384621144e+00
7.199999999999999803e-03 7.352463913868896306e+00
7.679999999999999327e-03 7.137732101031387444e+00
8.159999999999998851e-03 7.187257967754985266e+00
8.639999999999998376e-03 7.273298434891191988e+00
9.119999999999999635e-03 6.944989562724021681e+00
9.599999999999999159e-03 4.217365702572770658e+00
1.007999999999999868e-02 -4.289376906124865663e+00
1.055999999999999994e-02 -2.213842679575997607e+01
1.103999999999999947e-02 -3.212131614046261774e+01
1.151999999999999899e-02 -3.636203869983564374e+01
1.199999999999999852e-02 -3.960791038633509942e+01
1.247999999999999804e-02 -4.180357436571347307e+01
1.295999999999999930e-02 -4.297486234001585359e+01
1.343999999999999882e-02 -4.340481789902792542e+01
1.391999999999999835e-02 -4.363303316721838598e+01
1.439999999999999961e-02 -4.392748587565419882e+01
1.487999999999999913e-02 -4.469669267745244667e+01
1.535999999999999865e-02 -4.529366028865958782e+01
1.583999999999999991e-02 -4.566376243806615065e+01
1.631999999999999770e-02 -4.595299587719716783e+01
1.679999999999999896e-02 -4.643468045262079613e+01
1.727999999999999675e-02 -4.679324613107670672e+01
1.775999999999999801e-02 -4.725424112867169413e+01
1.823999999999999927e-02 -4.765226111088936278e+01
1.871999999999999706e-02 -4.802044814375339143e+01
1.919999999999999832e-02 -4.846332199698960608e+01
1.967999999999999958e-02 -4.879582495480907767e+01
2.015999999999999737e-02 -4.908274729880075427e+01
2.063999999999999863e-02 -4.886475329150315616e+01
2.111999999999999988e-02 -4.888977068605492349e+01
2.159999999999999767e-02 -4.931426740147518473e+01
2.207999999999999893e-02 -4.972877964831660336e+01
2.255999999999999672e-02 -5.000818012009673197e+01
2.303999999999999798e-02 -4.984830965242052514e+01
2.351999999999999924e-02 -4.982819426114468797e+01
2.399999999999999703e-02 -4.993389365777596822e+01
2.447999999999999829e-02 -5.017814478881774676e+01
2.495999999999999608e-02 -5.070935964165479959e+01
2.543999999999999734e-02 -5.102250827501236330e+01
2.591999999999999860e-02 -5.092528655066093535e+01
2.639999999999999639e-02 -5.071597983521107267e+01
2.687999999999999765e-02 -5.097766859668802653e+01
2.735999999999999890e-02 -5.115722105585508217e+01
2.783999999999999669e-02 -5.120441218878266199e+01
2.831999999999999795e-02 -5.127618981227180228e+01
2.879999999999999921e-02 -5.128091206855627604e+01
2.927999999999999700e-02 -5.161170204880957613e+01
2.975999999999999826e-02 -5.157699100875939280e+01
3.023999999999999605e-02 -5.190055878419904900e+01
3.071999999999999731e-02 -5.198849333922112947e+01
3.119999999999999857e-02 -5.192751756196228996e+01
3.167999999999999983e-02 -5.211650236991967944e+01
3.215999999999999415e-02 -5.252471494062448443e+01
3.263999999999999541e-02 -5.250370845742914128e+01
3.311999999999999666e-02 -5.236879252508156668e+01
3.359999999999999792e-02 -5.214273681843734920e+01
3.407999999999999918e-02 -5.239218659788410548e+01
3.455999999999999350e-02 -5.262219996121289256e+01
3.503999999999999476e-02 -5.251373639567532337e+01
3.551999999999999602e-02 -5.234487798483412746e+01
3.599999999999999728e-02 -5.267439684847659720e+01
3.647999999999999854e-02 -5.292944627566296134e+01
3.695999999999999980e-02 -5.295788390034385174e+01
3.743999999999999412e-02 -5.304446200630992081e+01
3.791999999999999538e-02 -5.315035030625733725e+01
3.839999999999999664e-02 -5.283141554289902331e+01
3.887999999999999790e-02 -5.267515532966879022e+01
3.935999999999999915e-02 -5.282775422545152821e+01
3.983999999999999347e-02 -5.301723629217427458e+01
4.031999999999999473e-02 -5.304780523769967715e+01
4.079999999999999599e-02 -5.310750506826664719e+01
4.127999999999999725e-02 -5.314844245430627723e+01
4.175999999999999851e-02 -5.327908053568676650e+01
4.223999999999999977e-02 -5.339573671349455708e+01
4.271999999999999409e-02 -5.384386286933646915e+01
4.319999999999999535e-02 -5.345367975869416455e+01
4.367999999999999661e-02 -5.329635434974506580e+01
4.415999999999999787e-02 -5.375182554847128102e+01
4.463999999999999913e-02 -5.391386097013258905e+01
4.511999999999999345e-02 -5.389406833867252544e+01
4.559999999999999470e-02 -5.376825479335467151e+01
4.607999999999999596e-02 -5.379979539753958306e+01
4.655999999999999722e-02 -5.402477578952500181e+01
4.703999999999999848e-02 -5.387317923471599812e+01
4.751999999999999280e-02 -5.383436480465700669e+01
4.799999999999999406e-02 -5.411906946078986635e+01
4.847999999999999532e-02 -5.416138931631275000e+01
4.895999999999999658e-02 -5.412392155570285013e+01
4.943999999999999784e-02 -5.377939540710953992e+01
4.991999999999999216e-02 -5.392561567803810618e+01
5.039999999999999342e-02 -5.439652216191039713e+01
5.087999999999999468e-02 -5.420944157454387380e+01
5.135999999999999593e-02 -5.421101565012029511e+01
5.183999999999999719e-02 -5.450979359937990409e+01
5.231999999999999845e-02 -5.481034129033982794e+01
5.279999999999999277e-02 -5.470142793888633292e+01
5.327999999999999403e-02 -5.466604334135087839e+01
5.375999999999999529e-02 -5.476267895334729729e+01
5.423999999999999655e-02 -5.457965757565524001e+01
5.471999999999999781e-02 -5.461501270939416486e+01
5.519999999999999213e-02 -5.495876517619051072e+01
5.567999999999999339e-02 -5.502953181289312568e+01
5.615999999999999465e-02 -5.460855238602740513e+01
5.663999999999999591e-02 -5.475499441648559440e+01
5.711999999999999716e-02 -5.511679254708965914e+01
5.759999999999999842e-02 -5.526881720905997497e+01
5.807999999999999274e-02 -5.518860342662614471e+01
5.855999999999999400e-02 -5.505231189554790205e+01
5.903999999999999526e-02 -5.505115971548128329e+01
5.951999999999999652e-02 -5.543990489073964056e+01
5.999999999999999778e-02 -5.549213591678661572e+01
6.047999999999999210e-02 -5.516499970701033106e+01
6.095999999999999336e-02 -5.527623880604025430e+01
6.143999999999999462e-02 -5.571853031024679836e+01
6.191999999999999588e-02 -5.581877936003074581e+01
6.239999999999999714e-02 -5.547954623623112269e+01
6.287999999999999146e-02 -5.567416553004169089e+01
6.335999999999999965e-02 -5.594331155915690346e+01
6.383999999999999397e-02 -5.576238007600561275e+01
6.431999999999998829e-02 -5.546002598977523235e+01
6.479999999999999649e-02 -5.558410044671366279e+01
6.527999999999999081e-02 -5.584559127114152943e+01
6.575999999999999901e-02 -5.615513201033717650e+01
6.623999999999999333e-02 -5.610815724546976924e+01
6.671999999999998765e-02 -5.627400713425754475e+01
6.719999999999999585e-02 -5.656974699843586762e+01
6.767999999999999017e-02 -5.649479076802415989e+01
6.815999999999999837e-02 -5.629760888026546439e+01
6.863999999999999269e-02 -5.647788522415482504e+01
6.911999999999998701e-02 -5.657488196300551664e+01
6.959999999999999520e-02 -5.661529929922395610e+01
7.007999999999998952e-02 -5.669484483072559300e+01
7.055999999999999772e-02 -5.672243519936052536e+01
7.103999999999999204e-02 -5.673303010505397026e+01
7.152000000000000024e-02 -5.686566534697080044e+01
7.199999999999999456e-02 -5.677954793246506426e+01
7.247999999999998888e-02 -5.682153584817559278e+01
7.295999999999999708e-02 -5.702587453797268324e+01
7.343999999999999140e-02 -5.714963661628651437e+01
7.391999999999999960e-02 -5.710147497595237809e+01
7.439999999999999392e-02 -5.732896625470423402e+01
7.487999999999998824e-02 -5.750967650804685860e+01
7.535999999999999643e-02 -5.777523985844688070e+01
7.583999999999999075e-02 -5.786586899310448473e+01
7.631999999999999895e-02 -5.754687780122993956e+01
7.679999999999999327e-02 -5.754195824907915835e+01
7.727999999999998759e-02 -5.792657832872236412e+01
7.775999999999999579e-02 -5.806909356509306974e+01
7.823999999999999011e-02 -5.784976494563161964e+01
7.871999999999999831e-02 -5.786567205236838163e+01
7.919999999999999263e-02 -5.818876517228063960e+01
7.967999999999998695e-02 -5.838404378868795419e+01
8.015999999999999515e-02 -5.849269727727740786e+01
8.063999999999998947e-02 -5.870179902520777659e+01
8.111999999999999766e-02 -5.856646146025417465e+01
8.159999999999999198e-02 -5.824543899668753255e+01
8.207999999999998630e-02 -5.861301277750514060e+01
8.255999999999999450e-02 -5.871468180448716367e+01
8.303999999999998882e-02 -5.857369024074966291e+01
8.351999999999999702e-02 -5.881910638460282570e+01
8.399999999999999134e-02 -5.936728707250621540e+01
8.447999999999999954e-02 -5.951942516132054095e+01
8.495999999999999386e-02 -5.926150262648710054e+01
8.543999999999998818e-02 -5.923207156382254368e+01
8.591999999999999638e-02 -5.934779826072791309e+01
8.639999999999999070e-02 -5.970701665295284499e+01
8.687999999999999889e-02 -5.990288560977519694e+01
8.735999999999999321e-02 -5.963589619237416173e+01
8.783999999999998753e-02 -5.948402534803084052e+01
8.831999999999999573e-02 -5.948170405357398494e+01
8.879999999999999005e-02 -5.950272896198853800e+01
8.927999999999999825e-02 -5.973010567668679727e+01
8.975999999999999257e-02 -5.990318952728277679e+01
9.023999999999998689e-02 -6.000803490000214424e+01
9.071999999999999509e-02 -6.019221243008483668e+01
9.119999999999998941e-02 -6.017910255750705062e+01
9.167999999999999761e-02 -6.033062421564476807e+01
9.215999999999999193e-02 -6.043902014273229639e+01
9.263999999999998625e-02 -6.059899700847248027e+01
9.311999999999999444e-02 -6.059774852509676180e+01
9.359999999999998876e-02 -6.068067371725049952e+01
9.407999999999999696e-02 -6.086254477681370645e+01
9.455999999999999128e-02 -6.070762211284450416e+01
9.503999999999998560e-02 -6.055171929615934090e+01
9.551999999999999380e-02 -6.095448996457442803e+01
9.599999999999998812e-02 -6.103094563905866465e+01
9.647999999999999632e-02 -6.110979735010815972e+01
9.695999999999999064e-02 -6.120294104788083445e+01
9.743999999999998496e-02 -6.097277299274902873e+01
9.791999999999999316e-02 -6.107661235899924179e+01
9.839999999999998748e-02 -6.124269797161542783e+01
9.887999999999999567e-02 -6.141274313183878064e+01
9.935999999999998999e-02 -6.151788254164689107e+01
9.983999999999998431e-02 -6.174740745728441738e+01
1.003199999999999925e-01 -6.176671008399541307e+01
1.007999999999999868e-01 -6.168143046436981081e+01
1.012799999999999950e-01 -6.182462817968466595e+01
1.017599999999999894e-01 -6.230767585376069917e+01
1.022399999999999975e-01 -6.242679828879553838e+01
1.027199999999999919e-01 -6.268836353666080186e+01
1.031999999999999862e-01 -6.324216608803371997e+01
1.036799999999999944e-01 -6.408931970897806707e+01
1.041599999999999887e-01 -6.446028780917151835e+01
1.046399999999999969e-01 -6.467187767226565143e+01
1.051199999999999912e-01 -6.512978585754336791e+01
1.055999999999999855e-01 -6.535154077017742225e+01
1.060799999999999937e-01 -6.600727704590201483e+01
1.065599999999999881e-01 -6.708173192138575303e+01
1.070399999999999963e-01 -6.775066633486532908e+01
1.075199999999999906e-01 -6.841079902015566461e+01
1.079999999999999849e-01 -6.913094195957306454e+01
1.084799999999999931e-01 -6.979082308628053966e+01
1.089599999999999874e-01 -7.021267077027471259e+01
1.094399999999999956e-01 -7.083044526557964105e+01
1.099199999999999899e-01 -7.115550936245671210e+01
1.103999999999999843e-01 -7.143716203902765471e+01
1.108799999999999925e-01 -7.142303213247376448e+01
1.113599999999999868e-01 -7.118172574047957823e+01
1.118399999999999950e-01 -7.136254867982441397e+01
1.123199999999999893e-01 -7.160608554822219673e+01
1.127999999999999836e-01 -7.152676643316770821e+01
1.132799999999999918e-01 -7.123532038894268226e+01
1.137599999999999861e-01 -7.117044158097448303e+01
1.142399999999999943e-01 -7.112617529266029237e+01
1.147199999999999886e-01 -7.138696364921986515e+01
1.151999999999999968e-01 -7.145853731620111660e+01
1.156799999999999912e-01 -7.138634996415568423e+01
1.161599999999999855e-01 -7.125926697847907576e+01
1.166399999999999937e-01 -7.145410185327955332e+01
1.171199999999999880e-01 -7.156745152586404402e+01
1.175999999999999962e-01 -7.121701929972974199e+01
1.180799999999999905e-01 -7.133406857305884330e+01
1.185599999999999848e-01 -7.165833831850281399e+01
1.190399999999999930e-01 -7.148580194358282824e+01
1.195199999999999874e-01 -7.123868285393947986e+01
1.199999999999999956e-01 -7.116312573409983600e+01
1.204799999999999899e-01 -7.111065956873105165e+01
1.209599999999999842e-01 -7.105822451699077646e+01
1.214399999999999924e-01 -7.132876780065839739e+01
1.219199999999999867e-01 -7.129478404916585532e+01
1.223999999999999949e-01 -7.052238668874358041e+01
