-1.228799999999999955e+02 -9.594517203595584931e+01
-1.223999999999999915e+02 -9.773153995404372552e+01
-1.219200000000000017e+02 -9.874220034833535919e+01
-1.214399999999999977e+02 -9.887574607223426426e+01
-1.209599999999999937e+02 -9.895525051213915901e+01
-1.204799999999999898e+02 -9.845342791735076560e+01
-1.200000000000000000e+02 -9.841139420595807508e+01
-1.195199999999999960e+02 -9.852771957891715715e+01
-1.190399999999999920e+02 -9.828444175702526309e+01
-1.185600000000000023e+02 -9.793974910467318296e+01
-1.180799999999999983e+02 -9.788965871618293590e+01
-1.175999999999999943e+02 -9.786019543614153804e+01
-1.171199999999999903e+02 -9.794229752469499317e+01
-1.166400000000000006e+02 -9.790518391633571582e+01
-1.161599999999999966e+02 -9.771696041316906189e+01
-1.156799999999999926e+02 -9.752551827859512912e+01
-1.151999999999999886e+02 -9.752722303886903887e+01
-1.147199999999999989e+02 -9.724521801569241575e+01
-1.142399999999999949e+02 -9.695107010155419403e+01
-1.137599999999999909e+02 -9.713387318059497488e+01
-1.132800000000000011e+02 -9.686401612475080469e+01
-1.127999999999999972e+02 -9.690269109426782279e+01
-1.123199999999999932e+02 -9.667811185596133328e+01
-1.118399999999999892e+02 -9.644552853209609111e+01
-1.113599999999999994e+02 -9.623256016053122153e+01
-1.108799999999999955e+02 -9.613505726828513787e+01
-1.103999999999999915e+02 -9.615774196149770603e+01
-1.099200000000000017e+02 -9.591613493339023933e+01
-1.094399999999999977e+02 -9.556092170169939948e+01
-1.089599999999999937e+02 -9.504237126314774287e+01
-1.084799999999999898e+02 -9.465492415392205316e+01
-1.080000000000000000e+02 -9.398639658352672654e+01
-1.075199999999999960e+02 -9.335160885702268274e+01
-1.070399999999999920e+02 -9.239524583853970796e+01
-1.065600000000000023e+02 -9.160973705072083817e+01
-1.060799999999999983e+02 -9.102025139192423353e+01
-1.055999999999999943e+02 -9.029771876809016362e+01
-1.051199999999999903e+02 -8.952609231824929736e+01
-1.046400000000000006e+02 -8.867948273040468621e+01
-1.041599999999999966e+02 -8.815165332453416625e+01
-1.036799999999999926e+02 -8.773309568248080836e+01
-1.032000000000000028e+02 -8.728178655270386344e+01
-1.027199999999999989e+02 -8.714117294885960519e+01
-1.022399999999999949e+02 -8.693138590041421310e+01
-1.017599999999999909e+02 -8.662828932313453834e+01
-1.012800000000000011e+02 -8.652674727632410168e+01
-1.007999999999999972e+02 -8.645314241547305301e+01
-1.003199999999999932e+02 -8.605271836742775804e+01
-9.984000000000000341e+01 -8.596584619225842516e+01
-9.935999999999999943e+01 -8.607091445732879720e+01
-9.887999999999999545e+01 -8.591035322817802466e+01
-9.839999999999999147e+01 -8.590104272992454071e+01
-9.792000000000000171e+01 -8.597969308349831863e+01
-9.743999999999999773e+01 -8.599355615849619028e+01
-9.695999999999999375e+01 -8.599046022394624345e+01
-9.647999999999998977e+01 -8.573813806559938655e+01
-9.600000000000000000e+01 -8.579383059525622457e+01
-9.551999999999999602e+01 -8.580788799084155016e+01
-9.503999999999999204e+01 -8.558795463944319692e+01
-9.456000000000000227e+01 -8.543684624935565353e+01
-9.407999999999999829e+01 -8.526851590997983976e+01
-9.359999999999999432e+01 -8.525652499517433114e+01
-9.311999999999999034e+01 -8.537561768930888206e+01
-9.264000000000000057e+01 -8.508945401516902507e+01
-9.215999999999999659e+01 -8.495241558827855499e+01
-9.167999999999999261e+01 -8.512275262594630476e+01
-9.120000000000000284e+01 -8.483335455047928519e+01
-9.071999999999999886e+01 -8.482239302568547146e+01
-9.023999999999999488e+01 -8.481289573351804734e+01
-8.975999999999999091e+01 -8.494773086177751509e+01
-8.928000000000000114e+01 -8.512346787028546657e+01
-8.879999999999999716e+01 -8.526954202466484389e+01
-8.831999999999999318e+01 -8.473245189086662776e+01
-8.784000000000000341e+01 -8.453051420904935753e+01
-8.735999999999999943e+01 -8.441276523234245133e+01
-8.687999999999999545e+01 -8.439945235363094866e+01
-8.639999999999999147e+01 -8.436613977280016741e+01
-8.592000000000000171e+01 -8.393868187220294885e+01
-8.543999999999999773e+01 -8.340992396641038908e+01
-8.495999999999999375e+01 -8.357705559439745002e+01
-8.447999999999998977e+01 -8.352483755278467470e+01
-8.400000000000000000e+01 -8.374633312931169371e+01
-8.351999999999999602e+01 -8.363619225210554475e+01
-8.303999999999999204e+01 -8.364050128889559232e+01
-8.256000000000000227e+01 -8.365636681953895959e+01
-8.207999999999999829e+01 -8.321463765482235431e+01
-8.159999999999999432e+01 -8.291536180944058287e+01
-8.111999999999999034e+01 -8.305986241353193122e+01
-8.064000000000000057e+01 -8.282965108880750904e+01
-8.015999999999999659e+01 -8.268960771389187414e+01
-7.967999999999999261e+01 -8.267834301349085990e+01
-7.920000000000000284e+01 -8.246030149477704185e+01
-7.871999999999999886e+01 -8.240370155005786046e+01
-7.823999999999999488e+01 -8.241837247327644889e+01
-7.775999999999999091e+01 -8.259342149008504919e+01
-7.728000000000000114e+01 -8.238224035334448558e+01
-7.679999999999999716e+01 -8.216145438762893605e+01
-7.631999999999999318e+01 -8.226796776728997429e+01
-7.584000000000000341e+01 -8.234368408432173680e+01
-7.535999999999999943e+01 -8.232000625531100013e+01
-7.487999999999999545e+01 -8.208625295749023110e+01
-7.439999999999999147e+01 -8.170667347590730856e+01
-7.392000000000000171e+01 -8.169151771909854176e+01
-7.343999999999999773e+01 -8.208871387580092005e+01
-7.295999999999999375e+01 -8.197259250202165504e+01
-7.248000000000000398e+01 -8.195110141698953043e+01
-7.200000000000000000e+01 -8.145240673842701540e+01
-7.151999999999999602e+01 -8.130733926391519617e+01
-7.103999999999999204e+01 -8.153105363735427602e+01
-7.056000000000000227e+01 -8.169970716944072819e+01
-7.007999999999999829e+01 -8.168119849682568656e+01
-6.959999999999999432e+01 -8.148968189432729048e+01
-6.912000000000000455e+01 -8.143116336561128321e+01
-6.864000000000000057e+01 -8.145745980456990765e+01
-6.815999999999999659e+01 -8.126426051255192817e+01
-6.767999999999999261e+01 -8.122820708912284715e+01
-6.720000000000000284e+01 -8.119460355669681917e+01
-6.671999999999999886e+01 -8.089128817096894863e+01
-6.623999999999999488e+01 -8.082686578811369316e+01
-6.575999999999999091e+01 -8.061457025538723542e+01
-6.528000000000000114e+01 -8.054187153322514803e+01
-6.479999999999999716e+01 -8.073095858696781590e+01
-6.431999999999999318e+01 -8.060399524085008238e+01
-6.383999999999999631e+01 -8.013820284703749053e+01
-6.335999999999999943e+01 -8.005807053656931771e+01
-6.287999999999999545e+01 -8.026636088396956836e+01
-6.239999999999999858e+01 -8.036855128622107713e+01
-6.191999999999999460e+01 -8.023474144902549199e+01
-6.143999999999999773e+01 -8.007295101347600053e+01
-6.096000000000000085e+01 -8.000265399217968820e+01
-6.047999999999999687e+01 -7.988266552636389406e+01
-6.000000000000000000e+01 -7.969945970688131354e+01
-5.951999999999999602e+01 -7.990514583280410932e+01
-5.903999999999999915e+01 -8.004716132060519840e+01
-5.855999999999999517e+01 -7.994494159984222392e+01
-5.807999999999999829e+01 -7.946342770388449139e+01
-5.759999999999999432e+01 -7.929779053839735070e+01
-5.711999999999999744e+01 -7.955715426817413061e+01
-5.664000000000000057e+01 -7.950701843120316425e+01
-5.615999999999999659e+01 -7.927752489720889173e+01
-5.567999999999999972e+01 -7.927892418473857106e+01
-5.519999999999999574e+01 -7.901899754267857645e+01
-5.471999999999999886e+01 -7.864625959762969387e+01
-5.423999999999999488e+01 -7.871867620725849690e+01
-5.375999999999999801e+01 -7.881266789410122442e+01
-5.328000000000000114e+01 -7.877531600988841376e+01
-5.279999999999999716e+01 -7.874016596004688040e+01
-5.232000000000000028e+01 -7.878698391117866606e+01
-5.183999999999999631e+01 -7.858451442166108336e+01
-5.135999999999999943e+01 -7.854374486094795316e+01
-5.087999999999999545e+01 -7.827885322635657417e+01
-5.039999999999999858e+01 -7.820472703995314134e+01
-4.992000000000000171e+01 -7.822554358366686245e+01
-4.943999999999999773e+01 -7.819542714597696431e+01
-4.896000000000000085e+01 -7.829118625576585089e+01
-4.847999999999999687e+01 -7.826025402017771171e+01
-4.800000000000000000e+01 -7.813907830960955891e+01
-4.751999999999999602e+01 -7.795191257816969710e+01
-4.703999999999999915e+01 -7.810489545798061783e+01
-4.655999999999999517e+01 -7.796958901003441156e+01
-4.607999999999999829e+01 -7.785228234857596874e+01
-4.560000000000000142e+01 -7.793040585364080641e+01
-4.511999999999999744e+01 -7.769759343648252070e+01
-4.464000000000000057e+01 -7.762655228041866451e+01
-4.415999999999999659e+01 -7.740202147296129453e+01
-4.367999999999999972e+01 -7.725647074525853952e+01
-4.319999999999999574e+01 -7.727718810165539765e+01
-4.271999999999999886e+01 -7.732671343521290908e+01
-4.223999999999999488e+01 -7.743175062710507461e+01
-4.175999999999999801e+01 -7.731387970977544910e+01
-4.128000000000000114e+01 -7.707886105233154694e+01
-4.079999999999999716e+01 -7.732841654237630280e+01
-4.032000000000000028e+01 -7.759122216123708426e+01
-3.983999999999999631e+01 -7.757089830916265782e+01
-3.935999999999999943e+01 -7.721684637258680084e+01
-3.887999999999999545e+01 -7.685120756229825645e+01
-3.839999999999999858e+01 -7.673261686164465800e+01
-3.792000000000000171e+01 -7.694188761047968228e+01
-3.743999999999999773e+01 -7.674896233320166061e+01
-3.696000000000000085e+01 -7.658062761063449386e+01
-3.647999999999999687e+01 -7.670378427669282928e+01
-3.600000000000000000e+01 -7.657550858391159920e+01
-3.551999999999999602e+01 -7.662530467289036551e+01
-3.503999999999999915e+01 -7.643252638278346467e+01
-3.456000000000000227e+01 -7.644000869931358011e+01
-3.407999999999999829e+01 -7.657526184759578314e+01
-3.360000000000000142e+01 -7.653297157991050881e+01
-3.311999999999999744e+01 -7.629696792215713685e+01
-3.264000000000000057e+01 -7.592919292798367792e+01
-3.215999999999999659e+01 -7.599502506207569752e+01
-3.167999999999999972e+01 -7.583016120362029255e+01
-3.119999999999999929e+01 -7.588336567402581068e+01
-3.071999999999999886e+01 -7.608895507363666866e+01
-3.023999999999999844e+01 -7.602062107328485752e+01
-2.975999999999999801e+01 -7.582086350509705142e+01
-2.927999999999999758e+01 -7.571395776387470278e+01
-2.879999999999999716e+01 -7.544878639521064656e+01
-2.832000000000000028e+01 -7.517449288926844986e+01
-2.783999999999999986e+01 -7.497664553741461191e+01
-2.735999999999999943e+01 -7.509196360173176288e+01
-2.687999999999999901e+01 -7.524758609785608598e+01
-2.639999999999999858e+01 -7.490434100948826313e+01
-2.591999999999999815e+01 -7.452930700569241651e+01
-2.543999999999999773e+01 -7.450926079665137536e+01
-2.496000000000000085e+01 -7.481276948966052487e+01
-2.448000000000000043e+01 -7.467109116398464153e+01
-2.400000000000000000e+01 -7.435416144453144227e+01
-2.351999999999999957e+01 -7.413267118254395882e+01
-2.303999999999999915e+01 -7.416853319275156764e+01
-2.255999999999999872e+01 -7.405996609471816328e+01
-2.207999999999999829e+01 -7.365626743942029009e+01
-2.159999999999999787e+01 -7.345794883593997326e+01
-2.111999999999999744e+01 -7.305510817136539004e+01
-2.064000000000000057e+01 -7.263708100846119464e+01
-2.016000000000000014e+01 -7.256338639521622724e+01
-1.967999999999999972e+01 -7.260028988614624268e+01
-1.919999999999999929e+01 -7.229416276138955766e+01
-1.871999999999999886e+01 -7.152720558538268847e+01
-1.823999999999999844e+01 -7.114655416206305460e+01
-1.775999999999999801e+01 -7.104187007545800725e+01
-1.728000000000000114e+01 -7.060435033222881884e+01
-1.680000000000000071e+01 -7.032062826689882229e+01
-1.632000000000000028e+01 -7.013246385418167961e+01
-1.583999999999999986e+01 -6.984021248952318217e+01
-1.535999999999999943e+01 -6.949342766894392298e+01
-1.487999999999999901e+01 -6.890915926510464828e+01
-1.439999999999999858e+01 -6.853702213910668206e+01
-1.391999999999999993e+01 -6.824005054090699218e+01
-1.343999999999999950e+01 -6.819934879655252757e+01
-1.295999999999999908e+01 -6.781674235037982612e+01
-1.248000000000000043e+01 -6.745193128684577744e+01
-1.200000000000000000e+01 -6.629485508379526948e+01
-1.151999999999999957e+01 -6.448269916508422739e+01
-1.103999999999999915e+01 -6.185821300808549950e+01
-1.055999999999999872e+01 -5.191027442891577692e+01
-1.008000000000000007e+01 -3.409023339773197847e+01
-9.599999999999999645e+00 -2.572827898510340106e+01
-9.119999999999999218e+00 -2.311239495897418195e+01
-8.640000000000000568e+00 -2.289796936840909325e+01
-8.160000000000000142e+00 -2.288306801643838639e+01
-7.679999999999999716e+00 -2.270137153764072480e+01
-7.199999999999999289e+00 -2.260105602001398850e+01
-6.719999999999999751e+00 -2.275270744774933718e+01
-6.240000000000000213e+00 -2.270472697667920059e+01
-5.759999999999999787e+00 -2.254783975106381888e+01
-5.279999999999999361e+00 -2.256728214993437476e+01
-4.799999999999999822e+00 -2.254024980551470492e+01
-4.320000000000000284e+00 -2.274741680921212961e+01
-3.839999999999999858e+00 -2.284689091732140653e+01
-3.359999999999999876e+00 -2.284174770388663589e+01
-2.879999999999999893e+00 -2.285004856445311461e+01
-2.399999999999999911e+00 -2.271880912961379551e+01
-1.919999999999999929e+00 -2.272576716431812471e+01
-1.439999999999999947e+00 -2.271411996144676948e+01
-9.599999999999999645e-01 -2.265269745637116472e+01
-4.799999999999999822e-01 -2.275934787836045814e+01
0.000000000000000000e+00 -2.281788326379656340e+01
4.799999999999999822e-01 -2.261214138497966175e+01
9.599999999999999645e-01 -2.223431648523802551e+01
1.439999999999999947e+00 -2.257554189922309007e+01
1.919999999999999929e+00 -2.292856844701096009e+01
2.399999999999999911e+00 -2.271179755647530030e+01
2.879999999999999893e+00 -2.255390600902803655e+01
3.359999999999999876e+00 -2.239679702497142344e+01
3.839999999999999858e+00 -2.263647016266514811e+01
4.320000000000000284e+00 -2.293991915447743679e+01
4.799999999999999822e+00 -2.287991795565994124e+01
5.279999999999999361e+00 -2.278291990889044172e+01
5.759999999999999787e+00 -2.277805487127444906e+01
6.240000000000000213e+00 -2.286340071388607598e+01
6.719999999999999751e+00 -2.281139389571410447e+01
7.199999999999999289e+00 -2.269662297633674086e+01
7.679999999999999716e+00 -2.290971953233664848e+01
8.160000000000000142e+00 -2.285995250919949839e+01
8.640000000000000568e+00 -2.277454274983455207e+01
9.119999999999999218e+00 -2.310344488935157869e+01
9.599999999999999645e+00 -2.583025990974313046e+01
1.008000000000000007e+01 -3.433376257789983299e+01
1.055999999999999872e+01 -5.210680773502424756e+01
1.103999999999999915e+01 -6.153175748633036335e+01
1.151999999999999957e+01 -6.488041307438767547e+01
1.200000000000000000e+01 -6.703745970277086030e+01
1.248000000000000043e+01 -6.826664957455828642e+01
1.295999999999999908e+01 -6.895083747664833140e+01
1.343999999999999950e+01 -6.919923275968075416e+01
1.391999999999999993e+01 -6.942596477250526732e+01
1.439999999999999858e+01 -6.983417340354320402e+01
1.487999999999999901e+01 -7.047408674248049465e+01
1.535999999999999943e+01 -7.082765600317929966e+01
1.583999999999999986e+01 -7.114968012239096140e+01
1.632000000000000028e+01 -7.119534375843207386e+01
1.680000000000000071e+01 -7.157048361713736995e+01
1.728000000000000114e+01 -7.190505313029130718e+01
1.775999999999999801e+01 -7.216826784864231570e+01
1.823999999999999844e+01 -7.245494931109982417e+01
1.871999999999999886e+01 -7.291896771332160654e+01
1.919999999999999929e+01 -7.350355491758712390e+01
1.967999999999999972e+01 -7.376696986515030119e+01
2.016000000000000014e+01 -7.414748985559984362e+01
2.064000000000000057e+01 -7.394000412199203254e+01
2.111999999999999744e+01 -7.384987112762169659e+01
2.159999999999999787e+01 -7.421835478286953958e+01
2.207999999999999829e+01 -7.466999640800986526e+01
2.255999999999999872e+01 -7.505347320673338629e+01
2.303999999999999915e+01 -7.491575365981293544e+01
2.351999999999999957e+01 -7.500520128860330260e+01
2.400000000000000000e+01 -7.515456561383149392e+01
2.448000000000000043e+01 -7.529572911686830139e+01
2.496000000000000085e+01 -7.578404436989632131e+01
2.543999999999999773e+01 -7.608669989471621875e+01
2.591999999999999815e+01 -7.598115831818196853e+01
2.639999999999999858e+01 -7.582262047485798462e+01
2.687999999999999901e+01 -7.609187363472511834e+01
2.735999999999999943e+01 -7.631998367463214095e+01
2.783999999999999986e+01 -7.637904848964326732e+01
2.832000000000000028e+01 -7.640965935932396746e+01
2.879999999999999716e+01 -7.644854324610936658e+01
2.927999999999999758e+01 -7.675171097841800361e+01
2.975999999999999801e+01 -7.671944577180371994e+01
3.023999999999999844e+01 -7.715503782953676648e+01
3.071999999999999886e+01 -7.728965451846184465e+01
3.119999999999999929e+01 -7.714539700804401434e+01
3.167999999999999972e+01 -7.732364165194009331e+01
3.215999999999999659e+01 -7.754176419580397805e+01
3.264000000000000057e+01 -7.761599918264535347e+01
3.311999999999999744e+01 -7.758850379653780749e+01
3.360000000000000142e+01 -7.736248225746309970e+01
3.407999999999999829e+01 -7.759327609658851088e+01
3.456000000000000227e+01 -7.784342606403063769e+01
3.503999999999999915e+01 -7.777308673705772435e+01
3.551999999999999602e+01 -7.757279009886025278e+01
3.600000000000000000e+01 -7.787298247896691805e+01
3.647999999999999687e+01 -7.802072584797026877e+01
3.696000000000000085e+01 -7.802317338869903551e+01
3.743999999999999773e+01 -7.813268500053406740e+01
3.792000000000000171e+01 -7.826290431873559328e+01
3.839999999999999858e+01 -7.803345799284825546e+01
3.887999999999999545e+01 -7.786210915237201391e+01
3.935999999999999943e+01 -7.800258065022194387e+01
3.983999999999999631e+01 -7.814559726480653978e+01
4.032000000000000028e+01 -7.810072563260891343e+01
4.079999999999999716e+01 -7.827422879013494139e+01
4.128000000000000114e+01 -7.834146416472550811e+01
4.175999999999999801e+01 -7.838824052896066519e+01
4.223999999999999488e+01 -7.832989024530085942e+01
4.271999999999999886e+01 -7.871897633402805639e+01
4.319999999999999574e+01 -7.854662455688139744e+01
4.367999999999999972e+01 -7.849561698239317309e+01
4.415999999999999659e+01 -7.896593717896621456e+01
4.464000000000000057e+01 -7.898456249241883143e+01
4.511999999999999744e+01 -7.880670519834862375e+01
4.560000000000000142e+01 -7.863987722344050724e+01
4.607999999999999829e+01 -7.868715022115425484e+01
4.655999999999999517e+01 -7.890342509879332056e+01
4.703999999999999915e+01 -7.877238304684213688e+01
4.751999999999999602e+01 -7.888224171676385765e+01
4.800000000000000000e+01 -7.922432133159377088e+01
4.847999999999999687e+01 -7.907311481912091722e+01
4.896000000000000085e+01 -7.920346450173252606e+01
4.943999999999999773e+01 -7.914769978472266132e+01
4.992000000000000171e+01 -7.898361178259268911e+01
5.039999999999999858e+01 -7.945903312579604005e+01
5.087999999999999545e+01 -7.930839646891212169e+01
5.135999999999999943e+01 -7.924152502423608269e+01
5.183999999999999631e+01 -7.951380696525502856e+01
5.232000000000000028e+01 -7.971164479502959921e+01
5.279999999999999716e+01 -7.956357943070445060e+01
5.328000000000000114e+01 -7.945112924221481876e+01
5.375999999999999801e+01 -7.963422272007744596e+01
5.423999999999999488e+01 -7.962467888982911290e+01
5.471999999999999886e+01 -7.975600061795715590e+01
5.519999999999999574e+01 -7.991591297574518649e+01
5.567999999999999972e+01 -7.998432493594252435e+01
5.615999999999999659e+01 -7.977778122279664785e+01
5.664000000000000057e+01 -8.000681610259391618e+01
5.711999999999999744e+01 -8.034906534966242475e+01
5.759999999999999432e+01 -8.029221142986017412e+01
5.807999999999999829e+01 -8.043902826665915029e+01
5.855999999999999517e+01 -8.058542397140691094e+01
5.903999999999999915e+01 -8.041538635876918306e+01
5.951999999999999602e+01 -8.061927149988105157e+01
6.000000000000000000e+01 -8.063943768957570057e+01
6.047999999999999687e+01 -8.039191761320901719e+01
6.096000000000000085e+01 -8.052170340890373268e+01
6.143999999999999773e+01 -8.093698914980680570e+01
6.191999999999999460e+01 -8.111124969400351858e+01
6.239999999999999858e+01 -8.089294035601071187e+01
6.287999999999999545e+01 -8.105273387125834006e+01
6.335999999999999943e+01 -8.139402249598583694e+01
6.383999999999999631e+01 -8.119895055605253731e+01
6.431999999999999318e+01 -8.086047728928502920e+01
6.479999999999999716e+01 -8.090821019338176256e+01
6.528000000000000114e+01 -8.130567246557063754e+01
6.575999999999999091e+01 -8.165406947522383518e+01
6.623999999999999488e+01 -8.152710152390983467e+01
6.671999999999999886e+01 -8.175558963922726718e+01
6.720000000000000284e+01 -8.215502661729276213e+01
6.767999999999999261e+01 -8.210878052414525996e+01
6.815999999999999659e+01 -8.184715209456544471e+01
6.864000000000000057e+01 -8.203834056012846077e+01
6.912000000000000455e+01 -8.226309756271012930e+01
6.959999999999999432e+01 -8.227951812420444355e+01
7.007999999999999829e+01 -8.221768623994462644e+01
7.056000000000000227e+01 -8.221251978269647509e+01
7.103999999999999204e+01 -8.216948815141978457e+01
7.151999999999999602e+01 -8.209169992040644104e+01
7.200000000000000000e+01 -8.214972010447814910e+01
7.248000000000000398e+01 -8.229325415043611258e+01
7.295999999999999375e+01 -8.246504008317209866e+01
7.343999999999999773e+01 -8.268363502502242568e+01
7.392000000000000171e+01 -8.265404461096230193e+01
7.439999999999999147e+01 -8.280504595924470834e+01
7.487999999999999545e+01 -8.293749392159463696e+01
7.535999999999999943e+01 -8.310406845923517949e+01
7.584000000000000341e+01 -8.311428591863297299e+01
7.631999999999999318e+01 -8.284284397257118826e+01
7.679999999999999716e+01 -8.282979677107006466e+01
7.728000000000000114e+01 -8.325376542058992868e+01
7.775999999999999091e+01 -8.351666152085982731e+01
7.823999999999999488e+01 -8.321372315331504410e+01
7.871999999999999886e+01 -8.312483726840349618e+01
7.920000000000000284e+01 -8.347807815435072598e+01
7.967999999999999261e+01 -8.366161229362107576e+01
8.015999999999999659e+01 -8.370211615742461220e+01
8.064000000000000057e+01 -8.389364792078730204e+01
8.111999999999999034e+01 -8.383390871554071566e+01
8.159999999999999432e+01 -8.352891869431248040e+01
8.207999999999999829e+01 -8.389180504535674743e+01
8.256000000000000227e+01 -8.391978734913529081e+01
8.303999999999999204e+01 -8.372780723825174221e+01
8.351999999999999602e+01 -8.392977192728088198e+01
8.400000000000000000e+01 -8.444981983719559082e+01
8.447999999999998977e+01 -8.462487572674895375e+01
8.495999999999999375e+01 -8.431795809478924753e+01
8.543999999999999773e+01 -8.424582762170479100e+01
8.592000000000000171e+01 -8.439491239810445222e+01
8.639999999999999147e+01 -8.467968551677435585e+01
8.687999999999999545e+01 -8.481834391852814292e+01
8.735999999999999943e+01 -8.452082468405711779e+01
8.784000000000000341e+01 -8.434164430288134895e+01
8.831999999999999318e+01 -8.439942666349651290e+01
8.879999999999999716e+01 -8.445729491688403812e+01
8.928000000000000114e+01 -8.457164920754047444e+01
8.975999999999999091e+01 -8.474503836422478287e+01
9.023999999999999488e+01 -8.488615937240120957e+01
9.071999999999999886e+01 -8.497511754809264062e+01
9.120000000000000284e+01 -8.493589975003470727e+01
9.167999999999999261e+01 -8.505325395718352866e+01
9.215999999999999659e+01 -8.514214939948728045e+01
9.264000000000000057e+01 -8.531059711552617841e+01
9.311999999999999034e+01 -8.533065343005959846e+01
9.359999999999999432e+01 -8.537812877213171703e+01
9.407999999999999829e+01 -8.548434931497030220e+01
9.456000000000000227e+01 -8.530678421463031214e+01
9.503999999999999204e+01 -8.517762446129387399e+01
9.551999999999999602e+01 -8.556280318969116649e+01
9.600000000000000000e+01 -8.561800154464982882e+01
9.647999999999998977e+01 -8.574256518984856257e+01
9.695999999999999375e+01 -8.582682595071807441e+01
9.743999999999999773e+01 -8.557417171977115800e+01
9.792000000000000171e+01 -8.564512583760676989e+01
9.839999999999999147e+01 -8.580057592630402041e+01
9.887999999999999545e+01 -8.592529414236777541e+01
9.935999999999999943e+01 -8.597447218390449564e+01
9.984000000000000341e+01 -8.614547814995405872e+01
1.003199999999999932e+02 -8.621944060699830459e+01
1.007999999999999972e+02 -8.616157935427833081e+01
1.012800000000000011e+02 -8.625766726571767151e+01
1.017599999999999909e+02 -8.672339576089227364e+01
1.022399999999999949e+02 -8.687530353161002949e+01
1.027199999999999989e+02 -8.717417255435037760e+01
1.032000000000000028e+02 -8.774810710807378200e+01
1.036799999999999926e+02 -8.852729956147534551e+01
1.041599999999999966e+02 -8.887900492529090002e+01
1.046400000000000006e+02 -8.908186481032858239e+01
1.051199999999999903e+02 -8.956267614229487606e+01
1.055999999999999943e+02 -8.984126650148341753e+01
1.060799999999999983e+02 -9.054756696750530409e+01
1.065600000000000023e+02 -9.168486056999277878e+01
1.070399999999999920e+02 -9.240307403707008405e+01
1.075199999999999960e+02 -9.316238169900017851e+01
1.080000000000000000e+02 -9.402091218751779422e+01
1.084799999999999898e+02 -9.481100925956943115e+01
1.089599999999999937e+02 -9.546704826696333157e+01
1.094399999999999977e+02 -9.645430546344309164e+01
1.099200000000000017e+02 -9.713944086506911901e+01
1.103999999999999915e+02 -9.764584273391585612e+01
1.108799999999999955e+02 -9.784289810231818763e+01
1.113599999999999994e+02 -9.781801623604880547e+01
1.118399999999999892e+02 -9.803677912375489711e+01
1.123199999999999932e+02 -9.834774636259105307e+01
1.127999999999999972e+02 -9.848826976443666581e+01
1.132800000000000011e+02 -9.828924237796226748e+01
1.137599999999999909e+02 -9.831444955272104380e+01
1.142399999999999949e+02 -9.831876873373788328e+01
1.147199999999999989e+02 -9.839159371172340229e+01
1.151999999999999886e+02 -9.857530277970410282e+01
1.156799999999999926e+02 -9.869977982618374313e+01
1.161599999999999966e+02 -9.867942014361575787e+01
1.166400000000000006e+02 -9.892490867446031189e+01
1.171199999999999903e+02 -9.908930568975220865e+01
1.175999999999999943e+02 -9.874593635470951369e+01
1.180799999999999983e+02 -9.887606480230934380e+01
1.185600000000000023e+02 -9.917828213555459627e+01
1.190399999999999920e+02 -9.903184223392747754e+01
1.195199999999999960e+02 -9.889238115494087822e+01
1.200000000000000000e+02 -9.897716237093266045e+01
1.204799999999999898e+02 -9.880310197181763954e+01
1.209599999999999937e+02 -9.868269607935243926e+01
1.214399999999999977e+02 -9.902776710073226241e+01
1.219200000000000017e+02 -9.914191920983589057e+01
1.223999999999999915e+02 -9.776665608951924469e+01
