-1.228799999999999955e+02 -9.838171320131550601e+01
-1.223999999999999915e+02 -9.864979546188200743e+01
-1.219200000000000017e+02 -9.865131417473395459e+01
-1.214399999999999977e+02 -9.845634274153164256e+01
-1.209599999999999937e+02 -9.862223636792424486e+01
-1.204799999999999898e+02 -9.835482634619680198e+01
-1.200000000000000000e+02 -9.831739482301783539e+01
-1.195199999999999960e+02 -9.817063651684023284e+01
-1.190399999999999920e+02 -9.811780298064734041e+01
-1.185600000000000023e+02 -9.780649010933063892e+01
-1.180799999999999983e+02 -9.764450757071645626e+01
-1.175999999999999943e+02 -9.767890376771278227e+01
-1.171199999999999903e+02 -9.763854887230694146e+01
-1.166400000000000006e+02 -9.727407447742345425e+01
-1.161599999999999966e+02 -9.689911028577020602e+01
-1.156799999999999926e+02 -9.693540125172914657e+01
-1.151999999999999886e+02 -9.701402726100964458e+01
-1.147199999999999989e+02 -9.665939722305958526e+01
-1.142399999999999949e+02 -9.662230458977202829e+01
-1.137599999999999909e+02 -9.684764486126027805e+01
-1.132800000000000011e+02 -9.645391809899655300e+01
-1.127999999999999972e+02 -9.640418773148763876e+01
-1.123199999999999932e+02 -9.638232892310432476e+01
-1.118399999999999892e+02 -9.653495198878178485e+01
-1.113599999999999994e+02 -9.644442859475194041e+01
-1.108799999999999955e+02 -9.620744611640475341e+01
-1.103999999999999915e+02 -9.630626149105977163e+01
-1.099200000000000017e+02 -9.611349115273618793e+01
-1.094399999999999977e+02 -9.570021806713234014e+01
-1.089599999999999937e+02 -9.532621176266842156e+01
-1.084799999999999898e+02 -9.491173169932886822e+01
-1.080000000000000000e+02 -9.418146675474373808e+01
-1.075199999999999960e+02 -9.337559561887417203e+01
-1.070399999999999920e+02 -9.233133076577232146e+01
-1.065600000000000023e+02 -9.151271124620336650e+01
-1.060799999999999983e+02 -9.091628663431211521e+01
-1.055999999999999943e+02 -9.028056886519875945e+01
-1.051199999999999903e+02 -8.936268023912177227e+01
-1.046400000000000006e+02 -8.870949179477049995e+01
-1.041599999999999966e+02 -8.818007713032160666e+01
-1.036799999999999926e+02 -8.752017915052255148e+01
-1.032000000000000028e+02 -8.717182539792433715e+01
-1.027199999999999989e+02 -8.717274602444533116e+01
-1.022399999999999949e+02 -8.694080895265413744e+01
-1.017599999999999909e+02 -8.643499876797554293e+01
-1.012800000000000011e+02 -8.631992275550618388e+01
-1.007999999999999972e+02 -8.639609647640546086e+01
-1.003199999999999932e+02 -8.610449420453413438e+01
-9.984000000000000341e+01 -8.589188524608246667e+01
-9.935999999999999943e+01 -8.590900955019154139e+01
-9.887999999999999545e+01 -8.600645167108224598e+01
-9.839999999999999147e+01 -8.568729851259989516e+01
-9.792000000000000171e+01 -8.569352387791494152e+01
-9.743999999999999773e+01 -8.566684218690139119e+01
-9.695999999999999375e+01 -8.559879370029102574e+01
-9.647999999999998977e+01 -8.540732324862518965e+01
-9.600000000000000000e+01 -8.553727029755532385e+01
-9.551999999999999602e+01 -8.548255177960838580e+01
-9.503999999999999204e+01 -8.538811807741382154e+01
-9.456000000000000227e+01 -8.522146748926594739e+01
-9.407999999999999829e+01 -8.477245234794995099e+01
-9.359999999999999432e+01 -8.462580752974997722e+01
-9.311999999999999034e+01 -8.478465435618751656e+01
-9.264000000000000057e+01 -8.465243546022840349e+01
-9.215999999999999659e+01 -8.475583143718664303e+01
-9.167999999999999261e+01 -8.459133662600044090e+01
-9.120000000000000284e+01 -8.442374273506345617e+01
-9.071999999999999886e+01 -8.438290820159848238e+01
-9.023999999999999488e+01 -8.427791608418685598e+01
-8.975999999999999091e+01 -8.443890306934547141e+01
-8.928000000000000114e+01 -8.472868805304172213e+01
-8.879999999999999716e+01 -8.473985666267090267e+01
-8.831999999999999318e+01 -8.438420331668281449e+01
-8.784000000000000341e+01 -8.445051376727903403e+01
-8.735999999999999943e+01 -8.434145839198734507e+01
-8.687999999999999545e+01 -8.412229775642963148e+01
-8.639999999999999147e+01 -8.396462572222331744e+01
-8.592000000000000171e+01 -8.351319013425455751e+01
-8.543999999999999773e+01 -8.323213146807701435e+01
-8.495999999999999375e+01 -8.348768203341784044e+01
-8.447999999999998977e+01 -8.368166592484939770e+01
-8.400000000000000000e+01 -8.338674906304282786e+01
-8.351999999999999602e+01 -8.326273278696960745e+01
-8.303999999999999204e+01 -8.318340800784669398e+01
-8.256000000000000227e+01 -8.284290486788451346e+01
-8.207999999999999829e+01 -8.274424818671806747e+01
-8.159999999999999432e+01 -8.274697865881256575e+01
-8.111999999999999034e+01 -8.272698257653240717e+01
-8.064000000000000057e+01 -8.241771575153398999e+01
-8.015999999999999659e+01 -8.250459475932103715e+01
-7.967999999999999261e+01 -8.246467031703991779e+01
-7.920000000000000284e+01 -8.210816804152480586e+01
-7.871999999999999886e+01 -8.233835302208221663e+01
-7.823999999999999488e+01 -8.238522695716027044e+01
-7.775999999999999091e+01 -8.231004398660196841e+01
-7.728000000000000114e+01 -8.204445483686335194e+01
-7.679999999999999716e+01 -8.193983761815505318e+01
-7.631999999999999318e+01 -8.194970377134622197e+01
-7.584000000000000341e+01 -8.190933168188992397e+01
-7.535999999999999943e+01 -8.163413625288035291e+01
-7.487999999999999545e+01 -8.134733658500501008e+01
-7.439999999999999147e+01 -8.128404553727762050e+01
-7.392000000000000171e+01 -8.112788527059638000e+01
-7.343999999999999773e+01 -8.133109158238453062e+01
-7.295999999999999375e+01 -8.159819432323230615e+01
-7.248000000000000398e+01 -8.158298222401958810e+01
-7.200000000000000000e+01 -8.152517661209357414e+01
-7.151999999999999602e+01 -8.129801643207628103e+01
-7.103999999999999204e+01 -8.122959087431976855e+01
-7.056000000000000227e+01 -8.135726664048428347e+01
-7.007999999999999829e+01 -8.138952460545182532e+01
-6.959999999999999432e+01 -8.116688869713051702e+01
-6.912000000000000455e+01 -8.124324917859148343e+01
-6.864000000000000057e+01 -8.126782843905334630e+01
-6.815999999999999659e+01 -8.118341708747229291e+01
-6.767999999999999261e+01 -8.107831400922096066e+01
-6.720000000000000284e+01 -8.085418345816822239e+01
-6.671999999999999886e+01 -8.076882531603300208e+01
-6.623999999999999488e+01 -8.067931281403174637e+01
-6.575999999999999091e+01 -8.068345320307172130e+01
-6.528000000000000114e+01 -8.055259553770048342e+01
-6.479999999999999716e+01 -8.067195390580249637e+01
-6.431999999999999318e+01 -8.066523830919575744e+01
-6.383999999999999631e+01 -8.049457981333364387e+01
-6.335999999999999943e+01 -8.052146802474176468e+01
-6.287999999999999545e+01 -8.053638949618807885e+01
-6.239999999999999858e+01 -8.054106973569047057e+01
-6.191999999999999460e+01 -8.045139190885285529e+01
-6.143999999999999773e+01 -8.000839403531371374e+01
-6.096000000000000085e+01 -7.990919655900478347e+01
-6.047999999999999687e+01 -8.010612697583172803e+01
-6.000000000000000000e+01 -8.003895505561115442e+01
-5.951999999999999602e+01 -7.977237837293517941e+01
-5.903999999999999915e+01 -8.006775317815252890e+01
-5.855999999999999517e+01 -7.998241146010938962e+01
-5.807999999999999829e+01 -7.981879118400047446e+01
-5.759999999999999432e+01 -7.967406959732809923e+01
-5.711999999999999744e+01 -7.968259747942423132e+01
-5.664000000000000057e+01 -7.971323327607746023e+01
-5.615999999999999659e+01 -7.975515295511891622e+01
-5.567999999999999972e+01 -7.953692623171828302e+01
-5.519999999999999574e+01 -7.941307819134945589e+01
-5.471999999999999886e+01 -7.936563247812350141e+01
-5.423999999999999488e+01 -7.942113898949655493e+01
-5.375999999999999801e+01 -7.962216764761387822e+01
-5.328000000000000114e+01 -7.943428460549844772e+01
-5.279999999999999716e+01 -7.918977556278971974e+01
-5.232000000000000028e+01 -7.942810754688770203e+01
-5.183999999999999631e+01 -7.918381829657970172e+01
-5.135999999999999943e+01 -7.898157878868059356e+01
-5.087999999999999545e+01 -7.871080083699445140e+01
-5.039999999999999858e+01 -7.866787780082616166e+01
-4.992000000000000171e+01 -7.878925187968255273e+01
-4.943999999999999773e+01 -7.865281192385650400e+01
-4.896000000000000085e+01 -7.873147497403871853e+01
-4.847999999999999687e+01 -7.864105632736547591e+01
-4.800000000000000000e+01 -7.843030888352964780e+01
-4.751999999999999602e+01 -7.833107658603120171e+01
-4.703999999999999915e+01 -7.842067706680981587e+01
-4.655999999999999517e+01 -7.831782155506377308e+01
-4.607999999999999829e+01 -7.821482876683133156e+01
-4.560000000000000142e+01 -7.810394437320425709e+01
-4.511999999999999744e+01 -7.799395134463075863e+01
-4.464000000000000057e+01 -7.814287219355814784e+01
-4.415999999999999659e+01 -7.806342785310835097e+01
-4.367999999999999972e+01 -7.786598360295117516e+01
-4.319999999999999574e+01 -7.777861573897689595e+01
-4.271999999999999886e+01 -7.787213089016970002e+01
-4.223999999999999488e+01 -7.783900670113976616e+01
-4.175999999999999801e+01 -7.777476596150137311e+01
-4.128000000000000114e+01 -7.747082409397005165e+01
-4.079999999999999716e+01 -7.725369297601939422e+01
-4.032000000000000028e+01 -7.744028670274489912e+01
-3.983999999999999631e+01 -7.755005151677885067e+01
-3.935999999999999943e+01 -7.728352637319864016e+01
-3.887999999999999545e+01 -7.700605357604665357e+01
-3.839999999999999858e+01 -7.712508190272157549e+01
-3.792000000000000171e+01 -7.703703795862799097e+01
-3.743999999999999773e+01 -7.656648749062951254e+01
-3.696000000000000085e+01 -7.654630389869190310e+01
-3.647999999999999687e+01 -7.671921994187920291e+01
-3.600000000000000000e+01 -7.659426814021905727e+01
-3.551999999999999602e+01 -7.665358837115002189e+01
-3.503999999999999915e+01 -7.659354556966295036e+01
-3.456000000000000227e+01 -7.668552423978428578e+01
-3.407999999999999829e+01 -7.659481841647411215e+01
-3.360000000000000142e+01 -7.651366167498083826e+01
-3.311999999999999744e+01 -7.633389248637324442e+01
-3.264000000000000057e+01 -7.601215736949438906e+01
-3.215999999999999659e+01 -7.591654502114845116e+01
-3.167999999999999972e+01 -7.577545304052966912e+01
-3.119999999999999929e+01 -7.562890001761198278e+01
-3.071999999999999886e+01 -7.579690941710846630e+01
-3.023999999999999844e+01 -7.579982704554470274e+01
-2.975999999999999801e+01 -7.566774405670597048e+01
-2.927999999999999758e+01 -7.546180733375082639e+01
-2.879999999999999716e+01 -7.518716282665418760e+01
-2.832000000000000028e+01 -7.493193545134050737e+01
-2.783999999999999986e+01 -7.510519839262400410e+01
-2.735999999999999943e+01 -7.534510887922216682e+01
-2.687999999999999901e+01 -7.500193016955549297e+01
-2.639999999999999858e+01 -7.478057799817918294e+01
-2.591999999999999815e+01 -7.453865652959616739e+01
-2.543999999999999773e+01 -7.456773813998199785e+01
-2.496000000000000085e+01 -7.480670624725274820e+01
-2.448000000000000043e+01 -7.441779272613716500e+01
-2.400000000000000000e+01 -7.406986861669123812e+01
-2.351999999999999957e+01 -7.382495281965708500e+01
-2.303999999999999915e+01 -7.388659320493835025e+01
-2.255999999999999872e+01 -7.380593504826229889e+01
-2.207999999999999829e+01 -7.329077464583555468e+01
-2.159999999999999787e+01 -7.303115404647590481e+01
-2.111999999999999744e+01 -7.276016740757665957e+01
-2.064000000000000057e+01 -7.235644518008207626e+01
-2.016000000000000014e+01 -7.223984765409834097e+01
-1.967999999999999972e+01 -7.220382299406330162e+01
-1.919999999999999929e+01 -7.193678103392640821e+01
-1.871999999999999886e+01 -7.124079051557741593e+01
-1.823999999999999844e+01 -7.060199585842519809e+01
-1.775999999999999801e+01 -7.044379524349429289e+01
-1.728000000000000114e+01 -7.025743363916154749e+01
-1.680000000000000071e+01 -6.986787329266388724e+01
-1.632000000000000028e+01 -6.938539754008328941e+01
-1.583999999999999986e+01 -6.904826062788201568e+01
-1.535999999999999943e+01 -6.883716876987703870e+01
-1.487999999999999901e+01 -6.840788881631712570e+01
-1.439999999999999858e+01 -6.805797725717316382e+01
-1.391999999999999993e+01 -6.783663073580198954e+01
-1.343999999999999950e+01 -6.769104178736496635e+01
-1.295999999999999908e+01 -6.718344191545561728e+01
-1.248000000000000043e+01 -6.690926719380087206e+01
-1.200000000000000000e+01 -6.592781568494183375e+01
-1.151999999999999957e+01 -6.418182339922542212e+01
-1.103999999999999915e+01 -6.166747746395656549e+01
-1.055999999999999872e+01 -5.188627808395769136e+01
-1.008000000000000007e+01 -3.409102449257851930e+01
-9.599999999999999645e+00 -2.572874965745350906e+01
-9.119999999999999218e+00 -2.311204699762147285e+01
-8.640000000000000568e+00 -2.289716460967265022e+01
-8.160000000000000142e+00 -2.288185959504546929e+01
-7.679999999999999716e+00 -2.269990752760215713e+01
-7.199999999999999289e+00 -2.259941334060442841e+01
-6.719999999999999751e+00 -2.275060541133353098e+01
-6.240000000000000213e+00 -2.270266774249057562e+01
-5.759999999999999787e+00 -2.254639443953859157e+01
-5.279999999999999361e+00 -2.256580490616782697e+01
-4.799999999999999822e+00 -2.253856766081987573e+01
-4.320000000000000284e+00 -2.274512146697011161e+01
-3.839999999999999858e+00 -2.284475748014791208e+01
-3.359999999999999876e+00 -2.283996536260677246e+01
-2.879999999999999893e+00 -2.284814190119188382e+01
-2.399999999999999911e+00 -2.271664951525629661e+01
-1.919999999999999929e+00 -2.272475440883275866e+01
-1.439999999999999947e+00 -2.271367018839180929e+01
-9.599999999999999645e-01 -2.265153774750244509e+01
-4.799999999999999822e-01 -2.275778922676019889e+01
0.000000000000000000e+00 -2.281658952839432075e+01
4.799999999999999822e-01 -2.261057449221954130e+01
9.599999999999999645e-01 -2.223293679915978061e+01
1.439999999999999947e+00 -2.257466519706769503e+01
1.919999999999999929e+00 -2.292796846244911180e+01
2.399999999999999911e+00 -2.271169390837575008e+01
2.879999999999999893e+00 -2.255355580357701228e+01
3.359999999999999876e+00 -2.239583726311819234e+01
3.839999999999999858e+00 -2.263453649132108225e+01
4.320000000000000284e+00 -2.293789029244629063e+01
4.799999999999999822e+00 -2.287856823175292931e+01
5.279999999999999361e+00 -2.278195199020033357e+01
5.759999999999999787e+00 -2.277721382972480058e+01
6.240000000000000213e+00 -2.286192496211180725e+01
6.719999999999999751e+00 -2.280919169448848649e+01
7.199999999999999289e+00 -2.269403009883173539e+01
7.679999999999999716e+00 -2.290797468944345638e+01
8.160000000000000142e+00 -2.285872348835351886e+01
8.640000000000000568e+00 -2.277323948881286952e+01
9.119999999999999218e+00 -2.310228227963749603e+01
9.599999999999999645e+00 -2.582881142208289660e+01
1.008000000000000007e+01 -3.433048614978979884e+01
1.055999999999999872e+01 -5.209187908082525809e+01
1.103999999999999915e+01 -6.146715454255633659e+01
1.151999999999999957e+01 -6.471260995354374757e+01
1.200000000000000000e+01 -6.669707621070787695e+01
1.248000000000000043e+01 -6.781523176890721061e+01
1.295999999999999908e+01 -6.859742791206056722e+01
1.343999999999999950e+01 -6.888059030863541921e+01
1.391999999999999993e+01 -6.900790870557008816e+01
1.439999999999999858e+01 -6.938498141471924896e+01
1.487999999999999901e+01 -6.995910194370222257e+01
1.535999999999999943e+01 -7.038359164553972391e+01
1.583999999999999986e+01 -7.082998728041221170e+01
1.632000000000000028e+01 -7.090740213795099578e+01
1.680000000000000071e+01 -7.125984166199715730e+01
1.728000000000000114e+01 -7.174174722122008063e+01
1.775999999999999801e+01 -7.202451781554188415e+01
1.823999999999999844e+01 -7.222612628832079906e+01
1.871999999999999886e+01 -7.267865741438741622e+01
1.919999999999999929e+01 -7.312296468677362782e+01
1.967999999999999972e+01 -7.333431505995623922e+01
2.016000000000000014e+01 -7.359939050014558859e+01
2.064000000000000057e+01 -7.364730002700758860e+01
2.111999999999999744e+01 -7.372602331836472445e+01
2.159999999999999787e+01 -7.424963674172397532e+01
2.207999999999999829e+01 -7.461931731010847102e+01
2.255999999999999872e+01 -7.484902321520978319e+01
2.303999999999999915e+01 -7.466886878449854237e+01
2.351999999999999957e+01 -7.502511312701075497e+01
2.400000000000000000e+01 -7.547755705734314802e+01
2.448000000000000043e+01 -7.544154194153225035e+01
2.496000000000000085e+01 -7.563486315619309153e+01
2.543999999999999773e+01 -7.579079898188921049e+01
2.591999999999999815e+01 -7.577753158842926950e+01
2.639999999999999858e+01 -7.579256160242265139e+01
2.687999999999999901e+01 -7.594880128543560716e+01
2.735999999999999943e+01 -7.630884211593540556e+01
2.783999999999999986e+01 -7.672222331199166945e+01
2.832000000000000028e+01 -7.691770005362916152e+01
2.879999999999999716e+01 -7.684823357100277974e+01
2.927999999999999758e+01 -7.695267103095274308e+01
2.975999999999999801e+01 -7.710083556158429019e+01
3.023999999999999844e+01 -7.744634304589582996e+01
3.071999999999999886e+01 -7.748677249139529977e+01
3.119999999999999929e+01 -7.736812793312827807e+01
3.167999999999999972e+01 -7.764110092814182451e+01
3.215999999999999659e+01 -7.780671026768222021e+01
3.264000000000000057e+01 -7.776321044103382008e+01
3.311999999999999744e+01 -7.783825471348524161e+01
3.360000000000000142e+01 -7.775955374880086879e+01
3.407999999999999829e+01 -7.803371990331251595e+01
3.456000000000000227e+01 -7.806184295466978540e+01
3.503999999999999915e+01 -7.812941658757036123e+01
3.551999999999999602e+01 -7.788516710364072537e+01
3.600000000000000000e+01 -7.814302612955104621e+01
3.647999999999999687e+01 -7.840115328964489549e+01
3.696000000000000085e+01 -7.848502019100457971e+01
3.743999999999999773e+01 -7.881559630145561357e+01
3.792000000000000171e+01 -7.883838871842512219e+01
3.839999999999999858e+01 -7.855434580532343602e+01
3.887999999999999545e+01 -7.857090204745739470e+01
3.935999999999999943e+01 -7.880102168656941330e+01
3.983999999999999631e+01 -7.878444170363319188e+01
4.032000000000000028e+01 -7.875713413484898240e+01
4.079999999999999716e+01 -7.909462564961512498e+01
4.128000000000000114e+01 -7.894281525753976325e+01
4.175999999999999801e+01 -7.873578265274869636e+01
4.223999999999999488e+01 -7.873589931624482574e+01
4.271999999999999886e+01 -7.901496121379052795e+01
4.319999999999999574e+01 -7.878947883770254634e+01
4.367999999999999972e+01 -7.888496638630171276e+01
4.415999999999999659e+01 -7.940617383874732127e+01
4.464000000000000057e+01 -7.965661858007084106e+01
4.511999999999999744e+01 -7.931881192056222574e+01
4.560000000000000142e+01 -7.914127383510916047e+01
4.607999999999999829e+01 -7.932652930398488422e+01
4.655999999999999517e+01 -7.968137556186617587e+01
4.703999999999999915e+01 -7.952321084438882792e+01
4.751999999999999602e+01 -7.964354779969588094e+01
4.800000000000000000e+01 -7.995476746391024392e+01
4.847999999999999687e+01 -7.971668104055066806e+01
4.896000000000000085e+01 -7.999865412658616037e+01
4.943999999999999773e+01 -7.986199676921857815e+01
4.992000000000000171e+01 -7.974559517367593742e+01
5.039999999999999858e+01 -8.033534425066673634e+01
5.087999999999999545e+01 -8.035145337919527719e+01
5.135999999999999943e+01 -8.028557382146367161e+01
5.183999999999999631e+01 -8.024138767631781377e+01
5.232000000000000028e+01 -8.030898720377930999e+01
5.279999999999999716e+01 -8.018908113580033614e+01
5.328000000000000114e+01 -8.021570880803103876e+01
5.375999999999999801e+01 -8.046443279266568993e+01
5.423999999999999488e+01 -8.045507260343376288e+01
5.471999999999999886e+01 -8.071488041948784087e+01
5.519999999999999574e+01 -8.074685825979599940e+01
5.567999999999999972e+01 -8.043420275759703486e+01
5.615999999999999659e+01 -8.057145442739447105e+01
5.664000000000000057e+01 -8.092390440196430745e+01
5.711999999999999744e+01 -8.111705687007463439e+01
5.759999999999999432e+01 -8.109424323009275781e+01
5.807999999999999829e+01 -8.101746830087863316e+01
5.855999999999999517e+01 -8.115426612867634049e+01
5.903999999999999915e+01 -8.119391971157128296e+01
5.951999999999999602e+01 -8.092628392061595832e+01
6.000000000000000000e+01 -8.112070800696832862e+01
6.047999999999999687e+01 -8.088071027564822657e+01
6.096000000000000085e+01 -8.077812615998752221e+01
6.143999999999999773e+01 -8.110115116944206193e+01
6.191999999999999460e+01 -8.135212407132179635e+01
6.239999999999999858e+01 -8.100766060361343079e+01
6.287999999999999545e+01 -8.124597112716608649e+01
6.335999999999999943e+01 -8.167588718290879513e+01
6.383999999999999631e+01 -8.161051029528506717e+01
6.431999999999999318e+01 -8.150039343454702134e+01
6.479999999999999716e+01 -8.164596557868229354e+01
6.528000000000000114e+01 -8.169150344542379116e+01
6.575999999999999091e+01 -8.194586702602408934e+01
6.623999999999999488e+01 -8.224999582344862858e+01
6.671999999999999886e+01 -8.210475018518764045e+01
6.720000000000000284e+01 -8.203560873132443021e+01
6.767999999999999261e+01 -8.220296353534658351e+01
6.815999999999999659e+01 -8.213281595388359335e+01
6.864000000000000057e+01 -8.222473579203185068e+01
6.912000000000000455e+01 -8.236930343997090631e+01
6.959999999999999432e+01 -8.241046166388544236e+01
7.007999999999999829e+01 -8.244063594785565385e+01
7.056000000000000227e+01 -8.271935698691358141e+01
7.103999999999999204e+01 -8.281887696423626721e+01
7.151999999999999602e+01 -8.237510539797389697e+01
7.200000000000000000e+01 -8.229713674637699228e+01
7.248000000000000398e+01 -8.276823314993956160e+01
7.295999999999999375e+01 -8.299885150906894182e+01
7.343999999999999773e+01 -8.315035742026937271e+01
7.392000000000000171e+01 -8.302000027159382967e+01
7.439999999999999147e+01 -8.298048676731367834e+01
7.487999999999999545e+01 -8.328079871460333550e+01
7.535999999999999943e+01 -8.365093813940941914e+01
7.584000000000000341e+01 -8.346478486973198585e+01
7.631999999999999318e+01 -8.341973963785409296e+01
7.679999999999999716e+01 -8.345637075088254164e+01
7.728000000000000114e+01 -8.360498022562015308e+01
7.775999999999999091e+01 -8.366608512551911758e+01
7.823999999999999488e+01 -8.340021303203744196e+01
7.871999999999999886e+01 -8.348252491143637144e+01
7.920000000000000284e+01 -8.369409880628283815e+01
7.967999999999999261e+01 -8.370576929762700047e+01
8.015999999999999659e+01 -8.387158724738652893e+01
8.064000000000000057e+01 -8.406743538823502604e+01
8.111999999999999034e+01 -8.410768432031358088e+01
8.159999999999999432e+01 -8.388465341403332332e+01
8.207999999999999829e+01 -8.397743694055358787e+01
8.256000000000000227e+01 -8.413396918244876588e+01
8.303999999999999204e+01 -8.404749291011779633e+01
8.351999999999999602e+01 -8.405505273784596909e+01
8.400000000000000000e+01 -8.432513451288363626e+01
8.447999999999998977e+01 -8.431740056999964850e+01
8.495999999999999375e+01 -8.438292188820689432e+01
8.543999999999999773e+01 -8.433069449343791746e+01
8.592000000000000171e+01 -8.424421584577780209e+01
8.639999999999999147e+01 -8.442414412966422788e+01
8.687999999999999545e+01 -8.462900965387069618e+01
8.735999999999999943e+01 -8.445731931460487374e+01
8.784000000000000341e+01 -8.441428202787750479e+01
8.831999999999999318e+01 -8.478270417165060735e+01
8.879999999999999716e+01 -8.498036649344113869e+01
8.928000000000000114e+01 -8.515367863965357742e+01
8.975999999999999091e+01 -8.506325330344193958e+01
9.023999999999999488e+01 -8.509941111067055886e+01
9.071999999999999886e+01 -8.521871237220113926e+01
9.120000000000000284e+01 -8.518251013906338187e+01
9.167999999999999261e+01 -8.495736304417805229e+01
9.215999999999999659e+01 -8.514886609766801939e+01
9.264000000000000057e+01 -8.525043422173342833e+01
9.311999999999999034e+01 -8.525057146023297605e+01
9.359999999999999432e+01 -8.528750894126983439e+01
9.407999999999999829e+01 -8.562082379844113689e+01
9.456000000000000227e+01 -8.567062494208657597e+01
9.503999999999999204e+01 -8.565141746377494769e+01
9.551999999999999602e+01 -8.542804601854483337e+01
9.600000000000000000e+01 -8.535402542802080461e+01
9.647999999999998977e+01 -8.555462451563982995e+01
9.695999999999999375e+01 -8.568513198585507951e+01
9.743999999999999773e+01 -8.566347632398375822e+01
9.792000000000000171e+01 -8.575577520711037494e+01
9.839999999999999147e+01 -8.570402384795771411e+01
9.887999999999999545e+01 -8.568125129884353441e+01
9.935999999999999943e+01 -8.557266497221181112e+01
9.984000000000000341e+01 -8.552401839147833584e+01
1.003199999999999932e+02 -8.577869699733091124e+01
1.007999999999999972e+02 -8.608630791593307663e+01
1.012800000000000011e+02 -8.635237613724662253e+01
1.017599999999999909e+02 -8.662457858152313861e+01
1.022399999999999949e+02 -8.665449634058032302e+01
1.027199999999999989e+02 -8.684735803569867585e+01
1.032000000000000028e+02 -8.707797337372447544e+01
1.036799999999999926e+02 -8.762658467328351719e+01
1.041599999999999966e+02 -8.840681274389569921e+01
1.046400000000000006e+02 -8.871000946684100086e+01
1.051199999999999903e+02 -8.913278433200267159e+01
1.055999999999999943e+02 -8.972186268880547289e+01
1.060799999999999983e+02 -9.027558213193000825e+01
1.065600000000000023e+02 -9.133968788477119460e+01
1.070399999999999920e+02 -9.225735452477562148e+01
1.075199999999999960e+02 -9.295761552359751079e+01
1.080000000000000000e+02 -9.398652154905369116e+01
1.084799999999999898e+02 -9.502946684844874881e+01
1.089599999999999937e+02 -9.595776882001310071e+01
1.094399999999999977e+02 -9.673655325760883272e+01
1.099200000000000017e+02 -9.721400828498373414e+01
1.103999999999999915e+02 -9.800274252338928704e+01
1.108799999999999955e+02 -9.830141816475045857e+01
1.113599999999999994e+02 -9.808757986420056341e+01
1.118399999999999892e+02 -9.839793289966334555e+01
1.123199999999999932e+02 -9.867853528037338151e+01
1.127999999999999972e+02 -9.878665587617086885e+01
1.132800000000000011e+02 -9.850739771819435475e+01
1.137599999999999909e+02 -9.851452312302069458e+01
1.142399999999999949e+02 -9.839817904781759239e+01
1.147199999999999989e+02 -9.846055385028890328e+01
1.151999999999999886e+02 -9.876334767277435844e+01
1.156799999999999926e+02 -9.882993651790697243e+01
1.161599999999999966e+02 -9.874326401996103186e+01
1.166400000000000006e+02 -9.876990912450133919e+01
1.171199999999999903e+02 -9.876553536231165253e+01
1.175999999999999943e+02 -9.856395749739206735e+01
1.180799999999999983e+02 -9.873009362487564999e+01
1.185600000000000023e+02 -9.896428763772178172e+01
1.190399999999999920e+02 -9.887082628759598890e+01
1.195199999999999960e+02 -9.860364221099102622e+01
1.200000000000000000e+02 -9.865557233579650642e+01
1.204799999999999898e+02 -9.873238942287913744e+01
1.209599999999999937e+02 -9.885412166327519401e+01
1.214399999999999977e+02 -9.882298123552004654e+01
1.219200000000000017e+02 -9.873177384755257435e+01
1.223999999999999915e+02 -9.872158639740723629e+01
