-1.228799999999999892e-01 -7.334010804709372167e+01
-1.223999999999999949e-01 -7.343288916609736816e+01
-1.219199999999999867e-01 -7.358745577296460283e+01
-1.214399999999999924e-01 -7.341376703739757659e+01
-1.209599999999999842e-01 -7.358736248771513999e+01
-1.204799999999999899e-01 -7.320780849623226061e+01
-1.199999999999999956e-01 -7.314373289234809761e+01
-1.195199999999999874e-01 -7.310844085696372474e+01
-1.190399999999999930e-01 -7.309818345463686740e+01
-1.185599999999999848e-01 -7.289380940580088009e+01
-1.180799999999999905e-01 -7.313930504532655164e+01
-1.175999999999999962e-01 -7.291826601366273053e+01
-1.171199999999999880e-01 -7.265062385179953708e+01
-1.166399999999999937e-01 -7.237570923765998998e+01
-1.161599999999999855e-01 -7.229122535072880851e+01
-1.156799999999999912e-01 -7.244326904844660930e+01
-1.151999999999999968e-01 -7.244348174825303488e+01
-1.147199999999999886e-01 -7.209481802401374750e+01
-1.142399999999999943e-01 -7.174715736607501526e+01
-1.137599999999999861e-01 -7.195800479709716058e+01
-1.132799999999999918e-01 -7.186671880752469121e+01
-1.127999999999999836e-01 -7.187537564596247819e+01
-1.123199999999999893e-01 -7.187920004553143372e+01
-1.118399999999999950e-01 -7.175740227314079789e+01
-1.113599999999999868e-01 -7.163300228000437642e+01
-1.108799999999999925e-01 -7.166943755088364298e+01
-1.103999999999999843e-01 -7.161917001566173724e+01
-1.099199999999999899e-01 -7.131672813416750500e+01
-1.094399999999999956e-01 -7.094082190535496579e+01
-1.089599999999999874e-01 -7.041889039161534924e+01
-1.084799999999999931e-01 -6.955493258728759542e+01
-1.079999999999999849e-01 -6.903742346396441576e+01
-1.075199999999999906e-01 -6.835484562174923440e+01
-1.070399999999999963e-01 -6.742084150017730337e+01
-1.065599999999999881e-01 -6.664007557255879988e+01
-1.060799999999999937e-01 -6.602971319731277333e+01
-1.055999999999999855e-01 -6.541451523073207852e+01
-1.051199999999999912e-01 -6.447580684436933041e+01
-1.046399999999999969e-01 -6.374582438072540214e+01
-1.041599999999999887e-01 -6.347112741932179603e+01
-1.036799999999999944e-01 -6.305888098654119744e+01
-1.031999999999999862e-01 -6.230553573726803052e+01
-1.027199999999999919e-01 -6.180921453373991170e+01
-1.022399999999999975e-01 -6.146923830024107360e+01
-1.017599999999999894e-01 -6.140827215950753271e+01
-1.012799999999999950e-01 -6.137408547590246144e+01
-1.007999999999999868e-01 -6.119717751237116943e+01
-1.003199999999999925e-01 -6.093907313400255532e+01
-9.983999999999998431e-02 -6.075610140826747596e+01
-9.935999999999998999e-02 -6.066163461364531173e+01
-9.887999999999999567e-02 -6.049790016163441209e+01
-9.839999999999998748e-02 -6.019515600807537226e+01
-9.791999999999999316e-02 -6.042517897776142632e+01
-9.743999999999998496e-02 -6.048294933012938657e+01
-9.695999999999999064e-02 -6.025268926277377801e+01
-9.647999999999999632e-02 -6.006568649392480808e+01
-9.599999999999998812e-02 -6.009603736711959243e+01
-9.551999999999999380e-02 -5.985311652826418793e+01
-9.503999999999998560e-02 -5.964706424869742563e+01
-9.455999999999999128e-02 -5.973448444544815317e+01
-9.407999999999999696e-02 -5.965081139074018779e+01
-9.359999999999998876e-02 -5.933349233176434723e+01
-9.311999999999999444e-02 -5.925886741748870179e+01
-9.263999999999998625e-02 -5.907878452987930729e+01
-9.215999999999999193e-02 -5.899231882053865661e+01
-9.167999999999999761e-02 -5.894239483067175200e+01
-9.119999999999998941e-02 -5.880060335902940238e+01
-9.071999999999999509e-02 -5.852938825539328604e+01
-9.023999999999998689e-02 -5.834468389204300109e+01
-8.975999999999999257e-02 -5.846759326370271737e+01
-8.927999999999999825e-02 -5.883456811028140976e+01
-8.879999999999999005e-02 -5.892768135668675455e+01
-8.831999999999999573e-02 -5.851608018490033913e+01
-8.783999999999998753e-02 -5.847411246784432848e+01
-8.735999999999999321e-02 -5.846449632996053936e+01
-8.687999999999999889e-02 -5.812011297815652000e+01
-8.639999999999999070e-02 -5.795780866606621373e+01
-8.591999999999999638e-02 -5.772763356473816287e+01
-8.543999999999998818e-02 -5.731149436391379481e+01
-8.495999999999999386e-02 -5.706319285102392058e+01
-8.447999999999999954e-02 -5.705771909158839605e+01
-8.399999999999999134e-02 -5.707591635025997334e+01
-8.351999999999999702e-02 -5.698532653954748639e+01
-8.303999999999998882e-02 -5.691841775920230617e+01
-8.255999999999999450e-02 -5.645367387215569011e+01
-8.207999999999998630e-02 -5.653414733139481996e+01
-8.159999999999999198e-02 -5.678345935450599313e+01
-8.111999999999999766e-02 -5.694474661085708078e+01
-8.063999999999998947e-02 -5.641531527397505386e+01
-8.015999999999999515e-02 -5.629259626869853150e+01
-7.967999999999998695e-02 -5.651477198252577949e+01
-7.919999999999999263e-02 -5.620366518581625570e+01
-7.871999999999999831e-02 -5.607493589121374100e+01
-7.823999999999999011e-02 -5.598217205056366197e+01
-7.775999999999999579e-02 -5.606862147336891411e+01
-7.727999999999998759e-02 -5.619659999734543732e+01
-7.679999999999999327e-02 -5.626997743351572723e+01
-7.631999999999999895e-02 -5.618609857262739382e+01
-7.583999999999999075e-02 -5.588903926677956235e+01
-7.535999999999999643e-02 -5.563760074722342353e+01
-7.487999999999998824e-02 -5.578937918186493761e+01
-7.439999999999999392e-02 -5.556460422110023956e+01
-7.391999999999999960e-02 -5.539649000505524157e+01
-7.343999999999999140e-02 -5.572276733904185164e+01
-7.295999999999999708e-02 -5.582095159010874852e+01
-7.247999999999998888e-02 -5.568367913596400598e+01
-7.199999999999999456e-02 -5.541309394008673905e+01
-7.152000000000000024e-02 -5.532142065587607505e+01
-7.103999999999999204e-02 -5.533078241749967674e+01
-7.055999999999999772e-02 -5.561592436149016550e+01
-7.007999999999998952e-02 -5.560042962680249445e+01
-6.959999999999999520e-02 -5.523996180149691071e+01
-6.911999999999998701e-02 -5.529239579092806878e+01
-6.863999999999999269e-02 -5.547223274309999397e+01
-6.815999999999999837e-02 -5.528224118978406665e+01
-6.767999999999999017e-02 -5.518851249024949368e+01
-6.719999999999999585e-02 -5.497127559270708019e+01
-6.671999999999998765e-02 -5.478681090588388258e+01
-6.623999999999999333e-02 -5.473452473532674389e+01
-6.575999999999999901e-02 -5.507888875640258419e+01
-6.527999999999999081e-02 -5.506382476987212016e+01
-6.479999999999999649e-02 -5.489294069694052780e+01
-6.431999999999998829e-02 -5.480583335309344051e+01
-6.383999999999999397e-02 -5.475255615507440154e+01
-6.335999999999999965e-02 -5.477651242586741631e+01
-6.287999999999999146e-02 -5.463966680453033575e+01
-6.239999999999999714e-02 -5.456491679820307183e+01
-6.191999999999999588e-02 -5.460282404554951796e+01
-6.143999999999999462e-02 -5.428346724705108528e+01
-6.095999999999999336e-02 -5.407934470740300981e+01
-6.047999999999999210e-02 -5.416700322899043840e+01
-5.999999999999999778e-02 -5.403609343947620403e+01
-5.951999999999999652e-02 -5.391188901434369996e+01
-5.903999999999999526e-02 -5.406428089070495702e+01
-5.855999999999999400e-02 -5.405278573689125210e+01
-5.807999999999999274e-02 -5.366616163368429682e+01
-5.759999999999999842e-02 -5.343893135026289087e+01
-5.711999999999999716e-02 -5.356688387985946065e+01
-5.663999999999999591e-02 -5.360420311942264249e+01
-5.615999999999999465e-02 -5.346273858689202996e+01
-5.567999999999999339e-02 -5.335454844557462195e+01
-5.519999999999999213e-02 -5.319508462784505554e+01
-5.471999999999999781e-02 -5.290478958689696043e+01
-5.423999999999999655e-02 -5.306847235083355940e+01
-5.375999999999999529e-02 -5.345763437789521788e+01
-5.327999999999999403e-02 -5.327080341097720861e+01
-5.279999999999999277e-02 -5.276305656867008054e+01
-5.231999999999999845e-02 -5.279468101232357924e+01
-5.183999999999999719e-02 -5.285137603908412984e+01
-5.135999999999999593e-02 -5.295193100357617766e+01
-5.087999999999999468e-02 -5.262997247985191507e+01
-5.039999999999999342e-02 -5.242465492686056905e+01
-4.991999999999999216e-02 -5.258677931599844158e+01
-4.943999999999999784e-02 -5.258074089135309492e+01
-4.895999999999999658e-02 -5.270765298903054230e+01
-4.847999999999999532e-02 -5.255500093344639367e+01
-4.799999999999999406e-02 -5.209716299476455958e+01
-4.751999999999999280e-02 -5.208273909931023127e+01
-4.703999999999999848e-02 -5.232025140119210960e+01
-4.655999999999999722e-02 -5.227832583568547875e+01
-4.607999999999999596e-02 -5.184287769675780311e+01
-4.559999999999999470e-02 -5.171788942376998222e+01
-4.511999999999999345e-02 -5.186587838964724995e+01
-4.463999999999999913e-02 -5.210938075213390164e+01
-4.415999999999999787e-02 -5.182217442448448708e+01
-4.367999999999999661e-02 -5.151145962874799977e+01
-4.319999999999999535e-02 -5.138042182856946738e+01
-4.271999999999999409e-02 -5.151714708325865644e+01
-4.223999999999999977e-02 -5.141917503693645131e+01
-4.175999999999999851e-02 -5.124508598078997323e+01
-4.127999999999999725e-02 -5.113312533876759147e+01
-4.079999999999999599e-02 -5.122793317094567556e+01
-4.031999999999999473e-02 -5.139480608681910923e+01
-3.983999999999999347e-02 -5.120089279282726835e+01
-3.935999999999999915e-02 -5.114576646224563916e+01
-3.887999999999999790e-02 -5.102540150271757113e+01
-3.839999999999999664e-02 -5.083046312649020138e+01
-3.791999999999999538e-02 -5.084102068630996740e+01
-3.743999999999999412e-02 -5.048316663179785735e+01
-3.695999999999999980e-02 -5.010238527297863698e+01
-3.647999999999999854e-02 -5.032618489698756292e+01
-3.599999999999999728e-02 -5.043528617077177501e+01
-3.551999999999999602e-02 -5.032291280636308528e+01
-3.503999999999999476e-02 -5.019340637093751667e+01
-3.455999999999999350e-02 -5.022074589376600784e+01
-3.407999999999999918e-02 -5.006777908529989674e+01
-3.359999999999999792e-02 -5.002279155490086282e+01
-3.311999999999999666e-02 -5.004492844126185958e+01
-3.263999999999999541e-02 -4.991312333819558944e+01
-3.215999999999999415e-02 -4.993610065478112148e+01
-3.167999999999999983e-02 -4.979507150498575641e+01
-3.119999999999999857e-02 -4.957231860588301942e+01
-3.071999999999999731e-02 -4.947177118846938271e+01
-3.023999999999999605e-02 -4.940040592677276265e+01
-2.975999999999999826e-02 -4.940454829084071520e+01
-2.927999999999999700e-02 -4.922552195879647741e+01
-2.879999999999999921e-02 -4.889022889126173510e+01
-2.831999999999999795e-02 -4.879533871594042438e+01
-2.783999999999999669e-02 -4.891023842783533127e+01
-2.735999999999999890e-02 -4.917062855395013798e+01
-2.687999999999999765e-02 -4.886170418007191074e+01
-2.639999999999999639e-02 -4.840448481955050397e+01
-2.591999999999999860e-02 -4.822595058328328577e+01
-2.543999999999999734e-02 -4.822724681079079545e+01
-2.495999999999999608e-02 -4.838230511279166990e+01
-2.447999999999999829e-02 -4.830691838353786238e+01
-2.399999999999999703e-02 -4.802526825428622459e+01
-2.351999999999999924e-02 -4.790707198909317555e+01
-2.303999999999999798e-02 -4.790135157628987628e+01
-2.255999999999999672e-02 -4.753113140123847558e+01
-2.207999999999999893e-02 -4.709330082890643610e+01
-2.159999999999999767e-02 -4.711540606380889784e+01
-2.111999999999999988e-02 -4.698105650664363253e+01
-2.063999999999999863e-02 -4.664986765740977859e+01
-2.015999999999999737e-02 -4.652392290785829232e+01
-1.967999999999999958e-02 -4.628566838888958301e+01
-1.919999999999999832e-02 -4.609519795594466984e+01
-1.871999999999999706e-02 -4.560088764554909346e+01
-1.823999999999999927e-02 -4.493297742131716888e+01
-1.775999999999999801e-02 -4.470583333500360368e+01
-1.727999999999999675e-02 -4.456505688757982853e+01
-1.679999999999999896e-02 -4.425714491860223632e+01
-1.631999999999999770e-02 -4.391503423695893105e+01
-1.583999999999999991e-02 -4.356391287325174488e+01
-1.535999999999999865e-02 -4.320956193740482121e+01
-1.487999999999999913e-02 -4.257339727394003148e+01
-1.439999999999999961e-02 -4.215377280138216065e+01
-1.391999999999999835e-02 -4.192277073480718741e+01
-1.343999999999999882e-02 -4.187362242914487354e+01
-1.295999999999999930e-02 -4.147502178881114787e+01
-1.247999999999999804e-02 -4.102545002388146145e+01
-1.199999999999999852e-02 -3.928287074303276682e+01
-1.151999999999999899e-02 -3.638215959006976874e+01
-1.103999999999999947e-02 -3.272484626238777139e+01
-1.055999999999999994e-02 -2.197522840654091070e+01
-1.007999999999999868e-02 -4.057621462541137092e+00
-9.599999999999999159e-03 4.305708278411397139e+00
-9.119999999999999635e-03 6.920838524826916860e+00
-8.639999999999998376e-03 7.135831703059708708e+00
-8.159999999999998851e-03 7.151321591381575971e+00
-7.679999999999999327e-03 7.334191940126919107e+00
-7.199999999999999803e-03 7.436203150435819254e+00
-6.719999999999999411e-03 7.285986751360306712e+00
-6.239999999999999020e-03 7.334263191710715724e+00
-5.759999999999999495e-03 7.491595113983581911e+00
-5.279999999999999971e-03 7.473424422733597972e+00
-4.799999999999999580e-03 7.501701514992805464e+00
-4.319999999999999188e-03 7.294137936494320407e+00
-3.839999999999999664e-03 7.194142780190936115e+00
-3.359999999999999706e-03 7.199866219120347743e+00
-2.879999999999999748e-03 7.191029550229675493e+00
-2.399999999999999790e-03 7.320970551155565609e+00
-1.919999999999999832e-03 7.313924857519431555e+00
-1.439999999999999874e-03 7.322049394736174222e+00
-9.599999999999999159e-04 7.380458407952083633e+00
-4.799999999999999580e-04 7.274132378676695154e+00
0.000000000000000000e+00 7.211157860420206234e+00
4.799999999999999580e-04 7.417108568532453816e+00
9.599999999999999159e-04 7.798950627369084287e+00
1.439999999999999874e-03 7.460888777684065332e+00
1.919999999999999832e-03 7.110684098286961685e+00
2.399999999999999790e-03 7.327140326825216654e+00
2.879999999999999748e-03 7.485928191731561654e+00
3.359999999999999706e-03 7.644993132169808803e+00
3.839999999999999664e-03 7.406934772506855502e+00
4.319999999999999188e-03 7.103825200739942503e+00
4.799999999999999580e-03 7.161867267528637448e+00
5.279999999999999971e-03 7.256768351698851482e+00
5.759999999999999495e-03 7.260249196278611095e+00
6.239999999999999020e-03 7.174624228109850677e+00
6.719999999999999411e-03 7.227503299330331643e+00
7.199999999999999803e-03 7.341457130376422668e+00
7.679999999999999327e-03 7.126478290037217889e+00
8.159999999999998851e-03 7.175852584371566145e+00
8.639999999999998376e-03 7.261956159130479094e+00
9.119999999999999635e-03 6.933170179528183041e+00
9.599999999999999159e-03 4.205691610869097374e+00
1.007999999999999868e-02 -4.298543676902886190e+00
1.055999999999999994e-02 -2.211811300103284594e+01
1.103999999999999947e-02 -3.206084893678944070e+01
1.151999999999999899e-02 -3.620736610133033651e+01
1.199999999999999852e-02 -3.921117064623445003e+01
1.247999999999999804e-02 -4.109733853854155683e+01
1.295999999999999930e-02 -4.228828277328378249e+01
1.343999999999999882e-02 -4.285866712888193319e+01
1.391999999999999835e-02 -4.296638649732335580e+01
1.439999999999999961e-02 -4.331028926058505135e+01
1.487999999999999913e-02 -4.381720836280315723e+01
1.535999999999999865e-02 -4.423137123383733638e+01
1.583999999999999991e-02 -4.459518989635996178e+01
1.631999999999999770e-02 -4.488412918489143522e+01
1.679999999999999896e-02 -4.552904203192994714e+01
1.727999999999999675e-02 -4.597124412996197407e+01
1.775999999999999801e-02 -4.623290755686343800e+01
1.823999999999999927e-02 -4.647815854197807539e+01
1.871999999999999706e-02 -4.685042592410272988e+01
1.919999999999999832e-02 -4.737081465469017161e+01
1.967999999999999958e-02 -4.778544267682722335e+01
2.015999999999999737e-02 -4.813087827027217713e+01
2.063999999999999863e-02 -4.811420319532653878e+01
2.111999999999999988e-02 -4.807075554362982217e+01
2.159999999999999767e-02 -4.829146400663459815e+01
2.207999999999999893e-02 -4.858168151127990342e+01
2.255999999999999672e-02 -4.888999556004171154e+01
2.303999999999999798e-02 -4.871900650678419709e+01
2.351999999999999924e-02 -4.889330525994146370e+01
2.399999999999999703e-02 -4.913759028766688175e+01
2.447999999999999829e-02 -4.918457470132926801e+01
2.495999999999999608e-02 -4.959919682319500112e+01
2.543999999999999734e-02 -4.974064940487807718e+01
2.591999999999999860e-02 -4.970115774000524311e+01
2.639999999999999639e-02 -4.980121674619400096e+01
2.687999999999999765e-02 -5.012300597111399014e+01
2.735999999999999890e-02 -5.033495781458011464e+01
2.783999999999999669e-02 -5.055956650343318870e+01
2.831999999999999795e-02 -5.069201395961662371e+01
2.879999999999999921e-02 -5.069616201104032172e+01
2.927999999999999700e-02 -5.087339197636132582e+01
2.975999999999999826e-02 -5.071702773153838706e+01
3.023999999999999605e-02 -5.085887363985305853e+01
3.071999999999999731e-02 -5.141574012771958024e+01
3.119999999999999857e-02 -5.131110279027665655e+01
3.167999999999999983e-02 -5.118333781403859462e+01
3.215999999999999415e-02 -5.117339057662977098e+01
3.263999999999999541e-02 -5.138976866760759776e+01
3.311999999999999666e-02 -5.168493204388064299e+01
3.359999999999999792e-02 -5.174084590854963750e+01
3.407999999999999918e-02 -5.195302119419748976e+01
3.455999999999999350e-02 -5.205699320630573368e+01
3.503999999999999476e-02 -5.206244084654903759e+01
3.551999999999999602e-02 -5.175212566461133434e+01
3.599999999999999728e-02 -5.204212471572689935e+01
3.647999999999999854e-02 -5.227783447147401574e+01
3.695999999999999980e-02 -5.239106588272963450e+01
3.743999999999999412e-02 -5.276709060134572837e+01
3.791999999999999538e-02 -5.273720283504055573e+01
3.839999999999999664e-02 -5.254245663118038578e+01
3.887999999999999790e-02 -5.254492922777943420e+01
3.935999999999999915e-02 -5.258822382405374185e+01
3.983999999999999347e-02 -5.281123826730681969e+01
4.031999999999999473e-02 -5.301186701346477292e+01
4.079999999999999599e-02 -5.317973765942177522e+01
4.127999999999999725e-02 -5.332188053203418576e+01
4.175999999999999851e-02 -5.316360883242224844e+01
4.223999999999999977e-02 -5.300253797644248266e+01
4.271999999999999409e-02 -5.314737578176946897e+01
4.319999999999999535e-02 -5.311395074018739138e+01
4.367999999999999661e-02 -5.326979410808512938e+01
4.415999999999999787e-02 -5.370936539222576300e+01
4.463999999999999913e-02 -5.370737680753141774e+01
4.511999999999999345e-02 -5.354334959127417903e+01
4.559999999999999470e-02 -5.348804038266554528e+01
4.607999999999999596e-02 -5.373333667104671463e+01
4.655999999999999722e-02 -5.405640996836894629e+01
4.703999999999999848e-02 -5.395691161362363175e+01
4.751999999999999280e-02 -5.410696359380719400e+01
4.799999999999999406e-02 -5.436183346869423616e+01
4.847999999999999532e-02 -5.410508326531590484e+01
4.895999999999999658e-02 -5.427442244200386767e+01
4.943999999999999784e-02 -5.452398020684761093e+01
4.991999999999999216e-02 -5.437131308935710905e+01
5.039999999999999342e-02 -5.485134720501936556e+01
5.087999999999999468e-02 -5.451873615630656644e+01
5.135999999999999593e-02 -5.450733194057673359e+01
5.183999999999999719e-02 -5.475745747317400003e+01
5.231999999999999845e-02 -5.472185133495473508e+01
5.279999999999999277e-02 -5.455337831690924588e+01
5.327999999999999403e-02 -5.452754731513842046e+01
5.375999999999999529e-02 -5.468178357181606231e+01
5.423999999999999655e-02 -5.492445153900786181e+01
5.471999999999999781e-02 -5.511795547956538144e+01
5.519999999999999213e-02 -5.522759231935366131e+01
5.567999999999999339e-02 -5.491788242636648221e+01
5.615999999999999465e-02 -5.491501963430280853e+01
5.663999999999999591e-02 -5.548327330473956920e+01
5.711999999999999716e-02 -5.579895323634759308e+01
5.759999999999999842e-02 -5.571604093202320485e+01
5.807999999999999274e-02 -5.562643188736177535e+01
5.855999999999999400e-02 -5.563338304593911232e+01
5.903999999999999526e-02 -5.545593533941546127e+01
5.951999999999999652e-02 -5.551744928128400147e+01
5.999999999999999778e-02 -5.607248481289930453e+01
6.047999999999999210e-02 -5.577880426180783502e+01
6.095999999999999336e-02 -5.583941583850545243e+01
6.143999999999999462e-02 -5.635319286648855552e+01
6.191999999999999588e-02 -5.629772567104307512e+01
6.239999999999999714e-02 -5.608795166263534071e+01
6.287999999999999146e-02 -5.627257490730416123e+01
6.335999999999999965e-02 -5.658045337452868750e+01
6.383999999999999397e-02 -5.643064882771642488e+01
6.431999999999998829e-02 -5.629714193778487186e+01
6.479999999999999649e-02 -5.659131135316669514e+01
6.527999999999999081e-02 -5.676017477481110518e+01
6.575999999999999901e-02 -5.699559372207531993e+01
6.623999999999999333e-02 -5.732819306688566030e+01
6.671999999999998765e-02 -5.744851692229455864e+01
6.719999999999999585e-02 -5.729033774813600388e+01
6.767999999999999017e-02 -5.722689171185839996e+01
6.815999999999999837e-02 -5.729494370866789410e+01
6.863999999999999269e-02 -5.733025309094379907e+01
6.911999999999998701e-02 -5.737825441389681913e+01
6.959999999999999520e-02 -5.748829002067225957e+01
7.007999999999998952e-02 -5.748968482284963954e+01
7.055999999999999772e-02 -5.763202961964847759e+01
7.103999999999999204e-02 -5.770814116941274108e+01
7.152000000000000024e-02 -5.757513235170394239e+01
7.199999999999999456e-02 -5.737492948655793157e+01
7.247999999999998888e-02 -5.722644330675871061e+01
7.295999999999999708e-02 -5.774747291827883089e+01
7.343999999999999140e-02 -5.794915844904313218e+01
7.391999999999999960e-02 -5.762186517662080831e+01
7.439999999999999392e-02 -5.777068134721503867e+01
7.487999999999998824e-02 -5.806193126911229285e+01
7.535999999999999643e-02 -5.821783496010144177e+01
7.583999999999999075e-02 -5.794432330854642998e+01
7.631999999999999895e-02 -5.795098714423876629e+01
7.679999999999999327e-02 -5.814471676995353988e+01
7.727999999999998759e-02 -5.841094137903078121e+01
7.775999999999999579e-02 -5.837834667103547304e+01
7.823999999999999011e-02 -5.840608253550522022e+01
7.871999999999999831e-02 -5.855612357002036816e+01
7.919999999999999263e-02 -5.857938020983777250e+01
7.967999999999998695e-02 -5.865906089945738699e+01
8.015999999999999515e-02 -5.872348023119806015e+01
8.063999999999998947e-02 -5.863503034756807608e+01
8.111999999999999766e-02 -5.856180501114955206e+01
8.159999999999999198e-02 -5.856395398766122184e+01
8.207999999999998630e-02 -5.885386656862728216e+01
8.255999999999999450e-02 -5.895709739761453250e+01
8.303999999999998882e-02 -5.878153350733082760e+01
8.351999999999999702e-02 -5.898001061578764137e+01
8.399999999999999134e-02 -5.930786315986993884e+01
8.447999999999999954e-02 -5.914870210857393573e+01
8.495999999999999386e-02 -5.901431337666510046e+01
8.543999999999998818e-02 -5.925781378589356763e+01
8.591999999999999638e-02 -5.928760757580483443e+01
8.639999999999999070e-02 -5.954455858014899405e+01
8.687999999999999889e-02 -5.954722085141584387e+01
8.735999999999999321e-02 -5.922809164735602394e+01
8.783999999999998753e-02 -5.928305591915542294e+01
8.831999999999999573e-02 -5.953184969689693418e+01
8.879999999999999005e-02 -5.969310132365531274e+01
8.927999999999999825e-02 -5.975208120320088767e+01
8.975999999999999257e-02 -5.959530351282268157e+01
9.023999999999998689e-02 -5.969592163019339637e+01
9.071999999999999509e-02 -5.999534868563399925e+01
9.119999999999998941e-02 -6.014116833200030499e+01
9.167999999999999761e-02 -6.004689649698489973e+01
9.215999999999999193e-02 -6.005016651818591811e+01
9.263999999999998625e-02 -6.040521296590459599e+01
9.311999999999999444e-02 -6.049554397552378759e+01
9.359999999999998876e-02 -6.040904293953671811e+01
9.407999999999999696e-02 -6.047414702148468280e+01
9.455999999999999128e-02 -6.027636597673684093e+01
9.503999999999998560e-02 -6.035056700936378604e+01
9.551999999999999380e-02 -6.038713544745188955e+01
9.599999999999998812e-02 -6.043230061677660103e+01
9.647999999999999632e-02 -6.063527781892666724e+01
9.695999999999999064e-02 -6.072228586205490330e+01
9.743999999999998496e-02 -6.070998953980603119e+01
9.791999999999999316e-02 -6.098542083764164801e+01
9.839999999999998748e-02 -6.096866157805788333e+01
9.887999999999999567e-02 -6.094021661804276135e+01
9.935999999999998999e-02 -6.100693861497512671e+01
9.983999999999998431e-02 -6.102595407184702481e+01
1.003199999999999925e-01 -6.097660213367190352e+01
1.007999999999999868e-01 -6.119644581923077453e+01
1.012799999999999950e-01 -6.145809434286100981e+01
1.017599999999999894e-01 -6.167458187774723655e+01
1.022399999999999975e-01 -6.199807006050122737e+01
1.027199999999999919e-01 -6.218112098226956164e+01
1.031999999999999862e-01 -6.235950021050516767e+01
1.036799999999999944e-01 -6.275993152130985209e+01
1.041599999999999887e-01 -6.335035691545749614e+01
1.046399999999999969e-01 -6.380737282460462012e+01
1.051199999999999912e-01 -6.444953568942710831e+01
1.055999999999999855e-01 -6.498733032415439936e+01
1.060799999999999937e-01 -6.557035670022442275e+01
1.065599999999999881e-01 -6.647652258969925754e+01
1.070399999999999963e-01 -6.733058891237804744e+01
1.075199999999999906e-01 -6.828498605055588655e+01
1.079999999999999849e-01 -6.939372966407910326e+01
1.084799999999999931e-01 -7.022996459665135660e+01
1.089599999999999874e-01 -7.090591758094819852e+01
1.094399999999999956e-01 -7.169605283001550333e+01
1.099199999999999899e-01 -7.239171412566017239e+01
1.103999999999999843e-01 -7.314222498393753824e+01
1.108799999999999925e-01 -7.351648781631118368e+01
1.113599999999999868e-01 -7.369246743167795444e+01
1.118399999999999950e-01 -7.400794926197903578e+01
1.123199999999999893e-01 -7.395285207270796946e+01
1.127999999999999836e-01 -7.392530486225668085e+01
1.132799999999999918e-01 -7.363025491391644550e+01
1.137599999999999861e-01 -7.363145017119121860e+01
1.142399999999999943e-01 -7.373729490786837459e+01
1.147199999999999886e-01 -7.374012758090977115e+01
1.151999999999999968e-01 -7.366962950622703943e+01
1.156799999999999912e-01 -7.356643966207488461e+01
1.161599999999999855e-01 -7.362066804242100204e+01
1.166399999999999937e-01 -7.379771971696577282e+01
1.171199999999999880e-01 -7.387540029286115839e+01
1.175999999999999962e-01 -7.358750252044342233e+01
1.180799999999999905e-01 -7.353972931267955460e+01
1.185599999999999848e-01 -7.361431588848249419e+01
1.190399999999999930e-01 -7.360177312653850379e+01
1.195199999999999874e-01 -7.374224751003845313e+01
1.199999999999999956e-01 -7.373862328699398461e+01
1.204799999999999899e-01 -7.355472013864439873e+01
1.209599999999999842e-01 -7.342025048727495573e+01
1.214399999999999924e-01 -7.369619932748149438e+01
1.219199999999999867e-01 -7.366520787779607815e+01
1.223999999999999949e-01 -7.354254648835434693e+01
