-1.228799999999999955e+02 -9.837462557262890073e+01
-1.223999999999999915e+02 -9.838504319959542954e+01
-1.219200000000000017e+02 -9.849875620390488962e+01
-1.214399999999999977e+02 -9.838768291202069349e+01
-1.209599999999999937e+02 -9.856939822860525169e+01
-1.204799999999999898e+02 -9.815205936839250001e+01
-1.200000000000000000e+02 -9.808563145731827149e+01
-1.195199999999999960e+02 -9.793620783487283177e+01
-1.190399999999999920e+02 -9.783484662818511879e+01
-1.185600000000000023e+02 -9.758011457371560482e+01
-1.180799999999999983e+02 -9.774183940862243958e+01
-1.175999999999999943e+02 -9.749617643350772767e+01
-1.171199999999999903e+02 -9.722184105076198080e+01
-1.166400000000000006e+02 -9.694501442954543791e+01
-1.161599999999999966e+02 -9.688389469692351952e+01
-1.156799999999999926e+02 -9.709577064079360298e+01
-1.151999999999999886e+02 -9.698186313111088452e+01
-1.147199999999999989e+02 -9.659528409426312123e+01
-1.142399999999999949e+02 -9.633620424641404156e+01
-1.137599999999999909e+02 -9.651464535590356775e+01
-1.132800000000000011e+02 -9.638297481463959571e+01
-1.127999999999999972e+02 -9.643144535196411482e+01
-1.123199999999999932e+02 -9.643117313098521493e+01
-1.118399999999999892e+02 -9.633062325223419009e+01
-1.113599999999999994e+02 -9.625898049267618717e+01
-1.108799999999999955e+02 -9.637573453887547714e+01
-1.103999999999999915e+02 -9.638531896656857612e+01
-1.099200000000000017e+02 -9.619301876373356208e+01
-1.094399999999999977e+02 -9.594441922740625728e+01
-1.089599999999999937e+02 -9.542705274964865225e+01
-1.084799999999999898e+02 -9.465329179771666190e+01
-1.080000000000000000e+02 -9.406676591674049348e+01
-1.075199999999999960e+02 -9.324092211828995858e+01
-1.070399999999999920e+02 -9.240234346522528597e+01
-1.065600000000000023e+02 -9.175820753240542160e+01
-1.060799999999999983e+02 -9.118578229699353699e+01
-1.055999999999999943e+02 -9.052358493786232430e+01
-1.051199999999999903e+02 -8.953302770215168493e+01
-1.046400000000000006e+02 -8.861565916004875021e+01
-1.041599999999999966e+02 -8.834218555071957724e+01
-1.036799999999999926e+02 -8.808320800579124921e+01
-1.032000000000000028e+02 -8.738019365870806610e+01
-1.027199999999999989e+02 -8.687043876795543440e+01
-1.022399999999999949e+02 -8.652984816812710278e+01
-1.017599999999999909e+02 -8.648334691689430542e+01
-1.012800000000000011e+02 -8.644137052958978984e+01
-1.007999999999999972e+02 -8.626379223194095403e+01
-1.003199999999999932e+02 -8.607168933951820122e+01
-9.984000000000000341e+01 -8.605545862598066265e+01
-9.935999999999999943e+01 -8.602517299307380938e+01
-9.887999999999999545e+01 -8.574495567462990664e+01
-9.839999999999999147e+01 -8.547893514271002857e+01
-9.792000000000000171e+01 -8.571546757809757366e+01
-9.743999999999999773e+01 -8.576694979105440098e+01
-9.695999999999999375e+01 -8.568995814502473252e+01
-9.647999999999998977e+01 -8.561111777716172355e+01
-9.600000000000000000e+01 -8.574893925428625607e+01
-9.551999999999999602e+01 -8.550732030656814686e+01
-9.503999999999999204e+01 -8.528815082216669907e+01
-9.456000000000000227e+01 -8.534963261339960638e+01
-9.407999999999999829e+01 -8.509467016637009351e+01
-9.359999999999999432e+01 -8.476800729873689022e+01
-9.311999999999999034e+01 -8.460415101797691761e+01
-9.264000000000000057e+01 -8.439178074972517152e+01
-9.215999999999999659e+01 -8.444446300152344520e+01
-9.167999999999999261e+01 -8.441778994115057344e+01
-9.120000000000000284e+01 -8.430271639529649974e+01
-9.071999999999999886e+01 -8.405373240782660105e+01
-9.023999999999999488e+01 -8.384041642343669309e+01
-8.975999999999999091e+01 -8.392252879513405617e+01
-8.928000000000000114e+01 -8.420867295831575916e+01
-8.879999999999999716e+01 -8.443707661377575846e+01
-8.831999999999999318e+01 -8.399860172087161914e+01
-8.784000000000000341e+01 -8.383632447588850312e+01
-8.735999999999999943e+01 -8.394961145741652331e+01
-8.687999999999999545e+01 -8.365351072607892036e+01
-8.639999999999999147e+01 -8.366373968610297140e+01
-8.592000000000000171e+01 -8.362315009781985964e+01
-8.543999999999999773e+01 -8.338937714893563680e+01
-8.495999999999999375e+01 -8.325720461781645554e+01
-8.447999999999998977e+01 -8.335055685147010252e+01
-8.400000000000000000e+01 -8.314769878303572170e+01
-8.351999999999999602e+01 -8.294302854323069596e+01
-8.303999999999999204e+01 -8.286872471601030554e+01
-8.256000000000000227e+01 -8.248208684395453361e+01
-8.207999999999999829e+01 -8.250795663091446386e+01
-8.159999999999999432e+01 -8.261588899879924952e+01
-8.111999999999999034e+01 -8.272856063847717678e+01
-8.064000000000000057e+01 -8.243540516163540133e+01
-8.015999999999999659e+01 -8.230981107407578179e+01
-7.967999999999999261e+01 -8.242444643101728730e+01
-7.920000000000000284e+01 -8.217407428182367823e+01
-7.871999999999999886e+01 -8.201354884395291833e+01
-7.823999999999999488e+01 -8.204054286561606091e+01
-7.775999999999999091e+01 -8.219511043311804599e+01
-7.728000000000000114e+01 -8.214870719774748409e+01
-7.679999999999999716e+01 -8.213593582413290051e+01
-7.631999999999999318e+01 -8.191630728201982947e+01
-7.584000000000000341e+01 -8.166718646265971415e+01
-7.535999999999999943e+01 -8.138394198838489046e+01
-7.487999999999999545e+01 -8.140724083960856206e+01
-7.439999999999999147e+01 -8.127828555964903501e+01
-7.392000000000000171e+01 -8.112772438451648327e+01
-7.343999999999999773e+01 -8.138151131728054111e+01
-7.295999999999999375e+01 -8.160878287610749737e+01
-7.248000000000000398e+01 -8.149626022534441461e+01
-7.200000000000000000e+01 -8.116273228823457941e+01
-7.151999999999999602e+01 -8.104841887198963946e+01
-7.103999999999999204e+01 -8.104909222255039936e+01
-7.056000000000000227e+01 -8.121568820953964973e+01
-7.007999999999999829e+01 -8.138934656423373326e+01
-6.959999999999999432e+01 -8.116888252950786864e+01
-6.912000000000000455e+01 -8.134885693829723152e+01
-6.864000000000000057e+01 -8.132977264099773151e+01
-6.815999999999999659e+01 -8.107744668826481416e+01
-6.767999999999999261e+01 -8.105598229141008915e+01
-6.720000000000000284e+01 -8.083342147984194526e+01
-6.671999999999999886e+01 -8.064662418176081360e+01
-6.623999999999999488e+01 -8.056530755751936113e+01
-6.575999999999999091e+01 -8.079385990045858534e+01
-6.528000000000000114e+01 -8.062055281500883552e+01
-6.479999999999999716e+01 -8.064105929765665337e+01
-6.431999999999999318e+01 -8.075980109028844822e+01
-6.383999999999999631e+01 -8.064173441696880218e+01
-6.335999999999999943e+01 -8.057805745682470899e+01
-6.287999999999999545e+01 -8.030619560286783098e+01
-6.239999999999999858e+01 -8.008096257013275476e+01
-6.191999999999999460e+01 -8.031489496162632236e+01
-6.143999999999999773e+01 -8.019430239739216404e+01
-6.096000000000000085e+01 -8.003612150575561657e+01
-6.047999999999999687e+01 -8.030363595463343529e+01
-6.000000000000000000e+01 -8.024608264046693762e+01
-5.951999999999999602e+01 -7.980509721850778249e+01
-5.903999999999999915e+01 -8.001398785946973646e+01
-5.855999999999999517e+01 -8.007542126438875130e+01
-5.807999999999999829e+01 -7.967010184293428665e+01
-5.759999999999999432e+01 -7.946820472745640984e+01
-5.711999999999999744e+01 -7.959070072349891234e+01
-5.664000000000000057e+01 -7.975184367049145351e+01
-5.615999999999999659e+01 -7.980629633587723504e+01
-5.567999999999999972e+01 -7.966820512693261946e+01
-5.519999999999999574e+01 -7.966550036961049841e+01
-5.471999999999999886e+01 -7.956929245189633093e+01
-5.423999999999999488e+01 -7.948678088219510585e+01
-5.375999999999999801e+01 -7.978781317225585212e+01
-5.328000000000000114e+01 -7.979562393249747743e+01
-5.279999999999999716e+01 -7.931870747940961053e+01
-5.232000000000000028e+01 -7.949369449112229802e+01
-5.183999999999999631e+01 -7.928790187799202727e+01
-5.135999999999999943e+01 -7.909465422466033147e+01
-5.087999999999999545e+01 -7.890526665207970325e+01
-5.039999999999999858e+01 -7.895766660639642964e+01
-4.992000000000000171e+01 -7.924747837820324037e+01
-4.943999999999999773e+01 -7.897072243573938977e+01
-4.896000000000000085e+01 -7.898076498020108716e+01
-4.847999999999999687e+01 -7.900654391976252100e+01
-4.800000000000000000e+01 -7.878365820323685398e+01
-4.751999999999999602e+01 -7.891550588406295219e+01
-4.703999999999999915e+01 -7.891264806459784609e+01
-4.655999999999999517e+01 -7.885133336690996941e+01
-4.607999999999999829e+01 -7.851388570649925214e+01
-4.560000000000000142e+01 -7.841256147747346006e+01
-4.511999999999999744e+01 -7.849650103039545002e+01
-4.464000000000000057e+01 -7.850115054399817893e+01
-4.415999999999999659e+01 -7.833740030987397063e+01
-4.367999999999999972e+01 -7.821563725838834102e+01
-4.319999999999999574e+01 -7.805237149062982382e+01
-4.271999999999999886e+01 -7.813443287363969603e+01
-4.223999999999999488e+01 -7.809594072848017277e+01
-4.175999999999999801e+01 -7.802327052572238131e+01
-4.128000000000000114e+01 -7.787351484083308151e+01
-4.079999999999999716e+01 -7.776159435431546285e+01
-4.032000000000000028e+01 -7.799214194746043916e+01
-3.983999999999999631e+01 -7.785056896809622629e+01
-3.935999999999999943e+01 -7.759384945805881273e+01
-3.887999999999999545e+01 -7.740351826967989268e+01
-3.839999999999999858e+01 -7.742318095675612710e+01
-3.792000000000000171e+01 -7.739935647591389056e+01
-3.743999999999999773e+01 -7.692860725381692077e+01
-3.696000000000000085e+01 -7.674194819464393902e+01
-3.647999999999999687e+01 -7.686283127193075870e+01
-3.600000000000000000e+01 -7.677897030181580362e+01
-3.551999999999999602e+01 -7.680754140909893124e+01
-3.503999999999999915e+01 -7.669661682672803238e+01
-3.456000000000000227e+01 -7.671933607062784688e+01
-3.407999999999999829e+01 -7.666829405541177778e+01
-3.360000000000000142e+01 -7.665086730298321527e+01
-3.311999999999999744e+01 -7.658010150562861895e+01
-3.264000000000000057e+01 -7.618289353353448234e+01
-3.215999999999999659e+01 -7.605346147667927426e+01
-3.167999999999999972e+01 -7.593167335660038475e+01
-3.119999999999999929e+01 -7.589002938917488450e+01
-3.071999999999999886e+01 -7.596709327164734304e+01
-3.023999999999999844e+01 -7.586789624183924730e+01
-2.975999999999999801e+01 -7.571933173317862042e+01
-2.927999999999999758e+01 -7.547779641899631997e+01
-2.879999999999999716e+01 -7.514559848666787900e+01
-2.832000000000000028e+01 -7.486929403458063348e+01
-2.783999999999999986e+01 -7.516718963302392353e+01
-2.735999999999999943e+01 -7.534302647825779786e+01
-2.687999999999999901e+01 -7.518132137216227306e+01
-2.639999999999999858e+01 -7.508057805229567805e+01
-2.591999999999999815e+01 -7.476633975524831044e+01
-2.543999999999999773e+01 -7.462009541850511596e+01
-2.496000000000000085e+01 -7.463196507526103574e+01
-2.448000000000000043e+01 -7.437328245427889328e+01
-2.400000000000000000e+01 -7.409542881077024390e+01
-2.351999999999999957e+01 -7.376774258378686966e+01
-2.303999999999999915e+01 -7.375702635016611453e+01
-2.255999999999999872e+01 -7.350503855279526988e+01
-2.207999999999999829e+01 -7.298540047157369770e+01
-2.159999999999999787e+01 -7.286375670338561861e+01
-2.111999999999999744e+01 -7.266056476797993469e+01
-2.064000000000000057e+01 -7.227046135494015289e+01
-2.016000000000000014e+01 -7.219823829897168821e+01
-1.967999999999999972e+01 -7.209602468652927598e+01
-1.919999999999999929e+01 -7.182599443639232106e+01
-1.871999999999999886e+01 -7.116765799781087765e+01
-1.823999999999999844e+01 -7.052831486734604027e+01
-1.775999999999999801e+01 -7.033407311318018174e+01
-1.728000000000000114e+01 -7.017281157966893090e+01
-1.680000000000000071e+01 -6.985544118492749988e+01
-1.632000000000000028e+01 -6.929663278208172983e+01
-1.583999999999999986e+01 -6.896180966742471696e+01
-1.535999999999999943e+01 -6.879247425505219837e+01
-1.487999999999999901e+01 -6.836229048442470457e+01
-1.439999999999999858e+01 -6.799273733546544918e+01
-1.391999999999999993e+01 -6.776374432083522947e+01
-1.343999999999999950e+01 -6.764676243765107699e+01
-1.295999999999999908e+01 -6.716668749263513405e+01
-1.248000000000000043e+01 -6.689797839565667914e+01
-1.200000000000000000e+01 -6.584764864441977750e+01
-1.151999999999999957e+01 -6.409418189584221182e+01
-1.103999999999999915e+01 -6.161728111118206641e+01
-1.055999999999999872e+01 -5.187914697529016905e+01
-1.008000000000000007e+01 -3.409129992237972573e+01
-9.599999999999999645e+00 -2.572935033431743435e+01
-9.119999999999999218e+00 -2.311269165097412071e+01
-8.640000000000000568e+00 -2.289760485374776167e+01
-8.160000000000000142e+00 -2.288212449627435774e+01
-7.679999999999999716e+00 -2.270025240888935514e+01
-7.199999999999999289e+00 -2.259953764462496650e+01
-6.719999999999999751e+00 -2.275029147049101397e+01
-6.240000000000000213e+00 -2.270261073863637336e+01
-5.759999999999999787e+00 -2.254647499866806726e+01
-5.279999999999999361e+00 -2.256571144756806291e+01
-4.799999999999999822e+00 -2.253834609255257959e+01
-4.320000000000000284e+00 -2.274482056616485437e+01
-3.839999999999999858e+00 -2.284424237214767928e+01
-3.359999999999999876e+00 -2.283934187490091361e+01
-2.879999999999999893e+00 -2.284829362967485622e+01
-2.399999999999999911e+00 -2.271665105134035301e+01
-1.919999999999999929e+00 -2.272422012689076354e+01
-1.439999999999999947e+00 -2.271314008370971038e+01
-9.599999999999999645e-01 -2.265098533593346986e+01
-4.799999999999999822e-01 -2.275706766244935864e+01
0.000000000000000000e+00 -2.281628302582039680e+01
4.799999999999999822e-01 -2.261052700386192882e+01
9.599999999999999645e-01 -2.223318574720274299e+01
1.439999999999999947e+00 -2.257462960651635342e+01
1.919999999999999929e+00 -2.292764128590501116e+01
2.399999999999999911e+00 -2.271138763114278447e+01
2.879999999999999893e+00 -2.255280472633737432e+01
3.359999999999999876e+00 -2.239465275802974276e+01
3.839999999999999858e+00 -2.263358806249428667e+01
4.320000000000000284e+00 -2.293713169002425900e+01
4.799999999999999822e+00 -2.287780676124391022e+01
5.279999999999999361e+00 -2.278131305735912804e+01
5.759999999999999787e+00 -2.277707476439480772e+01
6.240000000000000213e+00 -2.286137123089899248e+01
6.719999999999999751e+00 -2.280841924252373332e+01
7.199999999999999289e+00 -2.269324706267578051e+01
7.679999999999999716e+00 -2.290723779817938421e+01
8.160000000000000142e+00 -2.285785367890071740e+01
8.640000000000000568e+00 -2.277188440144047377e+01
9.119999999999999218e+00 -2.310072961820313608e+01
9.599999999999999645e+00 -2.582751178255274027e+01
1.008000000000000007e+01 -3.433002796885889296e+01
1.055999999999999872e+01 -5.208665058590192842e+01
1.103999999999999915e+01 -6.145109595202764297e+01
1.151999999999999957e+01 -6.467464846995954986e+01
1.200000000000000000e+01 -6.665559263710959215e+01
1.248000000000000043e+01 -6.774534448961168209e+01
1.295999999999999908e+01 -6.846588158642438771e+01
1.343999999999999950e+01 -6.876113980539918202e+01
1.391999999999999993e+01 -6.891675888803152361e+01
1.439999999999999858e+01 -6.931236144907911978e+01
1.487999999999999901e+01 -6.986005353820310404e+01
1.535999999999999943e+01 -7.030420200068900272e+01
1.583999999999999986e+01 -7.073674412444403004e+01
1.632000000000000028e+01 -7.094906423399567075e+01
1.680000000000000071e+01 -7.125468743090853252e+01
1.728000000000000114e+01 -7.163144019810098939e+01
1.775999999999999801e+01 -7.197550370733543446e+01
1.823999999999999844e+01 -7.218647666067842295e+01
1.871999999999999886e+01 -7.255747074427543453e+01
1.919999999999999929e+01 -7.300010398342328699e+01
1.967999999999999972e+01 -7.333848001557358032e+01
2.016000000000000014e+01 -7.372929347729521510e+01
2.064000000000000057e+01 -7.374537088211401681e+01
2.111999999999999744e+01 -7.386826262333876514e+01
2.159999999999999787e+01 -7.427787243334699951e+01
2.207999999999999829e+01 -7.466211613839294614e+01
2.255999999999999872e+01 -7.490900590478709375e+01
2.303999999999999915e+01 -7.476865135417898500e+01
2.351999999999999957e+01 -7.494983792286873836e+01
2.400000000000000000e+01 -7.536579893190608459e+01
2.448000000000000043e+01 -7.543955832894937430e+01
2.496000000000000085e+01 -7.583412509744194097e+01
2.543999999999999773e+01 -7.607305442440393506e+01
2.591999999999999815e+01 -7.593275972257640660e+01
2.639999999999999858e+01 -7.608496098667085050e+01
2.687999999999999901e+01 -7.630994058279507897e+01
2.735999999999999943e+01 -7.649273927578266807e+01
2.783999999999999986e+01 -7.684886381407864064e+01
2.832000000000000028e+01 -7.701875313456719141e+01
2.879999999999999716e+01 -7.696308320659977653e+01
2.927999999999999758e+01 -7.705828852667232809e+01
2.975999999999999801e+01 -7.723144916915126146e+01
3.023999999999999844e+01 -7.735092224522441029e+01
3.071999999999999886e+01 -7.743390903207060205e+01
3.119999999999999929e+01 -7.746912852182393294e+01
3.167999999999999972e+01 -7.762073152425804778e+01
3.215999999999999659e+01 -7.784799908170769811e+01
3.264000000000000057e+01 -7.788978547446922107e+01
3.311999999999999744e+01 -7.801087659556205267e+01
3.360000000000000142e+01 -7.800978460931825964e+01
3.407999999999999829e+01 -7.831300619208101921e+01
3.456000000000000227e+01 -7.843471389703148589e+01
3.503999999999999915e+01 -7.840944396984370712e+01
3.551999999999999602e+01 -7.818369050745906179e+01
3.600000000000000000e+01 -7.864912815529216061e+01
3.647999999999999687e+01 -7.892834030123208322e+01
3.696000000000000085e+01 -7.891225546371842370e+01
3.743999999999999773e+01 -7.910547311461874642e+01
3.792000000000000171e+01 -7.908549590009511121e+01
3.839999999999999858e+01 -7.885881307008041574e+01
3.887999999999999545e+01 -7.880069823382052618e+01
3.935999999999999943e+01 -7.896923640156900603e+01
3.983999999999999631e+01 -7.911899770322639824e+01
4.032000000000000028e+01 -7.917269085536439377e+01
4.079999999999999716e+01 -7.940808045875756704e+01
4.128000000000000114e+01 -7.935476901894527657e+01
4.175999999999999801e+01 -7.922681186274587617e+01
4.223999999999999488e+01 -7.910035964719156709e+01
4.271999999999999886e+01 -7.918943787788967370e+01
4.319999999999999574e+01 -7.906597616894163139e+01
4.367999999999999972e+01 -7.933913273962974699e+01
4.415999999999999659e+01 -7.969489052300104959e+01
4.464000000000000057e+01 -7.995273327869031732e+01
4.511999999999999744e+01 -7.974208499139211881e+01
4.560000000000000142e+01 -7.952705164161586993e+01
4.607999999999999829e+01 -7.979542958012632425e+01
4.655999999999999517e+01 -8.029215551764961845e+01
4.703999999999999915e+01 -7.992530126619082864e+01
4.751999999999999602e+01 -7.997827070399426930e+01
4.800000000000000000e+01 -8.027558720724817931e+01
4.847999999999999687e+01 -8.023519799295280563e+01
4.896000000000000085e+01 -8.046368885085520617e+01
4.943999999999999773e+01 -8.019526860933495982e+01
4.992000000000000171e+01 -8.001500153910768631e+01
5.039999999999999858e+01 -8.057049027627613214e+01
5.087999999999999545e+01 -8.045322289465927668e+01
5.135999999999999943e+01 -8.040063705563389362e+01
5.183999999999999631e+01 -8.065256712846812093e+01
5.232000000000000028e+01 -8.065538729887195757e+01
5.279999999999999716e+01 -8.041640785305884265e+01
5.328000000000000114e+01 -8.029573587234725096e+01
5.375999999999999801e+01 -8.061969437951287887e+01
5.423999999999999488e+01 -8.075591778376642083e+01
5.471999999999999886e+01 -8.105418458294167294e+01
5.519999999999999574e+01 -8.103290905162830882e+01
5.567999999999999972e+01 -8.059558006131594254e+01
5.615999999999999659e+01 -8.064786256271568732e+01
5.664000000000000057e+01 -8.101115791286056833e+01
5.711999999999999744e+01 -8.121108862537798245e+01
5.759999999999999432e+01 -8.112651328214782609e+01
5.807999999999999829e+01 -8.098243977841961794e+01
5.855999999999999517e+01 -8.112155933907840222e+01
5.903999999999999915e+01 -8.113625651694583496e+01
5.951999999999999602e+01 -8.104275891918264563e+01
6.000000000000000000e+01 -8.159050407772332392e+01
6.047999999999999687e+01 -8.130160584426315040e+01
6.096000000000000085e+01 -8.101885793006472625e+01
6.143999999999999773e+01 -8.153722040241221691e+01
6.191999999999999460e+01 -8.173890249786218476e+01
6.239999999999999858e+01 -8.134488332020211487e+01
6.287999999999999545e+01 -8.138825379324968878e+01
6.335999999999999943e+01 -8.176054505006425188e+01
6.383999999999999631e+01 -8.185565216284756218e+01
6.431999999999999318e+01 -8.174516112809199342e+01
6.479999999999999716e+01 -8.182650399499789273e+01
6.528000000000000114e+01 -8.189733796804975441e+01
6.575999999999999091e+01 -8.215387052846126892e+01
6.623999999999999488e+01 -8.242416525044086484e+01
6.671999999999999886e+01 -8.241518487442419882e+01
6.720000000000000284e+01 -8.233494553282378092e+01
6.767999999999999261e+01 -8.239624941635874222e+01
6.815999999999999659e+01 -8.246174968380799442e+01
6.864000000000000057e+01 -8.249926872987806803e+01
6.912000000000000455e+01 -8.256844201939925654e+01
6.959999999999999432e+01 -8.262301518757880103e+01
7.007999999999999829e+01 -8.263193078011781267e+01
7.056000000000000227e+01 -8.298777818177264010e+01
7.103999999999999204e+01 -8.321371784366328939e+01
7.151999999999999602e+01 -8.278316706347168008e+01
7.200000000000000000e+01 -8.254029197920198158e+01
7.248000000000000398e+01 -8.251721257598018155e+01
7.295999999999999375e+01 -8.300287921355156584e+01
7.343999999999999773e+01 -8.311414084632372123e+01
7.392000000000000171e+01 -8.280142999726145092e+01
7.439999999999999147e+01 -8.306225381874733671e+01
7.487999999999999545e+01 -8.345946540621552856e+01
7.535999999999999943e+01 -8.359430241687567786e+01
7.584000000000000341e+01 -8.320620660140752989e+01
7.631999999999999318e+01 -8.312930581068394531e+01
7.679999999999999716e+01 -8.335904758970839623e+01
7.728000000000000114e+01 -8.366408994669150445e+01
7.775999999999999091e+01 -8.361060771593426466e+01
7.823999999999999488e+01 -8.357457146810325810e+01
7.871999999999999886e+01 -8.379384037196841462e+01
7.920000000000000284e+01 -8.389733005484087869e+01
7.967999999999999261e+01 -8.388104698472190535e+01
8.015999999999999659e+01 -8.394747879391292145e+01
8.064000000000000057e+01 -8.401720375652645600e+01
8.111999999999999034e+01 -8.391889248289632519e+01
8.159999999999999432e+01 -8.388469313384607062e+01
8.207999999999999829e+01 -8.413794288103430574e+01
8.256000000000000227e+01 -8.427269690168357386e+01
8.303999999999999204e+01 -8.402307994489913767e+01
8.351999999999999602e+01 -8.412535942469772010e+01
8.400000000000000000e+01 -8.445385119970202936e+01
8.447999999999998977e+01 -8.436559493063818138e+01
8.495999999999999375e+01 -8.426911059074774357e+01
8.543999999999999773e+01 -8.455946430768797484e+01
8.592000000000000171e+01 -8.451501642686010030e+01
8.639999999999999147e+01 -8.462991577800130472e+01
8.687999999999999545e+01 -8.457340558290252375e+01
8.735999999999999943e+01 -8.440793472162953037e+01
8.784000000000000341e+01 -8.453954819662975240e+01
8.831999999999999318e+01 -8.477141102152526742e+01
8.879999999999999716e+01 -8.479772133762588737e+01
8.928000000000000114e+01 -8.487735950189539835e+01
8.975999999999999091e+01 -8.484885067855232421e+01
9.023999999999999488e+01 -8.489679833815897325e+01
9.071999999999999886e+01 -8.503892309121448534e+01
9.120000000000000284e+01 -8.536599569571777124e+01
9.167999999999999261e+01 -8.531982601542046041e+01
9.215999999999999659e+01 -8.518676207008417123e+01
9.264000000000000057e+01 -8.544359290339194501e+01
9.311999999999999034e+01 -8.548004134554908262e+01
9.359999999999999432e+01 -8.548971419850117570e+01
9.407999999999999829e+01 -8.551509933854794099e+01
9.456000000000000227e+01 -8.531331484014407351e+01
9.503999999999999204e+01 -8.546037406910184586e+01
9.551999999999999602e+01 -8.549007866471642103e+01
9.600000000000000000e+01 -8.548645109179594215e+01
9.647999999999998977e+01 -8.560090011875294636e+01
9.695999999999999375e+01 -8.568311193225552813e+01
9.743999999999999773e+01 -8.570942984513293084e+01
9.792000000000000171e+01 -8.592784293594368705e+01
9.839999999999999147e+01 -8.586532540828849847e+01
9.887999999999999545e+01 -8.582518135322763442e+01
9.935999999999999943e+01 -8.589731038824608333e+01
9.984000000000000341e+01 -8.581107711638989599e+01
1.003199999999999932e+02 -8.572263262918234261e+01
1.007999999999999972e+02 -8.594246720574311382e+01
1.012800000000000011e+02 -8.615527276347627605e+01
1.017599999999999909e+02 -8.644589631154859433e+01
1.022399999999999949e+02 -8.682885157496639295e+01
1.027199999999999989e+02 -8.703872596591396871e+01
1.032000000000000028e+02 -8.722864827322388237e+01
1.036799999999999926e+02 -8.755456761808203225e+01
1.041599999999999966e+02 -8.817030080295099026e+01
1.046400000000000006e+02 -8.867688044220614074e+01
1.051199999999999903e+02 -8.927724038003600526e+01
1.055999999999999943e+02 -8.977532138005850015e+01
1.060799999999999983e+02 -9.039879710652748201e+01
1.065600000000000023e+02 -9.134824331077270188e+01
1.070399999999999920e+02 -9.225188740589030090e+01
1.075199999999999960e+02 -9.318224786205612986e+01
1.080000000000000000e+02 -9.423600679217477705e+01
1.084799999999999898e+02 -9.515662553088964160e+01
1.089599999999999937e+02 -9.592588585368616805e+01
1.094399999999999977e+02 -9.674034456848406194e+01
1.099200000000000017e+02 -9.738994805552152911e+01
1.103999999999999915e+02 -9.818289906021932723e+01
1.108799999999999955e+02 -9.878746430363877096e+01
1.113599999999999994e+02 -9.885221452733226499e+01
1.118399999999999892e+02 -9.903588896781768369e+01
1.123199999999999932e+02 -9.904955355563451747e+01
1.127999999999999972e+02 -9.898907678532742693e+01
1.132800000000000011e+02 -9.867512702955491477e+01
1.137599999999999909e+02 -9.881951760903582738e+01
1.142399999999999949e+02 -9.864869923634152826e+01
1.147199999999999989e+02 -9.856542244521088492e+01
1.151999999999999886e+02 -9.880758430185193220e+01
1.156799999999999926e+02 -9.874665724762934360e+01
1.161599999999999966e+02 -9.858315839644879475e+01
1.166400000000000006e+02 -9.882527967483015630e+01
1.171199999999999903e+02 -9.897416938801956121e+01
1.175999999999999943e+02 -9.865771437865345206e+01
1.180799999999999983e+02 -9.876043484695898655e+01
1.185600000000000023e+02 -9.888151221348771003e+01
1.190399999999999920e+02 -9.887747623494391291e+01
1.195199999999999960e+02 -9.888353736528432592e+01
1.200000000000000000e+02 -9.888971731859440695e+01
1.204799999999999898e+02 -9.874953551314207800e+01
1.209599999999999937e+02 -9.855065319262743628e+01
1.214399999999999977e+02 -9.877143350949701528e+01
1.219200000000000017e+02 -9.875232869258034896e+01
1.223999999999999915e+02 -9.865313049412618795e+01
