-1.228799999999999955e+02 -9.921375192166274815e+01
-1.223999999999999915e+02 -9.957698704025975189e+01
-1.219200000000000017e+02 -9.978742871403566994e+01
-1.214399999999999977e+02 -9.959261800399528397e+01
-1.209599999999999937e+02 -9.982528431679648406e+01
-1.204799999999999898e+02 -9.972123056248807416e+01
-1.200000000000000000e+02 -9.955858167734302810e+01
-1.195199999999999960e+02 -9.980802222036086846e+01
-1.190399999999999920e+02 -9.963163732785973536e+01
-1.185600000000000023e+02 -9.958972731484784902e+01
-1.180799999999999983e+02 -9.960556796293091963e+01
-1.175999999999999943e+02 -9.963204548024171459e+01
-1.171199999999999903e+02 -9.978866360071759800e+01
-1.166400000000000006e+02 -9.958698746828636672e+01
-1.161599999999999966e+02 -9.966555818742541817e+01
-1.156799999999999926e+02 -9.993607727498894633e+01
-1.151999999999999886e+02 -9.993994643044081272e+01
-1.147199999999999989e+02 -9.991836424861051569e+01
-1.142399999999999949e+02 -9.964579371718876644e+01
-1.137599999999999909e+02 -9.952650533925520904e+01
-1.132800000000000011e+02 -9.955855427432504712e+01
-1.127999999999999972e+02 -9.930998262201818250e+01
-1.123199999999999932e+02 -9.896560536000541219e+01
-1.118399999999999892e+02 -9.880612940369901764e+01
-1.113599999999999994e+02 -9.842993907881566429e+01
-1.108799999999999955e+02 -9.787106672658866557e+01
-1.103999999999999915e+02 -9.746702482013535018e+01
-1.099200000000000017e+02 -9.672604722377533903e+01
-1.094399999999999977e+02 -9.595621056209762401e+01
-1.089599999999999937e+02 -9.545531563416930965e+01
-1.084799999999999898e+02 -9.473176218718036523e+01
-1.080000000000000000e+02 -9.364741785562168275e+01
-1.075199999999999960e+02 -9.265543709012776219e+01
-1.070399999999999920e+02 -9.205889197423528003e+01
-1.065600000000000023e+02 -9.152310935851410534e+01
-1.060799999999999983e+02 -9.087193510933433060e+01
-1.055999999999999943e+02 -9.028017424723461204e+01
-1.051199999999999903e+02 -8.943277910170294831e+01
-1.046400000000000006e+02 -8.895579939229614297e+01
-1.041599999999999966e+02 -8.854024201595079546e+01
-1.036799999999999926e+02 -8.808355699945794015e+01
-1.032000000000000028e+02 -8.802610416010701044e+01
-1.027199999999999989e+02 -8.772829928711647085e+01
-1.022399999999999949e+02 -8.740141304993650806e+01
-1.017599999999999909e+02 -8.706480393685058061e+01
-1.012800000000000011e+02 -8.677091164925104749e+01
-1.007999999999999972e+02 -8.664862122438080405e+01
-1.003199999999999932e+02 -8.670778816383943877e+01
-9.984000000000000341e+01 -8.649688245218868587e+01
-9.935999999999999943e+01 -8.629905115907200752e+01
-9.887999999999999545e+01 -8.623103260058135788e+01
-9.839999999999999147e+01 -8.628298931558711615e+01
-9.792000000000000171e+01 -8.629900188821061136e+01
-9.743999999999999773e+01 -8.630637051838441209e+01
-9.695999999999999375e+01 -8.616324254049234810e+01
-9.647999999999998977e+01 -8.619763397632290491e+01
-9.600000000000000000e+01 -8.608261856760927344e+01
-9.551999999999999602e+01 -8.557438969457996336e+01
-9.503999999999999204e+01 -8.548082842077764099e+01
-9.456000000000000227e+01 -8.551568480843906173e+01
-9.407999999999999829e+01 -8.566797346966606597e+01
-9.359999999999999432e+01 -8.576723552706414466e+01
-9.311999999999999034e+01 -8.564959814252677006e+01
-9.264000000000000057e+01 -8.580421816166648341e+01
-9.215999999999999659e+01 -8.566862089909531619e+01
-9.167999999999999261e+01 -8.528565378571505562e+01
-9.120000000000000284e+01 -8.517204321333638006e+01
-9.071999999999999886e+01 -8.533330130034686078e+01
-9.023999999999999488e+01 -8.527197603158903405e+01
-8.975999999999999091e+01 -8.517328048241331828e+01
-8.928000000000000114e+01 -8.497314844051038563e+01
-8.879999999999999716e+01 -8.489287180809456856e+01
-8.831999999999999318e+01 -8.497447253804493528e+01
-8.784000000000000341e+01 -8.515566212020988246e+01
-8.735999999999999943e+01 -8.505628508930175258e+01
-8.687999999999999545e+01 -8.480913604440476661e+01
-8.639999999999999147e+01 -8.473004847948389795e+01
-8.592000000000000171e+01 -8.485465259231520463e+01
-8.543999999999999773e+01 -8.469469917725712094e+01
-8.495999999999999375e+01 -8.444075455192285062e+01
-8.447999999999998977e+01 -8.426930167644052005e+01
-8.400000000000000000e+01 -8.430479746791112916e+01
-8.351999999999999602e+01 -8.432999610560607096e+01
-8.303999999999999204e+01 -8.427720820264377721e+01
-8.256000000000000227e+01 -8.405703874055581082e+01
-8.207999999999999829e+01 -8.383103005669443064e+01
-8.159999999999999432e+01 -8.349286029022090361e+01
-8.111999999999999034e+01 -8.361816887650326180e+01
-8.064000000000000057e+01 -8.375027524256253741e+01
-8.015999999999999659e+01 -8.364843381488594787e+01
-7.967999999999999261e+01 -8.334400941761020931e+01
-7.920000000000000284e+01 -8.313481778287190593e+01
-7.871999999999999886e+01 -8.283943733601964254e+01
-7.823999999999999488e+01 -8.275852305676592380e+01
-7.775999999999999091e+01 -8.294472094280993701e+01
-7.728000000000000114e+01 -8.298037201819286679e+01
-7.679999999999999716e+01 -8.325467431758404757e+01
-7.631999999999999318e+01 -8.300679455331123791e+01
-7.584000000000000341e+01 -8.262914847263334650e+01
-7.535999999999999943e+01 -8.268553248778914622e+01
-7.487999999999999545e+01 -8.269928475144524782e+01
-7.439999999999999147e+01 -8.247889654600813003e+01
-7.392000000000000171e+01 -8.250233802803889205e+01
-7.343999999999999773e+01 -8.251978028685383038e+01
-7.295999999999999375e+01 -8.259675781877314193e+01
-7.248000000000000398e+01 -8.237967979049076916e+01
-7.200000000000000000e+01 -8.241536364112445767e+01
-7.151999999999999602e+01 -8.244538546478364083e+01
-7.103999999999999204e+01 -8.228689818724845395e+01
-7.056000000000000227e+01 -8.207874823249633778e+01
-7.007999999999999829e+01 -8.186958429242224611e+01
-6.959999999999999432e+01 -8.222653743558923622e+01
-6.912000000000000455e+01 -8.231843828973774180e+01
-6.864000000000000057e+01 -8.189423863946436200e+01
-6.815999999999999659e+01 -8.154512059383547751e+01
-6.767999999999999261e+01 -8.135632399625124833e+01
-6.720000000000000284e+01 -8.140684492172589160e+01
-6.671999999999999886e+01 -8.126702974997867557e+01
-6.623999999999999488e+01 -8.136952667504721148e+01
-6.575999999999999091e+01 -8.136796222272687373e+01
-6.528000000000000114e+01 -8.142269152850133196e+01
-6.479999999999999716e+01 -8.122341179540913458e+01
-6.431999999999999318e+01 -8.118119391550662556e+01
-6.383999999999999631e+01 -8.079080410274565338e+01
-6.335999999999999943e+01 -8.055922306674014521e+01
-6.287999999999999545e+01 -8.055799407846453164e+01
-6.239999999999999858e+01 -8.038795261458307095e+01
-6.191999999999999460e+01 -8.005955531128495295e+01
-6.143999999999999773e+01 -7.996394174974130920e+01
-6.096000000000000085e+01 -8.030958356305100665e+01
-6.047999999999999687e+01 -8.034924190898706797e+01
-6.000000000000000000e+01 -8.019260318303653889e+01
-5.951999999999999602e+01 -7.989710323737281783e+01
-5.903999999999999915e+01 -7.979000444978736084e+01
-5.855999999999999517e+01 -7.967461693910667009e+01
-5.807999999999999829e+01 -7.956326422880886184e+01
-5.759999999999999432e+01 -7.934962192048996599e+01
-5.711999999999999744e+01 -7.910082439085161354e+01
-5.664000000000000057e+01 -7.898850298139990400e+01
-5.615999999999999659e+01 -7.881636383038029692e+01
-5.567999999999999972e+01 -7.864713146577562952e+01
-5.519999999999999574e+01 -7.859930809482874281e+01
-5.471999999999999886e+01 -7.842462872441706168e+01
-5.423999999999999488e+01 -7.826741815333548402e+01
-5.375999999999999801e+01 -7.793813007305654139e+01
-5.328000000000000114e+01 -7.773901097945356753e+01
-5.279999999999999716e+01 -7.751470588401467410e+01
-5.232000000000000028e+01 -7.753835513627541332e+01
-5.183999999999999631e+01 -7.753645314384287701e+01
-5.135999999999999943e+01 -7.716397902429298483e+01
-5.087999999999999545e+01 -7.700211738523263705e+01
-5.039999999999999858e+01 -7.699189295196073601e+01
-4.992000000000000171e+01 -7.683928298966633008e+01
-4.943999999999999773e+01 -7.647086215568327816e+01
-4.896000000000000085e+01 -7.657904699649304803e+01
-4.847999999999999687e+01 -7.640045178202792897e+01
-4.800000000000000000e+01 -7.582396417190069826e+01
-4.751999999999999602e+01 -7.553010277253289928e+01
-4.703999999999999915e+01 -7.547568968160238967e+01
-4.655999999999999517e+01 -7.528348823444889604e+01
-4.607999999999999829e+01 -7.523614438865374154e+01
-4.560000000000000142e+01 -7.497692639519591751e+01
-4.511999999999999744e+01 -7.484875098718505626e+01
-4.464000000000000057e+01 -7.484889822792686687e+01
-4.415999999999999659e+01 -7.469678429423386490e+01
-4.367999999999999972e+01 -7.450444865150386420e+01
-4.319999999999999574e+01 -7.439987339427972302e+01
-4.271999999999999886e+01 -7.437513377395586645e+01
-4.223999999999999488e+01 -7.436605901722938938e+01
-4.175999999999999801e+01 -7.428110119509906895e+01
-4.128000000000000114e+01 -7.409695782398695485e+01
-4.079999999999999716e+01 -7.377007683773931035e+01
-4.032000000000000028e+01 -7.353025053114663478e+01
-3.983999999999999631e+01 -7.354648855084737136e+01
-3.935999999999999943e+01 -7.357781582573133505e+01
-3.887999999999999545e+01 -7.336091474102546783e+01
-3.839999999999999858e+01 -7.299231424093694898e+01
-3.792000000000000171e+01 -7.288898556780637250e+01
-3.743999999999999773e+01 -7.307818788643503183e+01
-3.696000000000000085e+01 -7.297244104961244204e+01
-3.647999999999999687e+01 -7.294974489859201583e+01
-3.600000000000000000e+01 -7.282421222097893576e+01
-3.551999999999999602e+01 -7.249078206394787571e+01
-3.503999999999999915e+01 -7.223006726048001269e+01
-3.456000000000000227e+01 -7.211224393212819450e+01
-3.407999999999999829e+01 -7.208628761539210927e+01
-3.360000000000000142e+01 -7.199903259055584215e+01
-3.311999999999999744e+01 -7.189802858213725756e+01
-3.264000000000000057e+01 -7.201242605331755442e+01
-3.215999999999999659e+01 -7.170570979287018076e+01
-3.167999999999999972e+01 -7.163258223194125662e+01
-3.119999999999999929e+01 -7.165730470612386682e+01
-3.071999999999999886e+01 -7.170529340624155168e+01
-3.023999999999999844e+01 -7.167052558241266524e+01
-2.975999999999999801e+01 -7.167787387257934029e+01
-2.927999999999999758e+01 -7.145644012632723729e+01
-2.879999999999999716e+01 -7.108475273670462968e+01
-2.832000000000000028e+01 -7.127985337756609852e+01
-2.783999999999999986e+01 -7.122320935273438636e+01
-2.735999999999999943e+01 -7.102031019080439478e+01
-2.687999999999999901e+01 -7.142898869324496047e+01
-2.639999999999999858e+01 -7.138499064426926566e+01
-2.591999999999999815e+01 -7.116910036700620878e+01
-2.543999999999999773e+01 -7.114156120460346244e+01
-2.496000000000000085e+01 -7.141431361296065461e+01
-2.448000000000000043e+01 -7.134198231080169705e+01
-2.400000000000000000e+01 -7.124895228700873417e+01
-2.351999999999999957e+01 -7.139642080706246929e+01
-2.303999999999999915e+01 -7.133100789051715651e+01
-2.255999999999999872e+01 -7.116593600924250040e+01
-2.207999999999999829e+01 -7.111350812625410356e+01
-2.159999999999999787e+01 -7.100949151167257867e+01
-2.111999999999999744e+01 -7.065590320455120832e+01
-2.064000000000000057e+01 -7.053544466342034980e+01
-2.016000000000000014e+01 -7.077702467247193852e+01
-1.967999999999999972e+01 -7.067036633633694009e+01
-1.919999999999999929e+01 -7.059036671122638040e+01
-1.871999999999999886e+01 -7.069429690615169193e+01
-1.823999999999999844e+01 -7.093656884454112799e+01
-1.775999999999999801e+01 -7.071778812807913539e+01
-1.728000000000000114e+01 -7.045298619476643864e+01
-1.680000000000000071e+01 -7.066467722046284905e+01
-1.632000000000000028e+01 -7.099471222987003216e+01
-1.583999999999999986e+01 -7.048850879798254709e+01
-1.535999999999999943e+01 -7.034156383312227945e+01
-1.487999999999999901e+01 -7.015341402787024094e+01
-1.439999999999999858e+01 -6.969060303428535974e+01
-1.391999999999999993e+01 -6.951179405989415727e+01
-1.343999999999999950e+01 -6.927237830313507061e+01
-1.295999999999999908e+01 -6.912148067187116851e+01
-1.248000000000000043e+01 -6.858371623163657205e+01
-1.200000000000000000e+01 -6.746011155822367300e+01
-1.151999999999999957e+01 -6.545289955975479756e+01
-1.103999999999999915e+01 -6.228575041826733383e+01
-1.055999999999999872e+01 -5.197438633510757455e+01
-1.008000000000000007e+01 -3.409064309915711988e+01
-9.599999999999999645e+00 -2.572360756067148202e+01
-9.119999999999999218e+00 -2.310691740827898855e+01
-8.640000000000000568e+00 -2.289223516050537199e+01
-8.160000000000000142e+00 -2.287680925896573569e+01
-7.679999999999999716e+00 -2.269428551226045343e+01
-7.199999999999999289e+00 -2.259188933342289829e+01
-6.719999999999999751e+00 -2.274289022974227237e+01
-6.240000000000000213e+00 -2.269596973899035675e+01
-5.759999999999999787e+00 -2.254054666048090994e+01
-5.279999999999999361e+00 -2.256028596528844687e+01
-4.799999999999999822e+00 -2.253443314420126597e+01
-4.320000000000000284e+00 -2.274393524092655738e+01
-3.839999999999999858e+00 -2.284201406476647378e+01
-3.359999999999999876e+00 -2.283477167933474306e+01
-2.879999999999999893e+00 -2.284505278062192701e+01
-2.399999999999999911e+00 -2.271476683871119207e+01
-1.919999999999999929e+00 -2.271761015544565865e+01
-1.439999999999999947e+00 -2.270714886878832317e+01
-9.599999999999999645e-01 -2.264870290012462206e+01
-4.799999999999999822e-01 -2.275321644394213649e+01
0.000000000000000000e+00 -2.281429996725298892e+01
4.799999999999999822e-01 -2.260819313686581467e+01
9.599999999999999645e-01 -2.222793098198253148e+01
1.439999999999999947e+00 -2.257001651654097074e+01
1.919999999999999929e+00 -2.292567883832889919e+01
2.399999999999999911e+00 -2.271038605842984026e+01
2.879999999999999893e+00 -2.255261104245990822e+01
3.359999999999999876e+00 -2.239450798017082889e+01
3.839999999999999858e+00 -2.263333632505402093e+01
4.320000000000000284e+00 -2.293648584069961061e+01
4.799999999999999822e+00 -2.287704211855019309e+01
5.279999999999999361e+00 -2.278103817364652173e+01
5.759999999999999787e+00 -2.277753744761543686e+01
6.240000000000000213e+00 -2.286182502611389467e+01
6.719999999999999751e+00 -2.281020538874642867e+01
7.199999999999999289e+00 -2.269731245230730821e+01
7.679999999999999716e+00 -2.291169570300634817e+01
8.160000000000000142e+00 -2.286184324570790594e+01
8.640000000000000568e+00 -2.277725598414079755e+01
9.119999999999999218e+00 -2.310727619115816722e+01
9.599999999999999645e+00 -2.583530975009021802e+01
1.008000000000000007e+01 -3.433654345145165365e+01
1.055999999999999872e+01 -5.208817477558562103e+01
1.103999999999999915e+01 -6.162547626097213538e+01
1.151999999999999957e+01 -6.518001214906831819e+01
1.200000000000000000e+01 -6.756186177953765082e+01
1.248000000000000043e+01 -6.903080496912495789e+01
1.295999999999999908e+01 -6.973408651440340122e+01
1.343999999999999950e+01 -6.984909628861294095e+01
1.391999999999999993e+01 -6.983955605460850791e+01
1.439999999999999858e+01 -6.978581196916314866e+01
1.487999999999999901e+01 -7.010033517882264675e+01
1.535999999999999943e+01 -7.020638989406518249e+01
1.583999999999999986e+01 -7.044275663556989286e+01
1.632000000000000028e+01 -7.057768618423688167e+01
1.680000000000000071e+01 -7.044474096502335669e+01
1.728000000000000114e+01 -7.057620620302299130e+01
1.775999999999999801e+01 -7.081348182071639030e+01
1.823999999999999844e+01 -7.081964277280987119e+01
1.871999999999999886e+01 -7.082533014184926401e+01
1.919999999999999929e+01 -7.071574386216610719e+01
1.967999999999999972e+01 -7.095302701268151679e+01
2.016000000000000014e+01 -7.147806290992940603e+01
2.064000000000000057e+01 -7.133172922469420030e+01
2.111999999999999744e+01 -7.106642730232674410e+01
2.159999999999999787e+01 -7.129368747554983088e+01
2.207999999999999829e+01 -7.162589108056732812e+01
2.255999999999999872e+01 -7.157179588770563328e+01
2.303999999999999915e+01 -7.152123299815769997e+01
2.351999999999999957e+01 -7.167802512023843065e+01
2.400000000000000000e+01 -7.163980982097609740e+01
2.448000000000000043e+01 -7.154375081672088754e+01
2.496000000000000085e+01 -7.151801765714924386e+01
2.543999999999999773e+01 -7.176697407538742368e+01
2.591999999999999815e+01 -7.194987339903097734e+01
2.639999999999999858e+01 -7.191332349144354907e+01
2.687999999999999901e+01 -7.179412404027084449e+01
2.735999999999999943e+01 -7.183794745609426968e+01
2.783999999999999986e+01 -7.229833752339274611e+01
2.832000000000000028e+01 -7.230738809761292885e+01
2.879999999999999716e+01 -7.200369529119296885e+01
2.927999999999999758e+01 -7.185351889835058614e+01
2.975999999999999801e+01 -7.228910859361494090e+01
3.023999999999999844e+01 -7.251266488506482233e+01
3.071999999999999886e+01 -7.269445261479296505e+01
3.119999999999999929e+01 -7.265752775465095681e+01
3.167999999999999972e+01 -7.282354913521929518e+01
3.215999999999999659e+01 -7.281360560914576752e+01
3.264000000000000057e+01 -7.269585424620200342e+01
3.311999999999999744e+01 -7.278365784574178576e+01
3.360000000000000142e+01 -7.324739987387822282e+01
3.407999999999999829e+01 -7.324546841293178545e+01
3.456000000000000227e+01 -7.319628996664677345e+01
3.503999999999999915e+01 -7.362978330292872897e+01
3.551999999999999602e+01 -7.360582901765967279e+01
3.600000000000000000e+01 -7.352243889169270119e+01
3.647999999999999687e+01 -7.347093930670632744e+01
3.696000000000000085e+01 -7.379326735554687389e+01
3.743999999999999773e+01 -7.413533822533747752e+01
3.792000000000000171e+01 -7.428055552891571267e+01
3.839999999999999858e+01 -7.460933304591634396e+01
3.887999999999999545e+01 -7.455870927883700006e+01
3.935999999999999943e+01 -7.474034019228720638e+01
3.983999999999999631e+01 -7.506410796340273350e+01
4.032000000000000028e+01 -7.505748279531007938e+01
4.079999999999999716e+01 -7.540953007558185561e+01
4.128000000000000114e+01 -7.540794601410335929e+01
4.175999999999999801e+01 -7.533765671806970943e+01
4.223999999999999488e+01 -7.540064327172802905e+01
4.271999999999999886e+01 -7.555011762395999142e+01
4.319999999999999574e+01 -7.582903312448483746e+01
4.367999999999999972e+01 -7.577443360921039073e+01
4.415999999999999659e+01 -7.575037418805356992e+01
4.464000000000000057e+01 -7.587353874600403003e+01
4.511999999999999744e+01 -7.595564059282925484e+01
4.560000000000000142e+01 -7.627061231889824455e+01
4.607999999999999829e+01 -7.629209946401672937e+01
4.655999999999999517e+01 -7.670335863237542640e+01
4.703999999999999915e+01 -7.688451573967603281e+01
4.751999999999999602e+01 -7.692371077027266324e+01
4.800000000000000000e+01 -7.700320218682958284e+01
4.847999999999999687e+01 -7.707459156524268451e+01
4.896000000000000085e+01 -7.755522953376156181e+01
4.943999999999999773e+01 -7.776474103046942332e+01
4.992000000000000171e+01 -7.803586977958136117e+01
5.039999999999999858e+01 -7.804908195827961492e+01
5.087999999999999545e+01 -7.778575440960881338e+01
5.135999999999999943e+01 -7.805737953884430169e+01
5.183999999999999631e+01 -7.841540234883993321e+01
5.232000000000000028e+01 -7.843847004230026698e+01
5.279999999999999716e+01 -7.862325024470334256e+01
5.328000000000000114e+01 -7.893652960858079837e+01
5.375999999999999801e+01 -7.900043908135985760e+01
5.423999999999999488e+01 -7.890444222325666601e+01
5.471999999999999886e+01 -7.888992479506273980e+01
5.519999999999999574e+01 -7.903602813035413988e+01
5.567999999999999972e+01 -7.940068945362550323e+01
5.615999999999999659e+01 -7.972009063611226054e+01
5.664000000000000057e+01 -8.003014996549431714e+01
5.711999999999999744e+01 -8.026503232647114316e+01
5.759999999999999432e+01 -8.011950307665560445e+01
5.807999999999999829e+01 -7.998646783022336137e+01
5.855999999999999517e+01 -8.019836883434756203e+01
5.903999999999999915e+01 -8.059864931424218071e+01
5.951999999999999602e+01 -8.081597258577083664e+01
6.000000000000000000e+01 -8.084544070449487663e+01
6.047999999999999687e+01 -8.087679754557166234e+01
6.096000000000000085e+01 -8.082603506164767282e+01
6.143999999999999773e+01 -8.093845551300961461e+01
6.191999999999999460e+01 -8.105476323518163895e+01
6.239999999999999858e+01 -8.133754053975273735e+01
6.287999999999999545e+01 -8.133669953737266667e+01
6.335999999999999943e+01 -8.151657363527885991e+01
6.383999999999999631e+01 -8.178898740505304943e+01
6.431999999999999318e+01 -8.191501819052510314e+01
6.479999999999999716e+01 -8.185811315953868927e+01
6.528000000000000114e+01 -8.213016186462633073e+01
6.575999999999999091e+01 -8.238378506222035469e+01
6.623999999999999488e+01 -8.224587843245430463e+01
6.671999999999999886e+01 -8.221258105601739885e+01
6.720000000000000284e+01 -8.251454722983403656e+01
6.767999999999999261e+01 -8.272331061495589211e+01
6.815999999999999659e+01 -8.269095698370860248e+01
6.864000000000000057e+01 -8.260713113513725148e+01
6.912000000000000455e+01 -8.262583565788776241e+01
6.959999999999999432e+01 -8.254780575016413025e+01
7.007999999999999829e+01 -8.271379927050435299e+01
7.056000000000000227e+01 -8.293032807603836432e+01
7.103999999999999204e+01 -8.321675050659712269e+01
7.151999999999999602e+01 -8.322519560496328950e+01
7.200000000000000000e+01 -8.300534040295215732e+01
7.248000000000000398e+01 -8.323044002249400819e+01
7.295999999999999375e+01 -8.356538068981907941e+01
7.343999999999999773e+01 -8.365467920328869411e+01
7.392000000000000171e+01 -8.366017477153053505e+01
7.439999999999999147e+01 -8.346076719850385928e+01
7.487999999999999545e+01 -8.341518174586707346e+01
7.535999999999999943e+01 -8.371898105012851943e+01
7.584000000000000341e+01 -8.407455004909975571e+01
7.631999999999999318e+01 -8.420706018192488784e+01
7.679999999999999716e+01 -8.438000968048841344e+01
7.728000000000000114e+01 -8.456663965309522268e+01
7.775999999999999091e+01 -8.463416826739398857e+01
7.823999999999999488e+01 -8.452618153055666994e+01
7.871999999999999886e+01 -8.465545334692636459e+01
7.920000000000000284e+01 -8.475490733692029721e+01
7.967999999999999261e+01 -8.487434717915853355e+01
8.015999999999999659e+01 -8.499079461062478913e+01
8.064000000000000057e+01 -8.522508018373031291e+01
8.111999999999999034e+01 -8.504329141553179738e+01
8.159999999999999432e+01 -8.495298092523397315e+01
8.207999999999999829e+01 -8.505876684025960799e+01
8.256000000000000227e+01 -8.528534413986925244e+01
8.303999999999999204e+01 -8.564283735936311359e+01
8.351999999999999602e+01 -8.547949927097442924e+01
8.400000000000000000e+01 -8.524167345592405809e+01
8.447999999999998977e+01 -8.536133683507526371e+01
8.495999999999999375e+01 -8.548768068219202121e+01
8.543999999999999773e+01 -8.570865768155468345e+01
8.592000000000000171e+01 -8.560570083194029678e+01
8.639999999999999147e+01 -8.554036216990738239e+01
8.687999999999999545e+01 -8.589056267041860337e+01
8.735999999999999943e+01 -8.599293444257371277e+01
8.784000000000000341e+01 -8.605820472231874874e+01
8.831999999999999318e+01 -8.606242313852345660e+01
8.879999999999999716e+01 -8.555080866883591284e+01
8.928000000000000114e+01 -8.577426874098249243e+01
8.975999999999999091e+01 -8.625605233690382079e+01
9.023999999999999488e+01 -8.621490240587252174e+01
9.071999999999999886e+01 -8.614878141043325854e+01
9.120000000000000284e+01 -8.622951479105383044e+01
9.167999999999999261e+01 -8.647161855322789847e+01
9.215999999999999659e+01 -8.649965075180780616e+01
9.264000000000000057e+01 -8.633003668446988854e+01
9.311999999999999034e+01 -8.633124536059575860e+01
9.359999999999999432e+01 -8.640468008660478461e+01
9.407999999999999829e+01 -8.649503894783353530e+01
9.456000000000000227e+01 -8.675785659323591403e+01
9.503999999999999204e+01 -8.689112954014964885e+01
9.551999999999999602e+01 -8.685459688799508626e+01
9.600000000000000000e+01 -8.715933359362055910e+01
9.647999999999998977e+01 -8.705753122020361445e+01
9.695999999999999375e+01 -8.692082934489667423e+01
9.743999999999999773e+01 -8.698042122653440344e+01
9.792000000000000171e+01 -8.691529596195221075e+01
9.839999999999999147e+01 -8.697118779749835937e+01
9.887999999999999545e+01 -8.696177694728737606e+01
9.935999999999999943e+01 -8.732234462840088440e+01
9.984000000000000341e+01 -8.774317809559451575e+01
1.003199999999999932e+02 -8.779014206499363127e+01
1.007999999999999972e+02 -8.762523642214057418e+01
1.012800000000000011e+02 -8.754095587886347118e+01
1.017599999999999909e+02 -8.795212599753732263e+01
1.022399999999999949e+02 -8.794554237729259683e+01
1.027199999999999989e+02 -8.809464560300831693e+01
1.032000000000000028e+02 -8.860733436117459405e+01
1.036799999999999926e+02 -8.885274211487322304e+01
1.041599999999999966e+02 -8.902137465888999657e+01
1.046400000000000006e+02 -8.935097167287608499e+01
1.051199999999999903e+02 -8.965798646397584548e+01
1.055999999999999943e+02 -8.921210453092879789e+01
1.060799999999999983e+02 -8.875469257840839532e+01
1.065600000000000023e+02 -9.047599215643842285e+01
1.070399999999999920e+02 -9.190206662825028161e+01
1.075199999999999960e+02 -9.279385252327323030e+01
1.080000000000000000e+02 -9.339017322630411400e+01
1.084799999999999898e+02 -9.413311436007097655e+01
1.089599999999999937e+02 -9.491831482532856512e+01
1.094399999999999977e+02 -9.537647527148078552e+01
1.099200000000000017e+02 -9.581631328024123206e+01
1.103999999999999915e+02 -9.647101800905917912e+01
1.108799999999999955e+02 -9.698289517800409953e+01
1.113599999999999994e+02 -9.751656460616574407e+01
1.118399999999999892e+02 -9.782053867847037054e+01
1.123199999999999932e+02 -9.805525552072596440e+01
1.127999999999999972e+02 -9.804608128783524990e+01
1.132800000000000011e+02 -9.812596578924899404e+01
1.137599999999999909e+02 -9.862423043445670601e+01
1.142399999999999949e+02 -9.874561174123502383e+01
1.147199999999999989e+02 -9.890184716375961216e+01
1.151999999999999886e+02 -9.908796279344556979e+01
1.156799999999999926e+02 -9.864665145494099363e+01
1.161599999999999966e+02 -9.845764284941596145e+01
1.166400000000000006e+02 -9.859618032219323425e+01
1.171199999999999903e+02 -9.875695320863670190e+01
1.175999999999999943e+02 -9.908625918925444864e+01
1.180799999999999983e+02 -9.937773130299791546e+01
1.185600000000000023e+02 -9.936108639518911900e+01
1.190399999999999920e+02 -9.957463239159672241e+01
1.195199999999999960e+02 -9.951711336729349000e+01
1.200000000000000000e+02 -9.931170464414407206e+01
1.204799999999999898e+02 -9.931646964955282897e+01
1.209599999999999937e+02 -9.933235962456393509e+01
1.214399999999999977e+02 -9.933450072059375202e+01
1.219200000000000017e+02 -9.934223629927518573e+01
1.223999999999999915e+02 -9.950420379351908196e+01
