-1.228799999999999955e+02 -9.810670834070742785e+01
-1.223999999999999915e+02 -9.813063207192611515e+01
-1.219200000000000017e+02 -9.815232395923827369e+01
-1.214399999999999977e+02 -9.820364854746895844e+01
-1.209599999999999937e+02 -9.829035880825796312e+01
-1.204799999999999898e+02 -9.779268175402273755e+01
-1.200000000000000000e+02 -9.771415376906411154e+01
-1.195199999999999960e+02 -9.773064798084759275e+01
-1.190399999999999920e+02 -9.755369953388577642e+01
-1.185600000000000023e+02 -9.722090925237326076e+01
-1.180799999999999983e+02 -9.718153318402650598e+01
-1.175999999999999943e+02 -9.712779851811279741e+01
-1.171199999999999903e+02 -9.712800322788820040e+01
-1.166400000000000006e+02 -9.674884624971281255e+01
-1.161599999999999966e+02 -9.638044238737901992e+01
-1.156799999999999926e+02 -9.648131059679036525e+01
-1.151999999999999886e+02 -9.649921307728678244e+01
-1.147199999999999989e+02 -9.614532373797310072e+01
-1.142399999999999949e+02 -9.587702933641301684e+01
-1.137599999999999909e+02 -9.601571215041458629e+01
-1.132800000000000011e+02 -9.587506556481274345e+01
-1.127999999999999972e+02 -9.572803828901965062e+01
-1.123199999999999932e+02 -9.578510320194376959e+01
-1.118399999999999892e+02 -9.605808074493047855e+01
-1.113599999999999994e+02 -9.588083153315594132e+01
-1.108799999999999955e+02 -9.580346057616593214e+01
-1.103999999999999915e+02 -9.582126208380503840e+01
-1.099200000000000017e+02 -9.595174218117728060e+01
-1.094399999999999977e+02 -9.570320266136185694e+01
-1.089599999999999937e+02 -9.512418904978414957e+01
-1.084799999999999898e+02 -9.463163568214645238e+01
-1.080000000000000000e+02 -9.391615648811909978e+01
-1.075199999999999960e+02 -9.327512567179172720e+01
-1.070399999999999920e+02 -9.255339435080678356e+01
-1.065600000000000023e+02 -9.167320633320946399e+01
-1.060799999999999983e+02 -9.090299983998392008e+01
-1.055999999999999943e+02 -9.013857681525470866e+01
-1.051199999999999903e+02 -8.945157100849220910e+01
-1.046400000000000006e+02 -8.890022533182468578e+01
-1.041599999999999966e+02 -8.822909919999298722e+01
-1.036799999999999926e+02 -8.779174053148034318e+01
-1.032000000000000028e+02 -8.759247305316424104e+01
-1.027199999999999989e+02 -8.724785027914008140e+01
-1.022399999999999949e+02 -8.633716352591750365e+01
-1.017599999999999909e+02 -8.600182098636389583e+01
-1.012800000000000011e+02 -8.597777442334444231e+01
-1.007999999999999972e+02 -8.596265019999661661e+01
-1.003199999999999932e+02 -8.598707059121052509e+01
-9.984000000000000341e+01 -8.607475328139452131e+01
-9.935999999999999943e+01 -8.584492266613480638e+01
-9.887999999999999545e+01 -8.560766856982132822e+01
-9.839999999999999147e+01 -8.577695252451135843e+01
-9.792000000000000171e+01 -8.574843743071886593e+01
-9.743999999999999773e+01 -8.555478519745528843e+01
-9.695999999999999375e+01 -8.543722507922848308e+01
-9.647999999999998977e+01 -8.547467586708486920e+01
-9.600000000000000000e+01 -8.547600424165591448e+01
-9.551999999999999602e+01 -8.554049438173706221e+01
-9.503999999999999204e+01 -8.542539073331755617e+01
-9.456000000000000227e+01 -8.537116956362667963e+01
-9.407999999999999829e+01 -8.498154156763072820e+01
-9.359999999999999432e+01 -8.468988519350961042e+01
-9.311999999999999034e+01 -8.442651855552981033e+01
-9.264000000000000057e+01 -8.454382492830447404e+01
-9.215999999999999659e+01 -8.469064093555761019e+01
-9.167999999999999261e+01 -8.431507720375202553e+01
-9.120000000000000284e+01 -8.398117101714393584e+01
-9.071999999999999886e+01 -8.383799439878927728e+01
-9.023999999999999488e+01 -8.357966938852591454e+01
-8.975999999999999091e+01 -8.390775269303949813e+01
-8.928000000000000114e+01 -8.406420723086040425e+01
-8.879999999999999716e+01 -8.417635972454968396e+01
-8.831999999999999318e+01 -8.385331437448648728e+01
-8.784000000000000341e+01 -8.351227284206416357e+01
-8.735999999999999943e+01 -8.363084285223277448e+01
-8.687999999999999545e+01 -8.358206735434505674e+01
-8.639999999999999147e+01 -8.326615590757663199e+01
-8.592000000000000171e+01 -8.306041972234267234e+01
-8.543999999999999773e+01 -8.297103274277647245e+01
-8.495999999999999375e+01 -8.315056093968367179e+01
-8.447999999999998977e+01 -8.328266482020535477e+01
-8.400000000000000000e+01 -8.294167933365157808e+01
-8.351999999999999602e+01 -8.286569655510119503e+01
-8.303999999999999204e+01 -8.283270757044455479e+01
-8.256000000000000227e+01 -8.255605398776810944e+01
-8.207999999999999829e+01 -8.260557411047915366e+01
-8.159999999999999432e+01 -8.265981380921674315e+01
-8.111999999999999034e+01 -8.252132270513914136e+01
-8.064000000000000057e+01 -8.234839931696497217e+01
-8.015999999999999659e+01 -8.254073305653702164e+01
-7.967999999999999261e+01 -8.264369571226693267e+01
-7.920000000000000284e+01 -8.247550880483744606e+01
-7.871999999999999886e+01 -8.231248727017531053e+01
-7.823999999999999488e+01 -8.215189692991798154e+01
-7.775999999999999091e+01 -8.244949506574079123e+01
-7.728000000000000114e+01 -8.238504503459384409e+01
-7.679999999999999716e+01 -8.218549353435450655e+01
-7.631999999999999318e+01 -8.206319068450460463e+01
-7.584000000000000341e+01 -8.213696620699644768e+01
-7.535999999999999943e+01 -8.182086583127345136e+01
-7.487999999999999545e+01 -8.163088098834310813e+01
-7.439999999999999147e+01 -8.144222148470336720e+01
-7.392000000000000171e+01 -8.115118526941196819e+01
-7.343999999999999773e+01 -8.136511444195122067e+01
-7.295999999999999375e+01 -8.155615899802357660e+01
-7.248000000000000398e+01 -8.146808472656175582e+01
-7.200000000000000000e+01 -8.123743219004559535e+01
-7.151999999999999602e+01 -8.098066517397349173e+01
-7.103999999999999204e+01 -8.115553246567814938e+01
-7.056000000000000227e+01 -8.146329692802851241e+01
-7.007999999999999829e+01 -8.149586100167343261e+01
-6.959999999999999432e+01 -8.124900971350803047e+01
-6.912000000000000455e+01 -8.135028584809872143e+01
-6.864000000000000057e+01 -8.121276894773765775e+01
-6.815999999999999659e+01 -8.088364239893240892e+01
-6.767999999999999261e+01 -8.093350699114057534e+01
-6.720000000000000284e+01 -8.088832825390670678e+01
-6.671999999999999886e+01 -8.076448633840203684e+01
-6.623999999999999488e+01 -8.079807119498792645e+01
-6.575999999999999091e+01 -8.093463693825681560e+01
-6.528000000000000114e+01 -8.060575947059517432e+01
-6.479999999999999716e+01 -8.058133258369056762e+01
-6.431999999999999318e+01 -8.074649715518808080e+01
-6.383999999999999631e+01 -8.045717853409746567e+01
-6.335999999999999943e+01 -8.035169624797374865e+01
-6.287999999999999545e+01 -8.023821337499656181e+01
-6.239999999999999858e+01 -7.989209889746935289e+01
-6.191999999999999460e+01 -7.994996623412183112e+01
-6.143999999999999773e+01 -7.997604740344876006e+01
-6.096000000000000085e+01 -7.990767711213169378e+01
-6.047999999999999687e+01 -8.029811176671717021e+01
-6.000000000000000000e+01 -8.041494332670063727e+01
-5.951999999999999602e+01 -7.989229898948303799e+01
-5.903999999999999915e+01 -7.994878938791435985e+01
-5.855999999999999517e+01 -7.998098547545062331e+01
-5.807999999999999829e+01 -7.980657261973114203e+01
-5.759999999999999432e+01 -7.945390091015707412e+01
-5.711999999999999744e+01 -7.939986654839412950e+01
-5.664000000000000057e+01 -7.959472453651341084e+01
-5.615999999999999659e+01 -7.975656537658468892e+01
-5.567999999999999972e+01 -7.962725698527530938e+01
-5.519999999999999574e+01 -7.967318160626825829e+01
-5.471999999999999886e+01 -7.960532124464396020e+01
-5.423999999999999488e+01 -7.944820636678504400e+01
-5.375999999999999801e+01 -7.966794073406474297e+01
-5.328000000000000114e+01 -7.971890863231351432e+01
-5.279999999999999716e+01 -7.927783193168620812e+01
-5.232000000000000028e+01 -7.943795865592935002e+01
-5.183999999999999631e+01 -7.936369835244715887e+01
-5.135999999999999943e+01 -7.910258469278524274e+01
-5.087999999999999545e+01 -7.890750135262175036e+01
-5.039999999999999858e+01 -7.888697497291113336e+01
-4.992000000000000171e+01 -7.905521356390157450e+01
-4.943999999999999773e+01 -7.875022161600598736e+01
-4.896000000000000085e+01 -7.872929260513365080e+01
-4.847999999999999687e+01 -7.880767157939848744e+01
-4.800000000000000000e+01 -7.891643365378887154e+01
-4.751999999999999602e+01 -7.915515699590771703e+01
-4.703999999999999915e+01 -7.897629800065386974e+01
-4.655999999999999517e+01 -7.887211426409859882e+01
-4.607999999999999829e+01 -7.869051795519654036e+01
-4.560000000000000142e+01 -7.854403483694360943e+01
-4.511999999999999744e+01 -7.857948524829704695e+01
-4.464000000000000057e+01 -7.867381069082716749e+01
-4.415999999999999659e+01 -7.856666555852071099e+01
-4.367999999999999972e+01 -7.841280762411884098e+01
-4.319999999999999574e+01 -7.818946205938379990e+01
-4.271999999999999886e+01 -7.821861597485573725e+01
-4.223999999999999488e+01 -7.809323464663485481e+01
-4.175999999999999801e+01 -7.816001672865469629e+01
-4.128000000000000114e+01 -7.803350312697183710e+01
-4.079999999999999716e+01 -7.789015331000138076e+01
-4.032000000000000028e+01 -7.812224822782749811e+01
-3.983999999999999631e+01 -7.806860516636385228e+01
-3.935999999999999943e+01 -7.793590797532715442e+01
-3.887999999999999545e+01 -7.757729823830223381e+01
-3.839999999999999858e+01 -7.747905198983994524e+01
-3.792000000000000171e+01 -7.749508246547729584e+01
-3.743999999999999773e+01 -7.709863321567765126e+01
-3.696000000000000085e+01 -7.705978567477424690e+01
-3.647999999999999687e+01 -7.718108283894056854e+01
-3.600000000000000000e+01 -7.720646666265760416e+01
-3.551999999999999602e+01 -7.720269160277831588e+01
-3.503999999999999915e+01 -7.698039202214394550e+01
-3.456000000000000227e+01 -7.692921545778517611e+01
-3.407999999999999829e+01 -7.676534952807976708e+01
-3.360000000000000142e+01 -7.666950402264222930e+01
-3.311999999999999744e+01 -7.664092725068344691e+01
-3.264000000000000057e+01 -7.631574938735720082e+01
-3.215999999999999659e+01 -7.608182480648699197e+01
-3.167999999999999972e+01 -7.608451289386646010e+01
-3.119999999999999929e+01 -7.598129128064428528e+01
-3.071999999999999886e+01 -7.606103146854982811e+01
-3.023999999999999844e+01 -7.594259669034900639e+01
-2.975999999999999801e+01 -7.584311300818229995e+01
-2.927999999999999758e+01 -7.567217564097147431e+01
-2.879999999999999716e+01 -7.533008170351416766e+01
-2.832000000000000028e+01 -7.497342980296264159e+01
-2.783999999999999986e+01 -7.520890352371293375e+01
-2.735999999999999943e+01 -7.530829383720293890e+01
-2.687999999999999901e+01 -7.514338956102864131e+01
-2.639999999999999858e+01 -7.516759307940621682e+01
-2.591999999999999815e+01 -7.489487954168005501e+01
-2.543999999999999773e+01 -7.477227665314136118e+01
-2.496000000000000085e+01 -7.476696317025685801e+01
-2.448000000000000043e+01 -7.438818439388290926e+01
-2.400000000000000000e+01 -7.402846175568407716e+01
-2.351999999999999957e+01 -7.369707196188336695e+01
-2.303999999999999915e+01 -7.362707754866571008e+01
-2.255999999999999872e+01 -7.342836788188887454e+01
-2.207999999999999829e+01 -7.297073463283948058e+01
-2.159999999999999787e+01 -7.275042921882841540e+01
-2.111999999999999744e+01 -7.251583841597910407e+01
-2.064000000000000057e+01 -7.213616143346443721e+01
-2.016000000000000014e+01 -7.204454339906949656e+01
-1.967999999999999972e+01 -7.192607405669023990e+01
-1.919999999999999929e+01 -7.171655251284191479e+01
-1.871999999999999886e+01 -7.111082908321250784e+01
-1.823999999999999844e+01 -7.045469085244916130e+01
-1.775999999999999801e+01 -7.029077507757708076e+01
-1.728000000000000114e+01 -7.002766839962318102e+01
-1.680000000000000071e+01 -6.970403775816056680e+01
-1.632000000000000028e+01 -6.914030639028283076e+01
-1.583999999999999986e+01 -6.877628245847125754e+01
-1.535999999999999943e+01 -6.863499615310287538e+01
-1.487999999999999901e+01 -6.821841091804276402e+01
-1.439999999999999858e+01 -6.789412635757821590e+01
-1.391999999999999993e+01 -6.766502183973335605e+01
-1.343999999999999950e+01 -6.757436047850340799e+01
-1.295999999999999908e+01 -6.710014441192467416e+01
-1.248000000000000043e+01 -6.679798865500848137e+01
-1.200000000000000000e+01 -6.576171147733853672e+01
-1.151999999999999957e+01 -6.404344157637939361e+01
-1.103999999999999915e+01 -6.158226042797903688e+01
-1.055999999999999872e+01 -5.186259634621839609e+01
-1.008000000000000007e+01 -3.409025334051836609e+01
-9.599999999999999645e+00 -2.572961755744885437e+01
-9.119999999999999218e+00 -2.311298752361631514e+01
-8.640000000000000568e+00 -2.289750318895810821e+01
-8.160000000000000142e+00 -2.288214592961281824e+01
-7.679999999999999716e+00 -2.270050467084516654e+01
-7.199999999999999289e+00 -2.259963451331978490e+01
-6.719999999999999751e+00 -2.274992078104302351e+01
-6.240000000000000213e+00 -2.270223167628071792e+01
-5.759999999999999787e+00 -2.254618472969682585e+01
-5.279999999999999361e+00 -2.256566553891203597e+01
-4.799999999999999822e+00 -2.253837526753564546e+01
-4.320000000000000284e+00 -2.274460887771213180e+01
-3.839999999999999858e+00 -2.284447545292057313e+01
-3.359999999999999876e+00 -2.283958366268577933e+01
-2.879999999999999893e+00 -2.284842554929182867e+01
-2.399999999999999911e+00 -2.271666705435514544e+01
-1.919999999999999929e+00 -2.272393085098426724e+01
-1.439999999999999947e+00 -2.271281610451974586e+01
-9.599999999999999645e-01 -2.265064311031366984e+01
-4.799999999999999822e-01 -2.275665498228416084e+01
0.000000000000000000e+00 -2.281643817631582749e+01
4.799999999999999822e-01 -2.261101858593968927e+01
9.599999999999999645e-01 -2.223331608950743288e+01
1.439999999999999947e+00 -2.257455146713940408e+01
1.919999999999999929e+00 -2.292756515337870837e+01
2.399999999999999911e+00 -2.271070759060191335e+01
2.879999999999999893e+00 -2.255216929098461165e+01
3.359999999999999876e+00 -2.239438371756821056e+01
3.839999999999999858e+00 -2.263340949306025607e+01
4.320000000000000284e+00 -2.293670644352128818e+01
4.799999999999999822e+00 -2.287744398047301075e+01
5.279999999999999361e+00 -2.278070313188469243e+01
5.759999999999999787e+00 -2.277627118765412106e+01
6.240000000000000213e+00 -2.286101840423273046e+01
6.719999999999999751e+00 -2.280811319479280641e+01
7.199999999999999289e+00 -2.269230846546286529e+01
7.679999999999999716e+00 -2.290616404499612813e+01
8.160000000000000142e+00 -2.285713177382532990e+01
8.640000000000000568e+00 -2.277132284937034967e+01
9.119999999999999218e+00 -2.310001427406012908e+01
9.599999999999999645e+00 -2.582630740756758314e+01
1.008000000000000007e+01 -3.432846315950264682e+01
1.055999999999999872e+01 -5.208658453854339854e+01
1.103999999999999915e+01 -6.141493638182836179e+01
1.151999999999999957e+01 -6.461978908662038634e+01
1.200000000000000000e+01 -6.653732568087602317e+01
1.248000000000000043e+01 -6.755528140296662798e+01
1.295999999999999908e+01 -6.821828307645405687e+01
1.343999999999999950e+01 -6.861455937643600578e+01
1.391999999999999993e+01 -6.890098049635071220e+01
1.439999999999999858e+01 -6.919183330370655938e+01
1.487999999999999901e+01 -6.969339824633641456e+01
1.535999999999999943e+01 -7.020949618338892151e+01
1.583999999999999986e+01 -7.070985447048612116e+01
1.632000000000000028e+01 -7.090610184703174923e+01
1.680000000000000071e+01 -7.109600459982429754e+01
1.728000000000000114e+01 -7.159331290301747686e+01
1.775999999999999801e+01 -7.196547351621616428e+01
1.823999999999999844e+01 -7.207409665151598688e+01
1.871999999999999886e+01 -7.246158165928403605e+01
1.919999999999999929e+01 -7.286943668677294283e+01
1.967999999999999972e+01 -7.308701782370670230e+01
2.016000000000000014e+01 -7.352041297930072972e+01
2.064000000000000057e+01 -7.363372547822449121e+01
2.111999999999999744e+01 -7.376205857318011283e+01
2.159999999999999787e+01 -7.425383168086204932e+01
2.207999999999999829e+01 -7.457383012754047513e+01
2.255999999999999872e+01 -7.478674745432894611e+01
2.303999999999999915e+01 -7.474698593915482547e+01
2.351999999999999957e+01 -7.490389656958734577e+01
2.400000000000000000e+01 -7.533304266634047508e+01
2.448000000000000043e+01 -7.539605886794404910e+01
2.496000000000000085e+01 -7.565285608233452308e+01
2.543999999999999773e+01 -7.593505022702650820e+01
2.591999999999999815e+01 -7.591088701443374021e+01
2.639999999999999858e+01 -7.616086668489195688e+01
2.687999999999999901e+01 -7.636342008997603159e+01
2.735999999999999943e+01 -7.650091772534895540e+01
2.783999999999999986e+01 -7.681755595469330444e+01
2.832000000000000028e+01 -7.700275269193605254e+01
2.879999999999999716e+01 -7.701674823315188689e+01
2.927999999999999758e+01 -7.699984908408262640e+01
2.975999999999999801e+01 -7.720457123131612320e+01
3.023999999999999844e+01 -7.735065163981846581e+01
3.071999999999999886e+01 -7.735550110031701365e+01
3.119999999999999929e+01 -7.741840650303703342e+01
3.167999999999999972e+01 -7.764941667002422321e+01
3.215999999999999659e+01 -7.783672375788140130e+01
3.264000000000000057e+01 -7.802720096123812255e+01
3.311999999999999744e+01 -7.809059904557582854e+01
3.360000000000000142e+01 -7.803076229515157536e+01
3.407999999999999829e+01 -7.808942496224585739e+01
3.456000000000000227e+01 -7.808760900508369218e+01
3.503999999999999915e+01 -7.816829610717584842e+01
3.551999999999999602e+01 -7.820840783236980087e+01
3.600000000000000000e+01 -7.882696790258709996e+01
3.647999999999999687e+01 -7.901290994917216892e+01
3.696000000000000085e+01 -7.894736517119365260e+01
3.743999999999999773e+01 -7.907924984488172981e+01
3.792000000000000171e+01 -7.906174747561537686e+01
3.839999999999999858e+01 -7.904473645309342089e+01
3.887999999999999545e+01 -7.895912380279054332e+01
3.935999999999999943e+01 -7.894539196041304763e+01
3.983999999999999631e+01 -7.923167662969505898e+01
4.032000000000000028e+01 -7.958536568498522001e+01
4.079999999999999716e+01 -7.979145351184739354e+01
4.128000000000000114e+01 -7.949486524042272606e+01
4.175999999999999801e+01 -7.940871470368225005e+01
4.223999999999999488e+01 -7.931446507867805451e+01
4.271999999999999886e+01 -7.936046985368372475e+01
4.319999999999999574e+01 -7.909223581791954416e+01
4.367999999999999972e+01 -7.920524447231956344e+01
4.415999999999999659e+01 -7.966079129078627830e+01
4.464000000000000057e+01 -7.991437323600689524e+01
4.511999999999999744e+01 -7.982620841063886985e+01
4.560000000000000142e+01 -7.956392109920358280e+01
4.607999999999999829e+01 -7.974895099126885611e+01
4.655999999999999517e+01 -7.985246353310080281e+01
4.703999999999999915e+01 -7.970114981302705814e+01
4.751999999999999602e+01 -7.985957105976855530e+01
4.800000000000000000e+01 -8.007880359211338828e+01
4.847999999999999687e+01 -7.993747573577763887e+01
4.896000000000000085e+01 -7.996086607874315177e+01
4.943999999999999773e+01 -7.989654185648403484e+01
4.992000000000000171e+01 -7.991122601500191536e+01
5.039999999999999858e+01 -8.031821852792592153e+01
5.087999999999999545e+01 -8.045773609747649857e+01
5.135999999999999943e+01 -8.053101947360433144e+01
5.183999999999999631e+01 -8.066806658142220954e+01
5.232000000000000028e+01 -8.064949197088311905e+01
5.279999999999999716e+01 -8.050831612722424779e+01
5.328000000000000114e+01 -8.049547861359269518e+01
5.375999999999999801e+01 -8.077401573458811868e+01
5.423999999999999488e+01 -8.075100564753486765e+01
5.471999999999999886e+01 -8.097397113448951700e+01
5.519999999999999574e+01 -8.105434111529261543e+01
5.567999999999999972e+01 -8.087700088717825508e+01
5.615999999999999659e+01 -8.097211549910522876e+01
5.664000000000000057e+01 -8.112072205209398135e+01
5.711999999999999744e+01 -8.136381829941477406e+01
5.759999999999999432e+01 -8.140478218024549051e+01
5.807999999999999829e+01 -8.121553428562606314e+01
5.855999999999999517e+01 -8.125046512544616917e+01
5.903999999999999915e+01 -8.117442076152146058e+01
5.951999999999999602e+01 -8.108321111528668723e+01
6.000000000000000000e+01 -8.131572750408892603e+01
6.047999999999999687e+01 -8.098331751094306696e+01
6.096000000000000085e+01 -8.091863508077763356e+01
6.143999999999999773e+01 -8.129148779041869943e+01
6.191999999999999460e+01 -8.144613669187920379e+01
6.239999999999999858e+01 -8.140525925742966251e+01
6.287999999999999545e+01 -8.145408914707931558e+01
6.335999999999999943e+01 -8.169498711551504755e+01
6.383999999999999631e+01 -8.183863398876613360e+01
6.431999999999999318e+01 -8.183995385853476989e+01
6.479999999999999716e+01 -8.189798842772847820e+01
6.528000000000000114e+01 -8.192682231810746885e+01
6.575999999999999091e+01 -8.218895182603316130e+01
6.623999999999999488e+01 -8.224297212536848178e+01
6.671999999999999886e+01 -8.220793616989428187e+01
6.720000000000000284e+01 -8.244657867599772771e+01
6.767999999999999261e+01 -8.266189702808445361e+01
6.815999999999999659e+01 -8.259071967337894193e+01
6.864000000000000057e+01 -8.247939632006593058e+01
6.912000000000000455e+01 -8.244057113896062106e+01
6.959999999999999432e+01 -8.242789182096872480e+01
7.007999999999999829e+01 -8.265551101993823124e+01
7.056000000000000227e+01 -8.289756522490635859e+01
7.103999999999999204e+01 -8.300140530040502540e+01
7.151999999999999602e+01 -8.287207274523757405e+01
7.200000000000000000e+01 -8.284608776736574498e+01
7.248000000000000398e+01 -8.284047687960772066e+01
7.295999999999999375e+01 -8.309843004175370140e+01
7.343999999999999773e+01 -8.312845183743604593e+01
7.392000000000000171e+01 -8.296192822062388927e+01
7.439999999999999147e+01 -8.317181131222655210e+01
7.487999999999999545e+01 -8.330723121653663554e+01
7.535999999999999943e+01 -8.352800270946400474e+01
7.584000000000000341e+01 -8.341932937967359862e+01
7.631999999999999318e+01 -8.350214879794536671e+01
7.679999999999999716e+01 -8.377092609516640209e+01
7.728000000000000114e+01 -8.388459099548921927e+01
7.775999999999999091e+01 -8.398803188843130840e+01
7.823999999999999488e+01 -8.383249473657795647e+01
7.871999999999999886e+01 -8.372551406465282753e+01
7.920000000000000284e+01 -8.375068549728725031e+01
7.967999999999999261e+01 -8.368337208354250834e+01
8.015999999999999659e+01 -8.410527286096068167e+01
8.064000000000000057e+01 -8.413477563084013866e+01
8.111999999999999034e+01 -8.404846054313810555e+01
8.159999999999999432e+01 -8.407078886770992199e+01
8.207999999999999829e+01 -8.426264763649629685e+01
8.256000000000000227e+01 -8.422150781945663311e+01
8.303999999999999204e+01 -8.414694668445395109e+01
8.351999999999999602e+01 -8.425189932886172528e+01
8.400000000000000000e+01 -8.439370965611038855e+01
8.447999999999998977e+01 -8.428406920213448927e+01
8.495999999999999375e+01 -8.432617151637259667e+01
8.543999999999999773e+01 -8.427727365941683502e+01
8.592000000000000171e+01 -8.421324663248111619e+01
8.639999999999999147e+01 -8.434730775329036589e+01
8.687999999999999545e+01 -8.472222181777101468e+01
8.735999999999999943e+01 -8.470393982805889266e+01
8.784000000000000341e+01 -8.468898482204411948e+01
8.831999999999999318e+01 -8.489934701774173220e+01
8.879999999999999716e+01 -8.482743608152279080e+01
8.928000000000000114e+01 -8.470248746722927535e+01
8.975999999999999091e+01 -8.458932355358646760e+01
9.023999999999999488e+01 -8.487288793305418722e+01
9.071999999999999886e+01 -8.505034452565239178e+01
9.120000000000000284e+01 -8.532264060571962716e+01
9.167999999999999261e+01 -8.526369525643225700e+01
9.215999999999999659e+01 -8.510130673280372093e+01
9.264000000000000057e+01 -8.521209201026914570e+01
9.311999999999999034e+01 -8.548958336125798496e+01
9.359999999999999432e+01 -8.554732944119112403e+01
9.407999999999999829e+01 -8.552336549774074115e+01
9.456000000000000227e+01 -8.546262637830974995e+01
9.503999999999999204e+01 -8.561128962555712008e+01
9.551999999999999602e+01 -8.546120176477059260e+01
9.600000000000000000e+01 -8.544162812509878790e+01
9.647999999999998977e+01 -8.560655895546753413e+01
9.695999999999999375e+01 -8.563407113126275760e+01
9.743999999999999773e+01 -8.552685104242216596e+01
9.792000000000000171e+01 -8.558901456635389593e+01
9.839999999999999147e+01 -8.558260329790630294e+01
9.887999999999999545e+01 -8.573329174886129067e+01
9.935999999999999943e+01 -8.571686493246227201e+01
9.984000000000000341e+01 -8.547979141765137001e+01
1.003199999999999932e+02 -8.572692123368356931e+01
1.007999999999999972e+02 -8.601613996292270770e+01
1.012800000000000011e+02 -8.616358860686106880e+01
1.017599999999999909e+02 -8.628609113705438460e+01
1.022399999999999949e+02 -8.655439324937805168e+01
1.027199999999999989e+02 -8.706788968942596796e+01
1.032000000000000028e+02 -8.739923084641671380e+01
1.036799999999999926e+02 -8.763696736808931576e+01
1.041599999999999966e+02 -8.822685796493573207e+01
1.046400000000000006e+02 -8.893546457848471221e+01
1.051199999999999903e+02 -8.950441627090262386e+01
1.055999999999999943e+02 -9.007577757986608447e+01
1.060799999999999983e+02 -9.057461133553401567e+01
1.065600000000000023e+02 -9.162965512865250162e+01
1.070399999999999920e+02 -9.257081974322117901e+01
1.075199999999999960e+02 -9.301280192127124735e+01
1.080000000000000000e+02 -9.409222673667537151e+01
1.084799999999999898e+02 -9.544270945100302583e+01
1.089599999999999937e+02 -9.633367534630156115e+01
1.094399999999999977e+02 -9.696607100774380683e+01
1.099200000000000017e+02 -9.753091928189574844e+01
1.103999999999999915e+02 -9.830792639354862672e+01
1.108799999999999955e+02 -9.894685104445588308e+01
1.113599999999999994e+02 -9.889919181571086426e+01
1.118399999999999892e+02 -9.904126082091529781e+01
1.123199999999999932e+02 -9.897516372429737430e+01
1.127999999999999972e+02 -9.870787538612404433e+01
1.132800000000000011e+02 -9.850257546937314146e+01
1.137599999999999909e+02 -9.840773381302241773e+01
1.142399999999999949e+02 -9.838438613295841151e+01
1.147199999999999989e+02 -9.848538671658681665e+01
1.151999999999999886e+02 -9.876599469814601662e+01
1.156799999999999926e+02 -9.867654245100047206e+01
1.161599999999999966e+02 -9.862729532960472056e+01
1.166400000000000006e+02 -9.890049047185897280e+01
1.171199999999999903e+02 -9.897530178540191059e+01
1.175999999999999943e+02 -9.876614423628537054e+01
1.180799999999999983e+02 -9.873322079214324276e+01
1.185600000000000023e+02 -9.887839611026720377e+01
1.190399999999999920e+02 -9.895463663209214644e+01
1.195199999999999960e+02 -9.872870353001643196e+01
1.200000000000000000e+02 -9.872408474288428692e+01
1.204799999999999898e+02 -9.868416745216575237e+01
1.209599999999999937e+02 -9.857837739058162185e+01
1.214399999999999977e+02 -9.864429157611962751e+01
1.219200000000000017e+02 -9.864890702080023743e+01
1.223999999999999915e+02 -9.846233656353577146e+01
