-1.228799999999999892e-01 -7.639610073783148891e+01
-1.223999999999999949e-01 -7.668990193287507395e+01
-1.219199999999999867e-01 -7.693368508535249362e+01
-1.214399999999999924e-01 -7.667253168214745074e+01
-1.209599999999999842e-01 -7.671956788661003657e+01
-1.204799999999999899e-01 -7.627796221212831540e+01
-1.199999999999999956e-01 -7.619268958629278643e+01
-1.195199999999999874e-01 -7.612862231841418748e+01
-1.190399999999999930e-01 -7.598126200008823616e+01
-1.185599999999999848e-01 -7.562900068778139939e+01
-1.180799999999999905e-01 -7.570724473596298765e+01
-1.175999999999999962e-01 -7.536125027452817449e+01
-1.171199999999999880e-01 -7.486798532288833030e+01
-1.166399999999999937e-01 -7.437020902498133523e+01
-1.161599999999999855e-01 -7.428678444736891606e+01
-1.156799999999999912e-01 -7.443040295288835750e+01
-1.151999999999999968e-01 -7.423012626476531750e+01
-1.147199999999999886e-01 -7.384902914903503302e+01
-1.142399999999999943e-01 -7.338774922782226895e+01
-1.137599999999999861e-01 -7.347144675083019649e+01
-1.132799999999999918e-01 -7.335634000000953847e+01
-1.127999999999999836e-01 -7.307995363228670271e+01
-1.123199999999999893e-01 -7.303714145657549750e+01
-1.118399999999999950e-01 -7.327681336825057201e+01
-1.113599999999999868e-01 -7.277174107156307059e+01
-1.108799999999999925e-01 -7.235992130366571473e+01
-1.103999999999999843e-01 -7.185293260241357416e+01
-1.099199999999999899e-01 -7.146390209762250834e+01
-1.094399999999999956e-01 -7.096839603768339089e+01
-1.089599999999999874e-01 -6.996737433502232761e+01
-1.084799999999999931e-01 -6.908453854707454411e+01
-1.079999999999999849e-01 -6.842210685857125441e+01
-1.075199999999999906e-01 -6.750138933414513076e+01
-1.070399999999999963e-01 -6.646311735757366534e+01
-1.065599999999999881e-01 -6.556488971146275446e+01
-1.060799999999999937e-01 -6.507104165784593874e+01
-1.055999999999999855e-01 -6.440478683854303199e+01
-1.051199999999999912e-01 -6.359496633789596842e+01
-1.046399999999999969e-01 -6.331321750877545895e+01
-1.041599999999999887e-01 -6.298205294128180753e+01
-1.036799999999999944e-01 -6.200887649092273080e+01
-1.031999999999999862e-01 -6.150114425132179008e+01
-1.027199999999999919e-01 -6.145604418282210446e+01
-1.022399999999999975e-01 -6.102367650747989813e+01
-1.017599999999999894e-01 -6.072513476497427121e+01
-1.012799999999999950e-01 -6.046227947140393866e+01
-1.007999999999999868e-01 -6.032136635926433144e+01
-1.003199999999999925e-01 -6.036308805921414233e+01
-9.983999999999998431e-02 -6.025979968032633849e+01
-9.935999999999998999e-02 -6.023205008561528473e+01
-9.887999999999999567e-02 -6.034263543104928118e+01
-9.839999999999998748e-02 -6.009552236581029661e+01
-9.791999999999999316e-02 -5.999448303907283275e+01
-9.743999999999998496e-02 -5.974898197427012292e+01
-9.695999999999999064e-02 -5.987250838555395660e+01
-9.647999999999999632e-02 -5.977204015863050302e+01
-9.599999999999998812e-02 -5.955100875632642499e+01
-9.551999999999999380e-02 -5.954275213394555522e+01
-9.503999999999998560e-02 -5.922462465553275024e+01
-9.455999999999999128e-02 -5.933455311930443088e+01
-9.407999999999999696e-02 -5.915373133232647263e+01
-9.359999999999998876e-02 -5.894023956677458642e+01
-9.311999999999999444e-02 -5.900890189077614423e+01
-9.263999999999998625e-02 -5.915855750262316093e+01
-9.215999999999999193e-02 -5.901568383908472981e+01
-9.167999999999999761e-02 -5.843279127261448025e+01
-9.119999999999998941e-02 -5.808614590298564195e+01
-9.071999999999999509e-02 -5.803581658083565742e+01
-9.023999999999998689e-02 -5.806447682604851934e+01
-8.975999999999999257e-02 -5.818661151380216268e+01
-8.927999999999999825e-02 -5.833467813427930793e+01
-8.879999999999999005e-02 -5.848626118572109078e+01
-8.831999999999999573e-02 -5.842767612373233987e+01
-8.783999999999998753e-02 -5.819098005801080120e+01
-8.735999999999999321e-02 -5.801843369369422732e+01
-8.687999999999999889e-02 -5.775632284406313488e+01
-8.639999999999999070e-02 -5.788940104262206887e+01
-8.591999999999999638e-02 -5.761876555497565278e+01
-8.543999999999998818e-02 -5.714006068130260729e+01
-8.495999999999999386e-02 -5.732668507967446914e+01
-8.447999999999999954e-02 -5.758078601491802573e+01
-8.399999999999999134e-02 -5.739483801715501698e+01
-8.351999999999999702e-02 -5.748278292168875225e+01
-8.303999999999998882e-02 -5.727377184311614400e+01
-8.255999999999999450e-02 -5.680134186923122286e+01
-8.207999999999998630e-02 -5.680090778683773323e+01
-8.159999999999999198e-02 -5.688506037536602378e+01
-8.111999999999999766e-02 -5.697141133872541729e+01
-8.063999999999998947e-02 -5.670663992793880936e+01
-8.015999999999999515e-02 -5.648865593092950377e+01
-7.967999999999998695e-02 -5.672552434572337177e+01
-7.919999999999999263e-02 -5.672590059477124669e+01
-7.871999999999999831e-02 -5.656999484124626321e+01
-7.823999999999999011e-02 -5.646246740691058363e+01
-7.775999999999999579e-02 -5.642522670569120891e+01
-7.727999999999998759e-02 -5.640807546322840693e+01
-7.679999999999999327e-02 -5.649048651385065511e+01
-7.631999999999999895e-02 -5.632762907981050660e+01
-7.583999999999999075e-02 -5.608856368859638053e+01
-7.535999999999999643e-02 -5.577633722533178684e+01
-7.487999999999998824e-02 -5.561482446715860561e+01
-7.439999999999999392e-02 -5.565671016569632457e+01
-7.391999999999999960e-02 -5.539993910331751437e+01
-7.343999999999999140e-02 -5.547445734939303463e+01
-7.295999999999999708e-02 -5.547161132699385178e+01
-7.247999999999998888e-02 -5.546021824064630579e+01
-7.199999999999999456e-02 -5.562633300625981292e+01
-7.152000000000000024e-02 -5.542368976566393712e+01
-7.103999999999999204e-02 -5.527666570403602009e+01
-7.055999999999999772e-02 -5.568882858901905308e+01
-7.007999999999998952e-02 -5.575289247747299726e+01
-6.959999999999999520e-02 -5.532120135050394794e+01
-6.911999999999998701e-02 -5.523054778167779943e+01
-6.863999999999999269e-02 -5.517630578924734408e+01
-6.815999999999999837e-02 -5.517282044156027609e+01
-6.767999999999999017e-02 -5.518526582918954659e+01
-6.719999999999999585e-02 -5.521374529539607323e+01
-6.671999999999998765e-02 -5.477384395946379669e+01
-6.623999999999999333e-02 -5.456580129254807332e+01
-6.575999999999999901e-02 -5.484195571474251096e+01
-6.527999999999999081e-02 -5.464151471321124376e+01
-6.479999999999999649e-02 -5.455115603716369321e+01
-6.431999999999998829e-02 -5.477799493024970445e+01
-6.383999999999999397e-02 -5.442057028922833695e+01
-6.335999999999999965e-02 -5.429146832269544376e+01
-6.287999999999999146e-02 -5.417762113270853774e+01
-6.239999999999999714e-02 -5.396854158541913193e+01
-6.191999999999999588e-02 -5.378715670665499005e+01
-6.143999999999999462e-02 -5.347760099177557436e+01
-6.095999999999999336e-02 -5.359195632005369703e+01
-6.047999999999999210e-02 -5.378007613997055358e+01
-5.999999999999999778e-02 -5.361712220516763239e+01
-5.951999999999999652e-02 -5.309228686105412010e+01
-5.903999999999999526e-02 -5.309567006578058113e+01
-5.855999999999999400e-02 -5.301460597344571823e+01
-5.807999999999999274e-02 -5.294281428343383311e+01
-5.759999999999999842e-02 -5.272343880749238565e+01
-5.711999999999999716e-02 -5.254985769338876622e+01
-5.663999999999999591e-02 -5.256331859781101912e+01
-5.615999999999999465e-02 -5.241451583180081286e+01
-5.567999999999999339e-02 -5.230003171438939091e+01
-5.519999999999999213e-02 -5.215000981850402439e+01
-5.471999999999999781e-02 -5.190467744194685906e+01
-5.423999999999999655e-02 -5.219809125737121747e+01
-5.375999999999999529e-02 -5.248707264051525812e+01
-5.327999999999999403e-02 -5.218843165345982982e+01
-5.279999999999999277e-02 -5.168421751798913988e+01
-5.231999999999999845e-02 -5.171383150530472506e+01
-5.183999999999999719e-02 -5.193647089553645912e+01
-5.135999999999999593e-02 -5.203039692907114500e+01
-5.087999999999999468e-02 -5.165830623730974480e+01
-5.039999999999999342e-02 -5.139562264538056269e+01
-4.991999999999999216e-02 -5.114722165439672352e+01
-4.943999999999999784e-02 -5.120303911475652114e+01
-4.895999999999999658e-02 -5.146888283320799928e+01
-4.847999999999999532e-02 -5.126861913307575236e+01
-4.799999999999999406e-02 -5.095848349001720123e+01
-4.751999999999999280e-02 -5.082580050901067636e+01
-4.703999999999999848e-02 -5.081434440174754741e+01
-4.655999999999999722e-02 -5.090886610412102442e+01
-4.607999999999999596e-02 -5.077409133882493109e+01
-4.559999999999999470e-02 -5.070818786516354493e+01
-4.511999999999999345e-02 -5.070031415569638966e+01
-4.463999999999999913e-02 -5.079250556617430590e+01
-4.415999999999999787e-02 -5.086240979267947182e+01
-4.367999999999999661e-02 -5.038213351956137842e+01
-4.319999999999999535e-02 -5.002373681205958178e+01
-4.271999999999999409e-02 -5.018036328762131859e+01
-4.223999999999999977e-02 -5.015802895732993250e+01
-4.175999999999999851e-02 -5.018946206764087492e+01
-4.127999999999999725e-02 -5.016696196192537371e+01
-4.079999999999999599e-02 -5.014001401184809481e+01
-4.031999999999999473e-02 -4.998892045517930427e+01
-3.983999999999999347e-02 -4.979806346812502227e+01
-3.935999999999999915e-02 -4.984861474526133662e+01
-3.887999999999999790e-02 -4.967282780418031507e+01
-3.839999999999999664e-02 -4.955795445703898139e+01
-3.791999999999999538e-02 -4.930937237685669317e+01
-3.743999999999999412e-02 -4.908079185038105408e+01
-3.695999999999999980e-02 -4.888486456517917134e+01
-3.647999999999999854e-02 -4.905899731080364745e+01
-3.599999999999999728e-02 -4.922006228666283079e+01
-3.551999999999999602e-02 -4.922235431456858379e+01
-3.503999999999999476e-02 -4.897346555602865692e+01
-3.455999999999999350e-02 -4.896142184610108927e+01
-3.407999999999999918e-02 -4.874967126098940895e+01
-3.359999999999999792e-02 -4.861078831092932262e+01
-3.311999999999999666e-02 -4.877314664193367832e+01
-3.263999999999999541e-02 -4.867877883018565655e+01
-3.215999999999999415e-02 -4.854860832333002918e+01
-3.167999999999999983e-02 -4.833960058610099964e+01
-3.119999999999999857e-02 -4.833978585491089319e+01
-3.071999999999999731e-02 -4.825557222197019769e+01
-3.023999999999999605e-02 -4.823643913118453241e+01
-2.975999999999999826e-02 -4.817602616676236238e+01
-2.927999999999999700e-02 -4.791923157436413305e+01
-2.879999999999999921e-02 -4.761423613572451075e+01
-2.831999999999999795e-02 -4.754282256275918428e+01
-2.783999999999999669e-02 -4.771786947744977425e+01
-2.735999999999999890e-02 -4.789003245668804709e+01
-2.687999999999999765e-02 -4.741971026912408860e+01
-2.639999999999999639e-02 -4.715958291531124047e+01
-2.591999999999999860e-02 -4.713728125495858734e+01
-2.543999999999999734e-02 -4.692820960906204419e+01
-2.495999999999999608e-02 -4.702615270744944098e+01
-2.447999999999999829e-02 -4.697475794385319858e+01
-2.399999999999999703e-02 -4.666428803392338409e+01
-2.351999999999999924e-02 -4.662382814519858698e+01
-2.303999999999999798e-02 -4.652858421911412279e+01
-2.255999999999999672e-02 -4.624124132880495353e+01
-2.207999999999999893e-02 -4.598875147872766433e+01
-2.159999999999999767e-02 -4.586747041691828741e+01
-2.111999999999999988e-02 -4.566931160640000087e+01
-2.063999999999999863e-02 -4.542043469419974144e+01
-2.015999999999999737e-02 -4.530270261320102065e+01
-1.967999999999999958e-02 -4.494641955830803681e+01
-1.919999999999999832e-02 -4.485951506382613729e+01
-1.871999999999999706e-02 -4.451622649969380774e+01
-1.823999999999999927e-02 -4.393908767262370674e+01
-1.775999999999999801e-02 -4.364439236146428414e+01
-1.727999999999999675e-02 -4.354557596381583551e+01
-1.679999999999999896e-02 -4.327569059950278785e+01
-1.631999999999999770e-02 -4.288979833003281072e+01
-1.583999999999999991e-02 -4.256895773331162047e+01
-1.535999999999999865e-02 -4.230807835587701504e+01
-1.487999999999999913e-02 -4.168955613869198373e+01
-1.439999999999999961e-02 -4.136665946429970830e+01
-1.391999999999999835e-02 -4.126717940207192470e+01
-1.343999999999999882e-02 -4.119881944893245418e+01
-1.295999999999999930e-02 -4.091309907222527187e+01
-1.247999999999999804e-02 -4.053804351988380006e+01
-1.199999999999999852e-02 -3.888703096044867635e+01
-1.151999999999999899e-02 -3.610855156050122616e+01
-1.103999999999999947e-02 -3.256587631810084105e+01
-1.055999999999999994e-02 -2.195940539550252879e+01
-1.007999999999999868e-02 -4.062428765243911499e+00
-9.599999999999999159e-03 4.300254740039466839e+00
-9.119999999999999635e-03 6.915100231152058186e+00
-8.639999999999998376e-03 7.130556450433083171e+00
-8.159999999999998851e-03 7.146112635809192426e+00
-7.679999999999999327e-03 7.328609254664786299e+00
-7.199999999999999803e-03 7.430729094248651023e+00
-6.719999999999999411e-03 7.280466388732151017e+00
-6.239999999999999020e-03 7.328829152374226830e+00
-5.759999999999999495e-03 7.486411774058398194e+00
-5.279999999999999971e-03 7.467797959302519217e+00
-4.799999999999999580e-03 7.495480726935160654e+00
-4.319999999999999188e-03 7.288024691063236915e+00
-3.839999999999999664e-03 7.187820690954906055e+00
-3.359999999999999706e-03 7.193118563859934866e+00
-2.879999999999999748e-03 7.184889888892733723e+00
-2.399999999999999790e-03 7.315087259208860715e+00
-1.919999999999999832e-03 7.308139386645317259e+00
-1.439999999999999874e-03 7.316007982834050516e+00
-9.599999999999999159e-04 7.374229873223110410e+00
-4.799999999999999580e-04 7.267855848963966636e+00
0.000000000000000000e+00 7.204530216381648700e+00
4.799999999999999580e-04 7.410353767810170744e+00
9.599999999999999159e-04 7.792319309490045143e+00
1.439999999999999874e-03 7.454430112353245264e+00
1.919999999999999832e-03 7.104214286352092067e+00
2.399999999999999790e-03 7.320854067410830446e+00
2.879999999999999748e-03 7.479640282325971334e+00
3.359999999999999706e-03 7.638855309238023139e+00
3.839999999999999664e-03 7.401149966118771850e+00
4.319999999999999188e-03 7.097906582396218411e+00
4.799999999999999580e-03 7.155610081681937906e+00
5.279999999999999971e-03 7.250574177018915378e+00
5.759999999999999495e-03 7.254047914673588338e+00
6.239999999999999020e-03 7.168333677685597927e+00
6.719999999999999411e-03 7.221141648007288971e+00
7.199999999999999803e-03 7.335141961453568449e+00
7.679999999999999327e-03 7.120445067702176445e+00
8.159999999999998851e-03 7.169938977789470869e+00
8.639999999999998376e-03 7.256106422277335710e+00
9.119999999999999635e-03 6.927118744468740097e+00
9.599999999999999159e-03 4.199703565557774354e+00
1.007999999999999868e-02 -4.302456767684514460e+00
1.055999999999999994e-02 -2.210819613972225994e+01
1.103999999999999947e-02 -3.199221065370514339e+01
1.151999999999999899e-02 -3.599479465622395224e+01
1.199999999999999852e-02 -3.878529986045948874e+01
1.247999999999999804e-02 -4.045904507998834987e+01
1.295999999999999930e-02 -4.151390616837760206e+01
1.343999999999999882e-02 -4.208428497215177089e+01
1.391999999999999835e-02 -4.220673807752868356e+01
1.439999999999999961e-02 -4.241181153589800346e+01
1.487999999999999913e-02 -4.281100900126376985e+01
1.535999999999999865e-02 -4.330561488417544780e+01
1.583999999999999991e-02 -4.365424797885675900e+01
1.631999999999999770e-02 -4.386000189475011268e+01
1.679999999999999896e-02 -4.443700324125518364e+01
1.727999999999999675e-02 -4.505963790365295552e+01
1.775999999999999801e-02 -4.544860264574055719e+01
1.823999999999999927e-02 -4.556294796851263129e+01
1.871999999999999706e-02 -4.587735930628684855e+01
1.919999999999999832e-02 -4.627952178815205286e+01
1.967999999999999958e-02 -4.659057080690017472e+01
2.015999999999999737e-02 -4.692634127978515579e+01
2.063999999999999863e-02 -4.700637916253137405e+01
2.111999999999999988e-02 -4.694636365018337187e+01
2.159999999999999767e-02 -4.720084156181759028e+01
2.207999999999999893e-02 -4.721402188034660696e+01
2.255999999999999672e-02 -4.741828432571976748e+01
2.303999999999999798e-02 -4.749613935135446496e+01
2.351999999999999924e-02 -4.763229367314249885e+01
2.399999999999999703e-02 -4.792887021442026452e+01
2.447999999999999829e-02 -4.799613404212882983e+01
2.495999999999999608e-02 -4.812341950446754879e+01
2.543999999999999734e-02 -4.838833120431024781e+01
2.591999999999999860e-02 -4.847409804674911982e+01
2.639999999999999639e-02 -4.850663275051459777e+01
2.687999999999999765e-02 -4.872420037846714536e+01
2.735999999999999890e-02 -4.892853495446406953e+01
2.783999999999999669e-02 -4.910959204842568226e+01
2.831999999999999795e-02 -4.920103279639306493e+01
2.879999999999999921e-02 -4.954952204058913168e+01
2.927999999999999700e-02 -4.948920574106702475e+01
2.975999999999999826e-02 -4.931651848224788637e+01
3.023999999999999605e-02 -4.942660506421010780e+01
3.071999999999999731e-02 -4.991162569034848673e+01
3.119999999999999857e-02 -4.968220519577795358e+01
3.167999999999999983e-02 -4.939427637209772115e+01
3.215999999999999415e-02 -4.948914367471239473e+01
3.263999999999999541e-02 -4.997127158935186486e+01
3.311999999999999666e-02 -5.037021525969336011e+01
3.359999999999999792e-02 -5.076210653439243714e+01
3.407999999999999918e-02 -5.062292628972237196e+01
3.455999999999999350e-02 -5.044021193181126250e+01
3.503999999999999476e-02 -5.047282532341665018e+01
3.551999999999999602e-02 -5.033434490984143395e+01
3.599999999999999728e-02 -5.057258671283896234e+01
3.647999999999999854e-02 -5.072921077727151129e+01
3.695999999999999980e-02 -5.082724393303938371e+01
3.743999999999999412e-02 -5.113771449901036448e+01
3.791999999999999538e-02 -5.103569757029157472e+01
3.839999999999999664e-02 -5.092956083499632314e+01
3.887999999999999790e-02 -5.117801386037453426e+01
3.935999999999999915e-02 -5.119741244418466408e+01
3.983999999999999347e-02 -5.158334856619805464e+01
4.031999999999999473e-02 -5.192719375847506313e+01
4.079999999999999599e-02 -5.206208671033153479e+01
4.127999999999999725e-02 -5.206975690654211064e+01
4.175999999999999851e-02 -5.203402702307177208e+01
4.223999999999999977e-02 -5.211286899066419664e+01
4.271999999999999409e-02 -5.220937407211744130e+01
4.319999999999999535e-02 -5.209972158561538436e+01
4.367999999999999661e-02 -5.199467222098039088e+01
4.415999999999999787e-02 -5.229915139955048176e+01
4.463999999999999913e-02 -5.239943904820577103e+01
4.511999999999999345e-02 -5.238876202123168468e+01
4.559999999999999470e-02 -5.213280114156820844e+01
4.607999999999999596e-02 -5.211777025711123201e+01
4.655999999999999722e-02 -5.249269997543584765e+01
4.703999999999999848e-02 -5.288389013839952923e+01
4.751999999999999280e-02 -5.315354335902181049e+01
4.799999999999999406e-02 -5.331534056469968874e+01
4.847999999999999532e-02 -5.329245715450757359e+01
4.895999999999999658e-02 -5.321111569241899275e+01
4.943999999999999784e-02 -5.328753475621456914e+01
4.991999999999999216e-02 -5.344929221401828556e+01
5.039999999999999342e-02 -5.370358548900049556e+01
5.087999999999999468e-02 -5.376175592553779126e+01
5.135999999999999593e-02 -5.379330957468256003e+01
5.183999999999999719e-02 -5.376357566440524494e+01
5.231999999999999845e-02 -5.381487419153052087e+01
5.279999999999999277e-02 -5.376965758695079955e+01
5.327999999999999403e-02 -5.377128022586483524e+01
5.375999999999999529e-02 -5.371365501633506057e+01
5.423999999999999655e-02 -5.378472259933123212e+01
5.471999999999999781e-02 -5.402235251326575849e+01
5.519999999999999213e-02 -5.425460478004767140e+01
5.567999999999999339e-02 -5.414362092632796930e+01
5.615999999999999465e-02 -5.404326281344807370e+01
5.663999999999999591e-02 -5.448529597351096498e+01
5.711999999999999716e-02 -5.503156980604251203e+01
5.759999999999999842e-02 -5.510952827418673650e+01
5.807999999999999274e-02 -5.542520769904513855e+01
5.855999999999999400e-02 -5.533903355159204551e+01
5.903999999999999526e-02 -5.499216427649692918e+01
5.951999999999999652e-02 -5.490180151422678989e+01
5.999999999999999778e-02 -5.526965381625853979e+01
6.047999999999999210e-02 -5.529396777757932568e+01
6.095999999999999336e-02 -5.535589269000406887e+01
6.143999999999999462e-02 -5.553168316167257501e+01
6.191999999999999588e-02 -5.549903526646373564e+01
6.239999999999999714e-02 -5.558267078797073424e+01
6.287999999999999146e-02 -5.575088501630278870e+01
6.335999999999999965e-02 -5.629270578893118682e+01
6.383999999999999397e-02 -5.628887432189362272e+01
6.431999999999998829e-02 -5.605238461257340532e+01
6.479999999999999649e-02 -5.614112795819270474e+01
6.527999999999999081e-02 -5.630990424237946712e+01
6.575999999999999901e-02 -5.659011867430193377e+01
6.623999999999999333e-02 -5.668356526806040563e+01
6.671999999999998765e-02 -5.686175960492612802e+01
6.719999999999999585e-02 -5.683318068331824691e+01
6.767999999999999017e-02 -5.691597717086548869e+01
6.815999999999999837e-02 -5.721908352267342224e+01
6.863999999999999269e-02 -5.727829418620181912e+01
6.911999999999998701e-02 -5.746294771344863506e+01
6.959999999999999520e-02 -5.740217988735401633e+01
7.007999999999998952e-02 -5.742034127752388883e+01
7.055999999999999772e-02 -5.780011619055021299e+01
7.103999999999999204e-02 -5.775139717395157390e+01
7.152000000000000024e-02 -5.739884006240405512e+01
7.199999999999999456e-02 -5.738304377400545775e+01
7.247999999999998888e-02 -5.743061898339050941e+01
7.295999999999999708e-02 -5.768582343129993006e+01
7.343999999999999140e-02 -5.805574454860042977e+01
7.391999999999999960e-02 -5.791960340843230881e+01
7.439999999999999392e-02 -5.773819761746882762e+01
7.487999999999998824e-02 -5.803046532557441850e+01
7.535999999999999643e-02 -5.821695184944208279e+01
7.583999999999999075e-02 -5.817358404958272899e+01
7.631999999999999895e-02 -5.841123363913219180e+01
7.679999999999999327e-02 -5.872963327501874176e+01
7.727999999999998759e-02 -5.869794522535624282e+01
7.775999999999999579e-02 -5.838764793491915128e+01
7.823999999999999011e-02 -5.860259093817081322e+01
7.871999999999999831e-02 -5.886766999681049128e+01
7.919999999999999263e-02 -5.891401117733896342e+01
7.967999999999998695e-02 -5.896883765963278279e+01
8.015999999999999515e-02 -5.895524020315437497e+01
8.063999999999998947e-02 -5.877353786969074179e+01
8.111999999999999766e-02 -5.897396089008438480e+01
8.159999999999999198e-02 -5.909393025974945601e+01
8.207999999999998630e-02 -5.903724141527415981e+01
8.255999999999999450e-02 -5.913916054662433197e+01
8.303999999999998882e-02 -5.946673464617080640e+01
8.351999999999999702e-02 -5.952265024330542786e+01
8.399999999999999134e-02 -5.944684777196578551e+01
8.447999999999999954e-02 -5.948373518020023454e+01
8.495999999999999386e-02 -5.938197421715415913e+01
8.543999999999998818e-02 -5.944995828998554543e+01
8.591999999999999638e-02 -5.950336614536372792e+01
8.639999999999999070e-02 -5.955466477288688765e+01
8.687999999999999889e-02 -5.992176400833363914e+01
8.735999999999999321e-02 -5.966245958931153126e+01
8.783999999999998753e-02 -5.955163335230636790e+01
8.831999999999999573e-02 -5.980888504258047078e+01
8.879999999999999005e-02 -5.962333976313332329e+01
8.927999999999999825e-02 -5.970136584853163697e+01
8.975999999999999257e-02 -5.976018232613127878e+01
9.023999999999998689e-02 -5.966648967214752020e+01
9.071999999999999509e-02 -5.982866000638719584e+01
9.119999999999998941e-02 -6.009148800245598210e+01
9.167999999999999761e-02 -6.015617562376989724e+01
9.215999999999999193e-02 -6.018005817324585394e+01
9.263999999999998625e-02 -6.044445909001608896e+01
9.311999999999999444e-02 -6.072548795639156793e+01
9.359999999999998876e-02 -6.061788471249827381e+01
9.407999999999999696e-02 -6.059731549030246356e+01
9.455999999999999128e-02 -6.030323995508292967e+01
9.503999999999998560e-02 -6.047935267425803829e+01
9.551999999999999380e-02 -6.089527682656007812e+01
9.599999999999998812e-02 -6.085030543482982068e+01
9.647999999999999632e-02 -6.078671791974223027e+01
9.695999999999999064e-02 -6.104804338497611838e+01
9.743999999999998496e-02 -6.050737845884007271e+01
9.791999999999999316e-02 -6.022084628443198540e+01
9.839999999999998748e-02 -6.047898486380987038e+01
9.887999999999999567e-02 -6.077759458161076367e+01
9.935999999999998999e-02 -6.066901823383852133e+01
9.983999999999998431e-02 -6.050754308954535077e+01
1.003199999999999925e-01 -6.065300879116152544e+01
1.007999999999999868e-01 -6.093588642013273926e+01
1.012799999999999950e-01 -6.105538250275572665e+01
1.017599999999999894e-01 -6.138712245423292302e+01
1.022399999999999975e-01 -6.174336441433751332e+01
1.027199999999999919e-01 -6.193880901573861308e+01
1.031999999999999862e-01 -6.219273733469526633e+01
1.036799999999999944e-01 -6.260628632479780720e+01
1.041599999999999887e-01 -6.306958178644335078e+01
1.046399999999999969e-01 -6.354489109974564087e+01
1.051199999999999912e-01 -6.426886404961413746e+01
1.055999999999999855e-01 -6.483898501385802149e+01
1.060799999999999937e-01 -6.507681695257276999e+01
1.065599999999999881e-01 -6.602265111579437473e+01
1.070399999999999963e-01 -6.706704442178525483e+01
1.075199999999999906e-01 -6.788494897050037480e+01
1.079999999999999849e-01 -6.881274543541381661e+01
1.084799999999999931e-01 -6.991919900826287915e+01
1.089599999999999874e-01 -7.098084907801715815e+01
1.094399999999999956e-01 -7.195780269254987616e+01
1.099199999999999899e-01 -7.301268389260249592e+01
1.103999999999999843e-01 -7.379857011072779471e+01
1.108799999999999925e-01 -7.470988133353492344e+01
1.113599999999999868e-01 -7.512469028135279814e+01
1.118399999999999950e-01 -7.567780849866684889e+01
1.123199999999999893e-01 -7.624633862357320879e+01
1.127999999999999836e-01 -7.596206009570599349e+01
1.132799999999999918e-01 -7.571659991734199480e+01
1.137599999999999861e-01 -7.612902882297854035e+01
1.142399999999999943e-01 -7.645660337050213684e+01
1.147199999999999886e-01 -7.666552802473933070e+01
1.151999999999999968e-01 -7.691069776110064993e+01
1.156799999999999912e-01 -7.699708472573308882e+01
1.161599999999999855e-01 -7.697147662438554505e+01
1.166399999999999937e-01 -7.701441836817893716e+01
1.171199999999999880e-01 -7.715794995419017255e+01
1.175999999999999962e-01 -7.705489943397212471e+01
1.180799999999999905e-01 -7.699343414015736187e+01
1.185599999999999848e-01 -7.733753098834598916e+01
1.190399999999999930e-01 -7.723455742207880803e+01
1.195199999999999874e-01 -7.685956407927162104e+01
1.199999999999999956e-01 -7.693798035758047149e+01
1.204799999999999899e-01 -7.704401498427526462e+01
1.209599999999999842e-01 -7.716685737021158786e+01
1.214399999999999924e-01 -7.737741711102864883e+01
1.219199999999999867e-01 -7.731685414630231890e+01
1.223999999999999949e-01 -7.700898655360829537e+01
