-1.228799999999999892e-01 -7.626457511177741821e+01
-1.223999999999999949e-01 -7.702092532434096483e+01
-1.219199999999999867e-01 -7.731600008551511394e+01
-1.214399999999999924e-01 -7.737510817503974181e+01
-1.209599999999999842e-01 -7.745235865582651513e+01
-1.204799999999999899e-01 -7.696793321146631683e+01
-1.199999999999999956e-01 -7.710522009527497289e+01
-1.195199999999999874e-01 -7.688740919917718486e+01
-1.190399999999999930e-01 -7.647252440450107258e+01
-1.185599999999999848e-01 -7.604011865219609945e+01
-1.180799999999999905e-01 -7.596010667323417920e+01
-1.175999999999999962e-01 -7.585215437313264886e+01
-1.171199999999999880e-01 -7.559352701288821663e+01
-1.166399999999999937e-01 -7.500462732777357644e+01
-1.161599999999999855e-01 -7.480002457465326415e+01
-1.156799999999999912e-01 -7.477569773048088564e+01
-1.151999999999999968e-01 -7.463227114289463771e+01
-1.147199999999999886e-01 -7.409804169644036165e+01
-1.142399999999999943e-01 -7.359333993571461008e+01
-1.137599999999999861e-01 -7.373310791943629283e+01
-1.132799999999999918e-01 -7.358582160956694906e+01
-1.127999999999999836e-01 -7.321855251811109611e+01
-1.123199999999999893e-01 -7.297774814759837625e+01
-1.118399999999999950e-01 -7.309586594800136083e+01
-1.113599999999999868e-01 -7.281037645092693822e+01
-1.108799999999999925e-01 -7.230002180311781501e+01
-1.103999999999999843e-01 -7.177743074887233377e+01
-1.099199999999999899e-01 -7.141420432800933327e+01
-1.094399999999999956e-01 -7.093385342296278395e+01
-1.089599999999999874e-01 -7.020207214418047670e+01
-1.084799999999999931e-01 -6.910093105740797625e+01
-1.079999999999999849e-01 -6.813299211357116292e+01
-1.075199999999999906e-01 -6.729186574066498849e+01
-1.070399999999999963e-01 -6.659447454871111916e+01
-1.065599999999999881e-01 -6.599029111665758762e+01
-1.060799999999999937e-01 -6.546575191622410728e+01
-1.055999999999999855e-01 -6.464123403424829917e+01
-1.051199999999999912e-01 -6.379154197280008276e+01
-1.046399999999999969e-01 -6.341821052451989971e+01
-1.041599999999999887e-01 -6.272587052319885714e+01
-1.036799999999999944e-01 -6.195789955321635034e+01
-1.031999999999999862e-01 -6.171156791934100738e+01
-1.027199999999999919e-01 -6.125808996732161660e+01
-1.022399999999999975e-01 -6.097815069146483324e+01
-1.017599999999999894e-01 -6.092634935059788148e+01
-1.012799999999999950e-01 -6.053362003858384810e+01
-1.007999999999999868e-01 -6.045060737566004150e+01
-1.003199999999999925e-01 -6.035986846680521012e+01
-9.983999999999998431e-02 -6.020538816031810825e+01
-9.935999999999998999e-02 -6.015850592311396383e+01
-9.887999999999999567e-02 -6.029038233709982109e+01
-9.839999999999998748e-02 -6.034975152641140994e+01
-9.791999999999999316e-02 -6.014344167404332353e+01
-9.743999999999998496e-02 -5.989311380903205873e+01
-9.695999999999999064e-02 -5.996687906696911341e+01
-9.647999999999999632e-02 -5.971137112351791387e+01
-9.599999999999998812e-02 -5.951307284349252313e+01
-9.551999999999999380e-02 -5.932962976314469472e+01
-9.503999999999998560e-02 -5.909213278849999540e+01
-9.455999999999999128e-02 -5.908704912976268986e+01
-9.407999999999999696e-02 -5.910405078751920627e+01
-9.359999999999998876e-02 -5.910869535499444538e+01
-9.311999999999999444e-02 -5.903436442905678661e+01
-9.263999999999998625e-02 -5.914893934116031460e+01
-9.215999999999999193e-02 -5.910665433701890947e+01
-9.167999999999999761e-02 -5.866583442490350819e+01
-9.119999999999998941e-02 -5.853493506586530515e+01
-9.071999999999999509e-02 -5.846953266664592519e+01
-9.023999999999998689e-02 -5.838968833464760166e+01
-8.975999999999999257e-02 -5.846355652398506209e+01
-8.927999999999999825e-02 -5.833710274470522705e+01
-8.879999999999999005e-02 -5.840668866136188342e+01
-8.831999999999999573e-02 -5.811353805513712700e+01
-8.783999999999998753e-02 -5.787193223152578980e+01
-8.735999999999999321e-02 -5.800854402582196911e+01
-8.687999999999999889e-02 -5.783066074565715553e+01
-8.639999999999999070e-02 -5.780573205089491751e+01
-8.591999999999999638e-02 -5.762798905620867629e+01
-8.543999999999998818e-02 -5.739521196047118679e+01
-8.495999999999999386e-02 -5.756518403720186683e+01
-8.447999999999999954e-02 -5.759656267168112009e+01
-8.399999999999999134e-02 -5.741119395923122681e+01
-8.351999999999999702e-02 -5.733076645778511704e+01
-8.303999999999998882e-02 -5.718921797189798895e+01
-8.255999999999999450e-02 -5.683574572034001449e+01
-8.207999999999998630e-02 -5.706624054668956347e+01
-8.159999999999999198e-02 -5.714179156735960419e+01
-8.111999999999999766e-02 -5.700710550349861450e+01
-8.063999999999998947e-02 -5.680611639737118423e+01
-8.015999999999999515e-02 -5.671634326937994786e+01
-7.967999999999998695e-02 -5.682417988551875965e+01
-7.919999999999999263e-02 -5.665581058316266194e+01
-7.871999999999999831e-02 -5.659819196098682426e+01
-7.823999999999999011e-02 -5.659339068978333387e+01
-7.775999999999999579e-02 -5.652639326666309927e+01
-7.727999999999998759e-02 -5.632732063467955896e+01
-7.679999999999999327e-02 -5.633732314681377318e+01
-7.631999999999999895e-02 -5.603958258601969789e+01
-7.583999999999999075e-02 -5.593893974830749727e+01
-7.535999999999999643e-02 -5.582581163848099948e+01
-7.487999999999998824e-02 -5.553084306836482398e+01
-7.439999999999999392e-02 -5.557751387420545086e+01
-7.391999999999999960e-02 -5.548514437471988003e+01
-7.343999999999999140e-02 -5.550391310243166743e+01
-7.295999999999999708e-02 -5.545037891516274442e+01
-7.247999999999998888e-02 -5.526879198466315302e+01
-7.199999999999999456e-02 -5.538202931033101351e+01
-7.152000000000000024e-02 -5.535067393832261473e+01
-7.103999999999999204e-02 -5.546800815941465856e+01
-7.055999999999999772e-02 -5.557667799679825293e+01
-7.007999999999998952e-02 -5.560877377898371776e+01
-6.959999999999999520e-02 -5.529485707386291438e+01
-6.911999999999998701e-02 -5.504525975445303487e+01
-6.863999999999999269e-02 -5.489506566498378248e+01
-6.815999999999999837e-02 -5.499499601543565319e+01
-6.767999999999999017e-02 -5.520174829666898120e+01
-6.719999999999999585e-02 -5.518234111316934332e+01
-6.671999999999998765e-02 -5.464048834779581654e+01
-6.623999999999999333e-02 -5.430873139964901952e+01
-6.575999999999999901e-02 -5.453795068180411931e+01
-6.527999999999999081e-02 -5.450168039023658650e+01
-6.479999999999999649e-02 -5.437930431958309896e+01
-6.431999999999998829e-02 -5.455480838513161501e+01
-6.383999999999999397e-02 -5.428200411799812741e+01
-6.335999999999999965e-02 -5.406450050044477962e+01
-6.287999999999999146e-02 -5.375363173028241448e+01
-6.239999999999999714e-02 -5.347020329671212835e+01
-6.191999999999999588e-02 -5.357004174756444570e+01
-6.143999999999999462e-02 -5.340343988929750196e+01
-6.095999999999999336e-02 -5.347837708331336160e+01
-6.047999999999999210e-02 -5.364018067907882426e+01
-5.999999999999999778e-02 -5.340170962011125511e+01
-5.951999999999999652e-02 -5.280555971335375176e+01
-5.903999999999999526e-02 -5.270918670438473441e+01
-5.855999999999999400e-02 -5.265797843555874636e+01
-5.807999999999999274e-02 -5.266476268225567026e+01
-5.759999999999999842e-02 -5.263087904654035043e+01
-5.711999999999999716e-02 -5.238135649216108192e+01
-5.663999999999999591e-02 -5.237674013545364460e+01
-5.615999999999999465e-02 -5.234137241449214883e+01
-5.567999999999999339e-02 -5.218737036706089327e+01
-5.519999999999999213e-02 -5.209498213924089072e+01
-5.471999999999999781e-02 -5.181573319428707691e+01
-5.423999999999999655e-02 -5.194235198811348653e+01
-5.375999999999999529e-02 -5.223825676839492615e+01
-5.327999999999999403e-02 -5.201034515297777716e+01
-5.279999999999999277e-02 -5.153977793673384156e+01
-5.231999999999999845e-02 -5.146724122158381221e+01
-5.183999999999999719e-02 -5.162556802845745807e+01
-5.135999999999999593e-02 -5.180703871454613818e+01
-5.087999999999999468e-02 -5.157515053324225818e+01
-5.039999999999999342e-02 -5.140698991451649391e+01
-4.991999999999999216e-02 -5.109451344506660320e+01
-4.943999999999999784e-02 -5.109586738277899087e+01
-4.895999999999999658e-02 -5.121506006263764021e+01
-4.847999999999999532e-02 -5.107373415793983185e+01
-4.799999999999999406e-02 -5.080623413043920777e+01
-4.751999999999999280e-02 -5.065506681362739982e+01
-4.703999999999999848e-02 -5.056565513070911067e+01
-4.655999999999999722e-02 -5.063417110121581288e+01
-4.607999999999999596e-02 -5.058858694327517469e+01
-4.559999999999999470e-02 -5.062456325376331989e+01
-4.511999999999999345e-02 -5.056455602319802267e+01
-4.463999999999999913e-02 -5.072184353160022141e+01
-4.415999999999999787e-02 -5.078719764734384512e+01
-4.367999999999999661e-02 -5.026516315340316510e+01
-4.319999999999999535e-02 -4.986048276733104245e+01
-4.271999999999999409e-02 -5.003516619524663867e+01
-4.223999999999999977e-02 -5.007125008561729373e+01
-4.175999999999999851e-02 -5.004674263590879235e+01
-4.127999999999999725e-02 -4.994778421286274295e+01
-4.079999999999999599e-02 -4.986324698608241590e+01
-4.031999999999999473e-02 -4.964359162813408943e+01
-3.983999999999999347e-02 -4.954705112137207834e+01
-3.935999999999999915e-02 -4.968813426456304683e+01
-3.887999999999999790e-02 -4.945806865399394070e+01
-3.839999999999999664e-02 -4.944235307406572844e+01
-3.791999999999999538e-02 -4.918714166034655477e+01
-3.743999999999999412e-02 -4.895188539919107740e+01
-3.695999999999999980e-02 -4.878944347632406675e+01
-3.647999999999999854e-02 -4.906537730145346643e+01
-3.599999999999999728e-02 -4.920175158853736264e+01
-3.551999999999999602e-02 -4.904333870083353020e+01
-3.503999999999999476e-02 -4.875138389189955035e+01
-3.455999999999999350e-02 -4.874430641897055239e+01
-3.407999999999999918e-02 -4.858738431333674157e+01
-3.359999999999999792e-02 -4.846352441994807236e+01
-3.311999999999999666e-02 -4.852392009889751989e+01
-3.263999999999999541e-02 -4.836442009150052002e+01
-3.215999999999999415e-02 -4.825778861567378897e+01
-3.167999999999999983e-02 -4.809480990058305139e+01
-3.119999999999999857e-02 -4.816471554567936408e+01
-3.071999999999999731e-02 -4.815890423021951960e+01
-3.023999999999999605e-02 -4.808156328932995649e+01
-2.975999999999999826e-02 -4.795377971781586979e+01
-2.927999999999999700e-02 -4.773140218955176550e+01
-2.879999999999999921e-02 -4.747394963727992234e+01
-2.831999999999999795e-02 -4.741457777458524703e+01
-2.783999999999999669e-02 -4.760376227424811191e+01
-2.735999999999999890e-02 -4.774739215692828509e+01
-2.687999999999999765e-02 -4.723102386058990731e+01
-2.639999999999999639e-02 -4.705771137544140004e+01
-2.591999999999999860e-02 -4.693773449780877627e+01
-2.543999999999999734e-02 -4.665669503654000749e+01
-2.495999999999999608e-02 -4.683283297106261500e+01
-2.447999999999999829e-02 -4.681234430675143443e+01
-2.399999999999999703e-02 -4.654736654579245680e+01
-2.351999999999999924e-02 -4.645020967587995386e+01
-2.303999999999999798e-02 -4.629488063218927607e+01
-2.255999999999999672e-02 -4.600549440770261356e+01
-2.207999999999999893e-02 -4.579407973431499812e+01
-2.159999999999999767e-02 -4.571782847036676145e+01
-2.111999999999999988e-02 -4.549965401402491239e+01
-2.063999999999999863e-02 -4.521885551322555585e+01
-2.015999999999999737e-02 -4.503223822332550697e+01
-1.967999999999999958e-02 -4.464039745895910727e+01
-1.919999999999999832e-02 -4.462836947608806781e+01
-1.871999999999999706e-02 -4.441086264617781154e+01
-1.823999999999999927e-02 -4.383538021606377555e+01
-1.775999999999999801e-02 -4.349856695759562797e+01
-1.727999999999999675e-02 -4.343606486781065712e+01
-1.679999999999999896e-02 -4.318684678696271106e+01
-1.631999999999999770e-02 -4.277016043893465280e+01
-1.583999999999999991e-02 -4.243709511640496856e+01
-1.535999999999999865e-02 -4.224890802268709677e+01
-1.487999999999999913e-02 -4.171361278378230963e+01
-1.439999999999999961e-02 -4.137145745946399700e+01
-1.391999999999999835e-02 -4.126796475826813548e+01
-1.343999999999999882e-02 -4.115216797645555857e+01
-1.295999999999999930e-02 -4.085085351152714139e+01
-1.247999999999999804e-02 -4.046382505744306002e+01
-1.199999999999999852e-02 -3.884501827138721097e+01
-1.151999999999999899e-02 -3.611581243701022004e+01
-1.103999999999999947e-02 -3.257189610258664914e+01
-1.055999999999999994e-02 -2.196200430565610162e+01
-1.007999999999999868e-02 -4.065348435958174633e+00
-9.599999999999999159e-03 4.297869907457653404e+00
-9.119999999999999635e-03 6.912895000970664228e+00
-8.639999999999998376e-03 7.128615419496485472e+00
-8.159999999999998851e-03 7.144248114059480237e+00
-7.679999999999999327e-03 7.326763829017090224e+00
-7.199999999999999803e-03 7.428932733993825366e+00
-6.719999999999999411e-03 7.278755747574249035e+00
-6.239999999999999020e-03 7.327033086409681317e+00
-5.759999999999999495e-03 7.484511326386406260e+00
-5.279999999999999971e-03 7.465949691323917392e+00
-4.799999999999999580e-03 7.493501101400555697e+00
-4.319999999999999188e-03 7.286222259302364890e+00
-3.839999999999999664e-03 7.186391781461312078e+00
-3.359999999999999706e-03 7.191730580730019362e+00
-2.879999999999999748e-03 7.183371681355311900e+00
-2.399999999999999790e-03 7.313606386300492090e+00
-1.919999999999999832e-03 7.306641955421517842e+00
-1.439999999999999874e-03 7.314560689704087793e+00
-9.599999999999999159e-04 7.372704478531915129e+00
-4.799999999999999580e-04 7.266307665524895931e+00
0.000000000000000000e+00 7.203075206402217212e+00
4.799999999999999580e-04 7.408927010123545820e+00
9.599999999999999159e-04 7.790713685325406423e+00
1.439999999999999874e-03 7.452903343218504340e+00
1.919999999999999832e-03 7.102983467642949300e+00
2.399999999999999790e-03 7.319392639339571183e+00
2.879999999999999748e-03 7.478031429219815784e+00
3.359999999999999706e-03 7.637320831229437168e+00
3.839999999999999664e-03 7.399555897090362322e+00
4.319999999999999188e-03 7.096483230577852908e+00
4.799999999999999580e-03 7.154073715352597063e+00
5.279999999999999971e-03 7.248954175901562991e+00
5.759999999999999495e-03 7.252490315148456546e+00
6.239999999999999020e-03 7.166795981195792642e+00
6.719999999999999411e-03 7.219500237116626806e+00
7.199999999999999803e-03 7.333358417063921664e+00
7.679999999999999327e-03 7.118873558121240563e+00
8.159999999999998851e-03 7.168418458435008134e+00
8.639999999999998376e-03 7.254406082083699303e+00
9.119999999999999635e-03 6.925374275611112296e+00
9.599999999999999159e-03 4.197845893110571325e+00
1.007999999999999868e-02 -4.304649416142592777e+00
1.055999999999999994e-02 -2.211519249861335723e+01
1.103999999999999947e-02 -3.197719337062029865e+01
1.151999999999999899e-02 -3.598260546725880715e+01
1.199999999999999852e-02 -3.874274001606799800e+01
1.247999999999999804e-02 -4.036530046069781719e+01
1.295999999999999930e-02 -4.144013688489149416e+01
1.343999999999999882e-02 -4.203868215513223561e+01
1.391999999999999835e-02 -4.213125114288815354e+01
1.439999999999999961e-02 -4.230613243787285427e+01
1.487999999999999913e-02 -4.270402106890014693e+01
1.535999999999999865e-02 -4.316447874826722853e+01
1.583999999999999991e-02 -4.354843463908233048e+01
1.631999999999999770e-02 -4.378663854175457715e+01
1.679999999999999896e-02 -4.437238894568562131e+01
1.727999999999999675e-02 -4.494020406080069563e+01
1.775999999999999801e-02 -4.534722115338322368e+01
1.823999999999999927e-02 -4.551410962996424558e+01
1.871999999999999706e-02 -4.569963811560392486e+01
1.919999999999999832e-02 -4.603419306071331363e+01
1.967999999999999958e-02 -4.637777614993498787e+01
2.015999999999999737e-02 -4.677942779782335947e+01
2.063999999999999863e-02 -4.684510872054811870e+01
2.111999999999999988e-02 -4.685647665632079395e+01
2.159999999999999767e-02 -4.713127167121400873e+01
2.207999999999999893e-02 -4.705673254535730621e+01
2.255999999999999672e-02 -4.717501816160633865e+01
2.303999999999999798e-02 -4.723695440579353999e+01
2.351999999999999924e-02 -4.740782242061759177e+01
2.399999999999999703e-02 -4.776627195016853022e+01
2.447999999999999829e-02 -4.784768394528527580e+01
2.495999999999999608e-02 -4.787872522055845792e+01
2.543999999999999734e-02 -4.815137867087906187e+01
2.591999999999999860e-02 -4.817714600892011845e+01
2.639999999999999639e-02 -4.822980067253448055e+01
2.687999999999999765e-02 -4.852929258256793332e+01
2.735999999999999890e-02 -4.879597765997456094e+01
2.783999999999999669e-02 -4.894076012188491376e+01
2.831999999999999795e-02 -4.910583085947426696e+01
2.879999999999999921e-02 -4.931183386877130204e+01
2.927999999999999700e-02 -4.916050443981109908e+01
2.975999999999999826e-02 -4.909174685376229519e+01
3.023999999999999605e-02 -4.926830572159751398e+01
3.071999999999999731e-02 -4.976204920030336609e+01
3.119999999999999857e-02 -4.943654768433692936e+01
3.167999999999999983e-02 -4.914314567603314288e+01
3.215999999999999415e-02 -4.934970895934163337e+01
3.263999999999999541e-02 -4.971397369736030925e+01
3.311999999999999666e-02 -5.013863133940180461e+01
3.359999999999999792e-02 -5.062657623620979308e+01
3.407999999999999918e-02 -5.037556741036988228e+01
3.455999999999999350e-02 -5.021032530368686508e+01
3.503999999999999476e-02 -5.035557040057853584e+01
3.551999999999999602e-02 -5.022648715983184786e+01
3.599999999999999728e-02 -5.038116986835957789e+01
3.647999999999999854e-02 -5.055036330767926955e+01
3.695999999999999980e-02 -5.065535230556615431e+01
3.743999999999999412e-02 -5.091036750582994586e+01
3.791999999999999538e-02 -5.075557204345220441e+01
3.839999999999999664e-02 -5.083615389781756733e+01
3.887999999999999790e-02 -5.106678200840587323e+01
3.935999999999999915e-02 -5.094395275313573279e+01
3.983999999999999347e-02 -5.137202042010086700e+01
4.031999999999999473e-02 -5.161467438330614499e+01
4.079999999999999599e-02 -5.159047035213995258e+01
4.127999999999999725e-02 -5.159100798679317990e+01
4.175999999999999851e-02 -5.167342091949957705e+01
4.223999999999999977e-02 -5.192347588481619880e+01
4.271999999999999409e-02 -5.204528561825519972e+01
4.319999999999999535e-02 -5.178581009618824282e+01
4.367999999999999661e-02 -5.168697132623780988e+01
4.415999999999999787e-02 -5.198030391775225212e+01
4.463999999999999913e-02 -5.216822379479771143e+01
4.511999999999999345e-02 -5.219941144638950448e+01
4.559999999999999470e-02 -5.215573611787804253e+01
4.607999999999999596e-02 -5.236264688480667218e+01
4.655999999999999722e-02 -5.258634351394921680e+01
4.703999999999999848e-02 -5.270378320459941079e+01
4.751999999999999280e-02 -5.296313231974407643e+01
4.799999999999999406e-02 -5.308029743979952286e+01
4.847999999999999532e-02 -5.297499370063425772e+01
4.895999999999999658e-02 -5.295645998516182829e+01
4.943999999999999784e-02 -5.317770113840686719e+01
4.991999999999999216e-02 -5.334013051956262785e+01
5.039999999999999342e-02 -5.332019634339768999e+01
5.087999999999999468e-02 -5.338202418598764609e+01
5.135999999999999593e-02 -5.352411040844188506e+01
5.183999999999999719e-02 -5.345346721983695915e+01
5.231999999999999845e-02 -5.354690646137701293e+01
5.279999999999999277e-02 -5.355319255798639944e+01
5.327999999999999403e-02 -5.365795610702018337e+01
5.375999999999999529e-02 -5.354559740305266047e+01
5.423999999999999655e-02 -5.352526548754900659e+01
5.471999999999999781e-02 -5.366018349222463257e+01
5.519999999999999213e-02 -5.400197615221473058e+01
5.567999999999999339e-02 -5.417486443691429088e+01
5.615999999999999465e-02 -5.415079691715045840e+01
5.663999999999999591e-02 -5.445896488757725251e+01
5.711999999999999716e-02 -5.479743723945254885e+01
5.759999999999999842e-02 -5.471501168733854570e+01
5.807999999999999274e-02 -5.489773127975054479e+01
5.855999999999999400e-02 -5.493411274742034323e+01
5.903999999999999526e-02 -5.475718271575680518e+01
5.951999999999999652e-02 -5.479700101744845853e+01
5.999999999999999778e-02 -5.524980129165793130e+01
6.047999999999999210e-02 -5.516067624864898988e+01
6.095999999999999336e-02 -5.528917789369739921e+01
6.143999999999999462e-02 -5.544076385295922904e+01
6.191999999999999588e-02 -5.525240139756740376e+01
6.239999999999999714e-02 -5.540322265187765538e+01
6.287999999999999146e-02 -5.542740046579886837e+01
6.335999999999999965e-02 -5.590494361237026766e+01
6.383999999999999397e-02 -5.607064314068770727e+01
6.431999999999998829e-02 -5.588259643275017652e+01
6.479999999999999649e-02 -5.591885200606793660e+01
6.527999999999999081e-02 -5.628579837861424551e+01
6.575999999999999901e-02 -5.644977382984053804e+01
6.623999999999999333e-02 -5.652895118795518670e+01
6.671999999999998765e-02 -5.653068810179892978e+01
6.719999999999999585e-02 -5.653952779358504444e+01
6.767999999999999017e-02 -5.677058754282346342e+01
6.815999999999999837e-02 -5.714929732513184035e+01
6.863999999999999269e-02 -5.724702983344658946e+01
6.911999999999998701e-02 -5.731406292145466352e+01
6.959999999999999520e-02 -5.740546220679381406e+01
7.007999999999998952e-02 -5.737464653849656315e+01
7.055999999999999772e-02 -5.741544769560006500e+01
7.103999999999999204e-02 -5.772621979042867224e+01
7.152000000000000024e-02 -5.757143587473858304e+01
7.199999999999999456e-02 -5.732554775278170922e+01
7.247999999999998888e-02 -5.728220103797780638e+01
7.295999999999999708e-02 -5.762449853991316218e+01
7.343999999999999140e-02 -5.805522943423186177e+01
7.391999999999999960e-02 -5.783131687537843391e+01
7.439999999999999392e-02 -5.780388724953833446e+01
7.487999999999998824e-02 -5.792606951890103772e+01
7.535999999999999643e-02 -5.797627995010362412e+01
7.583999999999999075e-02 -5.825206521958545380e+01
7.631999999999999895e-02 -5.841051482146184526e+01
7.679999999999999327e-02 -5.869863586653810472e+01
7.727999999999998759e-02 -5.864552327520021890e+01
7.775999999999999579e-02 -5.846745307363599409e+01
7.823999999999999011e-02 -5.855546552834347551e+01
7.871999999999999831e-02 -5.869909579597590010e+01
7.919999999999999263e-02 -5.892142903594458403e+01
7.967999999999998695e-02 -5.903249699596351263e+01
8.015999999999999515e-02 -5.921079127241699780e+01
8.063999999999998947e-02 -5.904759094596609259e+01
8.111999999999999766e-02 -5.910066108494738302e+01
8.159999999999999198e-02 -5.913910274995630800e+01
8.207999999999998630e-02 -5.909910604841955006e+01
8.255999999999999450e-02 -5.912224871458128206e+01
8.303999999999998882e-02 -5.920130341349339176e+01
8.351999999999999702e-02 -5.933689009512360002e+01
8.399999999999999134e-02 -5.941483065025429511e+01
8.447999999999999954e-02 -5.934138102481634292e+01
8.495999999999999386e-02 -5.931793066194171615e+01
8.543999999999998818e-02 -5.935281719831796465e+01
8.591999999999999638e-02 -5.945230132031184667e+01
8.639999999999999070e-02 -5.952795388656898012e+01
8.687999999999999889e-02 -5.971594199285868143e+01
8.735999999999999321e-02 -5.968813094355688520e+01
8.783999999999998753e-02 -5.975744858755186328e+01
8.831999999999999573e-02 -6.006610785045242551e+01
8.879999999999999005e-02 -6.017881179793535296e+01
8.927999999999999825e-02 -6.006603949247995189e+01
8.975999999999999257e-02 -5.972590043675830884e+01
9.023999999999998689e-02 -5.974877029815984741e+01
9.071999999999999509e-02 -5.983957392158067279e+01
9.119999999999998941e-02 -5.995872032637769422e+01
9.167999999999999761e-02 -6.010168665662974519e+01
9.215999999999999193e-02 -5.993094350006856530e+01
9.263999999999998625e-02 -6.006336704934368242e+01
9.311999999999999444e-02 -6.043154175313311072e+01
9.359999999999998876e-02 -6.035608312370594319e+01
9.407999999999999696e-02 -6.056551387528806174e+01
9.455999999999999128e-02 -6.041922552171704552e+01
9.503999999999998560e-02 -6.048540290079499471e+01
9.551999999999999380e-02 -6.077981428086602733e+01
9.599999999999998812e-02 -6.067835622844982879e+01
9.647999999999999632e-02 -6.026924162709534016e+01
9.695999999999999064e-02 -6.030964873950740213e+01
9.743999999999998496e-02 -6.029757127488254298e+01
9.791999999999999316e-02 -6.032383575619468274e+01
9.839999999999998748e-02 -6.039391621041714586e+01
9.887999999999999567e-02 -6.059377357603280245e+01
9.935999999999998999e-02 -6.076044140028868412e+01
9.983999999999998431e-02 -6.066965217582777825e+01
1.003199999999999925e-01 -6.074021389470817667e+01
1.007999999999999868e-01 -6.099973893275962666e+01
1.012799999999999950e-01 -6.120604925650754069e+01
1.017599999999999894e-01 -6.160415909097534382e+01
1.022399999999999975e-01 -6.189684437263865391e+01
1.027199999999999919e-01 -6.200107501786996522e+01
1.031999999999999862e-01 -6.220375179524268106e+01
1.036799999999999944e-01 -6.248595853015843460e+01
1.041599999999999887e-01 -6.293976932763823129e+01
1.046399999999999969e-01 -6.348242731889051527e+01
1.051199999999999912e-01 -6.419485347562215338e+01
1.055999999999999855e-01 -6.481985331250648130e+01
1.060799999999999937e-01 -6.509599645814438418e+01
1.065599999999999881e-01 -6.581542982573135703e+01
1.070399999999999963e-01 -6.692946150609435563e+01
1.075199999999999906e-01 -6.797822682866251398e+01
1.079999999999999849e-01 -6.894013074248962880e+01
1.084799999999999931e-01 -7.012256235712578700e+01
1.089599999999999874e-01 -7.098455228288207763e+01
1.094399999999999956e-01 -7.166458387190951385e+01
1.099199999999999899e-01 -7.283214962325142494e+01
1.103999999999999843e-01 -7.377733958317710972e+01
1.108799999999999925e-01 -7.453885303665930451e+01
1.113599999999999868e-01 -7.536806923292414240e+01
1.118399999999999950e-01 -7.604994193576706607e+01
1.123199999999999893e-01 -7.633073817291415253e+01
1.127999999999999836e-01 -7.640969970384180954e+01
1.132799999999999918e-01 -7.663404762658556990e+01
1.137599999999999861e-01 -7.676710355472187075e+01
1.142399999999999943e-01 -7.680713557313137585e+01
1.147199999999999886e-01 -7.707095355775693690e+01
1.151999999999999968e-01 -7.733673450502050173e+01
1.156799999999999912e-01 -7.733520499038532137e+01
1.161599999999999855e-01 -7.738916176747314069e+01
1.166399999999999937e-01 -7.761038842237820745e+01
1.171199999999999880e-01 -7.773857036742884929e+01
1.175999999999999962e-01 -7.772016602803745400e+01
1.180799999999999905e-01 -7.767416580258921499e+01
1.185599999999999848e-01 -7.803560816144882040e+01
1.190399999999999930e-01 -7.805964193771364990e+01
1.195199999999999874e-01 -7.799604686973887624e+01
1.199999999999999956e-01 -7.825478847901442236e+01
1.204799999999999899e-01 -7.823493865132105896e+01
1.209599999999999842e-01 -7.814906398707510959e+01
1.214399999999999924e-01 -7.803807672257502759e+01
1.219199999999999867e-01 -7.773998319904099219e+01
1.223999999999999949e-01 -7.717641696979714538e+01
