-1.228799999999999955e+02 -9.710884240997859251e+01
-1.223999999999999915e+02 -9.743253853686005073e+01
-1.219200000000000017e+02 -9.794995035634516967e+01
-1.214399999999999977e+02 -9.802490175183345400e+01
-1.209599999999999937e+02 -9.813875606561205700e+01
-1.204799999999999898e+02 -9.770998242194666261e+01
-1.200000000000000000e+02 -9.796462587838033187e+01
-1.195199999999999960e+02 -9.782347557323973319e+01
-1.190399999999999920e+02 -9.726613952222011505e+01
-1.185600000000000023e+02 -9.693878168850218913e+01
-1.180799999999999983e+02 -9.693092074584373563e+01
-1.175999999999999943e+02 -9.667092691551785322e+01
-1.171199999999999903e+02 -9.642745283401521306e+01
-1.166400000000000006e+02 -9.615437261825042015e+01
-1.161599999999999966e+02 -9.604420909229075676e+01
-1.156799999999999926e+02 -9.610026573403631289e+01
-1.151999999999999886e+02 -9.585382624929982853e+01
-1.147199999999999989e+02 -9.537767621088522674e+01
-1.142399999999999949e+02 -9.509582781543620911e+01
-1.137599999999999909e+02 -9.523478490766321158e+01
-1.132800000000000011e+02 -9.507001916883793058e+01
-1.127999999999999972e+02 -9.475106653617011432e+01
-1.123199999999999932e+02 -9.471450915648753721e+01
-1.118399999999999892e+02 -9.499831296510524226e+01
-1.113599999999999994e+02 -9.495824348401023940e+01
-1.108799999999999955e+02 -9.478564269379194229e+01
-1.103999999999999915e+02 -9.474081622704017036e+01
-1.099200000000000017e+02 -9.479567660345578872e+01
-1.094399999999999977e+02 -9.473700272672110145e+01
-1.089599999999999937e+02 -9.438889523793655201e+01
-1.084799999999999898e+02 -9.381668305048034995e+01
-1.080000000000000000e+02 -9.304563327288886398e+01
-1.075199999999999960e+02 -9.230643384725873091e+01
-1.070399999999999920e+02 -9.191086034021881801e+01
-1.065600000000000023e+02 -9.142318568551161206e+01
-1.060799999999999983e+02 -9.084138938243822281e+01
-1.055999999999999943e+02 -9.004347755899294725e+01
-1.051199999999999903e+02 -8.919474303739855259e+01
-1.046400000000000006e+02 -8.856732554089779796e+01
-1.041599999999999966e+02 -8.777311867018670455e+01
-1.036799999999999926e+02 -8.727654070759875538e+01
-1.032000000000000028e+02 -8.720823920765289472e+01
-1.027199999999999989e+02 -8.658336868464300551e+01
-1.022399999999999949e+02 -8.618207275299019443e+01
-1.017599999999999909e+02 -8.611450780895268053e+01
-1.012800000000000011e+02 -8.581164378316421448e+01
-1.007999999999999972e+02 -8.575655468152879735e+01
-1.003199999999999932e+02 -8.563703241925161080e+01
-9.984000000000000341e+01 -8.559694706652007312e+01
-9.935999999999999943e+01 -8.558574294547250361e+01
-9.887999999999999545e+01 -8.570462178174258838e+01
-9.839999999999999147e+01 -8.567669021953273045e+01
-9.792000000000000171e+01 -8.529662688476400945e+01
-9.743999999999999773e+01 -8.505789862798906142e+01
-9.695999999999999375e+01 -8.516040734463574324e+01
-9.647999999999998977e+01 -8.495679868823081904e+01
-9.600000000000000000e+01 -8.477591018676760370e+01
-9.551999999999999602e+01 -8.474608295987351880e+01
-9.503999999999999204e+01 -8.453907698681005911e+01
-9.456000000000000227e+01 -8.455463404338509292e+01
-9.407999999999999829e+01 -8.456995946663418806e+01
-9.359999999999999432e+01 -8.455812927196375028e+01
-9.311999999999999034e+01 -8.462037305253245734e+01
-9.264000000000000057e+01 -8.466732329200209506e+01
-9.215999999999999659e+01 -8.441375948525021045e+01
-9.167999999999999261e+01 -8.405575756073950799e+01
-9.120000000000000284e+01 -8.396075159657172549e+01
-9.071999999999999886e+01 -8.388224573938663298e+01
-9.023999999999999488e+01 -8.368812467552982071e+01
-8.975999999999999091e+01 -8.378654812471467039e+01
-8.928000000000000114e+01 -8.359676844952781494e+01
-8.879999999999999716e+01 -8.358032020425349629e+01
-8.831999999999999318e+01 -8.337940093379748419e+01
-8.784000000000000341e+01 -8.313121071967447051e+01
-8.735999999999999943e+01 -8.328927995313925692e+01
-8.687999999999999545e+01 -8.294176329271138570e+01
-8.639999999999999147e+01 -8.286217207932327256e+01
-8.592000000000000171e+01 -8.274647414419440850e+01
-8.543999999999999773e+01 -8.259363435056306457e+01
-8.495999999999999375e+01 -8.277542624941102645e+01
-8.447999999999998977e+01 -8.280369066299280689e+01
-8.400000000000000000e+01 -8.259453012602938315e+01
-8.351999999999999602e+01 -8.264158446717233630e+01
-8.303999999999999204e+01 -8.261418168145750940e+01
-8.256000000000000227e+01 -8.233303598219481501e+01
-8.207999999999999829e+01 -8.236053915534324688e+01
-8.159999999999999432e+01 -8.231605749308160114e+01
-8.111999999999999034e+01 -8.220742703351791647e+01
-8.064000000000000057e+01 -8.223562012792770304e+01
-8.015999999999999659e+01 -8.238931854091401874e+01
-7.967999999999999261e+01 -8.255217621828487040e+01
-7.920000000000000284e+01 -8.241875572622544155e+01
-7.871999999999999886e+01 -8.232172362894519324e+01
-7.823999999999999488e+01 -8.218380148616500946e+01
-7.775999999999999091e+01 -8.218152301827248607e+01
-7.728000000000000114e+01 -8.208230645667748604e+01
-7.679999999999999716e+01 -8.209594967558301448e+01
-7.631999999999999318e+01 -8.167764629475774996e+01
-7.584000000000000341e+01 -8.179233720957111586e+01
-7.535999999999999943e+01 -8.183680332656530254e+01
-7.487999999999999545e+01 -8.154139324056984606e+01
-7.439999999999999147e+01 -8.157508166913622460e+01
-7.392000000000000171e+01 -8.149442405260622024e+01
-7.343999999999999773e+01 -8.156505366465965778e+01
-7.295999999999999375e+01 -8.162469956101624291e+01
-7.248000000000000398e+01 -8.144052256016311730e+01
-7.200000000000000000e+01 -8.132761014712502856e+01
-7.151999999999999602e+01 -8.138286001964030447e+01
-7.103999999999999204e+01 -8.154371505164112932e+01
-7.056000000000000227e+01 -8.156282122583719740e+01
-7.007999999999999829e+01 -8.163570132176084826e+01
-6.959999999999999432e+01 -8.156266317615813932e+01
-6.912000000000000455e+01 -8.138777240091478404e+01
-6.864000000000000057e+01 -8.124914984707203303e+01
-6.815999999999999659e+01 -8.124509698221416443e+01
-6.767999999999999261e+01 -8.153796748141182604e+01
-6.720000000000000284e+01 -8.149565840764927316e+01
-6.671999999999999886e+01 -8.120450905274894637e+01
-6.623999999999999488e+01 -8.125306806432772078e+01
-6.575999999999999091e+01 -8.129866167294292723e+01
-6.528000000000000114e+01 -8.095945326747633430e+01
-6.479999999999999716e+01 -8.094581080108795845e+01
-6.431999999999999318e+01 -8.130283392839220369e+01
-6.383999999999999631e+01 -8.120513668416919018e+01
-6.335999999999999943e+01 -8.100529088750451479e+01
-6.287999999999999545e+01 -8.056880557585559188e+01
-6.239999999999999858e+01 -8.038589171604478167e+01
-6.191999999999999460e+01 -8.066297298410029271e+01
-6.143999999999999773e+01 -8.084454027167809897e+01
-6.096000000000000085e+01 -8.093109693198255172e+01
-6.047999999999999687e+01 -8.097866738076852755e+01
-6.000000000000000000e+01 -8.064495007904301360e+01
-5.951999999999999602e+01 -8.021808201196168397e+01
-5.903999999999999915e+01 -8.025770796422619924e+01
-5.855999999999999517e+01 -8.034114288673688975e+01
-5.807999999999999829e+01 -8.039206632988393153e+01
-5.759999999999999432e+01 -8.029887582102870169e+01
-5.711999999999999744e+01 -8.015781156393563833e+01
-5.664000000000000057e+01 -8.025773971897356773e+01
-5.615999999999999659e+01 -8.019443895764651131e+01
-5.567999999999999972e+01 -7.998767740286834282e+01
-5.519999999999999574e+01 -8.006099563631732963e+01
-5.471999999999999886e+01 -8.003866387816857753e+01
-5.423999999999999488e+01 -8.008552624164735789e+01
-5.375999999999999801e+01 -8.013169879738300949e+01
-5.328000000000000114e+01 -7.995608149769002182e+01
-5.279999999999999716e+01 -7.976614094983075631e+01
-5.232000000000000028e+01 -7.985649808199367783e+01
-5.183999999999999631e+01 -7.985771948368797268e+01
-5.135999999999999943e+01 -7.996015265868389577e+01
-5.087999999999999545e+01 -7.979274613348569289e+01
-5.039999999999999858e+01 -7.958399559534571210e+01
-4.992000000000000171e+01 -7.974598142532020972e+01
-4.943999999999999773e+01 -7.953786030887420111e+01
-4.896000000000000085e+01 -7.939849379703784393e+01
-4.847999999999999687e+01 -7.947154164310438773e+01
-4.800000000000000000e+01 -7.935135777903832377e+01
-4.751999999999999602e+01 -7.940766232180307327e+01
-4.703999999999999915e+01 -7.951926361924525111e+01
-4.655999999999999517e+01 -7.931483262282537794e+01
-4.607999999999999829e+01 -7.907355219520513856e+01
-4.560000000000000142e+01 -7.895948619072611052e+01
-4.511999999999999744e+01 -7.870909056567906248e+01
-4.464000000000000057e+01 -7.908941569942095384e+01
-4.415999999999999659e+01 -7.910976547305932627e+01
-4.367999999999999972e+01 -7.859193456706688607e+01
-4.319999999999999574e+01 -7.827649572476343565e+01
-4.271999999999999886e+01 -7.860658982591159827e+01
-4.223999999999999488e+01 -7.862726570091462008e+01
-4.175999999999999801e+01 -7.862413756658055775e+01
-4.128000000000000114e+01 -7.843114655886067510e+01
-4.079999999999999716e+01 -7.838479243445229372e+01
-4.032000000000000028e+01 -7.844903892811937851e+01
-3.983999999999999631e+01 -7.829355765795276056e+01
-3.935999999999999943e+01 -7.793055220827304197e+01
-3.887999999999999545e+01 -7.798041679151839389e+01
-3.839999999999999858e+01 -7.816897890180241859e+01
-3.792000000000000171e+01 -7.781889438059120323e+01
-3.743999999999999773e+01 -7.732530509671444463e+01
-3.696000000000000085e+01 -7.752042314498426379e+01
-3.647999999999999687e+01 -7.772164562272519106e+01
-3.600000000000000000e+01 -7.791197248998388147e+01
-3.551999999999999602e+01 -7.774847883245473668e+01
-3.503999999999999915e+01 -7.734468548568526103e+01
-3.456000000000000227e+01 -7.709277775443197811e+01
-3.407999999999999829e+01 -7.692983264663459408e+01
-3.360000000000000142e+01 -7.693476305193534870e+01
-3.311999999999999744e+01 -7.680996444919627208e+01
-3.264000000000000057e+01 -7.638132445438748164e+01
-3.215999999999999659e+01 -7.615803658149776822e+01
-3.167999999999999972e+01 -7.621054511025022293e+01
-3.119999999999999929e+01 -7.613470652568429387e+01
-3.071999999999999886e+01 -7.610777223001602465e+01
-3.023999999999999844e+01 -7.577971141463243043e+01
-2.975999999999999801e+01 -7.553221553380298303e+01
-2.927999999999999758e+01 -7.548400625407128928e+01
-2.879999999999999716e+01 -7.526980960351545491e+01
-2.832000000000000028e+01 -7.497070822027436066e+01
-2.783999999999999986e+01 -7.525078133136462100e+01
-2.735999999999999943e+01 -7.518682484951266076e+01
-2.687999999999999901e+01 -7.496573276124577490e+01
-2.639999999999999858e+01 -7.485938036096538895e+01
-2.591999999999999815e+01 -7.440651082745473843e+01
-2.543999999999999773e+01 -7.417091612004347212e+01
-2.496000000000000085e+01 -7.416935423615902323e+01
-2.448000000000000043e+01 -7.397363225732652836e+01
-2.400000000000000000e+01 -7.374603187968004647e+01
-2.351999999999999957e+01 -7.353891128099270702e+01
-2.303999999999999915e+01 -7.320635234159371407e+01
-2.255999999999999872e+01 -7.291148137048962496e+01
-2.207999999999999829e+01 -7.269134323590262170e+01
-2.159999999999999787e+01 -7.239127488975745450e+01
-2.111999999999999744e+01 -7.211496850865869135e+01
-2.064000000000000057e+01 -7.180144449992705802e+01
-2.016000000000000014e+01 -7.152345983004968843e+01
-1.967999999999999972e+01 -7.121379781628778005e+01
-1.919999999999999929e+01 -7.103834037035890958e+01
-1.871999999999999886e+01 -7.066853526199888336e+01
-1.823999999999999844e+01 -7.010443775150831414e+01
-1.775999999999999801e+01 -6.975074385431386759e+01
-1.728000000000000114e+01 -6.951172964021411360e+01
-1.680000000000000071e+01 -6.916135591162503715e+01
-1.632000000000000028e+01 -6.864357037770699321e+01
-1.583999999999999986e+01 -6.839450344260414738e+01
-1.535999999999999943e+01 -6.831233868466742365e+01
-1.487999999999999901e+01 -6.785678851412639290e+01
-1.439999999999999858e+01 -6.757020734252547811e+01
-1.391999999999999993e+01 -6.736696924468662928e+01
-1.343999999999999950e+01 -6.714469857742253112e+01
-1.295999999999999908e+01 -6.660965654336358455e+01
-1.248000000000000043e+01 -6.636270711913637399e+01
-1.200000000000000000e+01 -6.545026112462808499e+01
-1.151999999999999957e+01 -6.379985312027643118e+01
-1.103999999999999915e+01 -6.137890229261634545e+01
-1.055999999999999872e+01 -5.184905529596719731e+01
-1.008000000000000007e+01 -3.409034979229765128e+01
-9.599999999999999645e+00 -2.572913125997007810e+01
-9.119999999999999218e+00 -2.311316072179981163e+01
-8.640000000000000568e+00 -2.289725985117616958e+01
-8.160000000000000142e+00 -2.288205087798001713e+01
-7.679999999999999716e+00 -2.270086706270279109e+01
-7.199999999999999289e+00 -2.260030259376608797e+01
-6.719999999999999751e+00 -2.275039644812041928e+01
-6.240000000000000213e+00 -2.270338144285586779e+01
-5.759999999999999787e+00 -2.254698672150233563e+01
-5.279999999999999361e+00 -2.256671835794562497e+01
-4.799999999999999822e+00 -2.253979234966520195e+01
-4.320000000000000284e+00 -2.274532819373757420e+01
-3.839999999999999858e+00 -2.284430694592522926e+01
-3.359999999999999876e+00 -2.284036603914544372e+01
-2.879999999999999893e+00 -2.284864186001867026e+01
-2.399999999999999911e+00 -2.271696320490774923e+01
-1.919999999999999929e+00 -2.272541512447116929e+01
-1.439999999999999947e+00 -2.271438899438088299e+01
-9.599999999999999645e-01 -2.265115994070911398e+01
-4.799999999999999822e-01 -2.275698714613034923e+01
0.000000000000000000e+00 -2.281641435438150367e+01
4.799999999999999822e-01 -2.261019368850225675e+01
9.599999999999999645e-01 -2.223289652696712437e+01
1.439999999999999947e+00 -2.257412634942737384e+01
1.919999999999999929e+00 -2.292691530081359019e+01
2.399999999999999911e+00 -2.271024090121120764e+01
2.879999999999999893e+00 -2.255134819408995384e+01
3.359999999999999876e+00 -2.239338653317525285e+01
3.839999999999999858e+00 -2.263212581569751336e+01
4.320000000000000284e+00 -2.293573017359402755e+01
4.799999999999999822e+00 -2.287696672924584362e+01
5.279999999999999361e+00 -2.278027929655180372e+01
5.759999999999999787e+00 -2.277549381913681259e+01
6.240000000000000213e+00 -2.285992811293477445e+01
6.719999999999999751e+00 -2.280694559487524842e+01
7.199999999999999289e+00 -2.269176719584901747e+01
7.679999999999999716e+00 -2.290488733686951406e+01
8.160000000000000142e+00 -2.285542639759797368e+01
8.640000000000000568e+00 -2.276975894855386073e+01
9.119999999999999218e+00 -2.309867369317333186e+01
9.599999999999999645e+00 -2.582548030525858351e+01
1.008000000000000007e+01 -3.432465894264527151e+01
1.055999999999999872e+01 -5.205509814168297567e+01
1.103999999999999915e+01 -6.132691988247943016e+01
1.151999999999999957e+01 -6.443645327605588591e+01
1.200000000000000000e+01 -6.616435216317297829e+01
1.248000000000000043e+01 -6.706258984094623088e+01
1.295999999999999908e+01 -6.778896492390842354e+01
1.343999999999999950e+01 -6.821280209499700220e+01
1.391999999999999993e+01 -6.845204988402778667e+01
1.439999999999999858e+01 -6.868117055854283137e+01
1.487999999999999901e+01 -6.914964076389266268e+01
1.535999999999999943e+01 -6.969890979997553870e+01
1.583999999999999986e+01 -7.021413541280159620e+01
1.632000000000000028e+01 -7.050801941949836760e+01
1.680000000000000071e+01 -7.075057726448220308e+01
1.728000000000000114e+01 -7.116058424132985749e+01
1.775999999999999801e+01 -7.170736638985425770e+01
1.823999999999999844e+01 -7.187735178526514801e+01
1.871999999999999886e+01 -7.206559288916434980e+01
1.919999999999999929e+01 -7.233646441562942186e+01
1.967999999999999972e+01 -7.270700922753536588e+01
2.016000000000000014e+01 -7.316900896723866765e+01
2.064000000000000057e+01 -7.331502956581304886e+01
2.111999999999999744e+01 -7.359409834113482418e+01
2.159999999999999787e+01 -7.407083332658403663e+01
2.207999999999999829e+01 -7.425754178194507915e+01
2.255999999999999872e+01 -7.436228590312565245e+01
2.303999999999999915e+01 -7.452032300111318364e+01
2.351999999999999957e+01 -7.471400772335924501e+01
2.400000000000000000e+01 -7.517706915289346625e+01
2.448000000000000043e+01 -7.543129919441794584e+01
2.496000000000000085e+01 -7.550146567478824977e+01
2.543999999999999773e+01 -7.559671479341707823e+01
2.591999999999999815e+01 -7.555364655643293759e+01
2.639999999999999858e+01 -7.583308992519232561e+01
2.687999999999999901e+01 -7.626836473639392011e+01
2.735999999999999943e+01 -7.666723487636519963e+01
2.783999999999999986e+01 -7.688806977545833377e+01
2.832000000000000028e+01 -7.721882960383067029e+01
2.879999999999999716e+01 -7.724006532901486821e+01
2.927999999999999758e+01 -7.716821256506449345e+01
2.975999999999999801e+01 -7.733768657155674475e+01
3.023999999999999844e+01 -7.754676861036726621e+01
3.071999999999999886e+01 -7.757132953867287029e+01
3.119999999999999929e+01 -7.744679793168026549e+01
3.167999999999999972e+01 -7.742283854747263661e+01
3.215999999999999659e+01 -7.777126038776144412e+01
3.264000000000000057e+01 -7.814785433158267836e+01
3.311999999999999744e+01 -7.840141592533871062e+01
3.360000000000000142e+01 -7.867368475796568816e+01
3.407999999999999829e+01 -7.862024322524439413e+01
3.456000000000000227e+01 -7.838015303455075866e+01
3.503999999999999915e+01 -7.859496930958604821e+01
3.551999999999999602e+01 -7.864198934867491175e+01
3.600000000000000000e+01 -7.891656286949837806e+01
3.647999999999999687e+01 -7.903564796453341046e+01
3.696000000000000085e+01 -7.922124142000788538e+01
3.743999999999999773e+01 -7.938477061410699775e+01
3.792000000000000171e+01 -7.942305073532129711e+01
3.839999999999999858e+01 -7.945358986853921124e+01
3.887999999999999545e+01 -7.958074024509917876e+01
3.935999999999999943e+01 -7.960835992568011932e+01
3.983999999999999631e+01 -7.977402973481792969e+01
4.032000000000000028e+01 -7.987105432537458682e+01
4.079999999999999716e+01 -8.009331263119375421e+01
4.128000000000000114e+01 -7.975800762073109240e+01
4.175999999999999801e+01 -7.981201070721732549e+01
4.223999999999999488e+01 -7.996863318455258707e+01
4.271999999999999886e+01 -7.996663242940306304e+01
4.319999999999999574e+01 -7.978995329279105420e+01
4.367999999999999972e+01 -8.002990344082213880e+01
4.415999999999999659e+01 -8.032331615965516391e+01
4.464000000000000057e+01 -8.047922966599500683e+01
4.511999999999999744e+01 -8.050797715008839361e+01
4.560000000000000142e+01 -8.047578527427296535e+01
4.607999999999999829e+01 -8.068543449399106748e+01
4.655999999999999517e+01 -8.095270853489900276e+01
4.703999999999999915e+01 -8.092272856678749804e+01
4.751999999999999602e+01 -8.106592842153338552e+01
4.800000000000000000e+01 -8.119130762494206976e+01
4.847999999999999687e+01 -8.112257652238017158e+01
4.896000000000000085e+01 -8.125156814545948691e+01
4.943999999999999773e+01 -8.113135153008217060e+01
4.992000000000000171e+01 -8.097642399423537540e+01
5.039999999999999858e+01 -8.093080971792710443e+01
5.087999999999999545e+01 -8.101593340494646611e+01
5.135999999999999943e+01 -8.114797186940499785e+01
5.183999999999999631e+01 -8.129627676234788680e+01
5.232000000000000028e+01 -8.116526706810945768e+01
5.279999999999999716e+01 -8.124902202904894466e+01
5.328000000000000114e+01 -8.134757580995888304e+01
5.375999999999999801e+01 -8.136173763544667281e+01
5.423999999999999488e+01 -8.137054042570029821e+01
5.471999999999999886e+01 -8.134209087173715602e+01
5.519999999999999574e+01 -8.138292279753409275e+01
5.567999999999999972e+01 -8.142511079721872136e+01
5.615999999999999659e+01 -8.147778112481236690e+01
5.664000000000000057e+01 -8.168759405728523859e+01
5.711999999999999744e+01 -8.172752836848769675e+01
5.759999999999999432e+01 -8.173928978534776491e+01
5.807999999999999829e+01 -8.179329337147282786e+01
5.855999999999999517e+01 -8.181266523679668978e+01
5.903999999999999915e+01 -8.175000643361116204e+01
5.951999999999999602e+01 -8.173714116097036708e+01
6.000000000000000000e+01 -8.198963332639826262e+01
6.047999999999999687e+01 -8.187507401427606624e+01
6.096000000000000085e+01 -8.196033849225526069e+01
6.143999999999999773e+01 -8.204533108351586179e+01
6.191999999999999460e+01 -8.204849151252651041e+01
6.239999999999999858e+01 -8.224506367496448433e+01
6.287999999999999545e+01 -8.219636551879770536e+01
6.335999999999999943e+01 -8.245699255539554429e+01
6.383999999999999631e+01 -8.259978995018363435e+01
6.431999999999999318e+01 -8.244961038534242448e+01
6.479999999999999716e+01 -8.237338780641943004e+01
6.528000000000000114e+01 -8.241842928933587586e+01
6.575999999999999091e+01 -8.259802083460681388e+01
6.623999999999999488e+01 -8.270606227213858119e+01
6.671999999999999886e+01 -8.267510951963232912e+01
6.720000000000000284e+01 -8.276587217688485509e+01
6.767999999999999261e+01 -8.279911778351534224e+01
6.815999999999999659e+01 -8.307697470266785444e+01
6.864000000000000057e+01 -8.318073480865851366e+01
6.912000000000000455e+01 -8.300820260405205886e+01
6.959999999999999432e+01 -8.305908912774697228e+01
7.007999999999999829e+01 -8.292166245928085289e+01
7.056000000000000227e+01 -8.290365208833300414e+01
7.103999999999999204e+01 -8.340659690697221151e+01
7.151999999999999602e+01 -8.335645217206050006e+01
7.200000000000000000e+01 -8.294704295222149426e+01
7.248000000000000398e+01 -8.275782993444686042e+01
7.295999999999999375e+01 -8.296010114495828702e+01
7.343999999999999773e+01 -8.329275541101054614e+01
7.392000000000000171e+01 -8.307404639212342090e+01
7.439999999999999147e+01 -8.311461774491149868e+01
7.487999999999999545e+01 -8.314938221569971688e+01
7.535999999999999943e+01 -8.329932252765561884e+01
7.584000000000000341e+01 -8.363255815683841377e+01
7.631999999999999318e+01 -8.378610303747551313e+01
7.679999999999999716e+01 -8.398885371642253972e+01
7.728000000000000114e+01 -8.380399907560493489e+01
7.775999999999999091e+01 -8.372011168679777882e+01
7.823999999999999488e+01 -8.383517653803052383e+01
7.871999999999999886e+01 -8.376346266303792731e+01
7.920000000000000284e+01 -8.392199848828695963e+01
7.967999999999999261e+01 -8.395249135158158538e+01
8.015999999999999659e+01 -8.410959381154282255e+01
8.064000000000000057e+01 -8.404139450968989422e+01
8.111999999999999034e+01 -8.406692915752216777e+01
8.159999999999999432e+01 -8.414097000580616736e+01
8.207999999999999829e+01 -8.415408746883065305e+01
8.256000000000000227e+01 -8.411578066360932837e+01
8.303999999999999204e+01 -8.414798666610971623e+01
8.351999999999999602e+01 -8.429573544069809543e+01
8.400000000000000000e+01 -8.421828752494997161e+01
8.447999999999998977e+01 -8.418778405557381461e+01
8.495999999999999375e+01 -8.430630228508115920e+01
8.543999999999999773e+01 -8.444381434488292371e+01
8.592000000000000171e+01 -8.464746762650403866e+01
8.639999999999999147e+01 -8.465955211224711263e+01
8.687999999999999545e+01 -8.469762351253169186e+01
8.735999999999999943e+01 -8.458537342092760980e+01
8.784000000000000341e+01 -8.467315802433535055e+01
8.831999999999999318e+01 -8.497758607921510077e+01
8.879999999999999716e+01 -8.510652359857340343e+01
8.928000000000000114e+01 -8.488142747162312673e+01
8.975999999999999091e+01 -8.466442742205958893e+01
9.023999999999999488e+01 -8.487176235113221878e+01
9.071999999999999886e+01 -8.488765473203298484e+01
9.120000000000000284e+01 -8.491183379412079546e+01
9.167999999999999261e+01 -8.510689444619606547e+01
9.215999999999999659e+01 -8.493062005379297830e+01
9.264000000000000057e+01 -8.501984396497520891e+01
9.311999999999999034e+01 -8.535883095919811581e+01
9.359999999999999432e+01 -8.525168378990029794e+01
9.407999999999999829e+01 -8.538624541867636708e+01
9.456000000000000227e+01 -8.532389865303002807e+01
9.503999999999999204e+01 -8.543669747686587357e+01
9.551999999999999602e+01 -8.580953792964751869e+01
9.600000000000000000e+01 -8.575429772984813326e+01
9.647999999999998977e+01 -8.526952125615876810e+01
9.695999999999999375e+01 -8.533182464678330348e+01
9.743999999999999773e+01 -8.529630760930604083e+01
9.792000000000000171e+01 -8.530567912842863620e+01
9.839999999999999147e+01 -8.541520941602102823e+01
9.887999999999999545e+01 -8.557007080775518659e+01
9.935999999999999943e+01 -8.567911051146006685e+01
9.984000000000000341e+01 -8.554268297510395769e+01
1.003199999999999932e+02 -8.566351740618384270e+01
1.007999999999999972e+02 -8.598234127018768902e+01
1.012800000000000011e+02 -8.616529011469248189e+01
1.017599999999999909e+02 -8.650704835063450560e+01
1.022399999999999949e+02 -8.681456968356496873e+01
1.027199999999999989e+02 -8.702742382148511524e+01
1.032000000000000028e+02 -8.722755502858987597e+01
1.036799999999999926e+02 -8.743858143041973108e+01
1.041599999999999966e+02 -8.790839700545043911e+01
1.046400000000000006e+02 -8.846288773513046522e+01
1.051199999999999903e+02 -8.912378996745600546e+01
1.055999999999999943e+02 -8.968745057109222785e+01
1.060799999999999983e+02 -8.996205437750563760e+01
1.065600000000000023e+02 -9.070885955244251875e+01
1.070399999999999920e+02 -9.179760932981069743e+01
1.075199999999999960e+02 -9.270206105031681432e+01
1.080000000000000000e+02 -9.337628648446670354e+01
1.084799999999999898e+02 -9.426830212129600284e+01
1.089599999999999937e+02 -9.501630787522117316e+01
1.094399999999999977e+02 -9.545914342621338733e+01
1.099200000000000017e+02 -9.590554168369970967e+01
1.103999999999999915e+02 -9.626517988375104551e+01
1.108799999999999955e+02 -9.664896222688133776e+01
1.113599999999999994e+02 -9.690602855613593647e+01
1.118399999999999892e+02 -9.712238014422608501e+01
1.123199999999999932e+02 -9.684062740769738298e+01
1.127999999999999972e+02 -9.660786777543434312e+01
1.132800000000000011e+02 -9.673290477600988879e+01
1.137599999999999909e+02 -9.685451612146238176e+01
1.142399999999999949e+02 -9.687376526567595647e+01
1.147199999999999989e+02 -9.694749833225000657e+01
1.151999999999999886e+02 -9.722697952802963073e+01
1.156799999999999926e+02 -9.741844392312256673e+01
1.161599999999999966e+02 -9.739710689356405737e+01
1.166400000000000006e+02 -9.728550426624335046e+01
1.171199999999999903e+02 -9.735633630023062324e+01
1.175999999999999943e+02 -9.742263479292388695e+01
1.180799999999999983e+02 -9.741294834949036385e+01
1.185600000000000023e+02 -9.770364917647034986e+01
1.190399999999999920e+02 -9.773573910661342268e+01
1.195199999999999960e+02 -9.764753343767569049e+01
1.200000000000000000e+02 -9.804496698533471033e+01
1.204799999999999898e+02 -9.783841582922431712e+01
1.209599999999999937e+02 -9.773705115157882517e+01
1.214399999999999977e+02 -9.782270432010685113e+01
1.219200000000000017e+02 -9.792355657425046900e+01
1.223999999999999915e+02 -9.790097519653127733e+01
