-1.228799999999999892e-01 -7.310033436845247934e+01
-1.223999999999999949e-01 -7.392488002651738555e+01
-1.219199999999999867e-01 -7.419158856527899104e+01
-1.214399999999999924e-01 -7.397052912073085906e+01
-1.209599999999999842e-01 -7.406323932171753199e+01
-1.204799999999999899e-01 -7.406983458625464323e+01
-1.199999999999999956e-01 -7.387092455944228675e+01
-1.195199999999999874e-01 -7.388038457001140102e+01
-1.190399999999999930e-01 -7.375234147827293896e+01
-1.185599999999999848e-01 -7.375124414974020226e+01
-1.180799999999999905e-01 -7.382559102717002020e+01
-1.175999999999999962e-01 -7.390851079419603309e+01
-1.171199999999999880e-01 -7.419289343306306250e+01
-1.166399999999999937e-01 -7.412319941939192347e+01
-1.161599999999999855e-01 -7.430852212730974315e+01
-1.156799999999999912e-01 -7.446228012248519690e+01
-1.151999999999999968e-01 -7.416115348384487049e+01
-1.147199999999999886e-01 -7.397779675158083990e+01
-1.142399999999999943e-01 -7.421585488582354628e+01
-1.137599999999999861e-01 -7.444011239239057431e+01
-1.132799999999999918e-01 -7.447685253129688476e+01
-1.127999999999999836e-01 -7.438267762721136478e+01
-1.123199999999999893e-01 -7.427966872249930930e+01
-1.118399999999999950e-01 -7.406118398863185348e+01
-1.113599999999999868e-01 -7.390133655431792192e+01
-1.108799999999999925e-01 -7.362632201685097755e+01
-1.103999999999999843e-01 -7.325503629464715516e+01
-1.099199999999999899e-01 -7.271427483203521547e+01
-1.094399999999999956e-01 -7.203104587312752471e+01
-1.089599999999999874e-01 -7.147993482626733908e+01
-1.084799999999999931e-01 -7.079441790523543432e+01
-1.079999999999999849e-01 -6.986588319986914541e+01
-1.075199999999999906e-01 -6.886037542204228146e+01
-1.070399999999999963e-01 -6.785206387565482089e+01
-1.065599999999999881e-01 -6.727317743517987481e+01
-1.060799999999999937e-01 -6.690773647072332153e+01
-1.055999999999999855e-01 -6.630299266587577733e+01
-1.051199999999999912e-01 -6.570808167378008591e+01
-1.046399999999999969e-01 -6.523864054077517949e+01
-1.041599999999999887e-01 -6.473609492889443118e+01
-1.036799999999999944e-01 -6.400656937743778485e+01
-1.031999999999999862e-01 -6.346383789869135938e+01
-1.027199999999999919e-01 -6.323434661752904873e+01
-1.022399999999999975e-01 -6.314233090696572503e+01
-1.017599999999999894e-01 -6.308780116227359969e+01
-1.012799999999999950e-01 -6.286113203356741508e+01
-1.007999999999999868e-01 -6.253665655635212772e+01
-1.003199999999999925e-01 -6.239482143353346544e+01
-9.983999999999998431e-02 -6.238964144935819434e+01
-9.935999999999998999e-02 -6.226491343418764046e+01
-9.887999999999999567e-02 -6.214860411937715412e+01
-9.839999999999998748e-02 -6.202474283272461264e+01
-9.791999999999999316e-02 -6.183765719117074866e+01
-9.743999999999998496e-02 -6.195885210838116564e+01
-9.695999999999999064e-02 -6.188811013656442128e+01
-9.647999999999999632e-02 -6.184141303052630434e+01
-9.599999999999998812e-02 -6.206421175406831026e+01
-9.551999999999999380e-02 -6.213462942747089812e+01
-9.503999999999998560e-02 -6.205774754135308058e+01
-9.455999999999999128e-02 -6.171413587717508875e+01
-9.407999999999999696e-02 -6.162858119284425129e+01
-9.359999999999998876e-02 -6.183644211896233855e+01
-9.311999999999999444e-02 -6.158871333399766712e+01
-9.263999999999998625e-02 -6.133149726227941301e+01
-9.215999999999999193e-02 -6.140115122344873555e+01
-9.167999999999999761e-02 -6.137042897584231582e+01
-9.119999999999998941e-02 -6.107770206906945987e+01
-9.071999999999999509e-02 -6.102466020424146365e+01
-9.023999999999998689e-02 -6.096450388301792600e+01
-8.975999999999999257e-02 -6.095958550110481156e+01
-8.927999999999999825e-02 -6.106268394072426275e+01
-8.879999999999999005e-02 -6.095772086392963018e+01
-8.831999999999999573e-02 -6.101138879381438329e+01
-8.783999999999998753e-02 -6.099642538330778052e+01
-8.735999999999999321e-02 -6.084180522804311408e+01
-8.687999999999999889e-02 -6.059954855404566842e+01
-8.639999999999999070e-02 -6.005255958608356082e+01
-8.591999999999999638e-02 -6.000447894715573938e+01
-8.543999999999998818e-02 -6.022232481649486147e+01
-8.495999999999999386e-02 -6.047513601637453462e+01
-8.447999999999999954e-02 -6.035617119058105118e+01
-8.399999999999999134e-02 -6.010539131372637200e+01
-8.351999999999999702e-02 -6.000035025438748448e+01
-8.303999999999998882e-02 -6.018822218240948985e+01
-8.255999999999999450e-02 -6.018045148459911786e+01
-8.207999999999998630e-02 -5.993669392573579557e+01
-8.159999999999999198e-02 -5.970906930142475488e+01
-8.111999999999999766e-02 -5.964992301906321615e+01
-8.063999999999998947e-02 -5.931657984138846018e+01
-8.015999999999999515e-02 -5.911174130857654063e+01
-7.967999999999998695e-02 -5.917441407238907658e+01
-7.919999999999999263e-02 -5.912031075507393041e+01
-7.871999999999999831e-02 -5.879877773155121190e+01
-7.823999999999999011e-02 -5.882050024085179984e+01
-7.775999999999999579e-02 -5.886202405607952670e+01
-7.727999999999998759e-02 -5.880374483946074093e+01
-7.679999999999999327e-02 -5.889914284535680622e+01
-7.631999999999999895e-02 -5.873221139385344003e+01
-7.583999999999999075e-02 -5.858548731294757772e+01
-7.535999999999999643e-02 -5.860001742369676947e+01
-7.487999999999998824e-02 -5.845325868585268836e+01
-7.439999999999999392e-02 -5.823973706788614635e+01
-7.391999999999999960e-02 -5.804570111444594716e+01
-7.343999999999999140e-02 -5.796973040925912102e+01
-7.295999999999999708e-02 -5.759393305027590060e+01
-7.247999999999998888e-02 -5.746444464343117886e+01
-7.199999999999999456e-02 -5.758248488583832625e+01
-7.152000000000000024e-02 -5.767959092113989072e+01
-7.103999999999999204e-02 -5.766869393231743857e+01
-7.055999999999999772e-02 -5.745643162250281932e+01
-7.007999999999998952e-02 -5.718229667138454886e+01
-6.959999999999999520e-02 -5.698144714287813173e+01
-6.911999999999998701e-02 -5.716284082679354128e+01
-6.863999999999999269e-02 -5.739217513564625506e+01
-6.815999999999999837e-02 -5.680055168201021587e+01
-6.767999999999999017e-02 -5.674016626847020461e+01
-6.719999999999999585e-02 -5.659568877581533997e+01
-6.671999999999998765e-02 -5.629830034852020049e+01
-6.623999999999999333e-02 -5.649690201482474805e+01
-6.575999999999999901e-02 -5.670328442071988206e+01
-6.527999999999999081e-02 -5.644852517873775355e+01
-6.479999999999999649e-02 -5.598529783543482097e+01
-6.431999999999998829e-02 -5.604939156439085934e+01
-6.383999999999999397e-02 -5.600596960342093666e+01
-6.335999999999999965e-02 -5.571242291929364399e+01
-6.287999999999999146e-02 -5.559523216854883998e+01
-6.239999999999999714e-02 -5.565605182349045776e+01
-6.191999999999999588e-02 -5.567891024662897337e+01
-6.143999999999999462e-02 -5.564149885654761363e+01
-6.095999999999999336e-02 -5.564661142804170169e+01
-6.047999999999999210e-02 -5.542121254005457587e+01
-5.999999999999999778e-02 -5.515053132207611952e+01
-5.951999999999999652e-02 -5.488948067429401334e+01
-5.903999999999999526e-02 -5.479876800816721527e+01
-5.855999999999999400e-02 -5.454784838253679879e+01
-5.807999999999999274e-02 -5.441710718678473313e+01
-5.759999999999999842e-02 -5.421852393793975011e+01
-5.711999999999999716e-02 -5.389706811404667519e+01
-5.663999999999999591e-02 -5.393703543902469733e+01
-5.615999999999999465e-02 -5.387847330606983576e+01
-5.567999999999999339e-02 -5.353285399539060307e+01
-5.519999999999999213e-02 -5.350572549139889134e+01
-5.471999999999999781e-02 -5.360648586652387593e+01
-5.423999999999999655e-02 -5.329600848123649826e+01
-5.375999999999999529e-02 -5.276676951929096759e+01
-5.327999999999999403e-02 -5.277266184675463023e+01
-5.279999999999999277e-02 -5.299337252285297239e+01
-5.231999999999999845e-02 -5.300594855346989931e+01
-5.183999999999999719e-02 -5.297074123479666241e+01
-5.135999999999999593e-02 -5.266158417159821425e+01
-5.087999999999999468e-02 -5.220960495942060220e+01
-5.039999999999999342e-02 -5.207916639627062239e+01
-4.991999999999999216e-02 -5.214259040031677017e+01
-4.943999999999999784e-02 -5.184119263354327245e+01
-4.895999999999999658e-02 -5.167114663351584625e+01
-4.847999999999999532e-02 -5.162165864449404751e+01
-4.799999999999999406e-02 -5.151475389842217822e+01
-4.751999999999999280e-02 -5.152143340439035768e+01
-4.703999999999999848e-02 -5.133938682729847613e+01
-4.655999999999999722e-02 -5.104737256830667746e+01
-4.607999999999999596e-02 -5.080877728595705634e+01
-4.559999999999999470e-02 -5.071569361022029199e+01
-4.511999999999999345e-02 -5.071119485595523457e+01
-4.463999999999999913e-02 -5.055029425055799663e+01
-4.415999999999999787e-02 -5.060890497323964610e+01
-4.367999999999999661e-02 -5.044625238334334227e+01
-4.319999999999999535e-02 -5.041052161167783652e+01
-4.271999999999999409e-02 -5.056766412687035483e+01
-4.223999999999999977e-02 -5.040127485561637855e+01
-4.175999999999999851e-02 -5.034159348751239094e+01
-4.127999999999999725e-02 -5.041018541313555090e+01
-4.079999999999999599e-02 -5.027961061737280346e+01
-4.031999999999999473e-02 -5.044409528180723612e+01
-3.983999999999999347e-02 -5.043598661036462971e+01
-3.935999999999999915e-02 -5.014484581956494935e+01
-3.887999999999999790e-02 -5.024772567588800598e+01
-3.839999999999999664e-02 -5.009935537660902583e+01
-3.791999999999999538e-02 -4.994849892297712302e+01
-3.743999999999999412e-02 -4.970180954345804025e+01
-3.695999999999999980e-02 -4.949793970317176672e+01
-3.647999999999999854e-02 -4.957774706896373118e+01
-3.599999999999999728e-02 -4.984382416688652739e+01
-3.551999999999999602e-02 -4.952638763384512544e+01
-3.503999999999999476e-02 -4.941132173805726069e+01
-3.455999999999999350e-02 -4.939942028537457475e+01
-3.407999999999999918e-02 -4.921846067029917293e+01
-3.359999999999999792e-02 -4.903767888466479263e+01
-3.311999999999999666e-02 -4.882988237955918009e+01
-3.263999999999999541e-02 -4.864983296257815937e+01
-3.215999999999999415e-02 -4.850655105531905065e+01
-3.167999999999999983e-02 -4.839342462286639091e+01
-3.119999999999999857e-02 -4.847868936953388896e+01
-3.071999999999999731e-02 -4.848069086407618045e+01
-3.023999999999999605e-02 -4.816680428491798693e+01
-2.975999999999999826e-02 -4.793074209476606740e+01
-2.927999999999999700e-02 -4.772997818002389181e+01
-2.879999999999999921e-02 -4.749879417489641753e+01
-2.831999999999999795e-02 -4.734739985531673767e+01
-2.783999999999999669e-02 -4.725878077506060038e+01
-2.735999999999999890e-02 -4.718817888917583048e+01
-2.687999999999999765e-02 -4.732210056779546647e+01
-2.639999999999999639e-02 -4.732529278652395988e+01
-2.591999999999999860e-02 -4.698032840375491048e+01
-2.543999999999999734e-02 -4.671111731396020872e+01
-2.495999999999999608e-02 -4.668809072865006726e+01
-2.447999999999999829e-02 -4.675306896658226918e+01
-2.399999999999999703e-02 -4.646092577922413369e+01
-2.351999999999999924e-02 -4.650117390971757203e+01
-2.303999999999999798e-02 -4.622136957638929999e+01
-2.255999999999999672e-02 -4.575986325976892743e+01
-2.207999999999999893e-02 -4.576057281336622395e+01
-2.159999999999999767e-02 -4.570055653173834287e+01
-2.111999999999999988e-02 -4.564042232151837908e+01
-2.063999999999999863e-02 -4.541324689726096153e+01
-2.015999999999999737e-02 -4.517269429741169517e+01
-1.967999999999999958e-02 -4.521550644700625554e+01
-1.919999999999999832e-02 -4.534478792927772872e+01
-1.871999999999999706e-02 -4.523862467845199831e+01
-1.823999999999999927e-02 -4.494287108652774521e+01
-1.775999999999999801e-02 -4.450315802137901500e+01
-1.727999999999999675e-02 -4.425975662526597887e+01
-1.679999999999999896e-02 -4.428072426176245813e+01
-1.631999999999999770e-02 -4.417065261287459066e+01
-1.583999999999999991e-02 -4.350807663734543951e+01
-1.535999999999999865e-02 -4.308505360895217962e+01
-1.487999999999999913e-02 -4.285901534566664850e+01
-1.439999999999999961e-02 -4.243478786841127004e+01
-1.391999999999999835e-02 -4.206696993927295125e+01
-1.343999999999999882e-02 -4.171737420510127947e+01
-1.295999999999999930e-02 -4.130484498414244143e+01
-1.247999999999999804e-02 -4.083700630569522616e+01
-1.199999999999999852e-02 -3.938962615526813238e+01
-1.151999999999999899e-02 -3.659011851598376808e+01
-1.103999999999999947e-02 -3.269765227931613794e+01
-1.055999999999999994e-02 -2.188145366684185333e+01
-1.007999999999999868e-02 -3.958026063331129940e+00
-9.599999999999999159e-03 4.404550732654898937e+00
-9.119999999999999635e-03 7.020502613421292892e+00
-8.639999999999998376e-03 7.235435889645148499e+00
-8.159999999999998851e-03 7.249584889634542506e+00
-7.679999999999999327e-03 7.432398904729887512e+00
-7.199999999999999803e-03 7.534666925377894842e+00
-6.719999999999999411e-03 7.384153673602966705e+00
-6.239999999999999020e-03 7.430514710337003947e+00
-5.759999999999999495e-03 7.587239886123189336e+00
-5.279999999999999971e-03 7.569910305025029373e+00
-4.799999999999999580e-03 7.598412429064601348e+00
-4.319999999999999188e-03 7.388095598427514510e+00
-3.839999999999999664e-03 7.287613210380020412e+00
-3.359999999999999706e-03 7.293891205773915587e+00
-2.879999999999999748e-03 7.282482624592990561e+00
-2.399999999999999790e-03 7.411395963330513759e+00
-1.919999999999999832e-03 7.406183794048447844e+00
-1.439999999999999874e-03 7.414695202101412974e+00
-9.599999999999999159e-04 7.471342793870118015e+00
-4.799999999999999580e-04 7.364646901783685529e+00
0.000000000000000000e+00 7.300994780353002866e+00
4.799999999999999580e-04 7.508009999787973676e+00
9.599999999999999159e-04 7.891965507558084347e+00
1.439999999999999874e-03 7.553122512294631719e+00
1.919999999999999832e-03 7.199880421593450208e+00
2.399999999999999790e-03 7.416212176869313666e+00
2.879999999999999748e-03 7.575384489141785416e+00
3.359999999999999706e-03 7.734224151088246124e+00
3.839999999999999664e-03 7.496720242208965601e+00
4.319999999999999188e-03 7.193330967214243366e+00
4.799999999999999580e-03 7.251014328949950460e+00
5.279999999999999971e-03 7.346697692355009579e+00
5.759999999999999495e-03 7.349610806132561791e+00
6.239999999999999020e-03 7.264442636539039988e+00
6.719999999999999411e-03 7.315941118297619283e+00
7.199999999999999803e-03 7.428913323503333110e+00
7.679999999999999327e-03 7.215539449154448448e+00
8.159999999999998851e-03 7.265911173610387408e+00
8.639999999999998376e-03 7.352555911441164938e+00
9.119999999999999635e-03 7.024012908685239864e+00
9.599999999999999159e-03 4.296158806360383053e+00
1.007999999999999868e-02 -4.211489784939214331e+00
1.055999999999999994e-02 -2.207625349740916221e+01
1.103999999999999947e-02 -3.195463390614076360e+01
1.151999999999999899e-02 -3.602639273162515821e+01
1.199999999999999852e-02 -3.916544425806303309e+01
1.247999999999999804e-02 -4.141903653416935782e+01
1.295999999999999930e-02 -4.258796827319883249e+01
1.343999999999999882e-02 -4.298642318312467836e+01
1.391999999999999835e-02 -4.279641041422842562e+01
1.439999999999999961e-02 -4.285701145019405089e+01
1.487999999999999913e-02 -4.339426652073166224e+01
1.535999999999999865e-02 -4.373096685762816804e+01
1.583999999999999991e-02 -4.388209010755992523e+01
1.631999999999999770e-02 -4.442509697798877255e+01
1.679999999999999896e-02 -4.469884323237319279e+01
1.727999999999999675e-02 -4.480396168351974495e+01
1.775999999999999801e-02 -4.509632535864330549e+01
1.823999999999999927e-02 -4.549774483102234512e+01
1.871999999999999706e-02 -4.580931502909338349e+01
1.919999999999999832e-02 -4.565202033922908953e+01
1.967999999999999958e-02 -4.605278459304697947e+01
2.015999999999999737e-02 -4.633869883922002231e+01
2.063999999999999863e-02 -4.660888183056438550e+01
2.111999999999999988e-02 -4.665245482458952608e+01
2.159999999999999767e-02 -4.660543660128652732e+01
2.207999999999999893e-02 -4.713432364397731078e+01
2.255999999999999672e-02 -4.722660763153429286e+01
2.303999999999999798e-02 -4.697733424340925268e+01
2.351999999999999924e-02 -4.697606679970892429e+01
2.399999999999999703e-02 -4.704707815466422005e+01
2.447999999999999829e-02 -4.736976795324696354e+01
2.495999999999999608e-02 -4.749438994493927879e+01
2.543999999999999734e-02 -4.762392353556110436e+01
2.591999999999999860e-02 -4.761006330805621900e+01
2.639999999999999639e-02 -4.778478650452490228e+01
2.687999999999999765e-02 -4.830796381433315645e+01
2.735999999999999890e-02 -4.873599967922559273e+01
2.783999999999999669e-02 -4.883223777118418241e+01
2.831999999999999795e-02 -4.891902370542404554e+01
2.879999999999999921e-02 -4.901469738862910219e+01
2.927999999999999700e-02 -4.901072411208610902e+01
2.975999999999999826e-02 -4.900514313400250188e+01
3.023999999999999605e-02 -4.914022427326119669e+01
3.071999999999999731e-02 -4.956837397818045332e+01
3.119999999999999857e-02 -4.963058723582428655e+01
3.167999999999999983e-02 -4.973200600407416516e+01
3.215999999999999415e-02 -4.995740078200228851e+01
3.263999999999999541e-02 -4.983506986100841374e+01
3.311999999999999666e-02 -4.989011180317639571e+01
3.359999999999999792e-02 -4.988566831058497542e+01
3.407999999999999918e-02 -5.006825362228904908e+01
3.455999999999999350e-02 -5.038646982475279401e+01
3.503999999999999476e-02 -5.055739108139207616e+01
3.551999999999999602e-02 -5.063216609885702724e+01
3.599999999999999728e-02 -5.069606404501917751e+01
3.647999999999999854e-02 -5.070497354096200837e+01
3.695999999999999980e-02 -5.065195668111128668e+01
3.743999999999999412e-02 -5.087365662729802551e+01
3.791999999999999538e-02 -5.102507554724638084e+01
3.839999999999999664e-02 -5.088276663593197213e+01
3.887999999999999790e-02 -5.090851643469478915e+01
3.935999999999999915e-02 -5.080287991697456107e+01
3.983999999999999347e-02 -5.082215185678186486e+01
4.031999999999999473e-02 -5.101051932649746590e+01
4.079999999999999599e-02 -5.131803476536120456e+01
4.127999999999999725e-02 -5.110566607574295972e+01
4.175999999999999851e-02 -5.127424434036447565e+01
4.223999999999999977e-02 -5.134903738284197061e+01
4.271999999999999409e-02 -5.149325379555401128e+01
4.319999999999999535e-02 -5.163653854627300177e+01
4.367999999999999661e-02 -5.170271893263203822e+01
4.415999999999999787e-02 -5.183239955971004775e+01
4.463999999999999913e-02 -5.192934165186308348e+01
4.511999999999999345e-02 -5.194256961118964000e+01
4.559999999999999470e-02 -5.202589187224373291e+01
4.607999999999999596e-02 -5.206319477534041340e+01
4.655999999999999722e-02 -5.195082857324673853e+01
4.703999999999999848e-02 -5.201110869959854455e+01
4.751999999999999280e-02 -5.235072412133199293e+01
4.799999999999999406e-02 -5.256630498786607575e+01
4.847999999999999532e-02 -5.245975906221418228e+01
4.895999999999999658e-02 -5.282580721631133969e+01
4.943999999999999784e-02 -5.267506378922456634e+01
4.991999999999999216e-02 -5.239520098455773223e+01
5.039999999999999342e-02 -5.269079692404368842e+01
5.087999999999999468e-02 -5.290282299381936326e+01
5.135999999999999593e-02 -5.307687024134209253e+01
5.183999999999999719e-02 -5.349221666063194647e+01
5.231999999999999845e-02 -5.345221745958997417e+01
5.279999999999999277e-02 -5.324925055842882671e+01
5.327999999999999403e-02 -5.370216716461867179e+01
5.375999999999999529e-02 -5.396034762539719765e+01
5.423999999999999655e-02 -5.409030145197267814e+01
5.471999999999999781e-02 -5.439487871610131720e+01
5.519999999999999213e-02 -5.460681192792154803e+01
5.567999999999999339e-02 -5.479947208053711449e+01
5.615999999999999465e-02 -5.479080457134192272e+01
5.663999999999999591e-02 -5.496332271932408275e+01
5.711999999999999716e-02 -5.508910742097016566e+01
5.759999999999999842e-02 -5.513216583990051589e+01
5.807999999999999274e-02 -5.531811903802407926e+01
5.855999999999999400e-02 -5.541506278311497624e+01
5.903999999999999526e-02 -5.558305276667751826e+01
5.951999999999999652e-02 -5.592214828732554111e+01
5.999999999999999778e-02 -5.594420025453042911e+01
6.047999999999999210e-02 -5.585522454276947002e+01
6.095999999999999336e-02 -5.607201130594706484e+01
6.143999999999999462e-02 -5.638199263656568405e+01
6.191999999999999588e-02 -5.636687130809531254e+01
6.239999999999999714e-02 -5.645806779034077749e+01
6.287999999999999146e-02 -5.658334429692877166e+01
6.335999999999999965e-02 -5.668208439013663735e+01
6.383999999999999397e-02 -5.711136768451374479e+01
6.431999999999998829e-02 -5.732735510384820543e+01
6.479999999999999649e-02 -5.743203964915676352e+01
6.527999999999999081e-02 -5.730280569430743043e+01
6.575999999999999901e-02 -5.743308536500443040e+01
6.623999999999999333e-02 -5.785122632892019112e+01
6.671999999999998765e-02 -5.797916973004048913e+01
6.719999999999999585e-02 -5.815007193264449370e+01
6.767999999999999017e-02 -5.834884159664276382e+01
6.815999999999999837e-02 -5.838867679950556777e+01
6.863999999999999269e-02 -5.813521408975996962e+01
6.911999999999998701e-02 -5.832766678453852194e+01
6.959999999999999520e-02 -5.883706131953816509e+01
7.007999999999998952e-02 -5.914957718376861351e+01
7.055999999999999772e-02 -5.895120958247359511e+01
7.103999999999999204e-02 -5.893897641391274078e+01
7.152000000000000024e-02 -5.918909190049311775e+01
7.199999999999999456e-02 -5.917894412533832593e+01
7.247999999999998888e-02 -5.920623293440294077e+01
7.295999999999999708e-02 -5.960671597666006960e+01
7.343999999999999140e-02 -5.945485744026968433e+01
7.391999999999999960e-02 -5.935898197344059923e+01
7.439999999999999392e-02 -5.949014382110971155e+01
7.487999999999998824e-02 -5.942090793585685304e+01
7.535999999999999643e-02 -5.962731518670899789e+01
7.583999999999999075e-02 -6.008209631078923962e+01
7.631999999999999895e-02 -6.037359863110918923e+01
7.679999999999999327e-02 -6.067181781665987472e+01
7.727999999999998759e-02 -6.072453966571346484e+01
7.775999999999999579e-02 -6.033979335349238227e+01
7.823999999999999011e-02 -6.039855455619629510e+01
7.871999999999999831e-02 -6.050434435703040492e+01
7.919999999999999263e-02 -6.050612044676648082e+01
7.967999999999998695e-02 -6.071472602433090771e+01
8.015999999999999515e-02 -6.077102934417361979e+01
8.063999999999998947e-02 -6.059217590848963653e+01
8.111999999999999766e-02 -6.059797561306439917e+01
8.159999999999999198e-02 -6.089076048371829586e+01
8.207999999999998630e-02 -6.087666364403645503e+01
8.255999999999999450e-02 -6.090579291621444469e+01
8.303999999999998882e-02 -6.080426285602364089e+01
8.351999999999999702e-02 -6.087873746947002473e+01
8.399999999999999134e-02 -6.102681116929501570e+01
8.447999999999999954e-02 -6.100588494610258294e+01
8.495999999999999386e-02 -6.119537681599325651e+01
8.543999999999998818e-02 -6.139597254382998415e+01
8.591999999999999638e-02 -6.140895092259852106e+01
8.639999999999999070e-02 -6.166330120914548729e+01
8.687999999999999889e-02 -6.171378819259258819e+01
8.735999999999999321e-02 -6.142850697644668401e+01
8.783999999999998753e-02 -6.126019821905548213e+01
8.831999999999999573e-02 -6.155222639118596817e+01
8.879999999999999005e-02 -6.158390642453844777e+01
8.927999999999999825e-02 -6.172971326427265382e+01
8.975999999999999257e-02 -6.187237042093726558e+01
9.023999999999998689e-02 -6.195542150581069052e+01
9.071999999999999509e-02 -6.194733363330659870e+01
9.119999999999998941e-02 -6.186768855380176291e+01
9.167999999999999761e-02 -6.190410654481704000e+01
9.215999999999999193e-02 -6.195098323559517439e+01
9.263999999999998625e-02 -6.189662580282768545e+01
9.311999999999999444e-02 -6.178373518529177488e+01
9.359999999999998876e-02 -6.184991158686304402e+01
9.407999999999999696e-02 -6.213668329089630049e+01
9.455999999999999128e-02 -6.246173127391430313e+01
9.503999999999998560e-02 -6.265698064213193419e+01
9.551999999999999380e-02 -6.287262687792890858e+01
9.599999999999998812e-02 -6.292947571275574603e+01
9.647999999999999632e-02 -6.265960371800210282e+01
9.695999999999999064e-02 -6.255946786505749913e+01
9.743999999999998496e-02 -6.266471390351434678e+01
9.791999999999999316e-02 -6.270105550514664827e+01
9.839999999999998748e-02 -6.280032101959848490e+01
9.887999999999999567e-02 -6.284965300414518197e+01
9.935999999999998999e-02 -6.303971823207045588e+01
9.983999999999998431e-02 -6.287229200310028432e+01
1.003199999999999925e-01 -6.323936732440806452e+01
1.007999999999999868e-01 -6.376210881103284578e+01
1.012799999999999950e-01 -6.354522449024672426e+01
1.017599999999999894e-01 -6.330106167510956539e+01
1.022399999999999975e-01 -6.338938896521847255e+01
1.027199999999999919e-01 -6.386232201301838529e+01
1.031999999999999862e-01 -6.434427493276379550e+01
1.036799999999999944e-01 -6.477191346967939012e+01
1.041599999999999887e-01 -6.492509963982877252e+01
1.046399999999999969e-01 -6.527579821981879604e+01
1.051199999999999912e-01 -6.592441097388423543e+01
1.055999999999999855e-01 -6.549324239793699576e+01
1.060799999999999937e-01 -6.517172667464039648e+01
1.065599999999999881e-01 -6.728162061048459464e+01
1.070399999999999963e-01 -6.855250028499986570e+01
1.075199999999999906e-01 -6.901990766101643260e+01
1.079999999999999849e-01 -6.991432745869508381e+01
1.084799999999999931e-01 -7.109232192127223016e+01
1.089599999999999874e-01 -7.214235159624813321e+01
1.094399999999999956e-01 -7.254789162489501564e+01
1.099199999999999899e-01 -7.343490830750241116e+01
1.103999999999999843e-01 -7.413776598077718916e+01
1.108799999999999925e-01 -7.472734001402191950e+01
1.113599999999999868e-01 -7.512879666677270052e+01
1.118399999999999950e-01 -7.565577117903087867e+01
1.123199999999999893e-01 -7.581013706478350400e+01
1.127999999999999836e-01 -7.570310259260742214e+01
1.132799999999999918e-01 -7.581192712879816042e+01
1.137599999999999861e-01 -7.566417644601936843e+01
1.142399999999999943e-01 -7.584353136847180110e+01
1.147199999999999886e-01 -7.613659686208150390e+01
1.151999999999999968e-01 -7.572784024266267977e+01
1.156799999999999912e-01 -7.512178797974766553e+01
1.161599999999999855e-01 -7.494129500822171508e+01
1.166399999999999937e-01 -7.496789056389567918e+01
1.171199999999999880e-01 -7.484935856257138198e+01
1.175999999999999962e-01 -7.473105235147359338e+01
1.180799999999999905e-01 -7.459436376993386375e+01
1.185599999999999848e-01 -7.481365797954453001e+01
1.190399999999999930e-01 -7.495673744624578205e+01
1.195199999999999874e-01 -7.456554624251461405e+01
1.199999999999999956e-01 -7.445539276500149128e+01
1.204799999999999899e-01 -7.419763235928928680e+01
1.209599999999999842e-01 -7.402867377312547603e+01
1.214399999999999924e-01 -7.396475371055123560e+01
1.219199999999999867e-01 -7.400663263504813472e+01
1.223999999999999949e-01 -7.367396194188461322e+01
