-1.228799999999999892e-01 -7.703192014535551380e+01
-1.223999999999999949e-01 -7.769450426603775384e+01
-1.219199999999999867e-01 -7.802048589065366002e+01
-1.214399999999999924e-01 -7.799286232708108457e+01
-1.209599999999999842e-01 -7.801013613612855124e+01
-1.204799999999999899e-01 -7.754743365425662205e+01
-1.199999999999999956e-01 -7.725650491795245500e+01
-1.195199999999999874e-01 -7.712129638953423694e+01
-1.190399999999999930e-01 -7.692901745483703735e+01
-1.185599999999999848e-01 -7.658572194349736151e+01
-1.180799999999999905e-01 -7.652704762523487148e+01
-1.175999999999999962e-01 -7.627136957868606260e+01
-1.171199999999999880e-01 -7.576900726278138620e+01
-1.166399999999999937e-01 -7.513601579552796750e+01
-1.161599999999999855e-01 -7.473897909624973579e+01
-1.156799999999999912e-01 -7.468777312281923741e+01
-1.151999999999999968e-01 -7.462224870666246090e+01
-1.147199999999999886e-01 -7.426081801704474117e+01
-1.142399999999999943e-01 -7.374705944421717163e+01
-1.137599999999999861e-01 -7.379145167446984033e+01
-1.132799999999999918e-01 -7.377525643221548535e+01
-1.127999999999999836e-01 -7.346113636351455511e+01
-1.123199999999999893e-01 -7.323343136813019782e+01
-1.118399999999999950e-01 -7.321581759573602710e+01
-1.113599999999999868e-01 -7.273500991785124370e+01
-1.108799999999999925e-01 -7.229307293675277890e+01
-1.103999999999999843e-01 -7.177806293812459160e+01
-1.099199999999999899e-01 -7.143612627731519638e+01
-1.094399999999999956e-01 -7.077148265431959828e+01
-1.089599999999999874e-01 -6.972692487075812551e+01
-1.084799999999999931e-01 -6.855667605280933685e+01
-1.079999999999999849e-01 -6.791461920403467900e+01
-1.075199999999999906e-01 -6.748940963107172308e+01
-1.070399999999999963e-01 -6.653729811913541425e+01
-1.065599999999999881e-01 -6.563428835929762784e+01
-1.060799999999999937e-01 -6.510610887811159841e+01
-1.055999999999999855e-01 -6.429070527120040879e+01
-1.051199999999999912e-01 -6.334904593555071983e+01
-1.046399999999999969e-01 -6.278554579548427483e+01
-1.041599999999999887e-01 -6.237731966490209601e+01
-1.036799999999999944e-01 -6.185682568228403966e+01
-1.031999999999999862e-01 -6.151463818730115207e+01
-1.027199999999999919e-01 -6.142265912199799516e+01
-1.022399999999999975e-01 -6.094535455213655695e+01
-1.017599999999999894e-01 -6.084348154409713771e+01
-1.012799999999999950e-01 -6.056537518988033497e+01
-1.007999999999999868e-01 -6.016092147017470637e+01
-1.003199999999999925e-01 -6.009191212692883965e+01
-9.983999999999998431e-02 -6.022575310055710673e+01
-9.935999999999998999e-02 -6.050804782679226435e+01
-9.887999999999999567e-02 -6.030382596295802955e+01
-9.839999999999998748e-02 -6.009188301401722043e+01
-9.791999999999999316e-02 -6.010123764607769203e+01
-9.743999999999998496e-02 -6.005321467206330510e+01
-9.695999999999999064e-02 -6.014190748099235151e+01
-9.647999999999999632e-02 -5.965991496266602212e+01
-9.599999999999998812e-02 -5.949444102111635857e+01
-9.551999999999999380e-02 -5.952656154788677867e+01
-9.503999999999998560e-02 -5.931209674169853940e+01
-9.455999999999999128e-02 -5.943033322042513333e+01
-9.407999999999999696e-02 -5.920069852587057824e+01
-9.359999999999998876e-02 -5.897344919287860421e+01
-9.311999999999999444e-02 -5.894993457741836096e+01
-9.263999999999998625e-02 -5.886266497153498989e+01
-9.215999999999999193e-02 -5.890641370855982473e+01
-9.167999999999999761e-02 -5.856511464253976840e+01
-9.119999999999998941e-02 -5.834174580669802168e+01
-9.071999999999999509e-02 -5.845008610878424093e+01
-9.023999999999998689e-02 -5.827522191567795318e+01
-8.975999999999999257e-02 -5.815129044144691761e+01
-8.927999999999999825e-02 -5.819848616520762619e+01
-8.879999999999999005e-02 -5.837661554340186854e+01
-8.831999999999999573e-02 -5.829620681126215942e+01
-8.783999999999998753e-02 -5.812732733803692042e+01
-8.735999999999999321e-02 -5.804423682816556607e+01
-8.687999999999999889e-02 -5.799961602753324286e+01
-8.639999999999999070e-02 -5.805790053508660264e+01
-8.591999999999999638e-02 -5.785463611267707051e+01
-8.543999999999998818e-02 -5.743890775108088320e+01
-8.495999999999999386e-02 -5.747688075105250505e+01
-8.447999999999999954e-02 -5.758710051594231061e+01
-8.399999999999999134e-02 -5.741816263536819065e+01
-8.351999999999999702e-02 -5.749054503619107237e+01
-8.303999999999998882e-02 -5.712833278940985338e+01
-8.255999999999999450e-02 -5.669791987116627752e+01
-8.207999999999998630e-02 -5.697528855221782607e+01
-8.159999999999999198e-02 -5.705382869853146843e+01
-8.111999999999999766e-02 -5.694868249831123563e+01
-8.063999999999998947e-02 -5.690329686817947419e+01
-8.015999999999999515e-02 -5.689030068902116710e+01
-7.967999999999998695e-02 -5.692094451658515908e+01
-7.919999999999999263e-02 -5.669553563216513226e+01
-7.871999999999999831e-02 -5.655640408197010061e+01
-7.823999999999999011e-02 -5.653972693031945340e+01
-7.775999999999999579e-02 -5.657050525482770809e+01
-7.727999999999998759e-02 -5.649842374669965039e+01
-7.679999999999999327e-02 -5.656810883034194148e+01
-7.631999999999999895e-02 -5.621868370072839127e+01
-7.583999999999999075e-02 -5.593646884499201377e+01
-7.535999999999999643e-02 -5.578213946160986580e+01
-7.487999999999998824e-02 -5.553433105403541248e+01
-7.439999999999999392e-02 -5.553546610302174713e+01
-7.391999999999999960e-02 -5.538613232821322896e+01
-7.343999999999999140e-02 -5.523381100803319299e+01
-7.295999999999999708e-02 -5.517006235302777384e+01
-7.247999999999998888e-02 -5.521966100306424607e+01
-7.199999999999999456e-02 -5.553866519839918681e+01
-7.152000000000000024e-02 -5.541291466112306807e+01
-7.103999999999999204e-02 -5.524687609148510603e+01
-7.055999999999999772e-02 -5.540476137907325693e+01
-7.007999999999998952e-02 -5.540435413138490617e+01
-6.959999999999999520e-02 -5.507167904212143128e+01
-6.911999999999998701e-02 -5.493993183361781263e+01
-6.863999999999999269e-02 -5.483436745902982068e+01
-6.815999999999999837e-02 -5.486209911861745780e+01
-6.767999999999999017e-02 -5.495256178176205708e+01
-6.719999999999999585e-02 -5.484199521749935258e+01
-6.671999999999998765e-02 -5.458388555103659456e+01
-6.623999999999999333e-02 -5.450884918153231951e+01
-6.575999999999999901e-02 -5.451308525245346459e+01
-6.527999999999999081e-02 -5.426135612091344029e+01
-6.479999999999999649e-02 -5.411631003496674452e+01
-6.431999999999998829e-02 -5.435105347659285258e+01
-6.383999999999999397e-02 -5.404866234648336842e+01
-6.335999999999999965e-02 -5.373787470856638038e+01
-6.287999999999999146e-02 -5.357722944335221626e+01
-6.239999999999999714e-02 -5.351572678942648054e+01
-6.191999999999999588e-02 -5.356761487745824013e+01
-6.143999999999999462e-02 -5.319718591989013134e+01
-6.095999999999999336e-02 -5.334858577024470350e+01
-6.047999999999999210e-02 -5.356608371479360642e+01
-5.999999999999999778e-02 -5.340141624108770202e+01
-5.951999999999999652e-02 -5.265499720069204415e+01
-5.903999999999999526e-02 -5.247691325819612729e+01
-5.855999999999999400e-02 -5.243868661599007908e+01
-5.807999999999999274e-02 -5.258538357228285065e+01
-5.759999999999999842e-02 -5.248341733852144841e+01
-5.711999999999999716e-02 -5.212865735057039274e+01
-5.663999999999999591e-02 -5.215147842633287212e+01
-5.615999999999999465e-02 -5.211149055672266428e+01
-5.567999999999999339e-02 -5.209794324984895297e+01
-5.519999999999999213e-02 -5.199611444540047245e+01
-5.471999999999999781e-02 -5.167118856002648641e+01
-5.423999999999999655e-02 -5.189716543145550531e+01
-5.375999999999999529e-02 -5.213965751943980109e+01
-5.327999999999999403e-02 -5.185033274955923588e+01
-5.279999999999999277e-02 -5.141094594541946350e+01
-5.231999999999999845e-02 -5.140041466915270973e+01
-5.183999999999999719e-02 -5.163310406899799432e+01
-5.135999999999999593e-02 -5.175759313380393678e+01
-5.087999999999999468e-02 -5.136797226459012222e+01
-5.039999999999999342e-02 -5.110299328634524585e+01
-4.991999999999999216e-02 -5.091609240401565728e+01
-4.943999999999999784e-02 -5.086791242348879649e+01
-4.895999999999999658e-02 -5.091002404396955683e+01
-4.847999999999999532e-02 -5.089199005215751015e+01
-4.799999999999999406e-02 -5.071745884658739101e+01
-4.751999999999999280e-02 -5.053875203685996809e+01
-4.703999999999999848e-02 -5.031562948488273435e+01
-4.655999999999999722e-02 -5.040627120727712907e+01
-4.607999999999999596e-02 -5.040167861497562285e+01
-4.559999999999999470e-02 -5.045223551022991160e+01
-4.511999999999999345e-02 -5.037105910961482635e+01
-4.463999999999999913e-02 -5.038026607354336761e+01
-4.415999999999999787e-02 -5.058663335052492016e+01
-4.367999999999999661e-02 -5.016896021722552490e+01
-4.319999999999999535e-02 -4.969558529663983393e+01
-4.271999999999999409e-02 -4.983268425870956264e+01
-4.223999999999999977e-02 -4.984701840414053464e+01
-4.175999999999999851e-02 -4.978295178761618445e+01
-4.127999999999999725e-02 -4.985046832690274243e+01
-4.079999999999999599e-02 -4.978355940609795738e+01
-4.031999999999999473e-02 -4.950226765221692204e+01
-3.983999999999999347e-02 -4.942406718583069392e+01
-3.935999999999999915e-02 -4.958804224148160245e+01
-3.887999999999999790e-02 -4.947555556229815465e+01
-3.839999999999999664e-02 -4.933516199805495717e+01
-3.791999999999999538e-02 -4.894145744853395996e+01
-3.743999999999999412e-02 -4.875904566681273877e+01
-3.695999999999999980e-02 -4.860942403918122778e+01
-3.647999999999999854e-02 -4.869341980987705654e+01
-3.599999999999999728e-02 -4.895498692821569620e+01
-3.551999999999999602e-02 -4.897845803475607340e+01
-3.503999999999999476e-02 -4.868978707939337625e+01
-3.455999999999999350e-02 -4.859841548125884003e+01
-3.407999999999999918e-02 -4.834369499919979063e+01
-3.359999999999999792e-02 -4.811952426557499507e+01
-3.311999999999999666e-02 -4.825988946792052303e+01
-3.263999999999999541e-02 -4.816688314669868731e+01
-3.215999999999999415e-02 -4.807140610002796421e+01
-3.167999999999999983e-02 -4.795359228448479172e+01
-3.119999999999999857e-02 -4.808051050277146743e+01
-3.071999999999999731e-02 -4.812278654504343933e+01
-3.023999999999999605e-02 -4.805495118679677091e+01
-2.975999999999999826e-02 -4.777624875315456876e+01
-2.927999999999999700e-02 -4.737338059933112078e+01
-2.879999999999999921e-02 -4.707030505684451072e+01
-2.831999999999999795e-02 -4.708952563101014732e+01
-2.783999999999999669e-02 -4.738519565143214152e+01
-2.735999999999999890e-02 -4.751030753781211047e+01
-2.687999999999999765e-02 -4.697465474289838028e+01
-2.639999999999999639e-02 -4.692765463875902299e+01
-2.591999999999999860e-02 -4.686388165848634202e+01
-2.543999999999999734e-02 -4.651018599618497262e+01
-2.495999999999999608e-02 -4.656607566041934376e+01
-2.447999999999999829e-02 -4.657449055831114038e+01
-2.399999999999999703e-02 -4.640685604987499602e+01
-2.351999999999999924e-02 -4.631565793163554190e+01
-2.303999999999999798e-02 -4.617150219611603035e+01
-2.255999999999999672e-02 -4.588833160058482008e+01
-2.207999999999999893e-02 -4.564138256668427118e+01
-2.159999999999999767e-02 -4.553333953266803746e+01
-2.111999999999999988e-02 -4.530867772791420833e+01
-2.063999999999999863e-02 -4.503840624423014560e+01
-2.015999999999999737e-02 -4.489549313656567620e+01
-1.967999999999999958e-02 -4.450109023339989989e+01
-1.919999999999999832e-02 -4.446996296807770932e+01
-1.871999999999999706e-02 -4.423664133561964462e+01
-1.823999999999999927e-02 -4.367507207005630931e+01
-1.775999999999999801e-02 -4.339817843536379627e+01
-1.727999999999999675e-02 -4.337914151243780481e+01
-1.679999999999999896e-02 -4.310345343586662636e+01
-1.631999999999999770e-02 -4.267446108066132382e+01
-1.583999999999999991e-02 -4.234772527217806726e+01
-1.535999999999999865e-02 -4.209950722268807510e+01
-1.487999999999999913e-02 -4.158328751192608763e+01
-1.439999999999999961e-02 -4.127181148868265836e+01
-1.391999999999999835e-02 -4.118933794745963439e+01
-1.343999999999999882e-02 -4.109056805961645864e+01
-1.295999999999999930e-02 -4.075441881122512200e+01
-1.247999999999999804e-02 -4.035036976760370919e+01
-1.199999999999999852e-02 -3.880679940861498523e+01
-1.151999999999999899e-02 -3.610321425042939580e+01
-1.103999999999999947e-02 -3.255489265517701369e+01
-1.055999999999999994e-02 -2.196035350883689574e+01
-1.007999999999999868e-02 -4.066337606419691220e+00
-9.599999999999999159e-03 4.296396742689501558e+00
-9.119999999999999635e-03 6.911247521941477956e+00
-8.639999999999998376e-03 7.126942661700262249e+00
-8.159999999999998851e-03 7.142699916766199308e+00
-7.679999999999999327e-03 7.325357614953471597e+00
-7.199999999999999803e-03 7.427565168025954456e+00
-6.719999999999999411e-03 7.277299249742904763e+00
-6.239999999999999020e-03 7.325829724620502859e+00
-5.759999999999999495e-03 7.483347518108088181e+00
-5.279999999999999971e-03 7.464634487018011910e+00
-4.799999999999999580e-03 7.492154264021769983e+00
-4.319999999999999188e-03 7.284802000661526833e+00
-3.839999999999999664e-03 7.184720856343389528e+00
-3.359999999999999706e-03 7.190355470505224389e+00
-2.879999999999999748e-03 7.182049741507784191e+00
-2.399999999999999790e-03 7.312216773808351888e+00
-1.919999999999999832e-03 7.305421766039446929e+00
-1.439999999999999874e-03 7.312992244851138857e+00
-9.599999999999999159e-04 7.371147880218451576e+00
-4.799999999999999580e-04 7.264798683798464829e+00
0.000000000000000000e+00 7.201444057559433176e+00
4.799999999999999580e-04 7.407459119910043910e+00
9.599999999999999159e-04 7.789454624332997845e+00
1.439999999999999874e-03 7.451547788500445080e+00
1.919999999999999832e-03 7.101442208443550008e+00
2.399999999999999790e-03 7.318025952660200950e+00
2.879999999999999748e-03 7.476670802661061543e+00
3.359999999999999706e-03 7.635889173583183975e+00
3.839999999999999664e-03 7.398245495074550426e+00
4.319999999999999188e-03 7.095016817651190522e+00
4.799999999999999580e-03 7.152545806118610017e+00
5.279999999999999971e-03 7.247616336430318107e+00
5.759999999999999495e-03 7.251008387972762037e+00
6.239999999999999020e-03 7.165181244533174620e+00
6.719999999999999411e-03 7.217847932774540176e+00
7.199999999999999803e-03 7.331772635219765633e+00
7.679999999999999327e-03 7.117313000596627859e+00
8.159999999999998851e-03 7.166787196854256692e+00
8.639999999999998376e-03 7.252816668325388072e+00
9.119999999999999635e-03 6.923710534218264989e+00
9.599999999999999159e-03 4.196205466162988174e+00
1.007999999999999868e-02 -4.306130336334204500e+00
1.055999999999999994e-02 -2.212141066615782137e+01
1.103999999999999947e-02 -3.198433466996080199e+01
1.151999999999999899e-02 -3.595405693387379387e+01
1.199999999999999852e-02 -3.870558395502786908e+01
1.247999999999999804e-02 -4.031836741652433176e+01
1.295999999999999930e-02 -4.136253721285014251e+01
1.343999999999999882e-02 -4.190541093393888161e+01
1.391999999999999835e-02 -4.196289084474494757e+01
1.439999999999999961e-02 -4.208956654236268946e+01
1.487999999999999913e-02 -4.249277728439554380e+01
1.535999999999999865e-02 -4.303570540121383914e+01
1.583999999999999991e-02 -4.342913666509937798e+01
1.631999999999999770e-02 -4.367673979474930235e+01
1.679999999999999896e-02 -4.423355022864527797e+01
1.727999999999999675e-02 -4.483449290000456955e+01
1.775999999999999801e-02 -4.522047562039217894e+01
1.823999999999999927e-02 -4.529780850346489984e+01
1.871999999999999706e-02 -4.553453164743512360e+01
1.919999999999999832e-02 -4.600152536217584753e+01
1.967999999999999958e-02 -4.636985129845166398e+01
2.015999999999999737e-02 -4.669164194121749745e+01
2.063999999999999863e-02 -4.679335008438586385e+01
2.111999999999999988e-02 -4.678442813793505195e+01
2.159999999999999767e-02 -4.694128123734653002e+01
2.207999999999999893e-02 -4.690205125741756120e+01
2.255999999999999672e-02 -4.708937735328532881e+01
2.303999999999999798e-02 -4.725829317016178521e+01
2.351999999999999924e-02 -4.733056303179842672e+01
2.399999999999999703e-02 -4.760240624505237150e+01
2.447999999999999829e-02 -4.768623988561024163e+01
2.495999999999999608e-02 -4.777536412444143821e+01
2.543999999999999734e-02 -4.805372334033801707e+01
2.591999999999999860e-02 -4.807157449016537498e+01
2.639999999999999639e-02 -4.814248915402470175e+01
2.687999999999999765e-02 -4.828857752553687277e+01
2.735999999999999890e-02 -4.844102882412190780e+01
2.783999999999999669e-02 -4.858566558071916575e+01
2.831999999999999795e-02 -4.877138379970452320e+01
2.879999999999999921e-02 -4.920405019895494547e+01
2.927999999999999700e-02 -4.905644999866532885e+01
2.975999999999999826e-02 -4.888850657244937281e+01
3.023999999999999605e-02 -4.908527851245566609e+01
3.071999999999999731e-02 -4.958779626212665903e+01
3.119999999999999857e-02 -4.933583603724856914e+01
3.167999999999999983e-02 -4.901817658753869011e+01
3.215999999999999415e-02 -4.915677342231883529e+01
3.263999999999999541e-02 -4.962117742282948996e+01
3.311999999999999666e-02 -5.001904582862426452e+01
3.359999999999999792e-02 -5.042090275555678147e+01
3.407999999999999918e-02 -5.016978110790995515e+01
3.455999999999999350e-02 -5.002827951917363691e+01
3.503999999999999476e-02 -5.014350302890360211e+01
3.551999999999999602e-02 -5.017721040654335241e+01
3.599999999999999728e-02 -5.029678452167726022e+01
3.647999999999999854e-02 -5.040050379494719834e+01
3.695999999999999980e-02 -5.042744043996987102e+01
3.743999999999999412e-02 -5.067831624291669357e+01
3.791999999999999538e-02 -5.054939228262522732e+01
3.839999999999999664e-02 -5.057135275926433593e+01
3.887999999999999790e-02 -5.079314487422664826e+01
3.935999999999999915e-02 -5.073288796329998718e+01
3.983999999999999347e-02 -5.115196988413564583e+01
4.031999999999999473e-02 -5.136728435175015761e+01
4.079999999999999599e-02 -5.131480576705179431e+01
4.127999999999999725e-02 -5.139717107744174740e+01
4.175999999999999851e-02 -5.152376446529815723e+01
4.223999999999999977e-02 -5.174240819758836807e+01
4.271999999999999409e-02 -5.177957287297688538e+01
4.319999999999999535e-02 -5.151477519608033617e+01
4.367999999999999661e-02 -5.144926542141369907e+01
4.415999999999999787e-02 -5.168698531187790479e+01
4.463999999999999913e-02 -5.190484198089110635e+01
4.511999999999999345e-02 -5.197144129732117790e+01
4.559999999999999470e-02 -5.198688809259566312e+01
4.607999999999999596e-02 -5.220636475673207144e+01
4.655999999999999722e-02 -5.235962196549976966e+01
4.703999999999999848e-02 -5.245668317232708944e+01
4.751999999999999280e-02 -5.273445702276401903e+01
4.799999999999999406e-02 -5.276480218892515239e+01
4.847999999999999532e-02 -5.268232662367388741e+01
4.895999999999999658e-02 -5.269076938180607783e+01
4.943999999999999784e-02 -5.286365753538540702e+01
4.991999999999999216e-02 -5.306161349304284158e+01
5.039999999999999342e-02 -5.325426796873357915e+01
5.087999999999999468e-02 -5.326819312439753418e+01
5.135999999999999593e-02 -5.325524105721903823e+01
5.183999999999999719e-02 -5.325183631215561775e+01
5.231999999999999845e-02 -5.337300025715186536e+01
5.279999999999999277e-02 -5.336659680620475399e+01
5.327999999999999403e-02 -5.353181984576923469e+01
5.375999999999999529e-02 -5.349992604778734773e+01
5.423999999999999655e-02 -5.340469646378633684e+01
5.471999999999999781e-02 -5.353574760281169631e+01
5.519999999999999213e-02 -5.375573393529688104e+01
5.567999999999999339e-02 -5.387256337102982684e+01
5.615999999999999465e-02 -5.383407490630511205e+01
5.663999999999999591e-02 -5.398231222980236055e+01
5.711999999999999716e-02 -5.449027328375899515e+01
5.759999999999999842e-02 -5.457129865213761377e+01
5.807999999999999274e-02 -5.473343180650579853e+01
5.855999999999999400e-02 -5.483000013538385531e+01
5.903999999999999526e-02 -5.469544519319383369e+01
5.951999999999999652e-02 -5.479622002201692510e+01
5.999999999999999778e-02 -5.520440557413846250e+01
6.047999999999999210e-02 -5.507440628500292235e+01
6.095999999999999336e-02 -5.518815951791529528e+01
6.143999999999999462e-02 -5.531640601800062740e+01
6.191999999999999588e-02 -5.530212981171956699e+01
6.239999999999999714e-02 -5.539581796149406756e+01
6.287999999999999146e-02 -5.527245471454303782e+01
6.335999999999999965e-02 -5.580501319459681753e+01
6.383999999999999397e-02 -5.604681894589286628e+01
6.431999999999998829e-02 -5.567657775775948892e+01
6.479999999999999649e-02 -5.563476035004236309e+01
6.527999999999999081e-02 -5.596718114207789796e+01
6.575999999999999901e-02 -5.624000977355827047e+01
6.623999999999999333e-02 -5.620791256066817709e+01
6.671999999999998765e-02 -5.628392972910017988e+01
6.719999999999999585e-02 -5.641079627109434114e+01
6.767999999999999017e-02 -5.676883383008929229e+01
6.815999999999999837e-02 -5.699693080793760913e+01
6.863999999999999269e-02 -5.695391390855952807e+01
6.911999999999998701e-02 -5.705116195627290665e+01
6.959999999999999520e-02 -5.710217379605840904e+01
7.007999999999998952e-02 -5.725764390879591303e+01
7.055999999999999772e-02 -5.754912963372697732e+01
7.103999999999999204e-02 -5.759512224906379174e+01
7.152000000000000024e-02 -5.741117658191592454e+01
7.199999999999999456e-02 -5.744547593615854453e+01
7.247999999999998888e-02 -5.764235032718681140e+01
7.295999999999999708e-02 -5.779364423405542794e+01
7.343999999999999140e-02 -5.800714336816917438e+01
7.391999999999999960e-02 -5.823168065759507073e+01
7.439999999999999392e-02 -5.805878584943126697e+01
7.487999999999998824e-02 -5.797442116410543633e+01
7.535999999999999643e-02 -5.812873698357818597e+01
7.583999999999999075e-02 -5.828350072712169805e+01
7.631999999999999895e-02 -5.847735095196583188e+01
7.679999999999999327e-02 -5.862190211130840112e+01
7.727999999999998759e-02 -5.857709383380625923e+01
7.775999999999999579e-02 -5.856628600804111784e+01
7.823999999999999011e-02 -5.864600419763129935e+01
7.871999999999999831e-02 -5.866907001184600290e+01
7.919999999999999263e-02 -5.881260206101920573e+01
7.967999999999998695e-02 -5.891940554423968734e+01
8.015999999999999515e-02 -5.897057529833504219e+01
8.063999999999998947e-02 -5.877245448897842550e+01
8.111999999999999766e-02 -5.909345762226599419e+01
8.159999999999999198e-02 -5.944708147002459242e+01
8.207999999999998630e-02 -5.927030962858890462e+01
8.255999999999999450e-02 -5.913089019804084501e+01
8.303999999999998882e-02 -5.923921528558030047e+01
8.351999999999999702e-02 -5.918363986315733882e+01
8.399999999999999134e-02 -5.922495846232848038e+01
8.447999999999999954e-02 -5.951410804170006941e+01
8.495999999999999386e-02 -5.969189460347530485e+01
8.543999999999998818e-02 -5.959863202097884027e+01
8.591999999999999638e-02 -5.952772712748213024e+01
8.639999999999999070e-02 -5.946771710430673608e+01
8.687999999999999889e-02 -5.996194480460089693e+01
8.735999999999999321e-02 -5.993229652161497256e+01
8.783999999999998753e-02 -5.985952511504150664e+01
8.831999999999999573e-02 -6.006160052953645589e+01
8.879999999999999005e-02 -5.992034114264964018e+01
8.927999999999999825e-02 -5.996066738599602530e+01
8.975999999999999257e-02 -5.973990779322364375e+01
9.023999999999998689e-02 -5.984526939251612276e+01
9.071999999999999509e-02 -5.993703536615186067e+01
9.119999999999998941e-02 -5.996666233709699156e+01
9.167999999999999761e-02 -6.004485756796383811e+01
9.215999999999999193e-02 -6.014088319265962213e+01
9.263999999999998625e-02 -6.034264029316577194e+01
9.311999999999999444e-02 -6.054851537287618157e+01
9.359999999999998876e-02 -6.058544633672184432e+01
9.407999999999999696e-02 -6.070168248382916687e+01
9.455999999999999128e-02 -6.042943152281910102e+01
9.503999999999998560e-02 -6.053831466401058492e+01
9.551999999999999380e-02 -6.063226390366316565e+01
9.599999999999998812e-02 -6.055620958952972899e+01
9.647999999999999632e-02 -6.038859408112770666e+01
9.695999999999999064e-02 -6.054695474643914821e+01
9.743999999999998496e-02 -6.041495315744953842e+01
9.791999999999999316e-02 -6.015695334593512200e+01
9.839999999999998748e-02 -6.024850536402655621e+01
9.887999999999999567e-02 -6.060506719865531977e+01
9.935999999999998999e-02 -6.061786577183190161e+01
9.983999999999998431e-02 -6.046129173527177869e+01
1.003199999999999925e-01 -6.041126243813273788e+01
1.007999999999999868e-01 -6.075565239549366225e+01
1.012799999999999950e-01 -6.114585534746031215e+01
1.017599999999999894e-01 -6.149505890664411112e+01
1.022399999999999975e-01 -6.176396030713026164e+01
1.027199999999999919e-01 -6.199308021536771918e+01
1.031999999999999862e-01 -6.229885125502461563e+01
1.036799999999999944e-01 -6.274933162488052574e+01
1.041599999999999887e-01 -6.307718284517731888e+01
1.046399999999999969e-01 -6.318399912124966278e+01
1.051199999999999912e-01 -6.384482710421001173e+01
1.055999999999999855e-01 -6.471690230470376548e+01
1.060799999999999937e-01 -6.501614083063518024e+01
1.065599999999999881e-01 -6.567189628923115663e+01
1.070399999999999963e-01 -6.685455641053975739e+01
1.075199999999999906e-01 -6.786282398041794295e+01
1.079999999999999849e-01 -6.868835255143244467e+01
1.084799999999999931e-01 -6.964914453779709902e+01
1.089599999999999874e-01 -7.068221864952765543e+01
1.094399999999999956e-01 -7.155811760365075713e+01
1.099199999999999899e-01 -7.233440534203596428e+01
1.103999999999999843e-01 -7.327478445443219357e+01
1.108799999999999925e-01 -7.437807561898304698e+01
1.113599999999999868e-01 -7.516446293933414324e+01
1.118399999999999950e-01 -7.584691512973239469e+01
1.123199999999999893e-01 -7.653400477925367795e+01
1.127999999999999836e-01 -7.675131856212287573e+01
1.132799999999999918e-01 -7.664617187267478471e+01
1.137599999999999861e-01 -7.692706870990184598e+01
1.142399999999999943e-01 -7.729736924768658923e+01
1.147199999999999886e-01 -7.730270639945322841e+01
1.151999999999999968e-01 -7.751558756745544088e+01
1.156799999999999912e-01 -7.776709477826013028e+01
1.161599999999999855e-01 -7.779546925749771447e+01
1.166399999999999937e-01 -7.799387132052484617e+01
1.171199999999999880e-01 -7.825830121299047448e+01
1.175999999999999962e-01 -7.832587847606912135e+01
1.180799999999999905e-01 -7.855848361979816730e+01
1.185599999999999848e-01 -7.874392214209774465e+01
1.190399999999999930e-01 -7.876394062936080331e+01
1.195199999999999874e-01 -7.840545290186756233e+01
1.199999999999999956e-01 -7.817919476595092476e+01
1.204799999999999899e-01 -7.838414075877950893e+01
1.209599999999999842e-01 -7.892899527587556463e+01
1.214399999999999924e-01 -7.907804419782303285e+01
1.219199999999999867e-01 -7.884271805955546597e+01
1.223999999999999949e-01 -7.824778007498419186e+01
