-1.228799999999999955e+02 -9.727781384755525096e+01
-1.223999999999999915e+02 -9.752606764479685353e+01
-1.219200000000000017e+02 -9.801686043365562284e+01
-1.214399999999999977e+02 -9.817137581398340274e+01
-1.209599999999999937e+02 -9.842177941902394878e+01
-1.204799999999999898e+02 -9.798447659196179416e+01
-1.200000000000000000e+02 -9.791084193627929722e+01
-1.195199999999999960e+02 -9.775412034790981863e+01
-1.190399999999999920e+02 -9.734835633691220380e+01
-1.185600000000000023e+02 -9.718259732006787033e+01
-1.180799999999999983e+02 -9.727692708022365764e+01
-1.175999999999999943e+02 -9.695204140625907030e+01
-1.171199999999999903e+02 -9.665937297171697651e+01
-1.166400000000000006e+02 -9.644972079407813226e+01
-1.161599999999999966e+02 -9.626708295078518063e+01
-1.156799999999999926e+02 -9.635593153852707360e+01
-1.151999999999999886e+02 -9.618993246561686306e+01
-1.147199999999999989e+02 -9.581417257038246760e+01
-1.142399999999999949e+02 -9.554202200209849138e+01
-1.137599999999999909e+02 -9.558908346488742325e+01
-1.132800000000000011e+02 -9.547705787183588200e+01
-1.127999999999999972e+02 -9.524921075314678376e+01
-1.123199999999999932e+02 -9.530927754237086447e+01
-1.118399999999999892e+02 -9.551465814637653295e+01
-1.113599999999999994e+02 -9.537186430593470732e+01
-1.108799999999999955e+02 -9.513977251927109080e+01
-1.103999999999999915e+02 -9.499290937675553437e+01
-1.099200000000000017e+02 -9.505176889324806666e+01
-1.094399999999999977e+02 -9.497440809968347253e+01
-1.089599999999999937e+02 -9.449279863112857925e+01
-1.084799999999999898e+02 -9.395060631376544791e+01
-1.080000000000000000e+02 -9.329003008052671930e+01
-1.075199999999999960e+02 -9.275457885979002981e+01
-1.070399999999999920e+02 -9.195236119231583416e+01
-1.065600000000000023e+02 -9.108187466634817042e+01
-1.060799999999999983e+02 -9.047870273781114747e+01
-1.055999999999999943e+02 -8.971893432594967521e+01
-1.051199999999999903e+02 -8.872900917147794075e+01
-1.046400000000000006e+02 -8.797244854644908685e+01
-1.041599999999999966e+02 -8.745842317098760077e+01
-1.036799999999999926e+02 -8.719468295056968543e+01
-1.032000000000000028e+02 -8.688881381728293718e+01
-1.027199999999999989e+02 -8.667859264002531461e+01
-1.022399999999999949e+02 -8.613251021235907956e+01
-1.017599999999999909e+02 -8.604612794984200264e+01
-1.012800000000000011e+02 -8.584299564837452579e+01
-1.007999999999999972e+02 -8.542034332106665317e+01
-1.003199999999999932e+02 -8.526094729669756589e+01
-9.984000000000000341e+01 -8.552797122146171205e+01
-9.935999999999999943e+01 -8.583027733611262988e+01
-9.887999999999999545e+01 -8.557872966544421445e+01
-9.839999999999999147e+01 -8.532131084976646207e+01
-9.792000000000000171e+01 -8.520146105906071909e+01
-9.743999999999999773e+01 -8.519090819075267973e+01
-9.695999999999999375e+01 -8.542558006722933328e+01
-9.647999999999998977e+01 -8.500227858350689303e+01
-9.600000000000000000e+01 -8.477199756594512792e+01
-9.551999999999999602e+01 -8.489136154002017065e+01
-9.503999999999999204e+01 -8.463870609397469025e+01
-9.456000000000000227e+01 -8.481783881682216020e+01
-9.407999999999999829e+01 -8.459893512925336267e+01
-9.359999999999999432e+01 -8.433476494081517671e+01
-9.311999999999999034e+01 -8.446434456532395529e+01
-9.264000000000000057e+01 -8.425706959460050882e+01
-9.215999999999999659e+01 -8.413028845380353005e+01
-9.167999999999999261e+01 -8.383850750942232821e+01
-9.120000000000000284e+01 -8.367692661434125512e+01
-9.071999999999999886e+01 -8.388342712092379827e+01
-9.023999999999999488e+01 -8.367257492277140329e+01
-8.975999999999999091e+01 -8.354507142205750370e+01
-8.928000000000000114e+01 -8.349436452023688560e+01
-8.879999999999999716e+01 -8.360330651333960361e+01
-8.831999999999999318e+01 -8.363851150461917427e+01
-8.784000000000000341e+01 -8.343704381724458585e+01
-8.735999999999999943e+01 -8.335059119137119410e+01
-8.687999999999999545e+01 -8.323268688021629202e+01
-8.639999999999999147e+01 -8.322846273579025933e+01
-8.592000000000000171e+01 -8.305921137487011663e+01
-8.543999999999999773e+01 -8.260440751378035884e+01
-8.495999999999999375e+01 -8.263962156306980944e+01
-8.447999999999998977e+01 -8.275756524371550427e+01
-8.400000000000000000e+01 -8.252706667954372222e+01
-8.351999999999999602e+01 -8.270827929644362086e+01
-8.303999999999999204e+01 -8.253940884939149214e+01
-8.256000000000000227e+01 -8.221816028412968080e+01
-8.207999999999999829e+01 -8.228097094379066334e+01
-8.159999999999999432e+01 -8.224429931856859355e+01
-8.111999999999999034e+01 -8.233903401497056507e+01
-8.064000000000000057e+01 -8.242776318508691702e+01
-8.015999999999999659e+01 -8.255024244653844789e+01
-7.967999999999999261e+01 -8.277126072433046033e+01
-7.920000000000000284e+01 -8.254272702767032399e+01
-7.871999999999999886e+01 -8.216263310080974236e+01
-7.823999999999999488e+01 -8.203933758391252695e+01
-7.775999999999999091e+01 -8.212845897261632899e+01
-7.728000000000000114e+01 -8.219182635049649832e+01
-7.679999999999999716e+01 -8.230831682009034012e+01
-7.631999999999999318e+01 -8.191283951177915412e+01
-7.584000000000000341e+01 -8.186705520520250445e+01
-7.535999999999999943e+01 -8.180748686235615708e+01
-7.487999999999999545e+01 -8.147665163317327597e+01
-7.439999999999999147e+01 -8.140096341180552031e+01
-7.392000000000000171e+01 -8.146787712838388984e+01
-7.343999999999999773e+01 -8.150023440385334084e+01
-7.295999999999999375e+01 -8.143252748762166959e+01
-7.248000000000000398e+01 -8.151712529382820094e+01
-7.200000000000000000e+01 -8.168500361841415724e+01
-7.151999999999999602e+01 -8.162778968556952464e+01
-7.103999999999999204e+01 -8.144373521516405390e+01
-7.056000000000000227e+01 -8.156814435204640290e+01
-7.007999999999999829e+01 -8.163046209853760615e+01
-6.959999999999999432e+01 -8.160783751893814042e+01
-6.912000000000000455e+01 -8.139030136319266262e+01
-6.864000000000000057e+01 -8.121401513824568497e+01
-6.815999999999999659e+01 -8.106793114342474382e+01
-6.767999999999999261e+01 -8.121233452690074728e+01
-6.720000000000000284e+01 -8.126854826697555723e+01
-6.671999999999999886e+01 -8.123220147008295555e+01
-6.623999999999999488e+01 -8.147278745398435262e+01
-6.575999999999999091e+01 -8.146665944310649365e+01
-6.528000000000000114e+01 -8.103682912839087749e+01
-6.479999999999999716e+01 -8.097862142536369845e+01
-6.431999999999999318e+01 -8.124968033119442623e+01
-6.383999999999999631e+01 -8.118971438995106382e+01
-6.335999999999999943e+01 -8.076370881965681292e+01
-6.287999999999999545e+01 -8.056526646597583863e+01
-6.239999999999999858e+01 -8.079488542783371940e+01
-6.191999999999999460e+01 -8.103732198020827582e+01
-6.143999999999999773e+01 -8.085556189361412294e+01
-6.096000000000000085e+01 -8.100882118758961781e+01
-6.047999999999999687e+01 -8.109021984766309288e+01
-6.000000000000000000e+01 -8.082766510949093686e+01
-5.951999999999999602e+01 -8.029932990910204182e+01
-5.903999999999999915e+01 -8.019389572346960904e+01
-5.855999999999999517e+01 -8.029874566168585659e+01
-5.807999999999999829e+01 -8.042884610581067761e+01
-5.759999999999999432e+01 -8.033410248464397796e+01
-5.711999999999999744e+01 -8.019913485638086570e+01
-5.664000000000000057e+01 -8.037164330144207725e+01
-5.615999999999999659e+01 -8.023176612821274034e+01
-5.567999999999999972e+01 -8.003222387130986704e+01
-5.519999999999999574e+01 -8.014169493605771777e+01
-5.471999999999999886e+01 -7.993345011289656554e+01
-5.423999999999999488e+01 -8.012233623896733548e+01
-5.375999999999999801e+01 -8.032242468280044534e+01
-5.328000000000000114e+01 -8.003564247252870700e+01
-5.279999999999999716e+01 -7.982212855522143968e+01
-5.232000000000000028e+01 -7.987235373044977393e+01
-5.183999999999999631e+01 -7.999707040428860694e+01
-5.135999999999999943e+01 -8.008753187790027539e+01
-5.087999999999999545e+01 -7.974571814805426584e+01
-5.039999999999999858e+01 -7.951874824225845373e+01
-4.992000000000000171e+01 -7.967501098453899999e+01
-4.943999999999999773e+01 -7.941061214530370194e+01
-4.896000000000000085e+01 -7.910646272087382158e+01
-4.847999999999999687e+01 -7.914961529283868913e+01
-4.800000000000000000e+01 -7.916241030946733304e+01
-4.751999999999999602e+01 -7.936193013667744367e+01
-4.703999999999999915e+01 -7.943042353614904982e+01
-4.655999999999999517e+01 -7.911841286997842815e+01
-4.607999999999999829e+01 -7.877265336976003596e+01
-4.560000000000000142e+01 -7.863675996952841274e+01
-4.511999999999999744e+01 -7.863326027588222189e+01
-4.464000000000000057e+01 -7.897215539954822816e+01
-4.415999999999999659e+01 -7.903039241813840476e+01
-4.367999999999999972e+01 -7.858299943278615274e+01
-4.319999999999999574e+01 -7.818769778013050598e+01
-4.271999999999999886e+01 -7.844599374996916197e+01
-4.223999999999999488e+01 -7.829253435077212941e+01
-4.175999999999999801e+01 -7.835186350836765712e+01
-4.128000000000000114e+01 -7.845673651443544827e+01
-4.079999999999999716e+01 -7.843132598176082126e+01
-4.032000000000000028e+01 -7.852929993910510120e+01
-3.983999999999999631e+01 -7.841604535210873905e+01
-3.935999999999999943e+01 -7.806934011825623543e+01
-3.887999999999999545e+01 -7.822165335517433959e+01
-3.839999999999999858e+01 -7.819281423740915216e+01
-3.792000000000000171e+01 -7.777983406306120173e+01
-3.743999999999999773e+01 -7.718143345374150499e+01
-3.696000000000000085e+01 -7.729206348137500981e+01
-3.647999999999999687e+01 -7.746777801831557042e+01
-3.600000000000000000e+01 -7.780463144265594622e+01
-3.551999999999999602e+01 -7.761564200043521566e+01
-3.503999999999999915e+01 -7.718873209288538817e+01
-3.456000000000000227e+01 -7.713517010735499468e+01
-3.407999999999999829e+01 -7.696871987895275424e+01
-3.360000000000000142e+01 -7.682243098583205665e+01
-3.311999999999999744e+01 -7.666420496237844873e+01
-3.264000000000000057e+01 -7.632512887815715885e+01
-3.215999999999999659e+01 -7.617694003183414964e+01
-3.167999999999999972e+01 -7.626333556636544131e+01
-3.119999999999999929e+01 -7.637144986816764458e+01
-3.071999999999999886e+01 -7.625743334248655003e+01
-3.023999999999999844e+01 -7.582267908807676804e+01
-2.975999999999999801e+01 -7.545791421420206291e+01
-2.927999999999999758e+01 -7.528202965611150432e+01
-2.879999999999999716e+01 -7.501369840478542983e+01
-2.832000000000000028e+01 -7.468126962665631652e+01
-2.783999999999999986e+01 -7.509577810181097846e+01
-2.735999999999999943e+01 -7.516292963365557966e+01
-2.687999999999999901e+01 -7.485907256216221128e+01
-2.639999999999999858e+01 -7.480394143680445040e+01
-2.591999999999999815e+01 -7.445737083482261198e+01
-2.543999999999999773e+01 -7.422083505332284403e+01
-2.496000000000000085e+01 -7.401495364826641321e+01
-2.448000000000000043e+01 -7.375563892386736597e+01
-2.400000000000000000e+01 -7.363016588787941430e+01
-2.351999999999999957e+01 -7.352846515841827113e+01
-2.303999999999999915e+01 -7.324349930273001519e+01
-2.255999999999999872e+01 -7.292011032659863190e+01
-2.207999999999999829e+01 -7.258028066838406289e+01
-2.159999999999999787e+01 -7.226357696664608454e+01
-2.111999999999999744e+01 -7.196805784554472041e+01
-2.064000000000000057e+01 -7.166029322334961194e+01
-2.016000000000000014e+01 -7.143331711782596471e+01
-1.967999999999999972e+01 -7.110122492426404506e+01
-1.919999999999999929e+01 -7.090187164326368929e+01
-1.871999999999999886e+01 -7.048377537837478712e+01
-1.823999999999999844e+01 -6.996575676042883174e+01
-1.775999999999999801e+01 -6.967338355012719830e+01
-1.728000000000000114e+01 -6.938807228418322381e+01
-1.680000000000000071e+01 -6.896170872584016820e+01
-1.632000000000000028e+01 -6.850565072454129734e+01
-1.583999999999999986e+01 -6.831020389607868992e+01
-1.535999999999999943e+01 -6.817524784471063981e+01
-1.487999999999999901e+01 -6.769892446508647765e+01
-1.439999999999999858e+01 -6.743029781113277465e+01
-1.391999999999999993e+01 -6.725051297097533620e+01
-1.343999999999999950e+01 -6.706326256322672918e+01
-1.295999999999999908e+01 -6.651599682608319597e+01
-1.248000000000000043e+01 -6.627318288946658242e+01
-1.200000000000000000e+01 -6.542807869254019693e+01
-1.151999999999999957e+01 -6.378755262735790410e+01
-1.103999999999999915e+01 -6.133915466964442231e+01
-1.055999999999999872e+01 -5.183931660047659307e+01
-1.008000000000000007e+01 -3.408809914111665762e+01
-9.599999999999999645e+00 -2.572800127086660282e+01
-9.119999999999999218e+00 -2.311236932492466067e+01
-8.640000000000000568e+00 -2.289669498032073847e+01
-8.160000000000000142e+00 -2.288150936559223680e+01
-7.679999999999999716e+00 -2.270014246572346295e+01
-7.199999999999999289e+00 -2.259956175004722567e+01
-6.719999999999999751e+00 -2.274991198017011129e+01
-6.240000000000000213e+00 -2.270266429497545602e+01
-5.759999999999999787e+00 -2.254628003685258264e+01
-5.279999999999999361e+00 -2.256630162152920249e+01
-4.799999999999999822e+00 -2.253945086685405030e+01
-4.320000000000000284e+00 -2.274512199235605436e+01
-3.839999999999999858e+00 -2.284460695118374218e+01
-3.359999999999999876e+00 -2.284000676027888233e+01
-2.879999999999999893e+00 -2.284822512757005342e+01
-2.399999999999999911e+00 -2.271693072212875109e+01
-1.919999999999999929e+00 -2.272508090467243846e+01
-1.439999999999999947e+00 -2.271461559904271255e+01
-9.599999999999999645e-01 -2.265139826175948556e+01
-4.799999999999999822e-01 -2.275705508153582102e+01
0.000000000000000000e+00 -2.281663611065653186e+01
4.799999999999999822e-01 -2.261025433545268726e+01
9.599999999999999645e-01 -2.223265599682754257e+01
1.439999999999999947e+00 -2.257407686605802866e+01
1.919999999999999929e+00 -2.292716409153302948e+01
2.399999999999999911e+00 -2.271010438890027316e+01
2.879999999999999893e+00 -2.255117573482600690e+01
3.359999999999999876e+00 -2.239332765922836188e+01
3.839999999999999858e+00 -2.263193438535919810e+01
4.320000000000000284e+00 -2.293583150040854690e+01
4.799999999999999822e+00 -2.287708660006809680e+01
5.279999999999999361e+00 -2.278012984684459141e+01
5.759999999999999787e+00 -2.277573440926593307e+01
6.240000000000000213e+00 -2.286041943609534144e+01
6.719999999999999751e+00 -2.280730295386275586e+01
7.199999999999999289e+00 -2.269189172090318252e+01
7.679999999999999716e+00 -2.290517982683781639e+01
8.160000000000000142e+00 -2.285591364451084928e+01
8.640000000000000568e+00 -2.277011396258119191e+01
9.119999999999999218e+00 -2.309908241201645396e+01
9.599999999999999645e+00 -2.582580729351170135e+01
1.008000000000000007e+01 -3.432445568659109369e+01
1.055999999999999872e+01 -5.205563108105033621e+01
1.103999999999999915e+01 -6.132021055037174762e+01
1.151999999999999957e+01 -6.438317786019109690e+01
1.200000000000000000e+01 -6.610872053538346904e+01
1.248000000000000043e+01 -6.697818837711631090e+01
1.295999999999999908e+01 -6.766422288110678096e+01
1.343999999999999950e+01 -6.802034059332595461e+01
1.391999999999999993e+01 -6.828413155112734501e+01
1.439999999999999858e+01 -6.852184157284276012e+01
1.487999999999999901e+01 -6.898300603576451806e+01
1.535999999999999943e+01 -6.952748898240518827e+01
1.583999999999999986e+01 -7.003262830871229028e+01
1.632000000000000028e+01 -7.039300108100754017e+01
1.680000000000000071e+01 -7.066601503884901092e+01
1.728000000000000114e+01 -7.111088468489944603e+01
1.775999999999999801e+01 -7.153544914508731267e+01
1.823999999999999844e+01 -7.162282834644389595e+01
1.871999999999999886e+01 -7.188644758265132850e+01
1.919999999999999929e+01 -7.227600116659490936e+01
1.967999999999999972e+01 -7.269631126254684261e+01
2.016000000000000014e+01 -7.314407554206509587e+01
2.064000000000000057e+01 -7.332767358526905355e+01
2.111999999999999744e+01 -7.362883434034272057e+01
2.159999999999999787e+01 -7.404393754656972249e+01
2.207999999999999829e+01 -7.424041590285628445e+01
2.255999999999999872e+01 -7.434618991480729733e+01
2.303999999999999915e+01 -7.456696246404662531e+01
2.351999999999999957e+01 -7.473992361919320615e+01
2.400000000000000000e+01 -7.503066533992195275e+01
2.448000000000000043e+01 -7.542670393454449140e+01
2.496000000000000085e+01 -7.563425895976834568e+01
2.543999999999999773e+01 -7.574318547684396208e+01
2.591999999999999815e+01 -7.572177511101550351e+01
2.639999999999999858e+01 -7.593155338168014623e+01
2.687999999999999901e+01 -7.605925270597649046e+01
2.735999999999999943e+01 -7.635607746424649633e+01
2.783999999999999986e+01 -7.673705290002436641e+01
2.832000000000000028e+01 -7.699795710388247016e+01
2.879999999999999716e+01 -7.722629108245966734e+01
2.927999999999999758e+01 -7.728699445970346460e+01
2.975999999999999801e+01 -7.722903653800680956e+01
3.023999999999999844e+01 -7.741701180871726251e+01
3.071999999999999886e+01 -7.763916269884467170e+01
3.119999999999999929e+01 -7.757274776137775518e+01
3.167999999999999972e+01 -7.757041853113180707e+01
3.215999999999999659e+01 -7.784919909046595876e+01
3.264000000000000057e+01 -7.827194501638595625e+01
3.311999999999999744e+01 -7.839445825105892141e+01
3.360000000000000142e+01 -7.865503271515878225e+01
3.407999999999999829e+01 -7.876670568965651853e+01
3.456000000000000227e+01 -7.848011158763780770e+01
3.503999999999999915e+01 -7.856220085732132929e+01
3.551999999999999602e+01 -7.882640985790884258e+01
3.600000000000000000e+01 -7.913291886788934448e+01
3.647999999999999687e+01 -7.909371336195272306e+01
3.696000000000000085e+01 -7.910826113266260506e+01
3.743999999999999773e+01 -7.934761132259582439e+01
3.792000000000000171e+01 -7.920756942200644346e+01
3.839999999999999858e+01 -7.926956727164895256e+01
3.887999999999999545e+01 -7.954913766640626704e+01
3.935999999999999943e+01 -7.955138039815808781e+01
3.983999999999999631e+01 -7.972345964351887915e+01
4.032000000000000028e+01 -7.978105498222393521e+01
4.079999999999999716e+01 -7.995941578783090620e+01
4.128000000000000114e+01 -7.965869224667471826e+01
4.175999999999999801e+01 -7.976296342055826472e+01
4.223999999999999488e+01 -7.997474702703638627e+01
4.271999999999999886e+01 -8.004713150607679495e+01
4.319999999999999574e+01 -7.982467851747668419e+01
4.367999999999999972e+01 -8.004871760930895164e+01
4.415999999999999659e+01 -8.028614872449716700e+01
4.464000000000000057e+01 -8.047935610667229867e+01
4.511999999999999744e+01 -8.059916964845542964e+01
4.560000000000000142e+01 -8.060688421321219721e+01
4.607999999999999829e+01 -8.103433828349520240e+01
4.655999999999999517e+01 -8.131933230812342117e+01
4.703999999999999915e+01 -8.111283084741884863e+01
4.751999999999999602e+01 -8.118993882520607031e+01
4.800000000000000000e+01 -8.129102619404537222e+01
4.847999999999999687e+01 -8.118198259885055279e+01
4.896000000000000085e+01 -8.123711295273244559e+01
4.943999999999999773e+01 -8.105288100588893485e+01
4.992000000000000171e+01 -8.090031339836818347e+01
5.039999999999999858e+01 -8.113974561927761897e+01
5.087999999999999545e+01 -8.108274695256477571e+01
5.135999999999999943e+01 -8.103444600245646257e+01
5.183999999999999631e+01 -8.137121198698751812e+01
5.232000000000000028e+01 -8.137341375459682524e+01
5.279999999999999716e+01 -8.128251043110810770e+01
5.328000000000000114e+01 -8.131922122759876004e+01
5.375999999999999801e+01 -8.143105528894497525e+01
5.423999999999999488e+01 -8.147546443396683458e+01
5.471999999999999886e+01 -8.151796557275746125e+01
5.519999999999999574e+01 -8.147940793497063794e+01
5.567999999999999972e+01 -8.141393018540689752e+01
5.615999999999999659e+01 -8.155185730597024474e+01
5.664000000000000057e+01 -8.158369036024198806e+01
5.711999999999999744e+01 -8.181964560189118174e+01
5.759999999999999432e+01 -8.203728631049449405e+01
5.807999999999999829e+01 -8.208853160615123556e+01
5.855999999999999517e+01 -8.213734669421577905e+01
5.903999999999999915e+01 -8.203172853790721319e+01
5.951999999999999602e+01 -8.202658159191938125e+01
6.000000000000000000e+01 -8.223388327654008378e+01
6.047999999999999687e+01 -8.218891579847401374e+01
6.096000000000000085e+01 -8.222334478182816042e+01
6.143999999999999773e+01 -8.237510793767926032e+01
6.191999999999999460e+01 -8.251228702426652717e+01
6.239999999999999858e+01 -8.249299847412360975e+01
6.287999999999999545e+01 -8.218833605777314233e+01
6.335999999999999943e+01 -8.250041899665752965e+01
6.383999999999999631e+01 -8.262107822482872166e+01
6.431999999999999318e+01 -8.236509604707477195e+01
6.479999999999999716e+01 -8.235503684126331336e+01
6.528000000000000114e+01 -8.239935988143821533e+01
6.575999999999999091e+01 -8.257416256293232948e+01
6.623999999999999488e+01 -8.248109543226304652e+01
6.671999999999999886e+01 -8.258319897922019948e+01
6.720000000000000284e+01 -8.272191039442708416e+01
6.767999999999999261e+01 -8.292954427472301404e+01
6.815999999999999659e+01 -8.299437786077081114e+01
6.864000000000000057e+01 -8.308751638746721824e+01
6.912000000000000455e+01 -8.311820138301982297e+01
6.959999999999999432e+01 -8.299019440427852601e+01
7.007999999999999829e+01 -8.288892291299022475e+01
7.056000000000000227e+01 -8.311562088154749972e+01
7.103999999999999204e+01 -8.338352070797571969e+01
7.151999999999999602e+01 -8.326846264022591981e+01
7.200000000000000000e+01 -8.324009630018053940e+01
7.248000000000000398e+01 -8.329215501452964077e+01
7.295999999999999375e+01 -8.327113589182056330e+01
7.343999999999999773e+01 -8.341150862270893640e+01
7.392000000000000171e+01 -8.354797383629235696e+01
7.439999999999999147e+01 -8.349535417238809032e+01
7.487999999999999545e+01 -8.330473097449834086e+01
7.535999999999999943e+01 -8.344060377060004896e+01
7.584000000000000341e+01 -8.365461877484816000e+01
7.631999999999999318e+01 -8.379065381954768554e+01
7.679999999999999716e+01 -8.384721701698890683e+01
7.728000000000000114e+01 -8.368430730213587765e+01
7.775999999999999091e+01 -8.370301270196905818e+01
7.823999999999999488e+01 -8.389350864845688704e+01
7.871999999999999886e+01 -8.386791803567615489e+01
7.920000000000000284e+01 -8.387747674372930362e+01
7.967999999999999261e+01 -8.390187022983666054e+01
8.015999999999999659e+01 -8.387744806590313829e+01
8.064000000000000057e+01 -8.372507392888877575e+01
8.111999999999999034e+01 -8.399455592549662697e+01
8.159999999999999432e+01 -8.437954657664528213e+01
8.207999999999999829e+01 -8.431716953473697629e+01
8.256000000000000227e+01 -8.418592881963365926e+01
8.303999999999999204e+01 -8.418296761213980517e+01
8.351999999999999602e+01 -8.415973735175813886e+01
8.400000000000000000e+01 -8.410120702005227145e+01
8.447999999999998977e+01 -8.437108187404979276e+01
8.495999999999999375e+01 -8.473588772231110511e+01
8.543999999999999773e+01 -8.474108195181030112e+01
8.592000000000000171e+01 -8.473625222437333093e+01
8.639999999999999147e+01 -8.466765811331498526e+01
8.687999999999999545e+01 -8.502781687716783665e+01
8.735999999999999943e+01 -8.486761470600704627e+01
8.784000000000000341e+01 -8.482620347353187640e+01
8.831999999999999318e+01 -8.498533622483996908e+01
8.879999999999999716e+01 -8.483867814729542545e+01
8.928000000000000114e+01 -8.476482255986482528e+01
8.975999999999999091e+01 -8.461968215172626628e+01
9.023999999999999488e+01 -8.484970090610660520e+01
9.071999999999999886e+01 -8.500455951179715441e+01
9.120000000000000284e+01 -8.490763954292248172e+01
9.167999999999999261e+01 -8.497617525569388874e+01
9.215999999999999659e+01 -8.507152863075540949e+01
9.264000000000000057e+01 -8.528161165197026605e+01
9.311999999999999034e+01 -8.549103566785814223e+01
9.359999999999999432e+01 -8.550955970483677504e+01
9.407999999999999829e+01 -8.554443140897269870e+01
9.456000000000000227e+01 -8.539978856811593744e+01
9.503999999999999204e+01 -8.560918157728843880e+01
9.551999999999999602e+01 -8.567977020582823400e+01
9.600000000000000000e+01 -8.555739868884964494e+01
9.647999999999998977e+01 -8.537279765267278719e+01
9.695999999999999375e+01 -8.554007313858110706e+01
9.743999999999999773e+01 -8.544281636090241250e+01
9.792000000000000171e+01 -8.515509736400652230e+01
9.839999999999999147e+01 -8.526409004776030542e+01
9.887999999999999545e+01 -8.557630889301844945e+01
9.935999999999999943e+01 -8.554056335417462265e+01
9.984000000000000341e+01 -8.542887864430321088e+01
1.003199999999999932e+02 -8.538595968347115672e+01
1.007999999999999972e+02 -8.574936927876873938e+01
1.012800000000000011e+02 -8.613527323148525738e+01
1.017599999999999909e+02 -8.646231062415628799e+01
1.022399999999999949e+02 -8.673482911355847591e+01
1.027199999999999989e+02 -8.708195912768603364e+01
1.032000000000000028e+02 -8.738297589958625622e+01
1.036799999999999926e+02 -8.783446590755664829e+01
1.041599999999999966e+02 -8.822525399109123612e+01
1.046400000000000006e+02 -8.824858211452706769e+01
1.051199999999999903e+02 -8.882338020787614141e+01
1.055999999999999943e+02 -8.965718877640257745e+01
1.060799999999999983e+02 -8.997026285310930405e+01
1.065600000000000023e+02 -9.066924308711897140e+01
1.070399999999999920e+02 -9.184743021302639931e+01
1.075199999999999960e+02 -9.275541592281308567e+01
1.080000000000000000e+02 -9.333854386630326871e+01
1.084799999999999898e+02 -9.394225388713358882e+01
1.089599999999999937e+02 -9.468647017129140409e+01
1.094399999999999977e+02 -9.542922144146078267e+01
1.099200000000000017e+02 -9.570169710609816605e+01
1.103999999999999915e+02 -9.603141567884848939e+01
1.108799999999999955e+02 -9.664187983784322000e+01
1.113599999999999994e+02 -9.688984453174911948e+01
1.118399999999999892e+02 -9.698178605423746035e+01
1.123199999999999932e+02 -9.686487104623876121e+01
1.127999999999999972e+02 -9.663301289224995116e+01
1.132800000000000011e+02 -9.657294425631610579e+01
1.137599999999999909e+02 -9.679270355493785871e+01
1.142399999999999949e+02 -9.701685916536024479e+01
1.147199999999999989e+02 -9.689517757581799628e+01
1.151999999999999886e+02 -9.720324050503216995e+01
1.156799999999999926e+02 -9.754446804592454612e+01
1.161599999999999966e+02 -9.735689372369498074e+01
1.166400000000000006e+02 -9.714759684018727626e+01
1.171199999999999903e+02 -9.726045691319217212e+01
1.175999999999999943e+02 -9.735721008279665512e+01
1.180799999999999983e+02 -9.747111826472078633e+01
1.185600000000000023e+02 -9.773732086612680803e+01
1.190399999999999920e+02 -9.784766845845049943e+01
1.195199999999999960e+02 -9.764106233699655490e+01
1.200000000000000000e+02 -9.779187755456929665e+01
1.204799999999999898e+02 -9.762116734625951153e+01
1.209599999999999937e+02 -9.760091497261586824e+01
1.214399999999999977e+02 -9.784132138368831022e+01
1.219200000000000017e+02 -9.822337947394649404e+01
1.223999999999999915e+02 -9.822113159131085069e+01
