-1.228799999999999892e-01 -7.702233643351176795e+01
-1.223999999999999949e-01 -7.788887314545343088e+01
-1.219199999999999867e-01 -7.823057785439756628e+01
-1.214399999999999924e-01 -7.796971097236506409e+01
-1.209599999999999842e-01 -7.779721720221934333e+01
-1.204799999999999899e-01 -7.762085879182936310e+01
-1.199999999999999956e-01 -7.752957477122831165e+01
-1.195199999999999874e-01 -7.713168239331645282e+01
-1.190399999999999930e-01 -7.697170024634236540e+01
-1.185599999999999848e-01 -7.672903548467917290e+01
-1.180799999999999905e-01 -7.643960125718909637e+01
-1.175999999999999962e-01 -7.621002634697839540e+01
-1.171199999999999880e-01 -7.583283019235071265e+01
-1.166399999999999937e-01 -7.512269763407972789e+01
-1.161599999999999855e-01 -7.488947349915575558e+01
-1.156799999999999912e-01 -7.488178002467560646e+01
-1.151999999999999968e-01 -7.448727504596382687e+01
-1.147199999999999886e-01 -7.410041434949606298e+01
-1.142399999999999943e-01 -7.382690410484218546e+01
-1.137599999999999861e-01 -7.372928269987181693e+01
-1.132799999999999918e-01 -7.348137583055846278e+01
-1.127999999999999836e-01 -7.308898300663136638e+01
-1.123199999999999893e-01 -7.294955568588852657e+01
-1.118399999999999950e-01 -7.295782072030056042e+01
-1.113599999999999868e-01 -7.269314412671823789e+01
-1.108799999999999925e-01 -7.226347508372245443e+01
-1.103999999999999843e-01 -7.166160864971425326e+01
-1.099199999999999899e-01 -7.120323144347830180e+01
-1.094399999999999956e-01 -7.048525652781046347e+01
-1.089599999999999874e-01 -6.954368609545832669e+01
-1.084799999999999931e-01 -6.854738437428116526e+01
-1.079999999999999849e-01 -6.760167530607756703e+01
-1.075199999999999906e-01 -6.659247617270240482e+01
-1.070399999999999963e-01 -6.574388633901190815e+01
-1.065599999999999881e-01 -6.529612334515827854e+01
-1.060799999999999937e-01 -6.496365260214130899e+01
-1.055999999999999855e-01 -6.415969288782063984e+01
-1.051199999999999912e-01 -6.332515070555708547e+01
-1.046399999999999969e-01 -6.286164827310023639e+01
-1.041599999999999887e-01 -6.240971589979163525e+01
-1.036799999999999944e-01 -6.168558093557895461e+01
-1.031999999999999862e-01 -6.167981322085456952e+01
-1.027199999999999919e-01 -6.152201874898740641e+01
-1.022399999999999975e-01 -6.085380362983620728e+01
-1.017599999999999894e-01 -6.084244203242430871e+01
-1.012799999999999950e-01 -6.049090946739038088e+01
-1.007999999999999868e-01 -6.018165193801348067e+01
-1.003199999999999925e-01 -6.026968740008705083e+01
-9.983999999999998431e-02 -6.000540437317052778e+01
-9.935999999999998999e-02 -6.004984723916013678e+01
-9.887999999999999567e-02 -6.000166422016866363e+01
-9.839999999999998748e-02 -5.978983004585941785e+01
-9.791999999999999316e-02 -5.992984563114062979e+01
-9.743999999999998496e-02 -5.981310943076047693e+01
-9.695999999999999064e-02 -5.977958551972012202e+01
-9.647999999999999632e-02 -5.958546536927705972e+01
-9.599999999999998812e-02 -5.945113376428183471e+01
-9.551999999999999380e-02 -5.951474079810890316e+01
-9.503999999999998560e-02 -5.918105627876015973e+01
-9.455999999999999128e-02 -5.893747711703418446e+01
-9.407999999999999696e-02 -5.896816256178613713e+01
-9.359999999999998876e-02 -5.905141768653196266e+01
-9.311999999999999444e-02 -5.897018357387807441e+01
-9.263999999999998625e-02 -5.899836743814289264e+01
-9.215999999999999193e-02 -5.905479258736028214e+01
-9.167999999999999761e-02 -5.862601186516474883e+01
-9.119999999999998941e-02 -5.850788959591839244e+01
-9.071999999999999509e-02 -5.823071868732500889e+01
-9.023999999999998689e-02 -5.803268265963972539e+01
-8.975999999999999257e-02 -5.801671381305922637e+01
-8.927999999999999825e-02 -5.818130206326287635e+01
-8.879999999999999005e-02 -5.859041716115520160e+01
-8.831999999999999573e-02 -5.833759606561901734e+01
-8.783999999999998753e-02 -5.813568025993173194e+01
-8.735999999999999321e-02 -5.822300535769579000e+01
-8.687999999999999889e-02 -5.800068627088435846e+01
-8.639999999999999070e-02 -5.783058657477163678e+01
-8.591999999999999638e-02 -5.779029700851359053e+01
-8.543999999999998818e-02 -5.767394795520995388e+01
-8.495999999999999386e-02 -5.752618493400129296e+01
-8.447999999999999954e-02 -5.757505917011022945e+01
-8.399999999999999134e-02 -5.752996853848589609e+01
-8.351999999999999702e-02 -5.736520172174650156e+01
-8.303999999999998882e-02 -5.725923153206963434e+01
-8.255999999999999450e-02 -5.691766733833712522e+01
-8.207999999999998630e-02 -5.720748003200390031e+01
-8.159999999999999198e-02 -5.732683737912668676e+01
-8.111999999999999766e-02 -5.710328221978346619e+01
-8.063999999999998947e-02 -5.675281910068301272e+01
-8.015999999999999515e-02 -5.671432312648334317e+01
-7.967999999999998695e-02 -5.693766393433342188e+01
-7.919999999999999263e-02 -5.677417669918799703e+01
-7.871999999999999831e-02 -5.648986220222332832e+01
-7.823999999999999011e-02 -5.662586855205135095e+01
-7.775999999999999579e-02 -5.650569819715550324e+01
-7.727999999999998759e-02 -5.626288361893895740e+01
-7.679999999999999327e-02 -5.636937363114729749e+01
-7.631999999999999895e-02 -5.618610595568930677e+01
-7.583999999999999075e-02 -5.590382319882361628e+01
-7.535999999999999643e-02 -5.563675579873213195e+01
-7.487999999999998824e-02 -5.542581635745530377e+01
-7.439999999999999392e-02 -5.545850817401527877e+01
-7.391999999999999960e-02 -5.530979861440816592e+01
-7.343999999999999140e-02 -5.529525962075610579e+01
-7.295999999999999708e-02 -5.537208629636870683e+01
-7.247999999999998888e-02 -5.538555783354433260e+01
-7.199999999999999456e-02 -5.545052250131747229e+01
-7.152000000000000024e-02 -5.523094960098301698e+01
-7.103999999999999204e-02 -5.510417403410808390e+01
-7.055999999999999772e-02 -5.525960225663878589e+01
-7.007999999999998952e-02 -5.533718336565337381e+01
-6.959999999999999520e-02 -5.512463270738591348e+01
-6.911999999999998701e-02 -5.485895497955752376e+01
-6.863999999999999269e-02 -5.465624892264014534e+01
-6.815999999999999837e-02 -5.472580964948630111e+01
-6.767999999999999017e-02 -5.496912114340954503e+01
-6.719999999999999585e-02 -5.492041967655319468e+01
-6.671999999999998765e-02 -5.455173357344668972e+01
-6.623999999999999333e-02 -5.423129281547021208e+01
-6.575999999999999901e-02 -5.422472508557069659e+01
-6.527999999999999081e-02 -5.424573191986316090e+01
-6.479999999999999649e-02 -5.410418661701790910e+01
-6.431999999999998829e-02 -5.428619526607875656e+01
-6.383999999999999397e-02 -5.396209065746528921e+01
-6.335999999999999965e-02 -5.358083874453586759e+01
-6.287999999999999146e-02 -5.339458070328884531e+01
-6.239999999999999714e-02 -5.329125220912071370e+01
-6.191999999999999588e-02 -5.326396370019723747e+01
-6.143999999999999462e-02 -5.305762550373672326e+01
-6.095999999999999336e-02 -5.324623610792080086e+01
-6.047999999999999210e-02 -5.337217232290680613e+01
-5.999999999999999778e-02 -5.310886542742687766e+01
-5.951999999999999652e-02 -5.245995837397347827e+01
-5.903999999999999526e-02 -5.246948723138060444e+01
-5.855999999999999400e-02 -5.234939240448404973e+01
-5.807999999999999274e-02 -5.247264274108201221e+01
-5.759999999999999842e-02 -5.252352783267176761e+01
-5.711999999999999716e-02 -5.215017930403114121e+01
-5.663999999999999591e-02 -5.211827649438571086e+01
-5.615999999999999465e-02 -5.201639427898717827e+01
-5.567999999999999339e-02 -5.187214150092867015e+01
-5.519999999999999213e-02 -5.180822066299189999e+01
-5.471999999999999781e-02 -5.155708847409690776e+01
-5.423999999999999655e-02 -5.172510693338040255e+01
-5.375999999999999529e-02 -5.192646133046307000e+01
-5.327999999999999403e-02 -5.161677879498226673e+01
-5.279999999999999277e-02 -5.130353461788569547e+01
-5.231999999999999845e-02 -5.127872168266242880e+01
-5.183999999999999719e-02 -5.147488403774461574e+01
-5.135999999999999593e-02 -5.167566806141327618e+01
-5.087999999999999468e-02 -5.123372788831317592e+01
-5.039999999999999342e-02 -5.106204860063549233e+01
-4.991999999999999216e-02 -5.084476091547517740e+01
-4.943999999999999784e-02 -5.072205968725491942e+01
-4.895999999999999658e-02 -5.080945448759608496e+01
-4.847999999999999532e-02 -5.077931311353577115e+01
-4.799999999999999406e-02 -5.057281122218353175e+01
-4.751999999999999280e-02 -5.038671320040700152e+01
-4.703999999999999848e-02 -5.015245278738077417e+01
-4.655999999999999722e-02 -5.026946209176429647e+01
-4.607999999999999596e-02 -5.033269488857172291e+01
-4.559999999999999470e-02 -5.033938983442109816e+01
-4.511999999999999345e-02 -5.015555086571745846e+01
-4.463999999999999913e-02 -5.024266441647006332e+01
-4.415999999999999787e-02 -5.033613362209077025e+01
-4.367999999999999661e-02 -4.990683602708213584e+01
-4.319999999999999535e-02 -4.962346986902326762e+01
-4.271999999999999409e-02 -4.982379324685388156e+01
-4.223999999999999977e-02 -4.987353722982219040e+01
-4.175999999999999851e-02 -4.983002246707933125e+01
-4.127999999999999725e-02 -4.976881902953507364e+01
-4.079999999999999599e-02 -4.969297263800726938e+01
-4.031999999999999473e-02 -4.939546958908234586e+01
-3.983999999999999347e-02 -4.926941654840297957e+01
-3.935999999999999915e-02 -4.946791540792236930e+01
-3.887999999999999790e-02 -4.935780426301833756e+01
-3.839999999999999664e-02 -4.926314106293599338e+01
-3.791999999999999538e-02 -4.881860216458832724e+01
-3.743999999999999412e-02 -4.869645978860570779e+01
-3.695999999999999980e-02 -4.864644451365733602e+01
-3.647999999999999854e-02 -4.881698992496329481e+01
-3.599999999999999728e-02 -4.894445036141539873e+01
-3.551999999999999602e-02 -4.878546552925283208e+01
-3.503999999999999476e-02 -4.852313533710217541e+01
-3.455999999999999350e-02 -4.843330668555974938e+01
-3.407999999999999918e-02 -4.817976489277840813e+01
-3.359999999999999792e-02 -4.810468845619660527e+01
-3.311999999999999666e-02 -4.814464210634972119e+01
-3.263999999999999541e-02 -4.803772737174167418e+01
-3.215999999999999415e-02 -4.802063572369952738e+01
-3.167999999999999983e-02 -4.782625788550689094e+01
-3.119999999999999857e-02 -4.798012328671106985e+01
-3.071999999999999731e-02 -4.802606801792167346e+01
-3.023999999999999605e-02 -4.786962062637465465e+01
-2.975999999999999826e-02 -4.768758097438480092e+01
-2.927999999999999700e-02 -4.739109630027869713e+01
-2.879999999999999921e-02 -4.708488995452478321e+01
-2.831999999999999795e-02 -4.706258159948117026e+01
-2.783999999999999669e-02 -4.721369572935169856e+01
-2.735999999999999890e-02 -4.726222455707107883e+01
-2.687999999999999765e-02 -4.676765469632921679e+01
-2.639999999999999639e-02 -4.676081010049784226e+01
-2.591999999999999860e-02 -4.677399867797524280e+01
-2.543999999999999734e-02 -4.646605965344149780e+01
-2.495999999999999608e-02 -4.644463657379810684e+01
-2.447999999999999829e-02 -4.642403891832798024e+01
-2.399999999999999703e-02 -4.626001239774812746e+01
-2.351999999999999924e-02 -4.615301512410019313e+01
-2.303999999999999798e-02 -4.597293589032062044e+01
-2.255999999999999672e-02 -4.572765803642036531e+01
-2.207999999999999893e-02 -4.556719168926598940e+01
-2.159999999999999767e-02 -4.542176392675430918e+01
-2.111999999999999988e-02 -4.516164325269510726e+01
-2.063999999999999863e-02 -4.492656555248372285e+01
-2.015999999999999737e-02 -4.473252773376059821e+01
-1.967999999999999958e-02 -4.434705307444554023e+01
-1.919999999999999832e-02 -4.434096687004484494e+01
-1.871999999999999706e-02 -4.410698128347551972e+01
-1.823999999999999927e-02 -4.359241989392729977e+01
-1.775999999999999801e-02 -4.331319534654207359e+01
-1.727999999999999675e-02 -4.321343398840598127e+01
-1.679999999999999896e-02 -4.293329149013318613e+01
-1.631999999999999770e-02 -4.250777221621306978e+01
-1.583999999999999991e-02 -4.218855288344882126e+01
-1.535999999999999865e-02 -4.200570694731013788e+01
-1.487999999999999913e-02 -4.149752926480157811e+01
-1.439999999999999961e-02 -4.119267222949610385e+01
-1.391999999999999835e-02 -4.113417113973149952e+01
-1.343999999999999882e-02 -4.099052550053532684e+01
-1.295999999999999930e-02 -4.066809533316678937e+01
-1.247999999999999804e-02 -4.027487943787153313e+01
-1.199999999999999852e-02 -3.871737404397376281e+01
-1.151999999999999899e-02 -3.604567118441163132e+01
-1.103999999999999947e-02 -3.251892238507113575e+01
-1.055999999999999994e-02 -2.195955259600346210e+01
-1.007999999999999868e-02 -4.067399982694447580e+00
-9.599999999999999159e-03 4.295688198964018767e+00
-9.119999999999999635e-03 6.910523674622740309e+00
-8.639999999999998376e-03 7.126221789778238502e+00
-8.159999999999998851e-03 7.141840895880664064e+00
-7.679999999999999327e-03 7.324464962361215470e+00
-7.199999999999999803e-03 7.426832846181678605e+00
-6.719999999999999411e-03 7.276632674616994478e+00
-6.239999999999999020e-03 7.324983346396475525e+00
-5.759999999999999495e-03 7.482786997743490431e+00
-5.279999999999999971e-03 7.464010271012507580e+00
-4.799999999999999580e-03 7.491438658045321830e+00
-4.319999999999999188e-03 7.284135106481002708e+00
-3.839999999999999664e-03 7.183911678933815992e+00
-3.359999999999999706e-03 7.189126446834446682e+00
-2.879999999999999748e-03 7.180817533449782353e+00
-2.399999999999999790e-03 7.311190370057389032e+00
-1.919999999999999832e-03 7.304482710545170399e+00
-1.439999999999999874e-03 7.312237377389033455e+00
-9.599999999999999159e-04 7.370336542137591707e+00
-4.799999999999999580e-04 7.263852636983367361e+00
0.000000000000000000e+00 7.200439618164868882e+00
4.799999999999999580e-04 7.406343112029315279e+00
9.599999999999999159e-04 7.788462079625019463e+00
1.439999999999999874e-03 7.450610766544309982e+00
1.919999999999999832e-03 7.100414109305884125e+00
2.399999999999999790e-03 7.317081208678305693e+00
2.879999999999999748e-03 7.475590555632170009e+00
3.359999999999999706e-03 7.634968498426273342e+00
3.839999999999999664e-03 7.397499365550403994e+00
4.319999999999999188e-03 7.094312665332287438e+00
4.799999999999999580e-03 7.151827066705682689e+00
5.279999999999999971e-03 7.246635476394979847e+00
5.759999999999999495e-03 7.250018933570442137e+00
6.239999999999999020e-03 7.164439277291365649e+00
6.719999999999999411e-03 7.217079554366405247e+00
7.199999999999999803e-03 7.330861674343758239e+00
7.679999999999999327e-03 7.116469936999116008e+00
8.159999999999998851e-03 7.165970519693228624e+00
8.639999999999998376e-03 7.251975568438412623e+00
9.119999999999999635e-03 6.923000536206908251e+00
9.599999999999999159e-03 4.195494126441879246e+00
1.007999999999999868e-02 -4.306467944380960589e+00
1.055999999999999994e-02 -2.212038413238081347e+01
1.103999999999999947e-02 -3.198983813652869657e+01
1.151999999999999899e-02 -3.594227347548552842e+01
1.199999999999999852e-02 -3.863372197984164558e+01
1.247999999999999804e-02 -4.020195140149005653e+01
1.295999999999999930e-02 -4.126633700613765399e+01
1.343999999999999882e-02 -4.179364422212246666e+01
1.391999999999999835e-02 -4.184607188829043878e+01
1.439999999999999961e-02 -4.196182801050903066e+01
1.487999999999999913e-02 -4.240491710025744254e+01
1.535999999999999865e-02 -4.296776343421416300e+01
1.583999999999999991e-02 -4.334320402849126452e+01
1.631999999999999770e-02 -4.352830694349961504e+01
1.679999999999999896e-02 -4.406842073144127170e+01
1.727999999999999675e-02 -4.475608957330928206e+01
1.775999999999999801e-02 -4.520119479151703246e+01
1.823999999999999927e-02 -4.520895195491030449e+01
1.871999999999999706e-02 -4.539810885981229660e+01
1.919999999999999832e-02 -4.582463150058299561e+01
1.967999999999999958e-02 -4.621302257975355587e+01
2.015999999999999737e-02 -4.652003086695719958e+01
2.063999999999999863e-02 -4.660625233959696345e+01
2.111999999999999988e-02 -4.657112246823737678e+01
2.159999999999999767e-02 -4.681402140612840412e+01
2.207999999999999893e-02 -4.678823174419108000e+01
2.255999999999999672e-02 -4.690550151134145551e+01
2.303999999999999798e-02 -4.706765159091619921e+01
2.351999999999999924e-02 -4.718504858739184016e+01
2.399999999999999703e-02 -4.744973680679518679e+01
2.447999999999999829e-02 -4.754250251147594497e+01
2.495999999999999608e-02 -4.771173007815412603e+01
2.543999999999999734e-02 -4.794337122038449195e+01
2.591999999999999860e-02 -4.796672681025788165e+01
2.639999999999999639e-02 -4.797277994413960300e+01
2.687999999999999765e-02 -4.811474709126783011e+01
2.735999999999999890e-02 -4.819689867261899963e+01
2.783999999999999669e-02 -4.836229789680862723e+01
2.831999999999999795e-02 -4.853866096479764281e+01
2.879999999999999921e-02 -4.891725679153989859e+01
2.927999999999999700e-02 -4.877641746469541317e+01
2.975999999999999826e-02 -4.878728462241931396e+01
3.023999999999999605e-02 -4.904849511434279918e+01
3.071999999999999731e-02 -4.944016689562441513e+01
3.119999999999999857e-02 -4.915870347722779599e+01
3.167999999999999983e-02 -4.887707116576508781e+01
3.215999999999999415e-02 -4.894684907373068938e+01
3.263999999999999541e-02 -4.944231860190453176e+01
3.311999999999999666e-02 -4.988576241781452580e+01
3.359999999999999792e-02 -5.023866220284904216e+01
3.407999999999999918e-02 -4.996771521998670806e+01
3.455999999999999350e-02 -4.980003880655819160e+01
3.503999999999999476e-02 -4.992625269351134421e+01
3.551999999999999602e-02 -4.988901007329020842e+01
3.599999999999999728e-02 -5.000916076607576599e+01
3.647999999999999854e-02 -5.018445401950121010e+01
3.695999999999999980e-02 -5.032712885640765421e+01
3.743999999999999412e-02 -5.056578510798541259e+01
3.791999999999999538e-02 -5.046517873978394420e+01
3.839999999999999664e-02 -5.037035655791650868e+01
3.887999999999999790e-02 -5.053768410866874206e+01
3.935999999999999915e-02 -5.046495177515905084e+01
3.983999999999999347e-02 -5.090370313614698006e+01
4.031999999999999473e-02 -5.119329790042385753e+01
4.079999999999999599e-02 -5.114981937131580025e+01
4.127999999999999725e-02 -5.121206523898059970e+01
4.175999999999999851e-02 -5.134824176012639185e+01
4.223999999999999977e-02 -5.161647202769081133e+01
4.271999999999999409e-02 -5.162342461476970357e+01
4.319999999999999535e-02 -5.139133224442262105e+01
4.367999999999999661e-02 -5.126951150604553220e+01
4.415999999999999787e-02 -5.151926471958503129e+01
4.463999999999999913e-02 -5.173791654197050605e+01
4.511999999999999345e-02 -5.193772217666945323e+01
4.559999999999999470e-02 -5.200197724045278136e+01
4.607999999999999596e-02 -5.214552351169377431e+01
4.655999999999999722e-02 -5.215017423318919043e+01
4.703999999999999848e-02 -5.218813677494564729e+01
4.751999999999999280e-02 -5.234645903216095064e+01
4.799999999999999406e-02 -5.250248230382652537e+01
4.847999999999999532e-02 -5.267588238153400226e+01
4.895999999999999658e-02 -5.264084107924691125e+01
4.943999999999999784e-02 -5.263131494006884026e+01
4.991999999999999216e-02 -5.293677448826817056e+01
5.039999999999999342e-02 -5.311268146620047759e+01
5.087999999999999468e-02 -5.312657865856272821e+01
5.135999999999999593e-02 -5.310177508519349487e+01
5.183999999999999719e-02 -5.298278170423414224e+01
5.231999999999999845e-02 -5.305463033041105803e+01
5.279999999999999277e-02 -5.317433925181883581e+01
5.327999999999999403e-02 -5.346501566253324711e+01
5.375999999999999529e-02 -5.337432393613697457e+01
5.423999999999999655e-02 -5.326965651141735236e+01
5.471999999999999781e-02 -5.353620700208938388e+01
5.519999999999999213e-02 -5.363805378747233732e+01
5.567999999999999339e-02 -5.369186536827691469e+01
5.615999999999999465e-02 -5.371931312479217979e+01
5.663999999999999591e-02 -5.397821776132665406e+01
5.711999999999999716e-02 -5.438678157197996654e+01
5.759999999999999842e-02 -5.435347463570203530e+01
5.807999999999999274e-02 -5.445850249284356437e+01
5.855999999999999400e-02 -5.448918870374613022e+01
5.903999999999999526e-02 -5.446333121197142191e+01
5.951999999999999652e-02 -5.475156637860039410e+01
5.999999999999999778e-02 -5.506442546977523023e+01
6.047999999999999210e-02 -5.485381073708215638e+01
6.095999999999999336e-02 -5.494314467190599771e+01
6.143999999999999462e-02 -5.506074358771370925e+01
6.191999999999999588e-02 -5.501540882178056791e+01
6.239999999999999714e-02 -5.521551184958820357e+01
6.287999999999999146e-02 -5.516902752090224737e+01
6.335999999999999965e-02 -5.551258916633897655e+01
6.383999999999999397e-02 -5.574676124679936606e+01
6.431999999999998829e-02 -5.569820191741207083e+01
6.479999999999999649e-02 -5.571840156981011205e+01
6.527999999999999081e-02 -5.596215482197754909e+01
6.575999999999999901e-02 -5.614012259538291971e+01
6.623999999999999333e-02 -5.614283053994537198e+01
6.671999999999998765e-02 -5.614410065001575134e+01
6.719999999999999585e-02 -5.633356136516003687e+01
6.767999999999999017e-02 -5.668882677495959399e+01
6.815999999999999837e-02 -5.706727554354192478e+01
6.863999999999999269e-02 -5.691446332140756681e+01
6.911999999999998701e-02 -5.692280705681988451e+01
6.959999999999999520e-02 -5.694619600219824918e+01
7.007999999999998952e-02 -5.698870190031956895e+01
7.055999999999999772e-02 -5.725815862872920547e+01
7.103999999999999204e-02 -5.740758552456941999e+01
7.152000000000000024e-02 -5.733686902794669038e+01
7.199999999999999456e-02 -5.731380127651864598e+01
7.247999999999998888e-02 -5.747306519096657951e+01
7.295999999999999708e-02 -5.787679818737750281e+01
7.343999999999999140e-02 -5.817144686990118174e+01
7.391999999999999960e-02 -5.795397124944334166e+01
7.439999999999999392e-02 -5.781405181228417689e+01
7.487999999999998824e-02 -5.781969705352557298e+01
7.535999999999999643e-02 -5.805279977444263295e+01
7.583999999999999075e-02 -5.808562142738882272e+01
7.631999999999999895e-02 -5.831363815685331531e+01
7.679999999999999327e-02 -5.874959304600390908e+01
7.727999999999998759e-02 -5.866352646718851815e+01
7.775999999999999579e-02 -5.837201913436292244e+01
7.823999999999999011e-02 -5.831303940596826862e+01
7.871999999999999831e-02 -5.855977602514148117e+01
7.919999999999999263e-02 -5.896636648427549687e+01
7.967999999999998695e-02 -5.900297358237099843e+01
8.015999999999999515e-02 -5.900653104538818639e+01
8.063999999999998947e-02 -5.894682754813915437e+01
8.111999999999999766e-02 -5.925039280780620743e+01
8.159999999999999198e-02 -5.939943121593333331e+01
8.207999999999998630e-02 -5.945484472656923458e+01
8.255999999999999450e-02 -5.947600870555359620e+01
8.303999999999998882e-02 -5.934168080307993876e+01
8.351999999999999702e-02 -5.904854929474113590e+01
8.399999999999999134e-02 -5.907214083464456422e+01
8.447999999999999954e-02 -5.932116888671808397e+01
8.495999999999999386e-02 -5.944166710394331687e+01
8.543999999999998818e-02 -5.969953068061719392e+01
8.591999999999999638e-02 -5.976956233601610791e+01
8.639999999999999070e-02 -5.975683803812553663e+01
8.687999999999999889e-02 -6.016503954213253280e+01
8.735999999999999321e-02 -5.992287707286207876e+01
8.783999999999998753e-02 -5.972552497181833786e+01
8.831999999999999573e-02 -6.000790851232868306e+01
8.879999999999999005e-02 -6.008296236809697888e+01
8.927999999999999825e-02 -6.016331862747069437e+01
8.975999999999999257e-02 -6.000111364377330858e+01
9.023999999999998689e-02 -6.002260659666600162e+01
9.071999999999999509e-02 -5.997040183768662303e+01
9.119999999999998941e-02 -6.005126860660678290e+01
9.167999999999999761e-02 -6.013301557475074333e+01
9.215999999999999193e-02 -6.007370581238106411e+01
9.263999999999998625e-02 -6.021132342675624471e+01
9.311999999999999444e-02 -6.038440293512574897e+01
9.359999999999998876e-02 -6.043672489237663115e+01
9.407999999999999696e-02 -6.060841212778383635e+01
9.455999999999999128e-02 -6.044165003214971676e+01
9.503999999999998560e-02 -6.055372374601654428e+01
9.551999999999999380e-02 -6.073773583171095680e+01
9.599999999999998812e-02 -6.050638754332362623e+01
9.647999999999999632e-02 -6.034722386322737719e+01
9.695999999999999064e-02 -6.039427205834872581e+01
9.743999999999998496e-02 -6.032593959918209237e+01
9.791999999999999316e-02 -6.003173094075346228e+01
9.839999999999998748e-02 -6.019820115604505872e+01
9.887999999999999567e-02 -6.073424510984919777e+01
9.935999999999998999e-02 -6.079413062265317791e+01
9.983999999999998431e-02 -6.058789944474968081e+01
1.003199999999999925e-01 -6.049057091694898958e+01
1.007999999999999868e-01 -6.072278550667925856e+01
1.012799999999999950e-01 -6.094053627561975617e+01
1.017599999999999894e-01 -6.140460358412268249e+01
1.022399999999999975e-01 -6.160139721681921543e+01
1.027199999999999919e-01 -6.179218086334795146e+01
1.031999999999999862e-01 -6.191453347628448967e+01
1.036799999999999944e-01 -6.230315754840784592e+01
1.041599999999999887e-01 -6.263806882327129699e+01
1.046399999999999969e-01 -6.311899756790531058e+01
1.051199999999999912e-01 -6.391159393944513312e+01
1.055999999999999855e-01 -6.467795178315779481e+01
1.060799999999999937e-01 -6.510609991706562028e+01
1.065599999999999881e-01 -6.589085663907957269e+01
1.070399999999999963e-01 -6.687314945254453846e+01
1.075199999999999906e-01 -6.779816377005646189e+01
1.079999999999999849e-01 -6.875389316576588783e+01
1.084799999999999931e-01 -6.982209232650559727e+01
1.089599999999999874e-01 -7.068354616603970442e+01
1.094399999999999956e-01 -7.161194379927120224e+01
1.099199999999999899e-01 -7.267017514464937733e+01
1.103999999999999843e-01 -7.340766953628339309e+01
1.108799999999999925e-01 -7.421582184808090688e+01
1.113599999999999868e-01 -7.515948918237783971e+01
1.118399999999999950e-01 -7.581705716369191350e+01
1.123199999999999893e-01 -7.607580102766772256e+01
1.127999999999999836e-01 -7.621021380322710570e+01
1.132799999999999918e-01 -7.638071154181788813e+01
1.137599999999999861e-01 -7.680697644885863440e+01
1.142399999999999943e-01 -7.722230536451225191e+01
1.147199999999999886e-01 -7.732486082625895563e+01
1.151999999999999968e-01 -7.775872823040964477e+01
1.156799999999999912e-01 -7.787028483074263363e+01
1.161599999999999855e-01 -7.788609950364804035e+01
1.166399999999999937e-01 -7.829613550581166237e+01
1.171199999999999880e-01 -7.859602939002313349e+01
1.175999999999999962e-01 -7.844784542216186196e+01
1.180799999999999905e-01 -7.864656743140918138e+01
1.185599999999999848e-01 -7.893451167800891710e+01
1.190399999999999930e-01 -7.900231580895548689e+01
1.195199999999999874e-01 -7.889443349800045269e+01
1.199999999999999956e-01 -7.911467789481464763e+01
1.204799999999999899e-01 -7.884783318900714733e+01
1.209599999999999842e-01 -7.872171968749465520e+01
1.214399999999999924e-01 -7.884998452011377879e+01
1.219199999999999867e-01 -7.884432174037078767e+01
1.223999999999999949e-01 -7.807115201399592763e+01
