-1.228799999999999955e+02 -9.753300414629188708e+01
-1.223999999999999915e+02 -9.792660118947253522e+01
-1.219200000000000017e+02 -9.839484409979236545e+01
-1.214399999999999977e+02 -9.840771888652015775e+01
-1.209599999999999937e+02 -9.860685509772203261e+01
-1.204799999999999898e+02 -9.843926984866372720e+01
-1.200000000000000000e+02 -9.860633028184687987e+01
-1.195199999999999960e+02 -9.827878237471449552e+01
-1.190399999999999920e+02 -9.778710071657913261e+01
-1.185600000000000023e+02 -9.778133776300030888e+01
-1.180799999999999983e+02 -9.770279974999675687e+01
-1.175999999999999943e+02 -9.746420400499026471e+01
-1.171199999999999903e+02 -9.731268663253716511e+01
-1.166400000000000006e+02 -9.703359062521592193e+01
-1.161599999999999966e+02 -9.694478007604317327e+01
-1.156799999999999926e+02 -9.710703665474989066e+01
-1.151999999999999886e+02 -9.684374779891814455e+01
-1.147199999999999989e+02 -9.648050950007441884e+01
-1.142399999999999949e+02 -9.633550234350769870e+01
-1.137599999999999909e+02 -9.626817957509200596e+01
-1.132800000000000011e+02 -9.612825554141130624e+01
-1.127999999999999972e+02 -9.603143512942662596e+01
-1.123199999999999932e+02 -9.618227617081981862e+01
-1.118399999999999892e+02 -9.631137506670671655e+01
-1.113599999999999994e+02 -9.618435744138550092e+01
-1.108799999999999955e+02 -9.607450904038685735e+01
-1.103999999999999915e+02 -9.598801570529316507e+01
-1.099200000000000017e+02 -9.591798317040843358e+01
-1.094399999999999977e+02 -9.552662398062432203e+01
-1.089599999999999937e+02 -9.483885762893633853e+01
-1.084799999999999898e+02 -9.428470312921758989e+01
-1.080000000000000000e+02 -9.304043069724014003e+01
-1.075199999999999960e+02 -9.200390091566652018e+01
-1.070399999999999920e+02 -9.134568294850387815e+01
-1.065600000000000023e+02 -9.106991907809953091e+01
-1.060799999999999983e+02 -9.056448027093564690e+01
-1.055999999999999943e+02 -8.974813556182570551e+01
-1.051199999999999903e+02 -8.891086738499299713e+01
-1.046400000000000006e+02 -8.809205533458346338e+01
-1.041599999999999966e+02 -8.748325579392094653e+01
-1.036799999999999926e+02 -8.697118318065423637e+01
-1.032000000000000028e+02 -8.697110220389708957e+01
-1.027199999999999989e+02 -8.682905332616330440e+01
-1.022399999999999949e+02 -8.616478285364632939e+01
-1.017599999999999909e+02 -8.604030003474187538e+01
-1.012800000000000011e+02 -8.571801820159376462e+01
-1.007999999999999972e+02 -8.537532613426722605e+01
-1.003199999999999932e+02 -8.538887597809328156e+01
-9.984000000000000341e+01 -8.524323827543240384e+01
-9.935999999999999943e+01 -8.526598078148701632e+01
-9.887999999999999545e+01 -8.510418225853051410e+01
-9.839999999999999147e+01 -8.491397986035407541e+01
-9.792000000000000171e+01 -8.510982520036165511e+01
-9.743999999999999773e+01 -8.498317696576381763e+01
-9.695999999999999375e+01 -8.494712729757145553e+01
-9.647999999999998977e+01 -8.476320711726336299e+01
-9.600000000000000000e+01 -8.461462014968353174e+01
-9.551999999999999602e+01 -8.470533025571828034e+01
-9.503999999999999204e+01 -8.437766259266228985e+01
-9.456000000000000227e+01 -8.420628271825096078e+01
-9.407999999999999829e+01 -8.425968073628176569e+01
-9.359999999999999432e+01 -8.431289884177679994e+01
-9.311999999999999034e+01 -8.430544540554457456e+01
-9.264000000000000057e+01 -8.426577380283512753e+01
-9.215999999999999659e+01 -8.416167104971037816e+01
-9.167999999999999261e+01 -8.385546229068653190e+01
-9.120000000000000284e+01 -8.379615716576877560e+01
-9.071999999999999886e+01 -8.350783514754346015e+01
-9.023999999999999488e+01 -8.330588757523335630e+01
-8.975999999999999091e+01 -8.335980889178307507e+01
-8.928000000000000114e+01 -8.349358856247351923e+01
-8.879999999999999716e+01 -8.380208391437093951e+01
-8.831999999999999318e+01 -8.354991160941749229e+01
-8.784000000000000341e+01 -8.339286649912114058e+01
-8.735999999999999943e+01 -8.358399530184274795e+01
-8.687999999999999545e+01 -8.333045415939038492e+01
-8.639999999999999147e+01 -8.304480458547912747e+01
-8.592000000000000171e+01 -8.295912628131075905e+01
-8.543999999999999773e+01 -8.285730561587712373e+01
-8.495999999999999375e+01 -8.275736762190520324e+01
-8.447999999999998977e+01 -8.282319696430522526e+01
-8.400000000000000000e+01 -8.274212023429343787e+01
-8.351999999999999602e+01 -8.269121649177895961e+01
-8.303999999999999204e+01 -8.262797913509527348e+01
-8.256000000000000227e+01 -8.234193815543153505e+01
-8.207999999999999829e+01 -8.246649721483827022e+01
-8.159999999999999432e+01 -8.243947537140753923e+01
-8.111999999999999034e+01 -8.238162452635451416e+01
-8.064000000000000057e+01 -8.222648985289403356e+01
-8.015999999999999659e+01 -8.234574726359794283e+01
-7.967999999999999261e+01 -8.276408250936496813e+01
-7.920000000000000284e+01 -8.264062937949478282e+01
-7.871999999999999886e+01 -8.223301563790825242e+01
-7.823999999999999488e+01 -8.225050692653988449e+01
-7.775999999999999091e+01 -8.212661223186815107e+01
-7.728000000000000114e+01 -8.196982634304154658e+01
-7.679999999999999716e+01 -8.214414232439347074e+01
-7.631999999999999318e+01 -8.187304853308681629e+01
-7.584000000000000341e+01 -8.182552331841806392e+01
-7.535999999999999943e+01 -8.170846931105415933e+01
-7.487999999999999545e+01 -8.150002431421263793e+01
-7.439999999999999147e+01 -8.155852918144780972e+01
-7.392000000000000171e+01 -8.160879320008568527e+01
-7.343999999999999773e+01 -8.165957022574259838e+01
-7.295999999999999375e+01 -8.177109828037376360e+01
-7.248000000000000398e+01 -8.177210967054877244e+01
-7.200000000000000000e+01 -8.164371080281300408e+01
-7.151999999999999602e+01 -8.168410616828711568e+01
-7.103999999999999204e+01 -8.157784919929328282e+01
-7.056000000000000227e+01 -8.158662172547012403e+01
-7.007999999999999829e+01 -8.157842455046935015e+01
-6.959999999999999432e+01 -8.163547782864145574e+01
-6.912000000000000455e+01 -8.145435189632431161e+01
-6.864000000000000057e+01 -8.118802835734152268e+01
-6.815999999999999659e+01 -8.107913341639223859e+01
-6.767999999999999261e+01 -8.140803653456472944e+01
-6.720000000000000284e+01 -8.166665854059050389e+01
-6.671999999999999886e+01 -8.143788053484652778e+01
-6.623999999999999488e+01 -8.127761371445478744e+01
-6.575999999999999091e+01 -8.128691089304112438e+01
-6.528000000000000114e+01 -8.115631340407090022e+01
-6.479999999999999716e+01 -8.113909429994969003e+01
-6.431999999999999318e+01 -8.135952019740955166e+01
-6.383999999999999631e+01 -8.121154168287694119e+01
-6.335999999999999943e+01 -8.083255756772381062e+01
-6.287999999999999545e+01 -8.064548651375204713e+01
-6.239999999999999858e+01 -8.075736890994167538e+01
-6.191999999999999460e+01 -8.083023648248999393e+01
-6.143999999999999773e+01 -8.090832888590732352e+01
-6.096000000000000085e+01 -8.118729737540516567e+01
-6.047999999999999687e+01 -8.110719523583654222e+01
-6.000000000000000000e+01 -8.054072806378938765e+01
-5.951999999999999602e+01 -8.010751623633154850e+01
-5.903999999999999915e+01 -8.023858352618327672e+01
-5.855999999999999517e+01 -8.037349046796884977e+01
-5.807999999999999829e+01 -8.058035805260091422e+01
-5.759999999999999432e+01 -8.053491884833900372e+01
-5.711999999999999744e+01 -8.032091042892437827e+01
-5.664000000000000057e+01 -8.047480639126462165e+01
-5.615999999999999659e+01 -8.035827469998105244e+01
-5.567999999999999972e+01 -7.995115875905740666e+01
-5.519999999999999574e+01 -8.000658269172832604e+01
-5.471999999999999886e+01 -8.000828222035680426e+01
-5.423999999999999488e+01 -8.016651190427025142e+01
-5.375999999999999801e+01 -8.045188899761623702e+01
-5.328000000000000114e+01 -8.010156839022124586e+01
-5.279999999999999716e+01 -7.991729665075057198e+01
-5.232000000000000028e+01 -7.995049034771463425e+01
-5.183999999999999631e+01 -8.008716797476309068e+01
-5.135999999999999943e+01 -8.039920501122664120e+01
-5.087999999999999545e+01 -8.002245899847935107e+01
-5.039999999999999858e+01 -7.966456328604306236e+01
-4.992000000000000171e+01 -7.968536036530927902e+01
-4.943999999999999773e+01 -7.952700679971781028e+01
-4.896000000000000085e+01 -7.945773529266404012e+01
-4.847999999999999687e+01 -7.951357281668614974e+01
-4.800000000000000000e+01 -7.933897319169260243e+01
-4.751999999999999602e+01 -7.935350044362135691e+01
-4.703999999999999915e+01 -7.941600491454963162e+01
-4.655999999999999517e+01 -7.921110419290857863e+01
-4.607999999999999829e+01 -7.893144675619268469e+01
-4.560000000000000142e+01 -7.881751570189877043e+01
-4.511999999999999744e+01 -7.863975728237326734e+01
-4.464000000000000057e+01 -7.887848497375549073e+01
-4.415999999999999659e+01 -7.880239068345376552e+01
-4.367999999999999972e+01 -7.847956029843021497e+01
-4.319999999999999574e+01 -7.834775759899440573e+01
-4.271999999999999886e+01 -7.879074395677747589e+01
-4.223999999999999488e+01 -7.866280030575789795e+01
-4.175999999999999801e+01 -7.851790210599826025e+01
-4.128000000000000114e+01 -7.834777006899962259e+01
-4.079999999999999716e+01 -7.847403066264232052e+01
-4.032000000000000028e+01 -7.871889697396532881e+01
-3.983999999999999631e+01 -7.846775504514373267e+01
-3.935999999999999943e+01 -7.802437243302991021e+01
-3.887999999999999545e+01 -7.806317987754322019e+01
-3.839999999999999858e+01 -7.811445981448683540e+01
-3.792000000000000171e+01 -7.775175928172772899e+01
-3.743999999999999773e+01 -7.730569387935369718e+01
-3.696000000000000085e+01 -7.744841003765328935e+01
-3.647999999999999687e+01 -7.760400826901287985e+01
-3.600000000000000000e+01 -7.765630242817279338e+01
-3.551999999999999602e+01 -7.735509365781408064e+01
-3.503999999999999915e+01 -7.707811246999415289e+01
-3.456000000000000227e+01 -7.695389984577305142e+01
-3.407999999999999829e+01 -7.679401105510035563e+01
-3.360000000000000142e+01 -7.680237294161653949e+01
-3.311999999999999744e+01 -7.659420698320842291e+01
-3.264000000000000057e+01 -7.632192722253661543e+01
-3.215999999999999659e+01 -7.624476746806489302e+01
-3.167999999999999972e+01 -7.626175094656801434e+01
-3.119999999999999929e+01 -7.639283944173149621e+01
-3.071999999999999886e+01 -7.629042484025944759e+01
-3.023999999999999844e+01 -7.576039848661365284e+01
-2.975999999999999801e+01 -7.545772652018476379e+01
-2.927999999999999758e+01 -7.538003101971941078e+01
-2.879999999999999716e+01 -7.509392846359374118e+01
-2.832000000000000028e+01 -7.477459246960501105e+01
-2.783999999999999986e+01 -7.502001392262168622e+01
-2.735999999999999943e+01 -7.501015848423899968e+01
-2.687999999999999901e+01 -7.483904107777514980e+01
-2.639999999999999858e+01 -7.477526087665438581e+01
-2.591999999999999815e+01 -7.438338499577740492e+01
-2.543999999999999773e+01 -7.414523815542605689e+01
-2.496000000000000085e+01 -7.396390273312420049e+01
-2.448000000000000043e+01 -7.367209806224617807e+01
-2.400000000000000000e+01 -7.351027369680535628e+01
-2.351999999999999957e+01 -7.339277049501059480e+01
-2.303999999999999915e+01 -7.307276956162567672e+01
-2.255999999999999872e+01 -7.275527062623942243e+01
-2.207999999999999829e+01 -7.257258197675236033e+01
-2.159999999999999787e+01 -7.221471620025234017e+01
-2.111999999999999744e+01 -7.191136146761871828e+01
-2.064000000000000057e+01 -7.166081433047389737e+01
-2.016000000000000014e+01 -7.134984118389510854e+01
-1.967999999999999972e+01 -7.101503439414075558e+01
-1.919999999999999929e+01 -7.082932028983745454e+01
-1.871999999999999886e+01 -7.045300803841705317e+01
-1.823999999999999844e+01 -6.994074202877604307e+01
-1.775999999999999801e+01 -6.966833163528795581e+01
-1.728000000000000114e+01 -6.931632062207783918e+01
-1.680000000000000071e+01 -6.890949783343208424e+01
-1.632000000000000028e+01 -6.841381211864977274e+01
-1.583999999999999986e+01 -6.818519998422010531e+01
-1.535999999999999943e+01 -6.814459727670856637e+01
-1.487999999999999901e+01 -6.762328825254448361e+01
-1.439999999999999858e+01 -6.736517377620270963e+01
-1.391999999999999993e+01 -6.720607598024054141e+01
-1.343999999999999950e+01 -6.701563420472167820e+01
-1.295999999999999908e+01 -6.649966151853132601e+01
-1.248000000000000043e+01 -6.623045175200972778e+01
-1.200000000000000000e+01 -6.535068406742156810e+01
-1.151999999999999957e+01 -6.373975151158377628e+01
-1.103999999999999915e+01 -6.131097238939953797e+01
-1.055999999999999872e+01 -5.183272422320725781e+01
-1.008000000000000007e+01 -3.408764474794675436e+01
-9.599999999999999645e+00 -2.572721907200018876e+01
-9.119999999999999218e+00 -2.311144666698938366e+01
-8.640000000000000568e+00 -2.289579543862025446e+01
-8.160000000000000142e+00 -2.288097889697804987e+01
-7.679999999999999716e+00 -2.269964966641551740e+01
-7.199999999999999289e+00 -2.259867156436167335e+01
-6.719999999999999751e+00 -2.274892697777598016e+01
-6.240000000000000213e+00 -2.270215010985289439e+01
-5.759999999999999787e+00 -2.254524269954760740e+01
-5.279999999999999361e+00 -2.256533087018603823e+01
-4.799999999999999822e+00 -2.253871494016882693e+01
-4.320000000000000284e+00 -2.274419907628254833e+01
-3.839999999999999858e+00 -2.284394202565734844e+01
-3.359999999999999876e+00 -2.283995896436973538e+01
-2.879999999999999893e+00 -2.284828380628897904e+01
-2.399999999999999911e+00 -2.271685041474313849e+01
-1.919999999999999929e+00 -2.272462928340490862e+01
-1.439999999999999947e+00 -2.271356392393548163e+01
-9.599999999999999645e-01 -2.265068176134513322e+01
-4.799999999999999822e-01 -2.275650816408592902e+01
0.000000000000000000e+00 -2.281615303543681605e+01
4.799999999999999822e-01 -2.261031455197770512e+01
9.599999999999999645e-01 -2.223266607779375192e+01
1.439999999999999947e+00 -2.257395331948064054e+01
1.919999999999999929e+00 -2.292700023871607229e+01
2.399999999999999911e+00 -2.270972393852918358e+01
2.879999999999999893e+00 -2.255118420228040321e+01
3.359999999999999876e+00 -2.239306773722259436e+01
3.839999999999999858e+00 -2.263152747708585011e+01
4.320000000000000284e+00 -2.293530139637182330e+01
4.799999999999999822e+00 -2.287645919819159346e+01
5.279999999999999361e+00 -2.278016990275926901e+01
5.759999999999999787e+00 -2.277618920847200457e+01
6.240000000000000213e+00 -2.286048356866163900e+01
6.719999999999999751e+00 -2.280713545423385824e+01
7.199999999999999289e+00 -2.269192706498742851e+01
7.679999999999999716e+00 -2.290538724528218140e+01
8.160000000000000142e+00 -2.285618254719356557e+01
8.640000000000000568e+00 -2.277045230431188116e+01
9.119999999999999218e+00 -2.309925662331729157e+01
9.599999999999999645e+00 -2.582592663480215833e+01
1.008000000000000007e+01 -3.432416458778214974e+01
1.055999999999999872e+01 -5.205197694107718576e+01
1.103999999999999915e+01 -6.131530325680039795e+01
1.151999999999999957e+01 -6.434766697725078188e+01
1.200000000000000000e+01 -6.598875099846760861e+01
1.248000000000000043e+01 -6.682398313683887636e+01
1.295999999999999908e+01 -6.754353914835679973e+01
1.343999999999999950e+01 -6.794185121048721498e+01
1.391999999999999993e+01 -6.822307336471941142e+01
1.439999999999999858e+01 -6.848152955536730246e+01
1.487999999999999901e+01 -6.895346239797665078e+01
1.535999999999999943e+01 -6.943705976030143745e+01
1.583999999999999986e+01 -6.998053536523225659e+01
1.632000000000000028e+01 -7.032356231594980045e+01
1.680000000000000071e+01 -7.056216855054807979e+01
1.728000000000000114e+01 -7.102761016502124392e+01
1.775999999999999801e+01 -7.153964203578253489e+01
1.823999999999999844e+01 -7.160337614647943383e+01
1.871999999999999886e+01 -7.177418509133228497e+01
1.919999999999999929e+01 -7.218867522266810965e+01
1.967999999999999972e+01 -7.264496681359106844e+01
2.016000000000000014e+01 -7.300782607100993005e+01
2.064000000000000057e+01 -7.315398538415459484e+01
2.111999999999999744e+01 -7.349492231694155464e+01
2.159999999999999787e+01 -7.400809713558381020e+01
2.207999999999999829e+01 -7.419915995317215618e+01
2.255999999999999872e+01 -7.429507953129161990e+01
2.303999999999999915e+01 -7.452315194831834333e+01
2.351999999999999957e+01 -7.468669233880844160e+01
2.400000000000000000e+01 -7.488575991439483914e+01
2.448000000000000043e+01 -7.528306405503718679e+01
2.496000000000000085e+01 -7.560998351325899591e+01
2.543999999999999773e+01 -7.563548215244522055e+01
2.591999999999999815e+01 -7.576921356373463823e+01
2.639999999999999858e+01 -7.593940443774299354e+01
2.687999999999999901e+01 -7.605334693449182737e+01
2.735999999999999943e+01 -7.622029292739040329e+01
2.783999999999999986e+01 -7.657552419208029448e+01
2.832000000000000028e+01 -7.689040319743527618e+01
2.879999999999999716e+01 -7.712202814272612272e+01
2.927999999999999758e+01 -7.716167270341327367e+01
2.975999999999999801e+01 -7.723435482942379338e+01
3.023999999999999844e+01 -7.736626298671238544e+01
3.071999999999999886e+01 -7.762102502546532889e+01
3.119999999999999929e+01 -7.765832369352052922e+01
3.167999999999999972e+01 -7.752765358469613943e+01
3.215999999999999659e+01 -7.758196273675807220e+01
3.264000000000000057e+01 -7.819029425891406504e+01
3.311999999999999744e+01 -7.858055288237903824e+01
3.360000000000000142e+01 -7.872584926539489913e+01
3.407999999999999829e+01 -7.862040836563630819e+01
3.456000000000000227e+01 -7.841850842501730767e+01
3.503999999999999915e+01 -7.864085676810478276e+01
3.551999999999999602e+01 -7.882657653496869443e+01
3.600000000000000000e+01 -7.903383257562532549e+01
3.647999999999999687e+01 -7.893731110573489218e+01
3.696000000000000085e+01 -7.913923689732369837e+01
3.743999999999999773e+01 -7.936799717296312906e+01
3.792000000000000171e+01 -7.929735223719821136e+01
3.839999999999999858e+01 -7.931055211557466578e+01
3.887999999999999545e+01 -7.952227437160472334e+01
3.935999999999999943e+01 -7.956004926590134119e+01
3.983999999999999631e+01 -7.978290369623576339e+01
4.032000000000000028e+01 -7.988182756747961832e+01
4.079999999999999716e+01 -8.003477481602348576e+01
4.128000000000000114e+01 -7.987316836156931288e+01
4.175999999999999801e+01 -7.992026412712496608e+01
4.223999999999999488e+01 -8.005426243209868176e+01
4.271999999999999886e+01 -8.015775223295904084e+01
4.319999999999999574e+01 -7.989052356837837010e+01
4.367999999999999972e+01 -8.003734940931099118e+01
4.415999999999999659e+01 -8.035203966054243097e+01
4.464000000000000057e+01 -8.058727922408642996e+01
4.511999999999999744e+01 -8.074475258375551334e+01
4.560000000000000142e+01 -8.077985934207057994e+01
4.607999999999999829e+01 -8.094360263571745406e+01
4.655999999999999517e+01 -8.110496104722231792e+01
4.703999999999999915e+01 -8.116918485950021989e+01
4.751999999999999602e+01 -8.116276711407437006e+01
4.800000000000000000e+01 -8.136803749683336662e+01
4.847999999999999687e+01 -8.144655616235158391e+01
4.896000000000000085e+01 -8.129422958143415201e+01
4.943999999999999773e+01 -8.118661512076363351e+01
4.992000000000000171e+01 -8.118016597045570393e+01
5.039999999999999858e+01 -8.139599248837306789e+01
5.087999999999999545e+01 -8.127932653884099068e+01
5.135999999999999943e+01 -8.119959995849244194e+01
5.183999999999999631e+01 -8.129725951433240994e+01
5.232000000000000028e+01 -8.111931716019842042e+01
5.279999999999999716e+01 -8.119284964721812514e+01
5.328000000000000114e+01 -8.139289952503804670e+01
5.375999999999999801e+01 -8.142851224833290757e+01
5.423999999999999488e+01 -8.150133164682630138e+01
5.471999999999999886e+01 -8.163877472533052071e+01
5.519999999999999574e+01 -8.149984234257124172e+01
5.567999999999999972e+01 -8.144972219813125491e+01
5.615999999999999659e+01 -8.173611090856064720e+01
5.664000000000000057e+01 -8.185562119179620311e+01
5.711999999999999744e+01 -8.204159632564295634e+01
5.759999999999999432e+01 -8.214850073835438593e+01
5.807999999999999829e+01 -8.219057433472740115e+01
5.855999999999999517e+01 -8.203916214226370585e+01
5.903999999999999915e+01 -8.196044651373560441e+01
5.951999999999999602e+01 -8.224688351765689731e+01
6.000000000000000000e+01 -8.251842935176846083e+01
6.047999999999999687e+01 -8.227851484535855775e+01
6.096000000000000085e+01 -8.223506334476624602e+01
6.143999999999999773e+01 -8.238545373950773865e+01
6.191999999999999460e+01 -8.245607318618097281e+01
6.239999999999999858e+01 -8.256133640049213795e+01
6.287999999999999545e+01 -8.240420928263162637e+01
6.335999999999999943e+01 -8.235581617291026646e+01
6.383999999999999631e+01 -8.258882193954902107e+01
6.431999999999999318e+01 -8.286402916017870268e+01
6.479999999999999716e+01 -8.277890813306038353e+01
6.528000000000000114e+01 -8.271880334257232903e+01
6.575999999999999091e+01 -8.287767617117843599e+01
6.623999999999999488e+01 -8.288372429730308966e+01
6.671999999999999886e+01 -8.268319868721094679e+01
6.720000000000000284e+01 -8.273256263992871595e+01
6.767999999999999261e+01 -8.302526225352060862e+01
6.815999999999999659e+01 -8.339271026401227971e+01
6.864000000000000057e+01 -8.337558637030547004e+01
6.912000000000000455e+01 -8.319946740358660975e+01
6.959999999999999432e+01 -8.306441289224432012e+01
7.007999999999999829e+01 -8.302271755079375737e+01
7.056000000000000227e+01 -8.304426915209042193e+01
7.103999999999999204e+01 -8.325470521737224772e+01
7.151999999999999602e+01 -8.331659460128223316e+01
7.200000000000000000e+01 -8.318282591908590007e+01
7.248000000000000398e+01 -8.312024894353308468e+01
7.295999999999999375e+01 -8.333414375609258684e+01
7.343999999999999773e+01 -8.362136694663904279e+01
7.392000000000000171e+01 -8.349063049306097639e+01
7.439999999999999147e+01 -8.338615355807698393e+01
7.487999999999999545e+01 -8.331482066143908582e+01
7.535999999999999943e+01 -8.348852964041320490e+01
7.584000000000000341e+01 -8.346644826022173902e+01
7.631999999999999318e+01 -8.368957720546669066e+01
7.679999999999999716e+01 -8.402676587092379634e+01
7.728000000000000114e+01 -8.386911609561765601e+01
7.775999999999999091e+01 -8.364436055985648011e+01
7.823999999999999488e+01 -8.371465124168302907e+01
7.871999999999999886e+01 -8.379378658412520053e+01
7.920000000000000284e+01 -8.395065877752207939e+01
7.967999999999999261e+01 -8.399235670803946618e+01
8.015999999999999659e+01 -8.399919103625386185e+01
8.064000000000000057e+01 -8.408511793429218528e+01
8.111999999999999034e+01 -8.433237906862964905e+01
8.159999999999999432e+01 -8.435098538237443222e+01
8.207999999999999829e+01 -8.448656932021032162e+01
8.256000000000000227e+01 -8.452616936678037973e+01
8.303999999999999204e+01 -8.433407043343953546e+01
8.351999999999999602e+01 -8.407879451537698401e+01
8.400000000000000000e+01 -8.400131687311933604e+01
8.447999999999998977e+01 -8.418410658118116885e+01
8.495999999999999375e+01 -8.441343157273153963e+01
8.543999999999999773e+01 -8.486798339259671309e+01
8.592000000000000171e+01 -8.497377766906609509e+01
8.639999999999999147e+01 -8.483678473564638978e+01
8.687999999999999545e+01 -8.522043217338465126e+01
8.735999999999999943e+01 -8.488529806319357363e+01
8.784000000000000341e+01 -8.466317141500670118e+01
8.831999999999999318e+01 -8.491430130626234529e+01
8.879999999999999716e+01 -8.496643646321111021e+01
8.928000000000000114e+01 -8.493992841507456149e+01
8.975999999999999091e+01 -8.496582332912730351e+01
9.023999999999999488e+01 -8.515616473757491178e+01
9.071999999999999886e+01 -8.506212900075070138e+01
9.120000000000000284e+01 -8.500638564133430464e+01
9.167999999999999261e+01 -8.507170202750043586e+01
9.215999999999999659e+01 -8.505737738730891806e+01
9.264000000000000057e+01 -8.517874099820315337e+01
9.311999999999999034e+01 -8.540857918235826673e+01
9.359999999999999432e+01 -8.547812649719089961e+01
9.407999999999999829e+01 -8.553417662924360343e+01
9.456000000000000227e+01 -8.538367732737685856e+01
9.503999999999999204e+01 -8.554499543429635366e+01
9.551999999999999602e+01 -8.573476419429360362e+01
9.600000000000000000e+01 -8.554430758683359670e+01
9.647999999999998977e+01 -8.535902290236089129e+01
9.695999999999999375e+01 -8.537349689357795057e+01
9.743999999999999773e+01 -8.533574821572541680e+01
9.792000000000000171e+01 -8.506871092834445847e+01
9.839999999999999147e+01 -8.524217429466443718e+01
9.887999999999999545e+01 -8.579324091746462955e+01
9.935999999999999943e+01 -8.577433288849212545e+01
9.984000000000000341e+01 -8.558070706322837395e+01
1.003199999999999932e+02 -8.548924493493174737e+01
1.007999999999999972e+02 -8.571147812606851346e+01
1.012800000000000011e+02 -8.592234038101886995e+01
1.017599999999999909e+02 -8.640438699819478074e+01
1.022399999999999949e+02 -8.660794686344823390e+01
1.027199999999999989e+02 -8.686352082737643343e+01
1.032000000000000028e+02 -8.708636529327603171e+01
1.036799999999999926e+02 -8.746497984890991972e+01
1.041599999999999966e+02 -8.777958113627636294e+01
1.046400000000000006e+02 -8.829035760958780088e+01
1.051199999999999903e+02 -8.902018341254435541e+01
1.055999999999999943e+02 -8.968068614563506458e+01
1.060799999999999983e+02 -9.015514407697406796e+01
1.065600000000000023e+02 -9.099271075757354765e+01
1.070399999999999920e+02 -9.207311934276344800e+01
1.075199999999999960e+02 -9.290206342409751983e+01
1.080000000000000000e+02 -9.375717198717805445e+01
1.084799999999999898e+02 -9.466156165659779731e+01
1.089599999999999937e+02 -9.513961767070273368e+01
1.094399999999999977e+02 -9.593096909468947331e+01
1.099200000000000017e+02 -9.650627130221872108e+01
1.103999999999999915e+02 -9.664019923179198202e+01
1.108799999999999955e+02 -9.701576915247913746e+01
1.113599999999999994e+02 -9.726024126793413416e+01
1.118399999999999892e+02 -9.750900642099666982e+01
1.123199999999999932e+02 -9.717817778662083583e+01
1.127999999999999972e+02 -9.704628212357067696e+01
1.132800000000000011e+02 -9.716464019782614514e+01
1.137599999999999909e+02 -9.735495499211222636e+01
1.142399999999999949e+02 -9.738939803839393505e+01
1.147199999999999989e+02 -9.725512744005136767e+01
1.151999999999999886e+02 -9.781494267903241280e+01
1.156799999999999926e+02 -9.815407319165623790e+01
1.161599999999999966e+02 -9.799287067689901676e+01
1.166400000000000006e+02 -9.785749329442762701e+01
1.171199999999999903e+02 -9.790913457610491832e+01
1.175999999999999943e+02 -9.783820015264659276e+01
1.180799999999999983e+02 -9.781403499303777949e+01
1.185600000000000023e+02 -9.808827769274621744e+01
1.190399999999999920e+02 -9.816385518592159087e+01
1.195199999999999960e+02 -9.798925380111225536e+01
1.200000000000000000e+02 -9.842447536097489547e+01
1.204799999999999898e+02 -9.810952688742483474e+01
1.209599999999999937e+02 -9.792861490186223250e+01
1.214399999999999977e+02 -9.794218128516179434e+01
1.219200000000000017e+02 -9.833273444483097592e+01
1.223999999999999915e+02 -9.830964152137153178e+01
