-1.228799999999999892e-01 -7.738511897143320084e+01
-1.223999999999999949e-01 -7.807412928790779461e+01
-1.219199999999999867e-01 -7.812319328896940362e+01
-1.214399999999999924e-01 -7.768168039802770863e+01
-1.209599999999999842e-01 -7.781093855814907556e+01
-1.204799999999999899e-01 -7.778825645414062251e+01
-1.199999999999999956e-01 -7.732295150943259898e+01
-1.195199999999999874e-01 -7.721311139602374851e+01
-1.190399999999999930e-01 -7.686958939708287630e+01
-1.185599999999999848e-01 -7.636863178559399046e+01
-1.180799999999999905e-01 -7.621080242955633821e+01
-1.175999999999999962e-01 -7.614094449890021110e+01
-1.171199999999999880e-01 -7.570241293781410263e+01
-1.166399999999999937e-01 -7.481155825011670402e+01
-1.161599999999999855e-01 -7.459908428857916363e+01
-1.156799999999999912e-01 -7.465339000397976577e+01
-1.151999999999999968e-01 -7.419362575302875484e+01
-1.147199999999999886e-01 -7.377747182401068926e+01
-1.142399999999999943e-01 -7.356107378874354197e+01
-1.137599999999999861e-01 -7.356656650098442185e+01
-1.132799999999999918e-01 -7.346563379536311800e+01
-1.127999999999999836e-01 -7.298159175334313886e+01
-1.123199999999999893e-01 -7.273705890508013283e+01
-1.118399999999999950e-01 -7.281577985793748553e+01
-1.113599999999999868e-01 -7.225717776694325778e+01
-1.108799999999999925e-01 -7.159036874060217315e+01
-1.103999999999999843e-01 -7.125601872772168122e+01
-1.099199999999999899e-01 -7.078442754656722968e+01
-1.094399999999999956e-01 -7.013988756438244820e+01
-1.089599999999999874e-01 -6.931028657936279558e+01
-1.084799999999999931e-01 -6.852625772876923804e+01
-1.079999999999999849e-01 -6.760361960226768474e+01
-1.075199999999999906e-01 -6.681724760537059637e+01
-1.070399999999999963e-01 -6.607868921060864409e+01
-1.065599999999999881e-01 -6.536768068562381018e+01
-1.060799999999999937e-01 -6.484780489897103450e+01
-1.055999999999999855e-01 -6.403660027688010814e+01
-1.051199999999999912e-01 -6.312920249156939434e+01
-1.046399999999999969e-01 -6.279684484061252903e+01
-1.041599999999999887e-01 -6.257987843963670116e+01
-1.036799999999999944e-01 -6.197252616640209766e+01
-1.031999999999999862e-01 -6.136205884920898512e+01
-1.027199999999999919e-01 -6.101267350527223243e+01
-1.022399999999999975e-01 -6.070820431344351675e+01
-1.017599999999999894e-01 -6.069416977205265340e+01
-1.012799999999999950e-01 -6.048161867695192484e+01
-1.007999999999999868e-01 -6.006879948518931656e+01
-1.003199999999999925e-01 -6.025191970386305229e+01
-9.983999999999998431e-02 -6.021212022857916679e+01
-9.935999999999998999e-02 -6.003943220183743534e+01
-9.887999999999999567e-02 -6.009352148462067333e+01
-9.839999999999998748e-02 -5.998115689977388598e+01
-9.791999999999999316e-02 -5.994968194418393637e+01
-9.743999999999998496e-02 -5.971552399552287227e+01
-9.695999999999999064e-02 -5.958527618184084673e+01
-9.647999999999999632e-02 -5.946501199105252766e+01
-9.599999999999998812e-02 -5.920453640099670167e+01
-9.551999999999999380e-02 -5.932401275940988228e+01
-9.503999999999998560e-02 -5.954739910377477230e+01
-9.455999999999999128e-02 -5.949326864324278574e+01
-9.407999999999999696e-02 -5.927311607039075625e+01
-9.359999999999998876e-02 -5.905217687106475921e+01
-9.311999999999999444e-02 -5.885357579130985783e+01
-9.263999999999998625e-02 -5.891915700267983169e+01
-9.215999999999999193e-02 -5.903680153940094044e+01
-9.167999999999999761e-02 -5.862958036658732652e+01
-9.119999999999998941e-02 -5.829187308681259339e+01
-9.071999999999999509e-02 -5.842728579547434009e+01
-9.023999999999998689e-02 -5.829171333873059524e+01
-8.975999999999999257e-02 -5.832537429763173975e+01
-8.927999999999999825e-02 -5.822235775321190943e+01
-8.879999999999999005e-02 -5.848018316068085909e+01
-8.831999999999999573e-02 -5.855740604268213900e+01
-8.783999999999998753e-02 -5.834764749895674640e+01
-8.735999999999999321e-02 -5.825916241629195014e+01
-8.687999999999999889e-02 -5.779365940273638103e+01
-8.639999999999999070e-02 -5.755905157460490784e+01
-8.591999999999999638e-02 -5.760995663630993135e+01
-8.543999999999998818e-02 -5.754838811601663906e+01
-8.495999999999999386e-02 -5.745587195985757489e+01
-8.447999999999999954e-02 -5.736845709989904663e+01
-8.399999999999999134e-02 -5.737251543846927149e+01
-8.351999999999999702e-02 -5.728808329246536601e+01
-8.303999999999998882e-02 -5.720528140382465665e+01
-8.255999999999999450e-02 -5.706360826180268475e+01
-8.207999999999998630e-02 -5.728883588488268686e+01
-8.159999999999999198e-02 -5.715790548348817168e+01
-8.111999999999999766e-02 -5.700981185980793242e+01
-8.063999999999998947e-02 -5.693114417008398220e+01
-8.015999999999999515e-02 -5.671057420864845255e+01
-7.967999999999998695e-02 -5.686486615427335067e+01
-7.919999999999999263e-02 -5.670710771559679131e+01
-7.871999999999999831e-02 -5.647890227009221320e+01
-7.823999999999999011e-02 -5.655591162178723152e+01
-7.775999999999999579e-02 -5.664891346737465483e+01
-7.727999999999998759e-02 -5.649465818194533995e+01
-7.679999999999999327e-02 -5.640658770909772812e+01
-7.631999999999999895e-02 -5.603619814064761329e+01
-7.583999999999999075e-02 -5.578817953849936373e+01
-7.535999999999999643e-02 -5.579652380129864042e+01
-7.487999999999998824e-02 -5.545028043151646813e+01
-7.439999999999999392e-02 -5.537782121001288260e+01
-7.391999999999999960e-02 -5.535988280156121277e+01
-7.343999999999999140e-02 -5.513011159508287307e+01
-7.295999999999999708e-02 -5.501820509209142784e+01
-7.247999999999998888e-02 -5.494378707008066698e+01
-7.199999999999999456e-02 -5.512529223238661302e+01
-7.152000000000000024e-02 -5.500492260270601719e+01
-7.103999999999999204e-02 -5.483766546001110953e+01
-7.055999999999999772e-02 -5.507565652223146202e+01
-7.007999999999998952e-02 -5.518611763260932435e+01
-6.959999999999999520e-02 -5.487847179171651391e+01
-6.911999999999998701e-02 -5.473223199886562185e+01
-6.863999999999999269e-02 -5.454467088813535725e+01
-6.815999999999999837e-02 -5.463310303720456318e+01
-6.767999999999999017e-02 -5.483307232217639182e+01
-6.719999999999999585e-02 -5.459445614178349615e+01
-6.671999999999998765e-02 -5.421667801456485591e+01
-6.623999999999999333e-02 -5.413079290570659907e+01
-6.575999999999999901e-02 -5.426131310687100751e+01
-6.527999999999999081e-02 -5.407692097447547042e+01
-6.479999999999999649e-02 -5.383216585535454612e+01
-6.431999999999998829e-02 -5.394049671607642438e+01
-6.383999999999999397e-02 -5.348228374492612858e+01
-6.335999999999999965e-02 -5.313639537407341606e+01
-6.287999999999999146e-02 -5.304882307814624198e+01
-6.239999999999999714e-02 -5.305178076456890324e+01
-6.191999999999999588e-02 -5.318670362053726564e+01
-6.143999999999999462e-02 -5.294672728411048013e+01
-6.095999999999999336e-02 -5.309052960111648645e+01
-6.047999999999999210e-02 -5.325880925606853822e+01
-5.999999999999999778e-02 -5.306502619873347726e+01
-5.951999999999999652e-02 -5.246770610625779341e+01
-5.903999999999999526e-02 -5.226445886389662832e+01
-5.855999999999999400e-02 -5.218619742886343715e+01
-5.807999999999999274e-02 -5.234645363758828296e+01
-5.759999999999999842e-02 -5.238746414291096443e+01
-5.711999999999999716e-02 -5.192430989853123435e+01
-5.663999999999999591e-02 -5.191228331222889381e+01
-5.615999999999999465e-02 -5.192374247454373659e+01
-5.567999999999999339e-02 -5.173956624460217313e+01
-5.519999999999999213e-02 -5.162972420125826289e+01
-5.471999999999999781e-02 -5.143002045398677069e+01
-5.423999999999999655e-02 -5.161348394210087775e+01
-5.375999999999999529e-02 -5.172533943850719851e+01
-5.327999999999999403e-02 -5.146544314353009497e+01
-5.279999999999999277e-02 -5.122838990019597816e+01
-5.231999999999999845e-02 -5.125324851789660840e+01
-5.183999999999999719e-02 -5.134317829822798274e+01
-5.135999999999999593e-02 -5.146367607537032995e+01
-5.087999999999999468e-02 -5.115776206121415726e+01
-5.039999999999999342e-02 -5.090955768505709500e+01
-4.991999999999999216e-02 -5.065596983075149495e+01
-4.943999999999999784e-02 -5.055809654683203291e+01
-4.895999999999999658e-02 -5.061734202156593909e+01
-4.847999999999999532e-02 -5.064670744616699238e+01
-4.799999999999999406e-02 -5.039498403822698691e+01
-4.751999999999999280e-02 -5.013412271402796705e+01
-4.703999999999999848e-02 -4.999141447974652408e+01
-4.655999999999999722e-02 -5.012628773355309875e+01
-4.607999999999999596e-02 -5.009305218299762430e+01
-4.559999999999999470e-02 -5.016667730177459106e+01
-4.511999999999999345e-02 -5.010441431151203062e+01
-4.463999999999999913e-02 -5.011243896845471824e+01
-4.415999999999999787e-02 -5.024342451630771933e+01
-4.367999999999999661e-02 -4.997754847903142661e+01
-4.319999999999999535e-02 -4.956720552432885540e+01
-4.271999999999999409e-02 -4.960994987118100141e+01
-4.223999999999999977e-02 -4.974717999247958033e+01
-4.175999999999999851e-02 -4.977966408056771996e+01
-4.127999999999999725e-02 -4.966677160421403414e+01
-4.079999999999999599e-02 -4.951786630620041763e+01
-4.031999999999999473e-02 -4.931732258364633736e+01
-3.983999999999999347e-02 -4.922576369654770190e+01
-3.935999999999999915e-02 -4.938093010073950495e+01
-3.887999999999999790e-02 -4.923309670173920694e+01
-3.839999999999999664e-02 -4.911325438738623461e+01
-3.791999999999999538e-02 -4.868865548424036405e+01
-3.743999999999999412e-02 -4.849996494401114688e+01
-3.695999999999999980e-02 -4.834087168155902958e+01
-3.647999999999999854e-02 -4.856166832197186523e+01
-3.599999999999999728e-02 -4.889402445223409188e+01
-3.551999999999999602e-02 -4.875674091676262378e+01
-3.503999999999999476e-02 -4.843987547696465867e+01
-3.455999999999999350e-02 -4.833354806242234503e+01
-3.407999999999999918e-02 -4.804794791627585937e+01
-3.359999999999999792e-02 -4.792236982843431292e+01
-3.311999999999999666e-02 -4.805294174192330559e+01
-3.263999999999999541e-02 -4.785616059434818936e+01
-3.215999999999999415e-02 -4.787716438749788495e+01
-3.167999999999999983e-02 -4.777864557208162211e+01
-3.119999999999999857e-02 -4.789774360399798070e+01
-3.071999999999999731e-02 -4.788243610545717388e+01
-3.023999999999999605e-02 -4.777398111262803582e+01
-2.975999999999999826e-02 -4.752698221731510841e+01
-2.927999999999999700e-02 -4.723968105786595828e+01
-2.879999999999999921e-02 -4.699567717095968078e+01
-2.831999999999999795e-02 -4.701586297411097348e+01
-2.783999999999999669e-02 -4.718855853070807171e+01
-2.735999999999999890e-02 -4.714364051434699121e+01
-2.687999999999999765e-02 -4.660408610105169203e+01
-2.639999999999999639e-02 -4.669918306466348668e+01
-2.591999999999999860e-02 -4.668745585840333945e+01
-2.543999999999999734e-02 -4.633476416603060954e+01
-2.495999999999999608e-02 -4.633536003740011466e+01
-2.447999999999999829e-02 -4.629064159153907099e+01
-2.399999999999999703e-02 -4.610650068355911912e+01
-2.351999999999999924e-02 -4.604037115017175097e+01
-2.303999999999999798e-02 -4.583659454077741202e+01
-2.255999999999999672e-02 -4.563823593307382254e+01
-2.207999999999999893e-02 -4.550404379999785931e+01
-2.159999999999999767e-02 -4.534083786683004291e+01
-2.111999999999999988e-02 -4.507744229751915555e+01
-2.063999999999999863e-02 -4.479596637978283269e+01
-2.015999999999999737e-02 -4.456617948376766947e+01
-1.967999999999999958e-02 -4.414875158460128546e+01
-1.919999999999999832e-02 -4.412388254134877741e+01
-1.871999999999999706e-02 -4.391398650470053155e+01
-1.823999999999999927e-02 -4.345759337701602476e+01
-1.775999999999999801e-02 -4.317858008674001979e+01
-1.727999999999999675e-02 -4.308515273946575519e+01
-1.679999999999999896e-02 -4.283608149748161509e+01
-1.631999999999999770e-02 -4.238440747957515953e+01
-1.583999999999999991e-02 -4.208783231715354844e+01
-1.535999999999999865e-02 -4.192689278950405196e+01
-1.487999999999999913e-02 -4.142297512625637523e+01
-1.439999999999999961e-02 -4.113458630197841615e+01
-1.391999999999999835e-02 -4.105589713761869319e+01
-1.343999999999999882e-02 -4.090132868131131261e+01
-1.295999999999999930e-02 -4.056739134650591438e+01
-1.247999999999999804e-02 -4.018594174627004634e+01
-1.199999999999999852e-02 -3.865808561632390195e+01
-1.151999999999999899e-02 -3.602205739804566065e+01
-1.103999999999999947e-02 -3.252472467536688328e+01
-1.055999999999999994e-02 -2.195888781987260785e+01
-1.007999999999999868e-02 -4.067204706088936916e+00
-9.599999999999999159e-03 4.295430956853790505e+00
-9.119999999999999635e-03 6.910146622515888737e+00
-8.639999999999998376e-03 7.125907000012261960e+00
-8.159999999999998851e-03 7.141515450195985437e+00
-7.679999999999999327e-03 7.323954520916436728e+00
-7.199999999999999803e-03 7.426265264508273845e+00
-6.719999999999999411e-03 7.275923265986863342e+00
-6.239999999999999020e-03 7.324302893946782689e+00
-5.759999999999999495e-03 7.481911387441718908e+00
-5.279999999999999971e-03 7.463190838688154471e+00
-4.799999999999999580e-03 7.490711630881143002e+00
-4.319999999999999188e-03 7.283232355880696396e+00
-3.839999999999999664e-03 7.182922294032364263e+00
-3.359999999999999706e-03 7.188259347005060640e+00
-2.879999999999999748e-03 7.180074574190529191e+00
-2.399999999999999790e-03 7.310337570504020555e+00
-1.919999999999999832e-03 7.303518062653103549e+00
-1.439999999999999874e-03 7.311169394838831437e+00
-9.599999999999999159e-04 7.369187421553037964e+00
-4.799999999999999580e-04 7.262669847177632754e+00
0.000000000000000000e+00 7.199374017096147327e+00
4.799999999999999580e-04 7.405336662523515301e+00
9.599999999999999159e-04 7.787258962463099010e+00
1.439999999999999874e-03 7.449506467953739275e+00
1.919999999999999832e-03 7.099543542944552144e+00
2.399999999999999790e-03 7.316204793743681378e+00
2.879999999999999748e-03 7.474701659642555285e+00
3.359999999999999706e-03 7.634108690825166299e+00
3.839999999999999664e-03 7.396644278316224508e+00
4.319999999999999188e-03 7.093488809459600475e+00
4.799999999999999580e-03 7.151022028141765574e+00
5.279999999999999971e-03 7.245951258139102791e+00
5.759999999999999495e-03 7.249180411334020135e+00
6.239999999999999020e-03 7.163681298377549744e+00
6.719999999999999411e-03 7.216646243997906218e+00
7.199999999999999803e-03 7.330342138756467563e+00
7.679999999999999327e-03 7.115872475836100719e+00
8.159999999999998851e-03 7.165622829809126237e+00
8.639999999999998376e-03 7.251533354949323495e+00
9.119999999999999635e-03 6.922369642712279614e+00
9.599999999999999159e-03 4.194773378073416659e+00
1.007999999999999868e-02 -4.307370294850191073e+00
1.055999999999999994e-02 -2.212302216707089286e+01
1.103999999999999947e-02 -3.196982399093995753e+01
1.151999999999999899e-02 -3.588717852265467201e+01
1.199999999999999852e-02 -3.854937532019268076e+01
1.247999999999999804e-02 -4.009439818045983372e+01
1.295999999999999930e-02 -4.110163435336814075e+01
1.343999999999999882e-02 -4.160422509972792682e+01
1.391999999999999835e-02 -4.168727170415103700e+01
1.439999999999999961e-02 -4.179649514878790484e+01
1.487999999999999913e-02 -4.219742027651641791e+01
1.535999999999999865e-02 -4.280806406796237695e+01
1.583999999999999991e-02 -4.317917087452131142e+01
1.631999999999999770e-02 -4.338873675960919485e+01
1.679999999999999896e-02 -4.389932652720400341e+01
1.727999999999999675e-02 -4.459641465551708706e+01
1.775999999999999801e-02 -4.509516777153393008e+01
1.823999999999999927e-02 -4.508550137284192516e+01
1.871999999999999706e-02 -4.519162094080777337e+01
1.919999999999999832e-02 -4.564736009824457597e+01
1.967999999999999958e-02 -4.605603062369196721e+01
2.015999999999999737e-02 -4.636938559530090487e+01
2.063999999999999863e-02 -4.647317606715820659e+01
2.111999999999999988e-02 -4.644621874388956684e+01
2.159999999999999767e-02 -4.659805709640370708e+01
2.207999999999999893e-02 -4.655799588039033665e+01
2.255999999999999672e-02 -4.674252740962246833e+01
2.303999999999999798e-02 -4.692888457066135288e+01
2.351999999999999924e-02 -4.706038943877742042e+01
2.399999999999999703e-02 -4.728326470548979188e+01
2.447999999999999829e-02 -4.732232537457904442e+01
2.495999999999999608e-02 -4.745692951907436452e+01
2.543999999999999734e-02 -4.779444363286383890e+01
2.591999999999999860e-02 -4.786956239546731240e+01
2.639999999999999639e-02 -4.782838889529404014e+01
2.687999999999999765e-02 -4.798906967981990590e+01
2.735999999999999890e-02 -4.822021036163636865e+01
2.783999999999999669e-02 -4.826184557354919491e+01
2.831999999999999795e-02 -4.837966606712851103e+01
2.879999999999999921e-02 -4.878938599560196820e+01
2.927999999999999700e-02 -4.868763699882158846e+01
2.975999999999999826e-02 -4.859722088433003506e+01
3.023999999999999605e-02 -4.885369730945892996e+01
3.071999999999999731e-02 -4.936150445139397647e+01
3.119999999999999857e-02 -4.907469154471337447e+01
3.167999999999999983e-02 -4.873616507465779080e+01
3.215999999999999415e-02 -4.889792005042895084e+01
3.263999999999999541e-02 -4.928578472373444441e+01
3.311999999999999666e-02 -4.965070436181949276e+01
3.359999999999999792e-02 -5.009701093938662808e+01
3.407999999999999918e-02 -4.983836311202648517e+01
3.455999999999999350e-02 -4.967453859555639184e+01
3.503999999999999476e-02 -4.986573850495232563e+01
3.551999999999999602e-02 -4.987847324722578435e+01
3.599999999999999728e-02 -5.002681237314618556e+01
3.647999999999999854e-02 -5.014305779058712886e+01
3.695999999999999980e-02 -5.022880496717039733e+01
3.743999999999999412e-02 -5.046014197687298974e+01
3.791999999999999538e-02 -5.033157750242402528e+01
3.839999999999999664e-02 -5.030720752364579340e+01
3.887999999999999790e-02 -5.041872626166851035e+01
3.935999999999999915e-02 -5.036059251123123914e+01
3.983999999999999347e-02 -5.083381714556296771e+01
4.031999999999999473e-02 -5.103688607490819606e+01
4.079999999999999599e-02 -5.088667138055235739e+01
4.127999999999999725e-02 -5.080043995671869084e+01
4.175999999999999851e-02 -5.100206085809223566e+01
4.223999999999999977e-02 -5.147933411481360366e+01
4.271999999999999409e-02 -5.160129807665516211e+01
4.319999999999999535e-02 -5.138416445715765235e+01
4.367999999999999661e-02 -5.136795675671946526e+01
4.415999999999999787e-02 -5.148630356883339232e+01
4.463999999999999913e-02 -5.173212324081980285e+01
4.511999999999999345e-02 -5.176464849553342162e+01
4.559999999999999470e-02 -5.177818983948164799e+01
4.607999999999999596e-02 -5.205586982867231427e+01
4.655999999999999722e-02 -5.195890139720721379e+01
4.703999999999999848e-02 -5.204581653886590686e+01
4.751999999999999280e-02 -5.238085973461747358e+01
4.799999999999999406e-02 -5.237397063805556741e+01
4.847999999999999532e-02 -5.254227626862611089e+01
4.895999999999999658e-02 -5.254349024817307168e+01
4.943999999999999784e-02 -5.246505897228031756e+01
4.991999999999999216e-02 -5.270422839842706253e+01
5.039999999999999342e-02 -5.278050873381269525e+01
5.087999999999999468e-02 -5.289958124288613561e+01
5.135999999999999593e-02 -5.301704594605655529e+01
5.183999999999999719e-02 -5.298712939396759225e+01
5.231999999999999845e-02 -5.305851883536200120e+01
5.279999999999999277e-02 -5.292474813065064154e+01
5.327999999999999403e-02 -5.321455095972521576e+01
5.375999999999999529e-02 -5.317160350988863371e+01
5.423999999999999655e-02 -5.315113847533765323e+01
5.471999999999999781e-02 -5.342871057263874945e+01
5.519999999999999213e-02 -5.356624082346957039e+01
5.567999999999999339e-02 -5.354550161286054788e+01
5.615999999999999465e-02 -5.351668372201815060e+01
5.663999999999999591e-02 -5.375338233359549633e+01
5.711999999999999716e-02 -5.425438176922665434e+01
5.759999999999999842e-02 -5.424267133946982966e+01
5.807999999999999274e-02 -5.425964512854157817e+01
5.855999999999999400e-02 -5.419984831797308544e+01
5.903999999999999526e-02 -5.429024722666898839e+01
5.951999999999999652e-02 -5.443004838015273350e+01
5.999999999999999778e-02 -5.467216732709766092e+01
6.047999999999999210e-02 -5.478414999694092558e+01
6.095999999999999336e-02 -5.501114859906490295e+01
6.143999999999999462e-02 -5.499420612684318144e+01
6.191999999999999588e-02 -5.484941491416787329e+01
6.239999999999999714e-02 -5.515823585096667614e+01
6.287999999999999146e-02 -5.502760393754459756e+01
6.335999999999999965e-02 -5.531796284238166095e+01
6.383999999999999397e-02 -5.559226454649309801e+01
6.431999999999998829e-02 -5.554391119092318974e+01
6.479999999999999649e-02 -5.544708249423196378e+01
6.527999999999999081e-02 -5.560491151043903812e+01
6.575999999999999901e-02 -5.592231731617413004e+01
6.623999999999999333e-02 -5.594623963813604917e+01
6.671999999999998765e-02 -5.598675578393844887e+01
6.719999999999999585e-02 -5.609190862627133356e+01
6.767999999999999017e-02 -5.646122084525288187e+01
6.815999999999999837e-02 -5.692994907446096420e+01
6.863999999999999269e-02 -5.687691765337943650e+01
6.911999999999998701e-02 -5.678572615689832048e+01
6.959999999999999520e-02 -5.694683131974833401e+01
7.007999999999998952e-02 -5.709030003771719208e+01
7.055999999999999772e-02 -5.721895056777137256e+01
7.103999999999999204e-02 -5.721571966931455222e+01
7.152000000000000024e-02 -5.719672411765620268e+01
7.199999999999999456e-02 -5.735988296993350843e+01
7.247999999999998888e-02 -5.733661528397932727e+01
7.295999999999999708e-02 -5.757332814234680285e+01
7.343999999999999140e-02 -5.784071986071352711e+01
7.391999999999999960e-02 -5.786542107320103412e+01
7.439999999999999392e-02 -5.786537773795561179e+01
7.487999999999998824e-02 -5.790723269290118225e+01
7.535999999999999643e-02 -5.801620116878648759e+01
7.583999999999999075e-02 -5.798064992106225901e+01
7.631999999999999895e-02 -5.806075137326607916e+01
7.679999999999999327e-02 -5.852645290192927519e+01
7.727999999999998759e-02 -5.866753898238354736e+01
7.775999999999999579e-02 -5.854333176915037029e+01
7.823999999999999011e-02 -5.862413568362360650e+01
7.871999999999999831e-02 -5.880429729060934818e+01
7.919999999999999263e-02 -5.904157656253505593e+01
7.967999999999998695e-02 -5.908045036044227771e+01
8.015999999999999515e-02 -5.912552035745331125e+01
8.063999999999998947e-02 -5.883381888227104639e+01
8.111999999999999766e-02 -5.904006544403418388e+01
8.159999999999999198e-02 -5.932516193182198094e+01
8.207999999999998630e-02 -5.934862097302783468e+01
8.255999999999999450e-02 -5.924801653967683279e+01
8.303999999999998882e-02 -5.930152277126433091e+01
8.351999999999999702e-02 -5.937719652400866721e+01
8.399999999999999134e-02 -5.933096106453245966e+01
8.447999999999999954e-02 -5.947421596459967219e+01
8.495999999999999386e-02 -5.978643204097274122e+01
8.543999999999998818e-02 -5.979662006973888566e+01
8.591999999999999638e-02 -5.941659520012049001e+01
8.639999999999999070e-02 -5.939006388006831827e+01
8.687999999999999889e-02 -5.976883521677829947e+01
8.735999999999999321e-02 -5.956987393378945939e+01
8.783999999999998753e-02 -5.950712606326141696e+01
8.831999999999999573e-02 -5.977124135570845453e+01
8.879999999999999005e-02 -5.974142670202729732e+01
8.927999999999999825e-02 -5.985433810142466626e+01
8.975999999999999257e-02 -5.991327836188403211e+01
9.023999999999998689e-02 -5.994391428368815866e+01
9.071999999999999509e-02 -6.002433840998023840e+01
9.119999999999998941e-02 -6.024035179501606052e+01
9.167999999999999761e-02 -6.013316655761698826e+01
9.215999999999999193e-02 -6.010799802780909573e+01
9.263999999999998625e-02 -6.036396439422310323e+01
9.311999999999999444e-02 -6.063826436040061196e+01
9.359999999999998876e-02 -6.039528154595841158e+01
9.407999999999999696e-02 -6.052850659411589618e+01
9.455999999999999128e-02 -6.033018823523924112e+01
9.503999999999998560e-02 -6.057610629903980026e+01
9.551999999999999380e-02 -6.083802455570985046e+01
9.599999999999998812e-02 -6.068574651249869589e+01
9.647999999999999632e-02 -6.049404300544690471e+01
9.695999999999999064e-02 -6.062623183568345553e+01
9.743999999999998496e-02 -6.039329898944352237e+01
9.791999999999999316e-02 -6.003927350001256258e+01
9.839999999999998748e-02 -6.032073931190967642e+01
9.887999999999999567e-02 -6.064896829095186348e+01
9.935999999999998999e-02 -6.075673191366340120e+01
9.983999999999998431e-02 -6.085102854998393695e+01
1.003199999999999925e-01 -6.083254055660107440e+01
1.007999999999999868e-01 -6.086615840281250911e+01
1.012799999999999950e-01 -6.108361637229292285e+01
1.017599999999999894e-01 -6.147043712275838345e+01
1.022399999999999975e-01 -6.163578054142371343e+01
1.027199999999999919e-01 -6.165588718837557280e+01
1.031999999999999862e-01 -6.185361360097294892e+01
1.036799999999999944e-01 -6.252351675019872346e+01
1.041599999999999887e-01 -6.293065733828682085e+01
1.046399999999999969e-01 -6.322898319205729933e+01
1.051199999999999912e-01 -6.374965250264622085e+01
1.055999999999999855e-01 -6.455258343330660864e+01
1.060799999999999937e-01 -6.506980015765117287e+01
1.065599999999999881e-01 -6.555852376864935138e+01
1.070399999999999963e-01 -6.628615435058927119e+01
1.075199999999999906e-01 -6.738670856868691317e+01
1.079999999999999849e-01 -6.843327276681426952e+01
1.084799999999999931e-01 -6.921984688748597137e+01
1.089599999999999874e-01 -7.022743567965328282e+01
1.094399999999999956e-01 -7.135328775975864346e+01
1.099199999999999899e-01 -7.241069883315888944e+01
1.103999999999999843e-01 -7.308479901618927954e+01
1.108799999999999925e-01 -7.383665534886186776e+01
1.113599999999999868e-01 -7.479046728060568228e+01
1.118399999999999950e-01 -7.543286906304420825e+01
1.123199999999999893e-01 -7.578064007015549919e+01
1.127999999999999836e-01 -7.589959709405681565e+01
1.132799999999999918e-01 -7.617754779419504985e+01
1.137599999999999861e-01 -7.659258279694515181e+01
1.142399999999999943e-01 -7.682645765118994063e+01
1.147199999999999886e-01 -7.713652372118714595e+01
1.151999999999999968e-01 -7.730100971390638165e+01
1.156799999999999912e-01 -7.735680511921331970e+01
1.161599999999999855e-01 -7.766826030854417695e+01
1.166399999999999937e-01 -7.806364322281071111e+01
1.171199999999999880e-01 -7.830896183675446309e+01
1.175999999999999962e-01 -7.824316072811083700e+01
1.180799999999999905e-01 -7.881427741369253681e+01
1.185599999999999848e-01 -7.917507120223837092e+01
1.190399999999999930e-01 -7.896868127042591823e+01
1.195199999999999874e-01 -7.888135283150427313e+01
1.199999999999999956e-01 -7.905673974053711106e+01
1.204799999999999899e-01 -7.917974413905578501e+01
1.209599999999999842e-01 -7.889432615848294006e+01
1.214399999999999924e-01 -7.871291233099785245e+01
1.219199999999999867e-01 -7.884186691622288379e+01
1.223999999999999949e-01 -7.826985003578792544e+01
