-1.228799999999999955e+02 -9.800850866291453656e+01
-1.223999999999999915e+02 -9.850078008725310497e+01
-1.219200000000000017e+02 -9.911524045934407923e+01
-1.214399999999999977e+02 -9.923411519681803838e+01
-1.209599999999999937e+02 -9.929787478219037666e+01
-1.204799999999999898e+02 -9.890934965572932924e+01
-1.200000000000000000e+02 -9.904022713346839168e+01
-1.195199999999999960e+02 -9.892448757489336231e+01
-1.190399999999999920e+02 -9.844952323581853193e+01
-1.185600000000000023e+02 -9.824625200977288841e+01
-1.180799999999999983e+02 -9.816778375796457112e+01
-1.175999999999999943e+02 -9.804414257451040271e+01
-1.171199999999999903e+02 -9.809904424362292730e+01
-1.166400000000000006e+02 -9.810887875546795556e+01
-1.161599999999999966e+02 -9.794693491064157342e+01
-1.156799999999999926e+02 -9.800069946767250428e+01
-1.151999999999999886e+02 -9.773969503055772634e+01
-1.147199999999999989e+02 -9.742029451422772013e+01
-1.142399999999999949e+02 -9.740882629731450493e+01
-1.137599999999999909e+02 -9.737313491338693439e+01
-1.132800000000000011e+02 -9.716181536934060148e+01
-1.127999999999999972e+02 -9.699110418058701555e+01
-1.123199999999999932e+02 -9.716796624873262544e+01
-1.118399999999999892e+02 -9.737847967028898211e+01
-1.113599999999999994e+02 -9.709765028321498903e+01
-1.108799999999999955e+02 -9.676782183395447134e+01
-1.103999999999999915e+02 -9.663143505939059708e+01
-1.099200000000000017e+02 -9.646310020242574979e+01
-1.094399999999999977e+02 -9.596489132036444403e+01
-1.089599999999999937e+02 -9.533244530673280792e+01
-1.084799999999999898e+02 -9.464808092455928090e+01
-1.080000000000000000e+02 -9.332536305323500869e+01
-1.075199999999999960e+02 -9.233330901519666156e+01
-1.070399999999999920e+02 -9.178910708540428232e+01
-1.065600000000000023e+02 -9.121086794776245199e+01
-1.060799999999999983e+02 -9.051492197418266983e+01
-1.055999999999999943e+02 -8.955950175430245963e+01
-1.051199999999999903e+02 -8.846534625934721419e+01
-1.046400000000000006e+02 -8.782793293050269767e+01
-1.041599999999999966e+02 -8.753617398636939129e+01
-1.036799999999999926e+02 -8.721664072273355828e+01
-1.032000000000000028e+02 -8.659021861848148660e+01
-1.027199999999999989e+02 -8.611689530158174932e+01
-1.022399999999999949e+02 -8.581046613126831346e+01
-1.017599999999999909e+02 -8.582281591844895274e+01
-1.012800000000000011e+02 -8.559436540543012484e+01
-1.007999999999999972e+02 -8.517348768401213022e+01
-1.003199999999999932e+02 -8.530282879380249028e+01
-9.984000000000000341e+01 -8.526513617627792030e+01
-9.935999999999999943e+01 -8.504687749943137476e+01
-9.887999999999999545e+01 -8.505353828973751718e+01
-9.839999999999999147e+01 -8.502191777948610252e+01
-9.792000000000000171e+01 -8.495191983426487070e+01
-9.743999999999999773e+01 -8.470707192406302966e+01
-9.695999999999999375e+01 -8.458832924461631819e+01
-9.647999999999998977e+01 -8.450621573355918770e+01
-9.600000000000000000e+01 -8.425442863374335900e+01
-9.551999999999999602e+01 -8.450163254382536593e+01
-9.503999999999999204e+01 -8.475089144231070293e+01
-9.456000000000000227e+01 -8.461545509905175777e+01
-9.407999999999999829e+01 -8.440986639647701395e+01
-9.359999999999999432e+01 -8.425446844278910419e+01
-9.311999999999999034e+01 -8.406433736607377227e+01
-9.264000000000000057e+01 -8.409066699044902293e+01
-9.215999999999999659e+01 -8.409011689259442335e+01
-9.167999999999999261e+01 -8.368180509606747819e+01
-9.120000000000000284e+01 -8.339728449671366661e+01
-9.071999999999999886e+01 -8.362201798169623146e+01
-9.023999999999999488e+01 -8.347300777456896981e+01
-8.975999999999999091e+01 -8.354876432534739195e+01
-8.928000000000000114e+01 -8.347228535775003877e+01
-8.879999999999999716e+01 -8.364395231884660120e+01
-8.831999999999999318e+01 -8.382989488950886425e+01
-8.784000000000000341e+01 -8.360638137473478082e+01
-8.735999999999999943e+01 -8.350964062939578980e+01
-8.687999999999999545e+01 -8.303483932540986245e+01
-8.639999999999999147e+01 -8.280989615061365328e+01
-8.592000000000000171e+01 -8.284294390809949959e+01
-8.543999999999999773e+01 -8.284299195882249478e+01
-8.495999999999999375e+01 -8.277317857781360999e+01
-8.447999999999998977e+01 -8.271714773129775722e+01
-8.400000000000000000e+01 -8.264345711602220490e+01
-8.351999999999999602e+01 -8.263745393528849092e+01
-8.303999999999999204e+01 -8.262545254449732113e+01
-8.256000000000000227e+01 -8.254062143857598244e+01
-8.207999999999999829e+01 -8.268374184621519873e+01
-8.159999999999999432e+01 -8.248155351435842420e+01
-8.111999999999999034e+01 -8.237888604891415412e+01
-8.064000000000000057e+01 -8.243082737489338285e+01
-8.015999999999999659e+01 -8.235274968551861718e+01
-7.967999999999999261e+01 -8.267337195965941987e+01
-7.920000000000000284e+01 -8.256250635130191995e+01
-7.871999999999999886e+01 -8.227697459133824509e+01
-7.823999999999999488e+01 -8.228298635958493890e+01
-7.775999999999999091e+01 -8.231903686013295385e+01
-7.728000000000000114e+01 -8.221070725397268575e+01
-7.679999999999999716e+01 -8.221934532568965892e+01
-7.631999999999999318e+01 -8.190476012464144162e+01
-7.584000000000000341e+01 -8.190337346066890234e+01
-7.535999999999999943e+01 -8.200216739590049997e+01
-7.487999999999999545e+01 -8.177623441686966999e+01
-7.439999999999999147e+01 -8.162560102648320992e+01
-7.392000000000000171e+01 -8.165449726654375695e+01
-7.343999999999999773e+01 -8.155484523215454828e+01
-7.295999999999999375e+01 -8.146978896477315857e+01
-7.248000000000000398e+01 -8.148439361226515132e+01
-7.200000000000000000e+01 -8.156611804365203966e+01
-7.151999999999999602e+01 -8.168660183051834167e+01
-7.103999999999999204e+01 -8.146800662670392512e+01
-7.056000000000000227e+01 -8.157979474144056553e+01
-7.007999999999999829e+01 -8.161718388431535232e+01
-6.959999999999999432e+01 -8.150112285132027523e+01
-6.912000000000000455e+01 -8.141968084742713074e+01
-6.864000000000000057e+01 -8.115261413350845032e+01
-6.815999999999999659e+01 -8.112697735659274656e+01
-6.767999999999999261e+01 -8.142596918341524770e+01
-6.720000000000000284e+01 -8.153536684927460954e+01
-6.671999999999999886e+01 -8.122034309626060633e+01
-6.623999999999999488e+01 -8.116905436035993660e+01
-6.575999999999999091e+01 -8.124416210496876545e+01
-6.528000000000000114e+01 -8.104925035473202399e+01
-6.479999999999999716e+01 -8.105189121099786576e+01
-6.431999999999999318e+01 -8.121684010758661998e+01
-6.383999999999999631e+01 -8.096082729315556037e+01
-6.335999999999999943e+01 -8.077087011299207120e+01
-6.287999999999999545e+01 -8.064280803753911187e+01
-6.239999999999999858e+01 -8.071248931227168555e+01
-6.191999999999999460e+01 -8.091636501351571553e+01
-6.143999999999999773e+01 -8.101762343840753999e+01
-6.096000000000000085e+01 -8.113113317900214838e+01
-6.047999999999999687e+01 -8.108662499234219467e+01
-6.000000000000000000e+01 -8.073374802136342510e+01
-5.951999999999999602e+01 -8.045966942222915463e+01
-5.903999999999999915e+01 -8.039648199050535027e+01
-5.855999999999999517e+01 -8.045331927477725742e+01
-5.807999999999999829e+01 -8.069583319109655406e+01
-5.759999999999999432e+01 -8.063448896042402225e+01
-5.711999999999999744e+01 -8.024857034848781723e+01
-5.664000000000000057e+01 -8.046905156378861079e+01
-5.615999999999999659e+01 -8.048780303556591775e+01
-5.567999999999999972e+01 -7.998424428292297250e+01
-5.519999999999999574e+01 -7.998165831361700384e+01
-5.471999999999999886e+01 -8.002341790154855516e+01
-5.423999999999999488e+01 -8.015699069071204974e+01
-5.375999999999999801e+01 -8.036229485364073355e+01
-5.328000000000000114e+01 -8.019717991799180368e+01
-5.279999999999999716e+01 -8.005879276175480186e+01
-5.232000000000000028e+01 -8.017038400104220841e+01
-5.183999999999999631e+01 -8.020504907646218840e+01
-5.135999999999999943e+01 -8.038627344880418946e+01
-5.087999999999999545e+01 -8.008113067326128487e+01
-5.039999999999999858e+01 -7.970925238810050928e+01
-4.992000000000000171e+01 -7.991970187574246154e+01
-4.943999999999999773e+01 -7.963209980184021219e+01
-4.896000000000000085e+01 -7.938706280600456466e+01
-4.847999999999999687e+01 -7.948344941051681189e+01
-4.800000000000000000e+01 -7.937861327352132434e+01
-4.751999999999999602e+01 -7.945852473637924618e+01
-4.703999999999999915e+01 -7.960631236986293402e+01
-4.655999999999999517e+01 -7.932921449394089564e+01
-4.607999999999999829e+01 -7.894145757757048898e+01
-4.560000000000000142e+01 -7.889503987853868239e+01
-4.511999999999999744e+01 -7.882200129907978692e+01
-4.464000000000000057e+01 -7.908454109312134506e+01
-4.415999999999999659e+01 -7.907608987929438626e+01
-4.367999999999999972e+01 -7.889378697918901651e+01
-4.319999999999999574e+01 -7.865447352684913085e+01
-4.271999999999999886e+01 -7.880466634900156464e+01
-4.223999999999999488e+01 -7.869812661776860807e+01
-4.175999999999999801e+01 -7.869613494279697363e+01
-4.128000000000000114e+01 -7.848338980315654112e+01
-4.079999999999999716e+01 -7.849816911813880438e+01
-4.032000000000000028e+01 -7.889371809744052655e+01
-3.983999999999999631e+01 -7.868624486432007359e+01
-3.935999999999999943e+01 -7.827793622574931476e+01
-3.887999999999999545e+01 -7.831250399343379343e+01
-3.839999999999999858e+01 -7.826843673499212173e+01
-3.792000000000000171e+01 -7.784325503500467391e+01
-3.743999999999999773e+01 -7.720834993363438059e+01
-3.696000000000000085e+01 -7.726785543779574539e+01
-3.647999999999999687e+01 -7.767093493578039443e+01
-3.600000000000000000e+01 -7.796690844285788557e+01
-3.551999999999999602e+01 -7.745727986451511526e+01
-3.503999999999999915e+01 -7.711205799822255358e+01
-3.456000000000000227e+01 -7.708976849888536265e+01
-3.407999999999999829e+01 -7.691001994942824638e+01
-3.360000000000000142e+01 -7.682452620674443722e+01
-3.311999999999999744e+01 -7.666456986492376302e+01
-3.264000000000000057e+01 -7.631362080172917217e+01
-3.215999999999999659e+01 -7.625069074326214036e+01
-3.167999999999999972e+01 -7.630691477937170930e+01
-3.119999999999999929e+01 -7.623712620030150333e+01
-3.071999999999999886e+01 -7.610105306180582829e+01
-3.023999999999999844e+01 -7.577181365072402741e+01
-2.975999999999999801e+01 -7.544152177623462308e+01
-2.927999999999999758e+01 -7.540187195786114671e+01
-2.879999999999999716e+01 -7.513286878793878998e+01
-2.832000000000000028e+01 -7.478844660886274198e+01
-2.783999999999999986e+01 -7.505147014480776591e+01
-2.735999999999999943e+01 -7.504864869517653858e+01
-2.687999999999999901e+01 -7.471437600140487234e+01
-2.639999999999999858e+01 -7.465508863958832819e+01
-2.591999999999999815e+01 -7.430666130932307567e+01
-2.543999999999999773e+01 -7.404432129966595255e+01
-2.496000000000000085e+01 -7.393546295858782003e+01
-2.448000000000000043e+01 -7.363078861645048789e+01
-2.400000000000000000e+01 -7.340515126324494588e+01
-2.351999999999999957e+01 -7.328911431821403255e+01
-2.303999999999999915e+01 -7.294790518959879932e+01
-2.255999999999999872e+01 -7.263419657845103927e+01
-2.207999999999999829e+01 -7.243486267834668979e+01
-2.159999999999999787e+01 -7.207651365188877435e+01
-2.111999999999999744e+01 -7.181141774607097261e+01
-2.064000000000000057e+01 -7.154925421113109962e+01
-2.016000000000000014e+01 -7.121350734593220011e+01
-1.967999999999999972e+01 -7.083677531689690454e+01
-1.919999999999999929e+01 -7.069427850976680361e+01
-1.871999999999999886e+01 -7.028475069514070128e+01
-1.823999999999999844e+01 -6.976378211109056338e+01
-1.775999999999999801e+01 -6.948986746399752690e+01
-1.728000000000000114e+01 -6.916073606223568504e+01
-1.680000000000000071e+01 -6.879421767907814456e+01
-1.632000000000000028e+01 -6.828334991793840913e+01
-1.583999999999999986e+01 -6.806010327383420133e+01
-1.535999999999999943e+01 -6.805442831868161591e+01
-1.487999999999999901e+01 -6.755016015119788619e+01
-1.439999999999999858e+01 -6.732153551330088703e+01
-1.391999999999999993e+01 -6.713200796418935568e+01
-1.343999999999999950e+01 -6.691358378303772270e+01
-1.295999999999999908e+01 -6.639063801348373772e+01
-1.248000000000000043e+01 -6.612518922648014552e+01
-1.200000000000000000e+01 -6.526079040335881132e+01
-1.151999999999999957e+01 -6.370354646551830768e+01
-1.103999999999999915e+01 -6.131252031532415003e+01
-1.055999999999999872e+01 -5.182721769650930810e+01
-1.008000000000000007e+01 -3.408669290819366893e+01
-9.599999999999999645e+00 -2.572735508032108598e+01
-9.119999999999999218e+00 -2.311161924406337675e+01
-8.640000000000000568e+00 -2.289578728373345484e+01
-8.160000000000000142e+00 -2.288093478770380784e+01
-7.679999999999999716e+00 -2.269984875870642682e+01
-7.199999999999999289e+00 -2.259882857466251593e+01
-6.719999999999999751e+00 -2.274930049765086082e+01
-6.240000000000000213e+00 -2.270248233251145820e+01
-5.759999999999999787e+00 -2.254592509484512419e+01
-5.279999999999999361e+00 -2.256582064763369289e+01
-4.799999999999999822e+00 -2.253904435519806881e+01
-4.320000000000000284e+00 -2.274474358637755245e+01
-3.839999999999999858e+00 -2.284460338570116633e+01
-3.359999999999999876e+00 -2.284026175562152616e+01
-2.879999999999999893e+00 -2.284841006499739535e+01
-2.399999999999999911e+00 -2.271736070210863190e+01
-1.919999999999999929e+00 -2.272517388991450815e+01
-1.439999999999999947e+00 -2.271407718241733420e+01
-9.599999999999999645e-01 -2.265158004335336273e+01
-4.799999999999999822e-01 -2.275741339809652075e+01
0.000000000000000000e+00 -2.281679942213791534e+01
4.799999999999999822e-01 -2.261118282232046894e+01
9.599999999999999645e-01 -2.223411760219806865e+01
1.439999999999999947e+00 -2.257517806741415356e+01
1.919999999999999929e+00 -2.292754534480065942e+01
2.399999999999999911e+00 -2.271029117200242098e+01
2.879999999999999893e+00 -2.255193974500263820e+01
3.359999999999999876e+00 -2.239382734750191162e+01
3.839999999999999858e+00 -2.263244579755314589e+01
4.320000000000000284e+00 -2.293612570751401591e+01
4.799999999999999822e+00 -2.287711778853301325e+01
5.279999999999999361e+00 -2.278073336355818412e+01
5.759999999999999787e+00 -2.277744872316368685e+01
6.240000000000000213e+00 -2.286171245120789308e+01
6.719999999999999751e+00 -2.280752517315410444e+01
7.199999999999999289e+00 -2.269248095927474651e+01
7.679999999999999716e+00 -2.290634442644890001e+01
8.160000000000000142e+00 -2.285677397741324768e+01
8.640000000000000568e+00 -2.277130707492478479e+01
9.119999999999999218e+00 -2.310067059008093793e+01
9.599999999999999645e+00 -2.582744427408360721e+01
1.008000000000000007e+01 -3.432647557240345293e+01
1.055999999999999872e+01 -5.205962520394770365e+01
1.103999999999999915e+01 -6.127575644907661001e+01
1.151999999999999957e+01 -6.426305944787655733e+01
1.200000000000000000e+01 -6.587816074626350371e+01
1.248000000000000043e+01 -6.671645582774304728e+01
1.295999999999999908e+01 -6.742120010855569490e+01
1.343999999999999950e+01 -6.779914626905920727e+01
1.391999999999999993e+01 -6.812081403121096912e+01
1.439999999999999858e+01 -6.837266508489582861e+01
1.487999999999999901e+01 -6.876549717529206873e+01
1.535999999999999943e+01 -6.926551276029493920e+01
1.583999999999999986e+01 -6.981445792617330426e+01
1.632000000000000028e+01 -7.017613726292566412e+01
1.680000000000000071e+01 -7.038440955803538657e+01
1.728000000000000114e+01 -7.085732164714853809e+01
1.775999999999999801e+01 -7.139657732432893056e+01
1.823999999999999844e+01 -7.152835415678468678e+01
1.871999999999999886e+01 -7.161422398049906235e+01
1.919999999999999929e+01 -7.205322974048750950e+01
1.967999999999999972e+01 -7.255010742651305122e+01
2.016000000000000014e+01 -7.290375825533975274e+01
2.064000000000000057e+01 -7.300900099114471686e+01
2.111999999999999744e+01 -7.329804567517595615e+01
2.159999999999999787e+01 -7.377859706317650534e+01
2.207999999999999829e+01 -7.402285714885222490e+01
2.255999999999999872e+01 -7.419949570040466824e+01
2.303999999999999915e+01 -7.453941366833377913e+01
2.351999999999999957e+01 -7.471103589924383925e+01
2.400000000000000000e+01 -7.486846530941890876e+01
2.448000000000000043e+01 -7.518054812157507172e+01
2.496000000000000085e+01 -7.538889250984398416e+01
2.543999999999999773e+01 -7.550621281653536698e+01
2.591999999999999815e+01 -7.565417216874539008e+01
2.639999999999999858e+01 -7.582758275943818660e+01
2.687999999999999901e+01 -7.594492102051943050e+01
2.735999999999999943e+01 -7.619802881955772023e+01
2.783999999999999986e+01 -7.641974900220681377e+01
2.832000000000000028e+01 -7.680430990118995283e+01
2.879999999999999716e+01 -7.713444671282914555e+01
2.927999999999999758e+01 -7.720840514887407835e+01
2.975999999999999801e+01 -7.717953764656314775e+01
3.023999999999999844e+01 -7.733723891422535246e+01
3.071999999999999886e+01 -7.763846758596405095e+01
3.119999999999999929e+01 -7.754890793658034909e+01
3.167999999999999972e+01 -7.737820963572715982e+01
3.215999999999999659e+01 -7.755145804909861340e+01
3.264000000000000057e+01 -7.800325293118430636e+01
3.311999999999999744e+01 -7.828021170668984041e+01
3.360000000000000142e+01 -7.867438537608124705e+01
3.407999999999999829e+01 -7.859710618644177771e+01
3.456000000000000227e+01 -7.832016657537509730e+01
3.503999999999999915e+01 -7.851085796254699289e+01
3.551999999999999602e+01 -7.887566231654682269e+01
3.600000000000000000e+01 -7.923043550214056552e+01
3.647999999999999687e+01 -7.910512532254006146e+01
3.696000000000000085e+01 -7.927209624731104043e+01
3.743999999999999773e+01 -7.954063026848933760e+01
3.792000000000000171e+01 -7.952753483497930631e+01
3.839999999999999858e+01 -7.956490605916823711e+01
3.887999999999999545e+01 -7.961491182622212648e+01
3.935999999999999943e+01 -7.958524031899452211e+01
3.983999999999999631e+01 -7.979858249970374118e+01
4.032000000000000028e+01 -8.004520380757034559e+01
4.079999999999999716e+01 -8.021379374415451480e+01
4.128000000000000114e+01 -7.992703013577158799e+01
4.175999999999999801e+01 -8.013918646449877770e+01
4.223999999999999488e+01 -8.049251596188096869e+01
4.271999999999999886e+01 -8.051117273484459247e+01
4.319999999999999574e+01 -8.023657062355010794e+01
4.367999999999999972e+01 -8.048512813113647724e+01
4.415999999999999659e+01 -8.064516243876758494e+01
4.464000000000000057e+01 -8.082151022515652983e+01
4.511999999999999744e+01 -8.084958514093332838e+01
4.560000000000000142e+01 -8.102788033916831978e+01
4.607999999999999829e+01 -8.122346669836643684e+01
4.655999999999999517e+01 -8.119151311872919052e+01
4.703999999999999915e+01 -8.121027954810919880e+01
4.751999999999999602e+01 -8.135671930945511576e+01
4.800000000000000000e+01 -8.161084114567786685e+01
4.847999999999999687e+01 -8.173785733835535439e+01
4.896000000000000085e+01 -8.171203929068761340e+01
4.943999999999999773e+01 -8.152433374961701418e+01
4.992000000000000171e+01 -8.141213965175678879e+01
5.039999999999999858e+01 -8.146456633175748152e+01
5.087999999999999545e+01 -8.143766729257794168e+01
5.135999999999999943e+01 -8.138194267257476611e+01
5.183999999999999631e+01 -8.145771798175665879e+01
5.232000000000000028e+01 -8.144593897807376948e+01
5.279999999999999716e+01 -8.143215484775437574e+01
5.328000000000000114e+01 -8.145852997575296683e+01
5.375999999999999801e+01 -8.153996759288921226e+01
5.423999999999999488e+01 -8.178575428408754533e+01
5.471999999999999886e+01 -8.189543114752629549e+01
5.519999999999999574e+01 -8.176579811136492992e+01
5.567999999999999972e+01 -8.168256259812935127e+01
5.615999999999999659e+01 -8.184775698107807784e+01
5.664000000000000057e+01 -8.196723867618013060e+01
5.711999999999999744e+01 -8.219966118235061003e+01
5.759999999999999432e+01 -8.226519876790275987e+01
5.807999999999999829e+01 -8.214933461526160841e+01
5.855999999999999517e+01 -8.201381986724632611e+01
5.903999999999999915e+01 -8.203419384065206543e+01
5.951999999999999602e+01 -8.190818453182382086e+01
6.000000000000000000e+01 -8.215298010253471261e+01
6.047999999999999687e+01 -8.241985890797960224e+01
6.096000000000000085e+01 -8.253615695748692360e+01
6.143999999999999773e+01 -8.248400564140588642e+01
6.191999999999999460e+01 -8.248486000453090128e+01
6.239999999999999858e+01 -8.275713133395741750e+01
6.287999999999999545e+01 -8.242037142354118373e+01
6.335999999999999943e+01 -8.245799166774118305e+01
6.383999999999999631e+01 -8.293663311023478002e+01
6.431999999999999318e+01 -8.301236942590412582e+01
6.479999999999999716e+01 -8.280910289611135511e+01
6.528000000000000114e+01 -8.267869935688341343e+01
6.575999999999999091e+01 -8.285189999464215305e+01
6.623999999999999488e+01 -8.284239132696860963e+01
6.671999999999999886e+01 -8.277076808633734117e+01
6.720000000000000284e+01 -8.286767691089610821e+01
6.767999999999999261e+01 -8.309390524853415627e+01
6.815999999999999659e+01 -8.337896711889131041e+01
6.864000000000000057e+01 -8.344124507225684795e+01
6.912000000000000455e+01 -8.329529582732739357e+01
6.959999999999999432e+01 -8.328085897337423660e+01
7.007999999999999829e+01 -8.324150270053706890e+01
7.056000000000000227e+01 -8.329272993069535858e+01
7.103999999999999204e+01 -8.338238691817439019e+01
7.151999999999999602e+01 -8.354208795910744811e+01
7.200000000000000000e+01 -8.362997970778400258e+01
7.248000000000000398e+01 -8.312929633750762548e+01
7.295999999999999375e+01 -8.312249998349562929e+01
7.343999999999999773e+01 -8.345870153691897997e+01
7.392000000000000171e+01 -8.340970571030993597e+01
7.439999999999999147e+01 -8.334318130123978108e+01
7.487999999999999545e+01 -8.330029545918152678e+01
7.535999999999999943e+01 -8.343273545620105835e+01
7.584000000000000341e+01 -8.342149022904985145e+01
7.631999999999999318e+01 -8.349159619441124391e+01
7.679999999999999716e+01 -8.376231908720168917e+01
7.728000000000000114e+01 -8.372159669509061075e+01
7.775999999999999091e+01 -8.363399884606018020e+01
7.823999999999999488e+01 -8.395438096676953421e+01
7.871999999999999886e+01 -8.394936291164236764e+01
7.920000000000000284e+01 -8.395488195079850868e+01
7.967999999999999261e+01 -8.401658716671749971e+01
8.015999999999999659e+01 -8.405542582773054505e+01
8.064000000000000057e+01 -8.390798000197172257e+01
8.111999999999999034e+01 -8.406747851935919869e+01
8.159999999999999432e+01 -8.426235140043375793e+01
8.207999999999999829e+01 -8.441350520486970765e+01
8.256000000000000227e+01 -8.434573010837021911e+01
8.303999999999999204e+01 -8.431876491195934875e+01
8.351999999999999602e+01 -8.444287233561956896e+01
8.400000000000000000e+01 -8.427613887946620252e+01
8.447999999999998977e+01 -8.431811454775518655e+01
8.495999999999999375e+01 -8.469567141859931780e+01
8.543999999999999773e+01 -8.487311381732227744e+01
8.592000000000000171e+01 -8.457799906844199711e+01
8.639999999999999147e+01 -8.447289784908159049e+01
8.687999999999999545e+01 -8.478941220214534269e+01
8.735999999999999943e+01 -8.441107323380931859e+01
8.784000000000000341e+01 -8.421213716721254627e+01
8.831999999999999318e+01 -8.452895181052434737e+01
8.879999999999999716e+01 -8.460736151376823955e+01
8.928000000000000114e+01 -8.462143189893389206e+01
8.975999999999999091e+01 -8.470734940962796600e+01
9.023999999999999488e+01 -8.486989813584872877e+01
9.071999999999999886e+01 -8.508799878360370883e+01
9.120000000000000284e+01 -8.515834068175814764e+01
9.167999999999999261e+01 -8.499693424739803049e+01
9.215999999999999659e+01 -8.501560665899951630e+01
9.264000000000000057e+01 -8.527926198171101646e+01
9.311999999999999034e+01 -8.559340072331016813e+01
9.359999999999999432e+01 -8.529339452542185995e+01
9.407999999999999829e+01 -8.528058905333837458e+01
9.456000000000000227e+01 -8.520977594563609614e+01
9.503999999999999204e+01 -8.561830470631258549e+01
9.551999999999999602e+01 -8.592944921584737017e+01
9.600000000000000000e+01 -8.579054560744023661e+01
9.647999999999998977e+01 -8.547963457299958634e+01
9.695999999999999375e+01 -8.550840507661270351e+01
9.743999999999999773e+01 -8.533550031904573530e+01
9.792000000000000171e+01 -8.506872939675739076e+01
9.839999999999999147e+01 -8.542077177468813431e+01
9.887999999999999545e+01 -8.571448691193367608e+01
9.935999999999999943e+01 -8.574596784345951050e+01
9.984000000000000341e+01 -8.581332443536553001e+01
1.003199999999999932e+02 -8.575828005783804997e+01
1.007999999999999972e+02 -8.579358146913216387e+01
1.012800000000000011e+02 -8.609800323784153875e+01
1.017599999999999909e+02 -8.649037835905514271e+01
1.022399999999999949e+02 -8.663182461123938083e+01
1.027199999999999989e+02 -8.674771143753423530e+01
1.032000000000000028e+02 -8.699584128895358504e+01
1.036799999999999926e+02 -8.767891978409105036e+01
1.041599999999999966e+02 -8.800893421046438903e+01
1.046400000000000006e+02 -8.838611457264499904e+01
1.051199999999999903e+02 -8.894815252140317341e+01
1.055999999999999943e+02 -8.965231167437460158e+01
1.060799999999999983e+02 -9.017860489869043761e+01
1.065600000000000023e+02 -9.076035268794646527e+01
1.070399999999999920e+02 -9.151734549414113928e+01
1.075199999999999960e+02 -9.248064933801759935e+01
1.080000000000000000e+02 -9.353972253374756463e+01
1.084799999999999898e+02 -9.431556219112812300e+01
1.089599999999999937e+02 -9.522920675811747060e+01
1.094399999999999977e+02 -9.641739778926680060e+01
1.099200000000000017e+02 -9.701661491678331117e+01
1.103999999999999915e+02 -9.712620962769091193e+01
1.108799999999999955e+02 -9.760845152253887136e+01
1.113599999999999994e+02 -9.805282247297940046e+01
1.118399999999999892e+02 -9.836787802886321685e+01
1.123199999999999932e+02 -9.812163692859809316e+01
1.127999999999999972e+02 -9.796742540811267475e+01
1.132800000000000011e+02 -9.818282438217848096e+01
1.137599999999999909e+02 -9.828932537340776321e+01
1.142399999999999949e+02 -9.836135954852471741e+01
1.147199999999999989e+02 -9.832991912718250660e+01
1.151999999999999886e+02 -9.865719997529421903e+01
1.156799999999999926e+02 -9.874921038191334333e+01
1.161599999999999966e+02 -9.866559644146427388e+01
1.166400000000000006e+02 -9.877197410889202445e+01
1.171199999999999903e+02 -9.891708768747912472e+01
1.175999999999999943e+02 -9.893684596065827463e+01
1.180799999999999983e+02 -9.895203304490742369e+01
1.185600000000000023e+02 -9.924183715004282647e+01
1.190399999999999920e+02 -9.920957284835142787e+01
1.195199999999999960e+02 -9.897770131071109745e+01
1.200000000000000000e+02 -9.899953702458732607e+01
1.204799999999999898e+02 -9.900478311049940316e+01
1.209599999999999937e+02 -9.887507180543225616e+01
1.214399999999999977e+02 -9.874856464058052552e+01
1.219200000000000017e+02 -9.899937032294538142e+01
1.223999999999999915e+02 -9.877538227391646330e+01
