-1.228799999999999892e-01 -7.558738797381212748e+01
-1.223999999999999949e-01 -7.689253790242999287e+01
-1.219199999999999867e-01 -7.765667167642340019e+01
-1.214399999999999924e-01 -7.760074708756009443e+01
-1.209599999999999842e-01 -7.754307170371826885e+01
-1.204799999999999899e-01 -7.712810584296639149e+01
-1.199999999999999956e-01 -7.667070100101796015e+01
-1.195199999999999874e-01 -7.636643367578953701e+01
-1.190399999999999930e-01 -7.624659977562519941e+01
-1.185599999999999848e-01 -7.584759695712784833e+01
-1.180799999999999905e-01 -7.533688071793892505e+01
-1.175999999999999962e-01 -7.528971228011772610e+01
-1.171199999999999880e-01 -7.503728458697281667e+01
-1.166399999999999937e-01 -7.437688375659936924e+01
-1.161599999999999855e-01 -7.417994822200813587e+01
-1.156799999999999912e-01 -7.420749817421410910e+01
-1.151999999999999968e-01 -7.393887779944355998e+01
-1.147199999999999886e-01 -7.336758506119031154e+01
-1.142399999999999943e-01 -7.304089443546394023e+01
-1.137599999999999861e-01 -7.317162671672346619e+01
-1.132799999999999918e-01 -7.307681772738446568e+01
-1.127999999999999836e-01 -7.260448550003613377e+01
-1.123199999999999893e-01 -7.238220764883831748e+01
-1.118399999999999950e-01 -7.243742497316978302e+01
-1.113599999999999868e-01 -7.187433492918169975e+01
-1.108799999999999925e-01 -7.137405766305569443e+01
-1.103999999999999843e-01 -7.117577685438655521e+01
-1.099199999999999899e-01 -7.078543497643805438e+01
-1.094399999999999956e-01 -7.016163735541636015e+01
-1.089599999999999874e-01 -6.924458216687139611e+01
-1.084799999999999931e-01 -6.822149512408995520e+01
-1.079999999999999849e-01 -6.770283753327304055e+01
-1.075199999999999906e-01 -6.707000278593108078e+01
-1.070399999999999963e-01 -6.590235268006313163e+01
-1.065599999999999881e-01 -6.494554174275414482e+01
-1.060799999999999937e-01 -6.438372311515709612e+01
-1.055999999999999855e-01 -6.398513314619926007e+01
-1.051199999999999912e-01 -6.337990357842856781e+01
-1.046399999999999969e-01 -6.275606330863607241e+01
-1.041599999999999887e-01 -6.241234576199430961e+01
-1.036799999999999944e-01 -6.176175314238492575e+01
-1.031999999999999862e-01 -6.129375606061653770e+01
-1.027199999999999919e-01 -6.094913737796922959e+01
-1.022399999999999975e-01 -6.066427804242508870e+01
-1.017599999999999894e-01 -6.068498036723563871e+01
-1.012799999999999950e-01 -6.035115913888872541e+01
-1.007999999999999868e-01 -5.999479046816566807e+01
-1.003199999999999925e-01 -6.000848290058780776e+01
-9.983999999999998431e-02 -5.988329739993915979e+01
-9.935999999999998999e-02 -6.014802453812233551e+01
-9.887999999999999567e-02 -6.028372326836589679e+01
-9.839999999999998748e-02 -6.013446525970478262e+01
-9.791999999999999316e-02 -6.007603377800418087e+01
-9.743999999999998496e-02 -5.971622310772410458e+01
-9.695999999999999064e-02 -5.957073411134765450e+01
-9.647999999999999632e-02 -5.950761133543636561e+01
-9.599999999999998812e-02 -5.933596921695372117e+01
-9.551999999999999380e-02 -5.929960091762144003e+01
-9.503999999999998560e-02 -5.934129977514256638e+01
-9.455999999999999128e-02 -5.951069164722800053e+01
-9.407999999999999696e-02 -5.939486658034938671e+01
-9.359999999999998876e-02 -5.918998274295329054e+01
-9.311999999999999444e-02 -5.906120241254021153e+01
-9.263999999999998625e-02 -5.893127589000084754e+01
-9.215999999999999193e-02 -5.877353943978220485e+01
-9.167999999999999761e-02 -5.850559559561605738e+01
-9.119999999999998941e-02 -5.833100569561278803e+01
-9.071999999999999509e-02 -5.823187267145647183e+01
-9.023999999999998689e-02 -5.826407240004490973e+01
-8.975999999999999257e-02 -5.828723600956010387e+01
-8.927999999999999825e-02 -5.825131122367166370e+01
-8.879999999999999005e-02 -5.857115719421172173e+01
-8.831999999999999573e-02 -5.840541186182481681e+01
-8.783999999999998753e-02 -5.815412423012318754e+01
-8.735999999999999321e-02 -5.799651335584290734e+01
-8.687999999999999889e-02 -5.781570676124232477e+01
-8.639999999999999070e-02 -5.774105762434201949e+01
-8.591999999999999638e-02 -5.770856747195558967e+01
-8.543999999999998818e-02 -5.740385321134748864e+01
-8.495999999999999386e-02 -5.725159544135360079e+01
-8.447999999999999954e-02 -5.737742859380481519e+01
-8.399999999999999134e-02 -5.759137832971078552e+01
-8.351999999999999702e-02 -5.761845848953218052e+01
-8.303999999999998882e-02 -5.742871495082837185e+01
-8.255999999999999450e-02 -5.716163681447628875e+01
-8.207999999999998630e-02 -5.724430647187931243e+01
-8.159999999999999198e-02 -5.725173615917934455e+01
-8.111999999999999766e-02 -5.708678731973940046e+01
-8.063999999999998947e-02 -5.682134007903876238e+01
-8.015999999999999515e-02 -5.684130300672371305e+01
-7.967999999999998695e-02 -5.699560658497534860e+01
-7.919999999999999263e-02 -5.682224906909687689e+01
-7.871999999999999831e-02 -5.653672560296024585e+01
-7.823999999999999011e-02 -5.666854096831295351e+01
-7.775999999999999579e-02 -5.654126118411991797e+01
-7.727999999999998759e-02 -5.634770881430608114e+01
-7.679999999999999327e-02 -5.639029323626858314e+01
-7.631999999999999895e-02 -5.617277333032289732e+01
-7.583999999999999075e-02 -5.589820561050938608e+01
-7.535999999999999643e-02 -5.581946971988104167e+01
-7.487999999999998824e-02 -5.560370589591708779e+01
-7.439999999999999392e-02 -5.550570096783368257e+01
-7.391999999999999960e-02 -5.547102757978962018e+01
-7.343999999999999140e-02 -5.531494667091440931e+01
-7.295999999999999708e-02 -5.504470494063195218e+01
-7.247999999999998888e-02 -5.483074128015765325e+01
-7.199999999999999456e-02 -5.492110707784264889e+01
-7.152000000000000024e-02 -5.490420084657615973e+01
-7.103999999999999204e-02 -5.480791954534089427e+01
-7.055999999999999772e-02 -5.485475416622240630e+01
-7.007999999999998952e-02 -5.491535077657797359e+01
-6.959999999999999520e-02 -5.491902411991851807e+01
-6.911999999999998701e-02 -5.471593717222489062e+01
-6.863999999999999269e-02 -5.428458106645707915e+01
-6.815999999999999837e-02 -5.437359024469942881e+01
-6.767999999999999017e-02 -5.452284459406981654e+01
-6.719999999999999585e-02 -5.456106860231270161e+01
-6.671999999999998765e-02 -5.427037852381705108e+01
-6.623999999999999333e-02 -5.412786277211773012e+01
-6.575999999999999901e-02 -5.407830978171911340e+01
-6.527999999999999081e-02 -5.376972249667993253e+01
-6.479999999999999649e-02 -5.358941155135264012e+01
-6.431999999999998829e-02 -5.375416695217617757e+01
-6.383999999999999397e-02 -5.344130688844820298e+01
-6.335999999999999965e-02 -5.308542371226888434e+01
-6.287999999999999146e-02 -5.298073631296720265e+01
-6.239999999999999714e-02 -5.292328596174229460e+01
-6.191999999999999588e-02 -5.293878551713356018e+01
-6.143999999999999462e-02 -5.276246064592428553e+01
-6.095999999999999336e-02 -5.297045326969359991e+01
-6.047999999999999210e-02 -5.311220411892865911e+01
-5.999999999999999778e-02 -5.287541058083842671e+01
-5.951999999999999652e-02 -5.222815324413613070e+01
-5.903999999999999526e-02 -5.222259391233191650e+01
-5.855999999999999400e-02 -5.223605644736952769e+01
-5.807999999999999274e-02 -5.228541599770031212e+01
-5.759999999999999842e-02 -5.225844639177262252e+01
-5.711999999999999716e-02 -5.190466651564943845e+01
-5.663999999999999591e-02 -5.198038232980574946e+01
-5.615999999999999465e-02 -5.188368026741650141e+01
-5.567999999999999339e-02 -5.164670929524831422e+01
-5.519999999999999213e-02 -5.154578583034534489e+01
-5.471999999999999781e-02 -5.136422291854576372e+01
-5.423999999999999655e-02 -5.156220121239919507e+01
-5.375999999999999529e-02 -5.174872736436059029e+01
-5.327999999999999403e-02 -5.147563348549998352e+01
-5.279999999999999277e-02 -5.115475455050601283e+01
-5.231999999999999845e-02 -5.109997871651246015e+01
-5.183999999999999719e-02 -5.129843775470760647e+01
-5.135999999999999593e-02 -5.139835661147997570e+01
-5.087999999999999468e-02 -5.110366660440404019e+01
-5.039999999999999342e-02 -5.085274717090536001e+01
-4.991999999999999216e-02 -5.057625250562479380e+01
-4.943999999999999784e-02 -5.057209955938766655e+01
-4.895999999999999658e-02 -5.066949104029163209e+01
-4.847999999999999532e-02 -5.058476981765056735e+01
-4.799999999999999406e-02 -5.045098600942122147e+01
-4.751999999999999280e-02 -5.028768878106518514e+01
-4.703999999999999848e-02 -5.009057172691179716e+01
-4.655999999999999722e-02 -5.014552131669393731e+01
-4.607999999999999596e-02 -5.005370995860345573e+01
-4.559999999999999470e-02 -4.998985675204405510e+01
-4.511999999999999345e-02 -4.994928640870980985e+01
-4.463999999999999913e-02 -5.005914721247845023e+01
-4.415999999999999787e-02 -5.014279982774539235e+01
-4.367999999999999661e-02 -4.981422366622786768e+01
-4.319999999999999535e-02 -4.949350467825608746e+01
-4.271999999999999409e-02 -4.962644089163545402e+01
-4.223999999999999977e-02 -4.971574048144269398e+01
-4.175999999999999851e-02 -4.965644443655556728e+01
-4.127999999999999725e-02 -4.969614632411026633e+01
-4.079999999999999599e-02 -4.963608763427694015e+01
-4.031999999999999473e-02 -4.928962207726048206e+01
-3.983999999999999347e-02 -4.919709533902241816e+01
-3.935999999999999915e-02 -4.937967945406203540e+01
-3.887999999999999790e-02 -4.919421270057763707e+01
-3.839999999999999664e-02 -4.901831095783133208e+01
-3.791999999999999538e-02 -4.856982263552350076e+01
-3.743999999999999412e-02 -4.856210484124203930e+01
-3.695999999999999980e-02 -4.849326380411032744e+01
-3.647999999999999854e-02 -4.854985695094757148e+01
-3.599999999999999728e-02 -4.881459217455110178e+01
-3.551999999999999602e-02 -4.870328981297027582e+01
-3.503999999999999476e-02 -4.837264823895616672e+01
-3.455999999999999350e-02 -4.828395020129038073e+01
-3.407999999999999918e-02 -4.807273371297789311e+01
-3.359999999999999792e-02 -4.793987430921806236e+01
-3.311999999999999666e-02 -4.804065550053750400e+01
-3.263999999999999541e-02 -4.779276170981955119e+01
-3.215999999999999415e-02 -4.769803621397548454e+01
-3.167999999999999983e-02 -4.764605189129498086e+01
-3.119999999999999857e-02 -4.785319018075004749e+01
-3.071999999999999731e-02 -4.782375483212712197e+01
-3.023999999999999605e-02 -4.772948074215086223e+01
-2.975999999999999826e-02 -4.746029873107539032e+01
-2.927999999999999700e-02 -4.715794180936430280e+01
-2.879999999999999921e-02 -4.688278696625238240e+01
-2.831999999999999795e-02 -4.690347410203274592e+01
-2.783999999999999669e-02 -4.702461448618433337e+01
-2.735999999999999890e-02 -4.691333672108291353e+01
-2.687999999999999765e-02 -4.646258962565177342e+01
-2.639999999999999639e-02 -4.659299893712422147e+01
-2.591999999999999860e-02 -4.658451600558083783e+01
-2.543999999999999734e-02 -4.627245876244888478e+01
-2.495999999999999608e-02 -4.625373835939609535e+01
-2.447999999999999829e-02 -4.619975185693480313e+01
-2.399999999999999703e-02 -4.603448368869754859e+01
-2.351999999999999924e-02 -4.586598513147464473e+01
-2.303999999999999798e-02 -4.562238629637018050e+01
-2.255999999999999672e-02 -4.547540897993477671e+01
-2.207999999999999893e-02 -4.540267995868453710e+01
-2.159999999999999767e-02 -4.522366317900697652e+01
-2.111999999999999988e-02 -4.495399368080754954e+01
-2.063999999999999863e-02 -4.468413868927537891e+01
-2.015999999999999737e-02 -4.440672886013280163e+01
-1.967999999999999958e-02 -4.403722467781796723e+01
-1.919999999999999832e-02 -4.403681245481354978e+01
-1.871999999999999706e-02 -4.384248042516212251e+01
-1.823999999999999927e-02 -4.343092897145027820e+01
-1.775999999999999801e-02 -4.309583862488717898e+01
-1.727999999999999675e-02 -4.292908481545314459e+01
-1.679999999999999896e-02 -4.266945516055283605e+01
-1.631999999999999770e-02 -4.229035148241749908e+01
-1.583999999999999991e-02 -4.195704699284892314e+01
-1.535999999999999865e-02 -4.177938140824040403e+01
-1.487999999999999913e-02 -4.130999730226137245e+01
-1.439999999999999961e-02 -4.097176835373088011e+01
-1.391999999999999835e-02 -4.091877179413807397e+01
-1.343999999999999882e-02 -4.084167352400747575e+01
-1.295999999999999930e-02 -4.052568691431631720e+01
-1.247999999999999804e-02 -4.011712953645230328e+01
-1.199999999999999852e-02 -3.859769620124396283e+01
-1.151999999999999899e-02 -3.598589231195320792e+01
-1.103999999999999947e-02 -3.249520785256657973e+01
-1.055999999999999994e-02 -2.195543260855984258e+01
-1.007999999999999868e-02 -4.068370274919922203e+00
-9.599999999999999159e-03 4.294708303364504154e+00
-9.119999999999999635e-03 6.909410107007529334e+00
-8.639999999999998376e-03 7.125226172044268225e+00
-8.159999999999998851e-03 7.141153586983943313e+00
-7.679999999999999327e-03 7.323600682149738361e+00
-7.199999999999999803e-03 7.425733174315515939e+00
-6.719999999999999411e-03 7.275461671744421821e+00
-6.239999999999999020e-03 7.323819273660778784e+00
-5.759999999999999495e-03 7.481447370495524218e+00
-5.279999999999999971e-03 7.462632956621372493e+00
-4.799999999999999580e-03 7.489999805923648779e+00
-4.319999999999999188e-03 7.282492256489132565e+00
-3.839999999999999664e-03 7.182374047663087069e+00
-3.359999999999999706e-03 7.187742553709085769e+00
-2.879999999999999748e-03 7.179479025756634769e+00
-2.399999999999999790e-03 7.309734180887630828e+00
-1.919999999999999832e-03 7.302909754104119244e+00
-1.439999999999999874e-03 7.310464039175238682e+00
-9.599999999999999159e-04 7.368484256457806580e+00
-4.799999999999999580e-04 7.261840050443221450e+00
0.000000000000000000e+00 7.198364607262645265e+00
4.799999999999999580e-04 7.404568821138642676e+00
9.599999999999999159e-04 7.786731990416654980e+00
1.439999999999999874e-03 7.448802562061738186e+00
1.919999999999999832e-03 7.098670690834962826e+00
2.399999999999999790e-03 7.315548058811359056e+00
2.879999999999999748e-03 7.473962084194601729e+00
3.359999999999999706e-03 7.633327422949401253e+00
3.839999999999999664e-03 7.395914125415284701e+00
4.319999999999999188e-03 7.092961652752990176e+00
4.799999999999999580e-03 7.150542723929510736e+00
5.279999999999999971e-03 7.245376002564345441e+00
5.759999999999999495e-03 7.248727616406631213e+00
6.239999999999999020e-03 7.163173534800161946e+00
6.719999999999999411e-03 7.215944194677923917e+00
7.199999999999999803e-03 7.329802577540012187e+00
7.679999999999999327e-03 7.115497020219266666e+00
8.159999999999998851e-03 7.165243077058506493e+00
8.639999999999998376e-03 7.251100414320821308e+00
9.119999999999999635e-03 6.921851601643291829e+00
9.599999999999999159e-03 4.194284828910154417e+00
1.007999999999999868e-02 -4.307511171906702963e+00
1.055999999999999994e-02 -2.212100179397052813e+01
1.103999999999999947e-02 -3.195766427428030099e+01
1.151999999999999899e-02 -3.587163927662751206e+01
1.199999999999999852e-02 -3.854333999516478571e+01
1.247999999999999804e-02 -4.000150983706801355e+01
1.295999999999999930e-02 -4.097243470528721332e+01
1.343999999999999882e-02 -4.149712682017990062e+01
1.391999999999999835e-02 -4.153580756964522891e+01
1.439999999999999961e-02 -4.160078900782794165e+01
1.487999999999999913e-02 -4.204448209872157349e+01
1.535999999999999865e-02 -4.270318416519568672e+01
1.583999999999999991e-02 -4.311213910600318400e+01
1.631999999999999770e-02 -4.323345928032714625e+01
1.679999999999999896e-02 -4.367336647385119619e+01
1.727999999999999675e-02 -4.438345097725669319e+01
1.775999999999999801e-02 -4.498780714869130293e+01
1.823999999999999927e-02 -4.502211085777296518e+01
1.871999999999999706e-02 -4.511395182989544139e+01
1.919999999999999832e-02 -4.547904245544334856e+01
1.967999999999999958e-02 -4.588146991015712928e+01
2.015999999999999737e-02 -4.621027799746649833e+01
2.063999999999999863e-02 -4.639305952379119447e+01
2.111999999999999988e-02 -4.650625095872548087e+01
2.159999999999999767e-02 -4.662161480158684412e+01
2.207999999999999893e-02 -4.648504280289781576e+01
2.255999999999999672e-02 -4.661973717442356957e+01
2.303999999999999798e-02 -4.685468387813979518e+01
2.351999999999999924e-02 -4.693382851651807641e+01
2.399999999999999703e-02 -4.714436608361522474e+01
2.447999999999999829e-02 -4.719593845293655221e+01
2.495999999999999608e-02 -4.732255830129940222e+01
2.543999999999999734e-02 -4.764664059489439296e+01
2.591999999999999860e-02 -4.766592835156721009e+01
2.639999999999999639e-02 -4.763987095134461214e+01
2.687999999999999765e-02 -4.781678985965218232e+01
2.735999999999999890e-02 -4.802219026806825752e+01
2.783999999999999669e-02 -4.818084066349121031e+01
2.831999999999999795e-02 -4.829090866913615798e+01
2.879999999999999921e-02 -4.864676081938009133e+01
2.927999999999999700e-02 -4.846505633426251336e+01
2.975999999999999826e-02 -4.852007016926837224e+01
3.023999999999999605e-02 -4.881707262745231191e+01
3.071999999999999731e-02 -4.920980915114252952e+01
3.119999999999999857e-02 -4.905978369542631867e+01
3.167999999999999983e-02 -4.872507588767891917e+01
3.215999999999999415e-02 -4.884189034893235259e+01
3.263999999999999541e-02 -4.916776184062607058e+01
3.311999999999999666e-02 -4.953390792619579486e+01
3.359999999999999792e-02 -4.998723043890473150e+01
3.407999999999999918e-02 -4.967086766572626289e+01
3.455999999999999350e-02 -4.957975229658990202e+01
3.503999999999999476e-02 -4.973878292764877074e+01
3.551999999999999602e-02 -4.973828070768383469e+01
3.599999999999999728e-02 -4.994664518863626768e+01
3.647999999999999854e-02 -5.008487309147059818e+01
3.695999999999999980e-02 -5.005378833123543814e+01
3.743999999999999412e-02 -5.031475181943092423e+01
3.791999999999999538e-02 -5.012877642097525666e+01
3.839999999999999664e-02 -4.999087102692825368e+01
3.887999999999999790e-02 -5.020248132159886012e+01
3.935999999999999915e-02 -5.023542320546756201e+01
3.983999999999999347e-02 -5.077315489644909263e+01
4.031999999999999473e-02 -5.103730453075598206e+01
4.079999999999999599e-02 -5.079191604808515592e+01
4.127999999999999725e-02 -5.072652206304294964e+01
4.175999999999999851e-02 -5.090178273913103624e+01
4.223999999999999977e-02 -5.125775980412542054e+01
4.271999999999999409e-02 -5.141464335064792834e+01
4.319999999999999535e-02 -5.122552822264736960e+01
4.367999999999999661e-02 -5.122178383634143728e+01
4.415999999999999787e-02 -5.151498299200567743e+01
4.463999999999999913e-02 -5.165448104053356815e+01
4.511999999999999345e-02 -5.170449318097178093e+01
4.559999999999999470e-02 -5.179045086682169341e+01
4.607999999999999596e-02 -5.199971809944078416e+01
4.655999999999999722e-02 -5.187953005905340831e+01
4.703999999999999848e-02 -5.179577487503354405e+01
4.751999999999999280e-02 -5.201211716468128543e+01
4.799999999999999406e-02 -5.210135709729959785e+01
4.847999999999999532e-02 -5.236443878354742054e+01
4.895999999999999658e-02 -5.231222239672202079e+01
4.943999999999999784e-02 -5.229738868395756413e+01
4.991999999999999216e-02 -5.265494485913905720e+01
5.039999999999999342e-02 -5.273727421692679229e+01
5.087999999999999468e-02 -5.280708408713226731e+01
5.135999999999999593e-02 -5.285240859332276386e+01
5.183999999999999719e-02 -5.274944626478003329e+01
5.231999999999999845e-02 -5.266361143962072333e+01
5.279999999999999277e-02 -5.248521190115798873e+01
5.327999999999999403e-02 -5.299777455517614300e+01
5.375999999999999529e-02 -5.316060632973374567e+01
5.423999999999999655e-02 -5.310195455077844429e+01
5.471999999999999781e-02 -5.321713231701099289e+01
5.519999999999999213e-02 -5.328080350572982127e+01
5.567999999999999339e-02 -5.344033618828114385e+01
5.615999999999999465e-02 -5.346143706283947239e+01
5.663999999999999591e-02 -5.361788907960851702e+01
5.711999999999999716e-02 -5.404518815739895388e+01
5.759999999999999842e-02 -5.415404358073593727e+01
5.807999999999999274e-02 -5.429428221685893163e+01
5.855999999999999400e-02 -5.418120505047354385e+01
5.903999999999999526e-02 -5.410595782078455329e+01
5.951999999999999652e-02 -5.433434151311175242e+01
5.999999999999999778e-02 -5.465836333647976630e+01
6.047999999999999210e-02 -5.469102827042303261e+01
6.095999999999999336e-02 -5.489404303776549909e+01
6.143999999999999462e-02 -5.505741986510153652e+01
6.191999999999999588e-02 -5.491724085176479520e+01
6.239999999999999714e-02 -5.502906596947383377e+01
6.287999999999999146e-02 -5.492855487495849331e+01
6.335999999999999965e-02 -5.521860899015950963e+01
6.383999999999999397e-02 -5.533672208581969443e+01
6.431999999999998829e-02 -5.536456707545339384e+01
6.479999999999999649e-02 -5.540814223432150953e+01
6.527999999999999081e-02 -5.557163867249326472e+01
6.575999999999999901e-02 -5.562664503789935111e+01
6.623999999999999333e-02 -5.559913273468315253e+01
6.671999999999998765e-02 -5.585384060416767227e+01
6.719999999999999585e-02 -5.607385720573905985e+01
6.767999999999999017e-02 -5.640670227385360391e+01
6.815999999999999837e-02 -5.678305323589555087e+01
6.863999999999999269e-02 -5.666777254920000217e+01
6.911999999999998701e-02 -5.644312666926803956e+01
6.959999999999999520e-02 -5.664566979922754797e+01
7.007999999999998952e-02 -5.703577901768885283e+01
7.055999999999999772e-02 -5.722919113385820111e+01
7.103999999999999204e-02 -5.712425594998686051e+01
7.152000000000000024e-02 -5.707778257243472808e+01
7.199999999999999456e-02 -5.715433477510526927e+01
7.247999999999998888e-02 -5.720612775154688734e+01
7.295999999999999708e-02 -5.754760499186924960e+01
7.343999999999999140e-02 -5.775094920709068447e+01
7.391999999999999960e-02 -5.773337832906477018e+01
7.439999999999999392e-02 -5.777381201265260557e+01
7.487999999999998824e-02 -5.762224089275366623e+01
7.535999999999999643e-02 -5.758833014234726022e+01
7.583999999999999075e-02 -5.780318431468209894e+01
7.631999999999999895e-02 -5.816089879598613521e+01
7.679999999999999327e-02 -5.840296316811385680e+01
7.727999999999998759e-02 -5.841874614038541580e+01
7.775999999999999579e-02 -5.833611321219474632e+01
7.823999999999999011e-02 -5.843715094686380951e+01
7.871999999999999831e-02 -5.874042186621007033e+01
7.919999999999999263e-02 -5.889502176980130344e+01
7.967999999999998695e-02 -5.886845120791469554e+01
8.015999999999999515e-02 -5.891232414784138882e+01
8.063999999999998947e-02 -5.885464398919276618e+01
8.111999999999999766e-02 -5.903588239810418514e+01
8.159999999999999198e-02 -5.913059439027009034e+01
8.207999999999998630e-02 -5.925483295270102246e+01
8.255999999999999450e-02 -5.933656276321279677e+01
8.303999999999998882e-02 -5.932317448295967921e+01
8.351999999999999702e-02 -5.914886970199620464e+01
8.399999999999999134e-02 -5.924792648025462682e+01
8.447999999999999954e-02 -5.961429630920687117e+01
8.495999999999999386e-02 -5.979711781317507757e+01
8.543999999999998818e-02 -5.991291683540801216e+01
8.591999999999999638e-02 -5.987970753235636323e+01
8.639999999999999070e-02 -5.959829306328030896e+01
8.687999999999999889e-02 -5.985634851594056016e+01
8.735999999999999321e-02 -5.991242529912982206e+01
8.783999999999998753e-02 -5.990141169370730978e+01
8.831999999999999573e-02 -6.017380654297568299e+01
8.879999999999999005e-02 -6.008904391576960791e+01
8.927999999999999825e-02 -5.992251806028719585e+01
8.975999999999999257e-02 -6.009520591398520395e+01
9.023999999999998689e-02 -6.014248539617558009e+01
9.071999999999999509e-02 -5.995619025918331602e+01
9.119999999999998941e-02 -6.010040060075903057e+01
9.167999999999999761e-02 -6.009691104159837494e+01
9.215999999999999193e-02 -5.999158841960461785e+01
9.263999999999998625e-02 -6.034023593937102703e+01
9.311999999999999444e-02 -6.055130667295698998e+01
9.359999999999998876e-02 -6.018047992343940678e+01
9.407999999999999696e-02 -6.017180649309169382e+01
9.455999999999999128e-02 -6.018264651475960392e+01
9.503999999999998560e-02 -6.051038640497230858e+01
9.551999999999999380e-02 -6.072419407028900196e+01
9.599999999999998812e-02 -6.058918621194754905e+01
9.647999999999999632e-02 -6.033731818035556671e+01
9.695999999999999064e-02 -6.052666851610433696e+01
9.743999999999998496e-02 -6.040213353189191992e+01
9.791999999999999316e-02 -6.013697906917902003e+01
9.839999999999998748e-02 -6.028066254020107806e+01
9.887999999999999567e-02 -6.053562129533655423e+01
9.935999999999998999e-02 -6.067294275533414805e+01
9.983999999999998431e-02 -6.061410524783277509e+01
1.003199999999999925e-01 -6.042690346809006030e+01
1.007999999999999868e-01 -6.056178433628437574e+01
1.012799999999999950e-01 -6.088646043002187014e+01
1.017599999999999894e-01 -6.151085479253072918e+01
1.022399999999999975e-01 -6.166115131555361017e+01
1.027199999999999919e-01 -6.170207612459618929e+01
1.031999999999999862e-01 -6.196952300973960348e+01
1.036799999999999944e-01 -6.249926831180648179e+01
1.041599999999999887e-01 -6.277675783447614322e+01
1.046399999999999969e-01 -6.295096677216798753e+01
1.051199999999999912e-01 -6.351790214670525359e+01
1.055999999999999855e-01 -6.442290477493313006e+01
1.060799999999999937e-01 -6.499124967198441993e+01
1.065599999999999881e-01 -6.558860577420097115e+01
1.070399999999999963e-01 -6.634777410669398989e+01
1.075199999999999906e-01 -6.717252789081649667e+01
1.079999999999999849e-01 -6.816908401306262988e+01
1.084799999999999931e-01 -6.928178108612179642e+01
1.089599999999999874e-01 -7.030777003655130386e+01
1.094399999999999956e-01 -7.100458021593880176e+01
1.099199999999999899e-01 -7.198726287991769368e+01
1.103999999999999843e-01 -7.280586356652912627e+01
1.108799999999999925e-01 -7.362315397453522792e+01
1.113599999999999868e-01 -7.423711961691756755e+01
1.118399999999999950e-01 -7.485562052942132993e+01
1.123199999999999893e-01 -7.552051491725127619e+01
1.127999999999999836e-01 -7.519041005201664518e+01
1.132799999999999918e-01 -7.534970437643495700e+01
1.137599999999999861e-01 -7.610086086160147545e+01
1.142399999999999943e-01 -7.627692015883239662e+01
1.147199999999999886e-01 -7.648944372021182403e+01
1.151999999999999968e-01 -7.695493984769950657e+01
1.156799999999999912e-01 -7.704937256915002308e+01
1.161599999999999855e-01 -7.705387547304667351e+01
1.166399999999999937e-01 -7.732432935416591135e+01
1.171199999999999880e-01 -7.750056879124394982e+01
1.175999999999999962e-01 -7.738873817215707618e+01
1.180799999999999905e-01 -7.766355213121961754e+01
1.185599999999999848e-01 -7.794764149908434092e+01
1.190399999999999930e-01 -7.824117532540486764e+01
1.195199999999999874e-01 -7.849690867621538359e+01
1.199999999999999956e-01 -7.831283491620082771e+01
1.204799999999999899e-01 -7.829398143242572417e+01
1.209599999999999842e-01 -7.850924093447244445e+01
1.214399999999999924e-01 -7.836191689716723374e+01
1.219199999999999867e-01 -7.789751426206616713e+01
1.223999999999999949e-01 -7.711939143619633796e+01
