-1.228799999999999955e+02 -9.820251518977757144e+01
-1.223999999999999915e+02 -9.916819430070933095e+01
-1.219200000000000017e+02 -9.979693949812634912e+01
-1.214399999999999977e+02 -9.978994288148888359e+01
-1.209599999999999937e+02 -9.972295067768173737e+01
-1.204799999999999898e+02 -9.946588822302069843e+01
-1.200000000000000000e+02 -9.952901256586308421e+01
-1.195199999999999960e+02 -9.937637158230762680e+01
-1.190399999999999920e+02 -9.933839476380427413e+01
-1.185600000000000023e+02 -9.929129148993104081e+01
-1.180799999999999983e+02 -9.919323192013344226e+01
-1.175999999999999943e+02 -9.909140506619951339e+01
-1.171199999999999903e+02 -9.896920212637019176e+01
-1.166400000000000006e+02 -9.884927930837181975e+01
-1.161599999999999966e+02 -9.878832403328138412e+01
-1.156799999999999926e+02 -9.902171301221017075e+01
-1.151999999999999886e+02 -9.890535262975539865e+01
-1.147199999999999989e+02 -9.854659368053633273e+01
-1.142399999999999949e+02 -9.830891605338896966e+01
-1.137599999999999909e+02 -9.840548334930089425e+01
-1.132800000000000011e+02 -9.821172411103042066e+01
-1.127999999999999972e+02 -9.808967549548304987e+01
-1.123199999999999932e+02 -9.824234838094224642e+01
-1.118399999999999892e+02 -9.829613898573231268e+01
-1.113599999999999994e+02 -9.798277557309921804e+01
-1.108799999999999955e+02 -9.784223237248011174e+01
-1.103999999999999915e+02 -9.785555564099425396e+01
-1.099200000000000017e+02 -9.741592464051826994e+01
-1.094399999999999977e+02 -9.653773648640039085e+01
-1.089599999999999937e+02 -9.559558364490273163e+01
-1.084799999999999898e+02 -9.470074794444408894e+01
-1.080000000000000000e+02 -9.380960568183598980e+01
-1.075199999999999960e+02 -9.270841500132392810e+01
-1.070399999999999920e+02 -9.147221465487221792e+01
-1.065600000000000023e+02 -9.062291842152387744e+01
-1.060799999999999983e+02 -8.991421102061364934e+01
-1.055999999999999943e+02 -8.938729152242699172e+01
-1.051199999999999903e+02 -8.855627550000116344e+01
-1.046400000000000006e+02 -8.767236205472048027e+01
-1.041599999999999966e+02 -8.729617155088953950e+01
-1.036799999999999926e+02 -8.680884161437852242e+01
-1.032000000000000028e+02 -8.625962344558186601e+01
-1.027199999999999989e+02 -8.591169805737324339e+01
-1.022399999999999949e+02 -8.572511695328546466e+01
-1.017599999999999909e+02 -8.569556874464953466e+01
-1.012800000000000011e+02 -8.530925412636756278e+01
-1.007999999999999972e+02 -8.498083890097734638e+01
-1.003199999999999932e+02 -8.493873414720860637e+01
-9.984000000000000341e+01 -8.480349608598334044e+01
-9.935999999999999943e+01 -8.504441946710323919e+01
-9.887999999999999545e+01 -8.520718938172069556e+01
-9.839999999999999147e+01 -8.508798008267548596e+01
-9.792000000000000171e+01 -8.499316974647001643e+01
-9.743999999999999773e+01 -8.460375158822941444e+01
-9.695999999999999375e+01 -8.449364067920819821e+01
-9.647999999999998977e+01 -8.449165840098967806e+01
-9.600000000000000000e+01 -8.426815645862140514e+01
-9.551999999999999602e+01 -8.426742981385636710e+01
-9.503999999999999204e+01 -8.435132426835581043e+01
-9.456000000000000227e+01 -8.459934474622249923e+01
-9.407999999999999829e+01 -8.448465224138399776e+01
-9.359999999999999432e+01 -8.423067116574108582e+01
-9.311999999999999034e+01 -8.416800142949338692e+01
-9.264000000000000057e+01 -8.397221155396876213e+01
-9.215999999999999659e+01 -8.370054719839066593e+01
-9.167999999999999261e+01 -8.349930099477349188e+01
-9.120000000000000284e+01 -8.344283973681510247e+01
-9.071999999999999886e+01 -8.336412851189737694e+01
-9.023999999999999488e+01 -8.340919560849698655e+01
-8.975999999999999091e+01 -8.353890197252469818e+01
-8.928000000000000114e+01 -8.349548536708519464e+01
-8.879999999999999716e+01 -8.371808566447718647e+01
-8.831999999999999318e+01 -8.358222514980124629e+01
-8.784000000000000341e+01 -8.336223177694735398e+01
-8.735999999999999943e+01 -8.325127296453587178e+01
-8.687999999999999545e+01 -8.316078770378803142e+01
-8.639999999999999147e+01 -8.306323470850161073e+01
-8.592000000000000171e+01 -8.292382672602506943e+01
-8.543999999999999773e+01 -8.264273774247828896e+01
-8.495999999999999375e+01 -8.257872388268937414e+01
-8.447999999999998977e+01 -8.274229387648085776e+01
-8.400000000000000000e+01 -8.290932734921128144e+01
-8.351999999999999602e+01 -8.298992900575170495e+01
-8.303999999999999204e+01 -8.282038691642297579e+01
-8.256000000000000227e+01 -8.271109543723582647e+01
-8.207999999999999829e+01 -8.277206236252038707e+01
-8.159999999999999432e+01 -8.272312004510735051e+01
-8.111999999999999034e+01 -8.258462340580364014e+01
-8.064000000000000057e+01 -8.249448301465925226e+01
-8.015999999999999659e+01 -8.265713327296549551e+01
-7.967999999999999261e+01 -8.286123129493671513e+01
-7.920000000000000284e+01 -8.278034842535655002e+01
-7.871999999999999886e+01 -8.236767495632395253e+01
-7.823999999999999488e+01 -8.230240928099361497e+01
-7.775999999999999091e+01 -8.215179439422988139e+01
-7.728000000000000114e+01 -8.203343380203266122e+01
-7.679999999999999716e+01 -8.226844165574996737e+01
-7.631999999999999318e+01 -8.219838618339977643e+01
-7.584000000000000341e+01 -8.212438679971320710e+01
-7.535999999999999943e+01 -8.212769570365415461e+01
-7.487999999999999545e+01 -8.190601808854582089e+01
-7.439999999999999147e+01 -8.178130193278818183e+01
-7.392000000000000171e+01 -8.190468087550934229e+01
-7.343999999999999773e+01 -8.204709711582754039e+01
-7.295999999999999375e+01 -8.180806314513232280e+01
-7.248000000000000398e+01 -8.165234307674521119e+01
-7.200000000000000000e+01 -8.158798301190765301e+01
-7.151999999999999602e+01 -8.179443364384793824e+01
-7.103999999999999204e+01 -8.178866805259234241e+01
-7.056000000000000227e+01 -8.175964659144898405e+01
-7.007999999999999829e+01 -8.173183442383171382e+01
-6.959999999999999432e+01 -8.177311623389945794e+01
-6.912000000000000455e+01 -8.148334892703968535e+01
-6.864000000000000057e+01 -8.116894125864180864e+01
-6.815999999999999659e+01 -8.136053662363202932e+01
-6.767999999999999261e+01 -8.164364531253467305e+01
-6.720000000000000284e+01 -8.187047722982714504e+01
-6.671999999999999886e+01 -8.152999275206850882e+01
-6.623999999999999488e+01 -8.150404214592302310e+01
-6.575999999999999091e+01 -8.145343361385640435e+01
-6.528000000000000114e+01 -8.107817360485648805e+01
-6.479999999999999716e+01 -8.107175004796907558e+01
-6.431999999999999318e+01 -8.139759550966181223e+01
-6.383999999999999631e+01 -8.122354830729001662e+01
-6.335999999999999943e+01 -8.090199363304964209e+01
-6.287999999999999545e+01 -8.080093344911553288e+01
-6.239999999999999858e+01 -8.090330185042120092e+01
-6.191999999999999460e+01 -8.092315264318986578e+01
-6.143999999999999773e+01 -8.103929775186237805e+01
-6.096000000000000085e+01 -8.124285878392923621e+01
-6.047999999999999687e+01 -8.128180349636757285e+01
-6.000000000000000000e+01 -8.088988769356117814e+01
-5.951999999999999602e+01 -8.044629984073820594e+01
-5.903999999999999915e+01 -8.051576538756424384e+01
-5.855999999999999517e+01 -8.058702598659932903e+01
-5.807999999999999829e+01 -8.078603689987799896e+01
-5.759999999999999432e+01 -8.086515727274699827e+01
-5.711999999999999744e+01 -8.066536622948818547e+01
-5.664000000000000057e+01 -8.092794994571484324e+01
-5.615999999999999659e+01 -8.096781870006573456e+01
-5.567999999999999972e+01 -8.033998530938464455e+01
-5.519999999999999574e+01 -8.025156913954539561e+01
-5.471999999999999886e+01 -8.027553291859476303e+01
-5.423999999999999488e+01 -8.039460496242841714e+01
-5.375999999999999801e+01 -8.045061222376851617e+01
-5.328000000000000114e+01 -8.019848170727782133e+01
-5.279999999999999716e+01 -8.010760278445260951e+01
-5.232000000000000028e+01 -8.022708096164586777e+01
-5.183999999999999631e+01 -8.033398156642235222e+01
-5.135999999999999943e+01 -8.041626348217440068e+01
-5.087999999999999545e+01 -8.030467965627956062e+01
-5.039999999999999858e+01 -8.007720380337730148e+01
-4.992000000000000171e+01 -8.000638986471781777e+01
-4.943999999999999773e+01 -7.994019804919807370e+01
-4.896000000000000085e+01 -7.988469207775877123e+01
-4.847999999999999687e+01 -7.974991965282950446e+01
-4.800000000000000000e+01 -7.964881499625701622e+01
-4.751999999999999602e+01 -7.980464374832230590e+01
-4.703999999999999915e+01 -7.978451313837594228e+01
-4.655999999999999517e+01 -7.948098715219045118e+01
-4.607999999999999829e+01 -7.906596549385926664e+01
-4.560000000000000142e+01 -7.891408604888110290e+01
-4.511999999999999744e+01 -7.896226155832553673e+01
-4.464000000000000057e+01 -7.923037443926992296e+01
-4.415999999999999659e+01 -7.922567907082218142e+01
-4.367999999999999972e+01 -7.893781824634983479e+01
-4.319999999999999574e+01 -7.858245563242525122e+01
-4.271999999999999886e+01 -7.877690287168901762e+01
-4.223999999999999488e+01 -7.861142913857234760e+01
-4.175999999999999801e+01 -7.852510913641205548e+01
-4.128000000000000114e+01 -7.870576607068632313e+01
-4.079999999999999716e+01 -7.881892594234278704e+01
-4.032000000000000028e+01 -7.884557602102080409e+01
-3.983999999999999631e+01 -7.861126141754611751e+01
-3.935999999999999943e+01 -7.831787232098801610e+01
-3.887999999999999545e+01 -7.820031707625750528e+01
-3.839999999999999858e+01 -7.809558131503867173e+01
-3.792000000000000171e+01 -7.784729862498383568e+01
-3.743999999999999773e+01 -7.752182982037655279e+01
-3.696000000000000085e+01 -7.768448874575636864e+01
-3.647999999999999687e+01 -7.760126078712202968e+01
-3.600000000000000000e+01 -7.775244320160345524e+01
-3.551999999999999602e+01 -7.732411920936226579e+01
-3.503999999999999915e+01 -7.699021622088187655e+01
-3.456000000000000227e+01 -7.698228382279810944e+01
-3.407999999999999829e+01 -7.690239837724409711e+01
-3.360000000000000142e+01 -7.685683814268486458e+01
-3.311999999999999744e+01 -7.672465532367044716e+01
-3.264000000000000057e+01 -7.629155958775035629e+01
-3.215999999999999659e+01 -7.620463179609360793e+01
-3.167999999999999972e+01 -7.633167877502980048e+01
-3.119999999999999929e+01 -7.638084684065650265e+01
-3.071999999999999886e+01 -7.612815215830528359e+01
-3.023999999999999844e+01 -7.573074858635096973e+01
-2.975999999999999801e+01 -7.538766372275533456e+01
-2.927999999999999758e+01 -7.520615572940157278e+01
-2.879999999999999716e+01 -7.490330137779433528e+01
-2.832000000000000028e+01 -7.475256686025446129e+01
-2.783999999999999986e+01 -7.505319886491601267e+01
-2.735999999999999943e+01 -7.492600263623808132e+01
-2.687999999999999901e+01 -7.464237329956395683e+01
-2.639999999999999858e+01 -7.452203811540074696e+01
-2.591999999999999815e+01 -7.428221481891759481e+01
-2.543999999999999773e+01 -7.401761220001741037e+01
-2.496000000000000085e+01 -7.377811205782475668e+01
-2.448000000000000043e+01 -7.346289900359897729e+01
-2.400000000000000000e+01 -7.329118487549459360e+01
-2.351999999999999957e+01 -7.308205873218051352e+01
-2.303999999999999915e+01 -7.273801596703188466e+01
-2.255999999999999872e+01 -7.250356273137848007e+01
-2.207999999999999829e+01 -7.231760203570371459e+01
-2.159999999999999787e+01 -7.197027322735912946e+01
-2.111999999999999744e+01 -7.175538799241471111e+01
-2.064000000000000057e+01 -7.149695476676672001e+01
-2.016000000000000014e+01 -7.108824725083680107e+01
-1.967999999999999972e+01 -7.075938889189222891e+01
-1.919999999999999929e+01 -7.068073852831288661e+01
-1.871999999999999886e+01 -7.029683295590466230e+01
-1.823999999999999844e+01 -6.978667808162028052e+01
-1.775999999999999801e+01 -6.943929158775439703e+01
-1.728000000000000114e+01 -6.905392347614883874e+01
-1.680000000000000071e+01 -6.867788876794170960e+01
-1.632000000000000028e+01 -6.824628674833186892e+01
-1.583999999999999986e+01 -6.800394760755048651e+01
-1.535999999999999943e+01 -6.793802685765466265e+01
-1.487999999999999901e+01 -6.744058833978118628e+01
-1.439999999999999858e+01 -6.718763057050539089e+01
-1.391999999999999993e+01 -6.699639841349207359e+01
-1.343999999999999950e+01 -6.686825257609385176e+01
-1.295999999999999908e+01 -6.637631717985675550e+01
-1.248000000000000043e+01 -6.607886838125867257e+01
-1.200000000000000000e+01 -6.523324850572996070e+01
-1.151999999999999957e+01 -6.368469530394410327e+01
-1.103999999999999915e+01 -6.128664344187689750e+01
-1.055999999999999872e+01 -5.182539236725413900e+01
-1.008000000000000007e+01 -3.408905588722601721e+01
-9.599999999999999645e+00 -2.572871919065610768e+01
-9.119999999999999218e+00 -2.311298105096395261e+01
-8.640000000000000568e+00 -2.289701858704486526e+01
-8.160000000000000142e+00 -2.288141932510290388e+01
-7.679999999999999716e+00 -2.270021275901331492e+01
-7.199999999999999289e+00 -2.259947354386065754e+01
-6.719999999999999751e+00 -2.274974207563485606e+01
-6.240000000000000213e+00 -2.270296062353366651e+01
-5.759999999999999787e+00 -2.254641559243034266e+01
-5.279999999999999361e+00 -2.256644168111923676e+01
-4.799999999999999822e+00 -2.253987643843837674e+01
-4.320000000000000284e+00 -2.274562012227836405e+01
-3.839999999999999858e+00 -2.284507375263074636e+01
-3.359999999999999876e+00 -2.284067076879556168e+01
-2.879999999999999893e+00 -2.284892463953890740e+01
-2.399999999999999911e+00 -2.271798506710618781e+01
-1.919999999999999929e+00 -2.272590694373862874e+01
-1.439999999999999947e+00 -2.271497906542867540e+01
-9.599999999999999645e-01 -2.265252480287783499e+01
-4.799999999999999822e-01 -2.275862730146627655e+01
0.000000000000000000e+00 -2.281831165393753480e+01
4.799999999999999822e-01 -2.261238711164426007e+01
9.599999999999999645e-01 -2.223502081648950934e+01
1.439999999999999947e+00 -2.257637385753709935e+01
1.919999999999999929e+00 -2.292894888196007486e+01
2.399999999999999911e+00 -2.271141725805621547e+01
2.879999999999999893e+00 -2.255325771330553408e+01
3.359999999999999876e+00 -2.239521715580726990e+01
3.839999999999999858e+00 -2.263375320227231313e+01
4.320000000000000284e+00 -2.293705036139630238e+01
4.799999999999999822e+00 -2.287782833415572625e+01
5.279999999999999361e+00 -2.278157712694969206e+01
5.759999999999999787e+00 -2.277813451489370422e+01
6.240000000000000213e+00 -2.286257841778603250e+01
6.719999999999999751e+00 -2.280867450228168991e+01
7.199999999999999289e+00 -2.269334018867643721e+01
7.679999999999999716e+00 -2.290698171957831164e+01
8.160000000000000142e+00 -2.285740941322706732e+01
8.640000000000000568e+00 -2.277207509759798043e+01
9.119999999999999218e+00 -2.310172986295733466e+01
9.599999999999999645e+00 -2.582840746123536491e+01
1.008000000000000007e+01 -3.432703260574790960e+01
1.055999999999999872e+01 -5.205552754523482406e+01
1.103999999999999915e+01 -6.124643695877214356e+01
1.151999999999999957e+01 -6.424333576620999509e+01
1.200000000000000000e+01 -6.587285704649019635e+01
1.248000000000000043e+01 -6.662903568660138376e+01
1.295999999999999908e+01 -6.731618693402454312e+01
1.343999999999999950e+01 -6.773832901032685072e+01
1.391999999999999993e+01 -6.799942517942984921e+01
1.439999999999999858e+01 -6.822497807238143253e+01
1.487999999999999901e+01 -6.865935164146640091e+01
1.535999999999999943e+01 -6.913170982205002701e+01
1.583999999999999986e+01 -6.969879846806074397e+01
1.632000000000000028e+01 -6.998605306033073248e+01
1.680000000000000071e+01 -7.015888333940937116e+01
1.728000000000000114e+01 -7.057285454044453843e+01
1.775999999999999801e+01 -7.120486543589218797e+01
1.823999999999999844e+01 -7.143122964068841441e+01
1.871999999999999886e+01 -7.152591767381136378e+01
1.919999999999999929e+01 -7.184719767436534710e+01
1.967999999999999972e+01 -7.233876528078690171e+01
2.016000000000000014e+01 -7.282528947026479216e+01
2.064000000000000057e+01 -7.304004122767817364e+01
2.111999999999999744e+01 -7.344259749439606821e+01
2.159999999999999787e+01 -7.391655757251265868e+01
2.207999999999999829e+01 -7.403672275154717397e+01
2.255999999999999872e+01 -7.414850784344518786e+01
2.303999999999999915e+01 -7.458401192932419121e+01
2.351999999999999957e+01 -7.465738370335859031e+01
2.400000000000000000e+01 -7.475887698887737542e+01
2.448000000000000043e+01 -7.503287374628540363e+01
2.496000000000000085e+01 -7.519574831655648950e+01
2.543999999999999773e+01 -7.543297627414457907e+01
2.591999999999999815e+01 -7.557585862454845937e+01
2.639999999999999858e+01 -7.567293744094106955e+01
2.687999999999999901e+01 -7.582908677161780986e+01
2.735999999999999943e+01 -7.608399247262795484e+01
2.783999999999999986e+01 -7.654590734215000225e+01
2.832000000000000028e+01 -7.673565384306910175e+01
2.879999999999999716e+01 -7.697731112451948832e+01
2.927999999999999758e+01 -7.703294276118056416e+01
2.975999999999999801e+01 -7.706632049714885113e+01
3.023999999999999844e+01 -7.726590701005201822e+01
3.071999999999999886e+01 -7.749957435556873975e+01
3.119999999999999929e+01 -7.768039994530333558e+01
3.167999999999999972e+01 -7.741680807772318929e+01
3.215999999999999659e+01 -7.754937466332566487e+01
3.264000000000000057e+01 -7.802531715579917204e+01
3.311999999999999744e+01 -7.828504049747782290e+01
3.360000000000000142e+01 -7.871899832993814528e+01
3.407999999999999829e+01 -7.872251915964845637e+01
3.456000000000000227e+01 -7.846372280906214769e+01
3.503999999999999915e+01 -7.846282292334993258e+01
3.551999999999999602e+01 -7.871182591823681207e+01
3.600000000000000000e+01 -7.921480927116928683e+01
3.647999999999999687e+01 -7.910170189737445412e+01
3.696000000000000085e+01 -7.907965729903926899e+01
3.743999999999999773e+01 -7.932804999126676648e+01
3.792000000000000171e+01 -7.919996013149011560e+01
3.839999999999999858e+01 -7.915979606380533085e+01
3.887999999999999545e+01 -7.932843308869880161e+01
3.935999999999999943e+01 -7.949662742192886355e+01
3.983999999999999631e+01 -7.980120470374463082e+01
4.032000000000000028e+01 -7.997932716000364906e+01
4.079999999999999716e+01 -8.006742582975113010e+01
4.128000000000000114e+01 -7.995346205489961733e+01
4.175999999999999801e+01 -8.019254278595703056e+01
4.223999999999999488e+01 -8.047038515720475971e+01
4.271999999999999886e+01 -8.058408569917145314e+01
4.319999999999999574e+01 -8.027951694572998065e+01
4.367999999999999972e+01 -8.042954211697593792e+01
4.415999999999999659e+01 -8.085914900807951256e+01
4.464000000000000057e+01 -8.086971190705497747e+01
4.511999999999999744e+01 -8.082156708613052842e+01
4.560000000000000142e+01 -8.104125524722715568e+01
4.607999999999999829e+01 -8.128668271485081220e+01
4.655999999999999517e+01 -8.103225676709766390e+01
4.703999999999999915e+01 -8.115743342552738682e+01
4.751999999999999602e+01 -8.120587084114976051e+01
4.800000000000000000e+01 -8.134885799797201855e+01
4.847999999999999687e+01 -8.166379940188534192e+01
4.896000000000000085e+01 -8.158778150548023689e+01
4.943999999999999773e+01 -8.147972066914130096e+01
4.992000000000000171e+01 -8.148520084794159857e+01
5.039999999999999858e+01 -8.156984398401567660e+01
5.087999999999999545e+01 -8.161821652300089625e+01
5.135999999999999943e+01 -8.158291837243081090e+01
5.183999999999999631e+01 -8.146146447346185937e+01
5.232000000000000028e+01 -8.094824051665271725e+01
5.279999999999999716e+01 -8.070600306402907620e+01
5.328000000000000114e+01 -8.121305599646369444e+01
5.375999999999999801e+01 -8.174206435626120992e+01
5.423999999999999488e+01 -8.181170322765611047e+01
5.471999999999999886e+01 -8.185917553556991777e+01
5.519999999999999574e+01 -8.168569527744750758e+01
5.567999999999999972e+01 -8.184910076775140908e+01
5.615999999999999659e+01 -8.210743486373132782e+01
5.664000000000000057e+01 -8.201430041898311174e+01
5.711999999999999744e+01 -8.215079985311359678e+01
5.759999999999999432e+01 -8.245470729863519921e+01
5.807999999999999829e+01 -8.255583394221974913e+01
5.855999999999999517e+01 -8.242207085431822122e+01
5.903999999999999915e+01 -8.223473679907399969e+01
5.951999999999999602e+01 -8.228338684473628462e+01
6.000000000000000000e+01 -8.255658405198832384e+01
6.047999999999999687e+01 -8.258611032351947756e+01
6.096000000000000085e+01 -8.268073022211312662e+01
6.143999999999999773e+01 -8.280497375575505714e+01
6.191999999999999460e+01 -8.280627992257703340e+01
6.239999999999999858e+01 -8.279237054367094117e+01
6.287999999999999545e+01 -8.262834998984874346e+01
6.335999999999999943e+01 -8.264151010267246988e+01
6.383999999999999631e+01 -8.287465507188329639e+01
6.431999999999999318e+01 -8.297380426901221995e+01
6.479999999999999716e+01 -8.282471853038920528e+01
6.528000000000000114e+01 -8.288727010159684028e+01
6.575999999999999091e+01 -8.293413699898366076e+01
6.623999999999999488e+01 -8.285116430407668986e+01
6.671999999999999886e+01 -8.291312190582118546e+01
6.720000000000000284e+01 -8.313498990538465705e+01
6.767999999999999261e+01 -8.328053222981451142e+01
6.815999999999999659e+01 -8.326236337723103986e+01
6.864000000000000057e+01 -8.333199363943120375e+01
6.912000000000000455e+01 -8.317235716757842567e+01
6.959999999999999432e+01 -8.310708136550809400e+01
7.007999999999999829e+01 -8.334026922871595389e+01
7.056000000000000227e+01 -8.348310972526786600e+01
7.103999999999999204e+01 -8.346641950772720975e+01
7.151999999999999602e+01 -8.333763864418321532e+01
7.200000000000000000e+01 -8.322701865607407967e+01
7.248000000000000398e+01 -8.303926395333334654e+01
7.295999999999999375e+01 -8.311267134875291163e+01
7.343999999999999773e+01 -8.349483098769972855e+01
7.392000000000000171e+01 -8.348010436844111837e+01
7.439999999999999147e+01 -8.338403665509159168e+01
7.487999999999999545e+01 -8.321967306516492613e+01
7.535999999999999943e+01 -8.325503183447516165e+01
7.584000000000000341e+01 -8.335485548591580596e+01
7.631999999999999318e+01 -8.356699849997049512e+01
7.679999999999999716e+01 -8.362167636872050025e+01
7.728000000000000114e+01 -8.358694821282311693e+01
7.775999999999999091e+01 -8.363821821199778128e+01
7.823999999999999488e+01 -8.382862789753751542e+01
7.871999999999999886e+01 -8.392569625862691396e+01
7.920000000000000284e+01 -8.392195041679421763e+01
7.967999999999999261e+01 -8.392119956095781674e+01
8.015999999999999659e+01 -8.382736497535805142e+01
8.064000000000000057e+01 -8.389304441641712629e+01
8.111999999999999034e+01 -8.418224506927944617e+01
8.159999999999999432e+01 -8.415165921544165428e+01
8.207999999999999829e+01 -8.431620228632550607e+01
8.256000000000000227e+01 -8.445310660566649119e+01
8.303999999999999204e+01 -8.430972301916492029e+01
8.351999999999999602e+01 -8.421459486220416579e+01
8.400000000000000000e+01 -8.417590422854460996e+01
8.447999999999998977e+01 -8.446366875091463555e+01
8.495999999999999375e+01 -8.472445544904671522e+01
8.543999999999999773e+01 -8.501076941192496861e+01
8.592000000000000171e+01 -8.505130464300233939e+01
8.639999999999999147e+01 -8.476228726818929715e+01
8.687999999999999545e+01 -8.493308822422562798e+01
8.735999999999999943e+01 -8.475895341548215356e+01
8.784000000000000341e+01 -8.450283528550730239e+01
8.831999999999999318e+01 -8.481059608650313919e+01
8.879999999999999716e+01 -8.494593205662764035e+01
8.928000000000000114e+01 -8.468057501656960540e+01
8.975999999999999091e+01 -8.485036688439139141e+01
9.023999999999999488e+01 -8.500438469727359347e+01
9.071999999999999886e+01 -8.497920381969036896e+01
9.120000000000000284e+01 -8.489126707538518701e+01
9.167999999999999261e+01 -8.478035383558861326e+01
9.215999999999999659e+01 -8.483997337941509898e+01
9.264000000000000057e+01 -8.521233518556567788e+01
9.311999999999999034e+01 -8.540499785505276975e+01
9.359999999999999432e+01 -8.506369714189199271e+01
9.407999999999999829e+01 -8.500424314310902218e+01
9.456000000000000227e+01 -8.503963353574425810e+01
9.503999999999999204e+01 -8.542676016687666163e+01
9.551999999999999602e+01 -8.564411011072385804e+01
9.600000000000000000e+01 -8.546268104653083242e+01
9.647999999999998977e+01 -8.515394137217960235e+01
9.695999999999999375e+01 -8.537479066909284597e+01
9.743999999999999773e+01 -8.537353918477471382e+01
9.792000000000000171e+01 -8.513612574936394140e+01
9.839999999999999147e+01 -8.524953543979934523e+01
9.887999999999999545e+01 -8.553098611706633392e+01
9.935999999999999943e+01 -8.559648481450288671e+01
9.984000000000000341e+01 -8.551193326357574165e+01
1.003199999999999932e+02 -8.535467930315465424e+01
1.007999999999999972e+02 -8.548126288741570988e+01
1.012800000000000011e+02 -8.579429265471743804e+01
1.017599999999999909e+02 -8.642857831249810374e+01
1.022399999999999949e+02 -8.654118695932702110e+01
1.027199999999999989e+02 -8.659918035428185590e+01
1.032000000000000028e+02 -8.691383824798310798e+01
1.036799999999999926e+02 -8.746143174576369006e+01
1.041599999999999966e+02 -8.773778507528425052e+01
1.046400000000000006e+02 -8.794496008265797116e+01
1.051199999999999903e+02 -8.854558821899382792e+01
1.055999999999999943e+02 -8.945173215455754701e+01
1.060799999999999983e+02 -9.005870072347650535e+01
1.065600000000000023e+02 -9.073541052681692065e+01
1.070399999999999920e+02 -9.158462979630124323e+01
1.075199999999999960e+02 -9.249001468731201214e+01
1.080000000000000000e+02 -9.345714192831900391e+01
1.084799999999999898e+02 -9.448248015103315822e+01
1.089599999999999937e+02 -9.560197037081391613e+01
1.094399999999999977e+02 -9.643362741228527568e+01
1.099200000000000017e+02 -9.704763643567297038e+01
1.103999999999999915e+02 -9.778969504737221996e+01
1.108799999999999955e+02 -9.855736150557379460e+01
1.113599999999999994e+02 -9.863142574163232723e+01
1.118399999999999892e+02 -9.887480592020104098e+01
1.123199999999999932e+02 -9.908094619574384865e+01
1.127999999999999972e+02 -9.899108427216103223e+01
1.132800000000000011e+02 -9.896395554135293082e+01
1.137599999999999909e+02 -9.918483970258509430e+01
1.142399999999999949e+02 -9.926348135312392174e+01
1.147199999999999989e+02 -9.917414813144270624e+01
1.151999999999999886e+02 -9.975371679286897120e+01
1.156799999999999926e+02 -9.991499733539521344e+01
1.161599999999999966e+02 -9.962713803491209319e+01
1.166400000000000006e+02 -9.969792177342390005e+01
1.171199999999999903e+02 -9.974901115410202124e+01
1.175999999999999943e+02 -9.971062752829996612e+01
1.180799999999999983e+02 -9.991303669811672705e+01
1.185600000000000023e+02 -1.003031769844313885e+02
1.190399999999999920e+02 -1.001483194139815964e+02
1.195199999999999960e+02 -9.986378395806622166e+01
1.200000000000000000e+02 -1.000288049729940809e+02
1.204799999999999898e+02 -9.992340700716877677e+01
1.209599999999999937e+02 -9.971088436377095832e+01
1.214399999999999977e+02 -9.958106389856730800e+01
1.219200000000000017e+02 -9.970139606217514938e+01
1.223999999999999915e+02 -9.935163778044797311e+01
