-1.228799999999999892e-01 -7.668647266975870025e+01
-1.223999999999999949e-01 -7.693558628285185819e+01
-1.219199999999999867e-01 -7.697787833788376588e+01
-1.214399999999999924e-01 -7.653889697743849752e+01
-1.209599999999999842e-01 -7.675018694683926412e+01
-1.204799999999999899e-01 -7.661888527434193463e+01
-1.199999999999999956e-01 -7.618919315985746721e+01
-1.195199999999999874e-01 -7.586471081478805445e+01
-1.190399999999999930e-01 -7.569396275162864640e+01
-1.185599999999999848e-01 -7.525613954336915867e+01
-1.180799999999999905e-01 -7.496026999631179422e+01
-1.175999999999999962e-01 -7.498623993233144347e+01
-1.171199999999999880e-01 -7.476757076287437087e+01
-1.166399999999999937e-01 -7.407235578603186354e+01
-1.161599999999999855e-01 -7.375916082211476521e+01
-1.156799999999999912e-01 -7.387700118147630235e+01
-1.151999999999999968e-01 -7.365406790930815362e+01
-1.147199999999999886e-01 -7.324830525737050380e+01
-1.142399999999999943e-01 -7.305714430700710693e+01
-1.137599999999999861e-01 -7.308840545902707220e+01
-1.132799999999999918e-01 -7.291519959965364706e+01
-1.127999999999999836e-01 -7.242695606651368223e+01
-1.123199999999999893e-01 -7.224244658652659723e+01
-1.118399999999999950e-01 -7.231418984232421110e+01
-1.113599999999999868e-01 -7.183757514085984042e+01
-1.108799999999999925e-01 -7.130924360037749921e+01
-1.103999999999999843e-01 -7.090220908854556114e+01
-1.099199999999999899e-01 -7.053035512035334875e+01
-1.094399999999999956e-01 -6.988250628940717490e+01
-1.089599999999999874e-01 -6.900389302804983060e+01
-1.084799999999999931e-01 -6.796732714200656744e+01
-1.079999999999999849e-01 -6.740136054401732224e+01
-1.075199999999999906e-01 -6.701351887562361753e+01
-1.070399999999999963e-01 -6.597433710738792456e+01
-1.065599999999999881e-01 -6.508761852508757784e+01
-1.060799999999999937e-01 -6.468389337536704886e+01
-1.055999999999999855e-01 -6.391472311115393978e+01
-1.051199999999999912e-01 -6.325952026036614484e+01
-1.046399999999999969e-01 -6.274427627824621823e+01
-1.041599999999999887e-01 -6.239319195166032017e+01
-1.036799999999999944e-01 -6.170096074175728518e+01
-1.031999999999999862e-01 -6.144228275219846580e+01
-1.027199999999999919e-01 -6.118730123433082468e+01
-1.022399999999999975e-01 -6.079412596297007809e+01
-1.017599999999999894e-01 -6.068298119621569953e+01
-1.012799999999999950e-01 -6.024401664891732366e+01
-1.007999999999999868e-01 -6.006578392822782320e+01
-1.003199999999999925e-01 -6.006385114726683838e+01
-9.983999999999998431e-02 -5.980306989826295450e+01
-9.935999999999998999e-02 -6.007921507082763668e+01
-9.887999999999999567e-02 -6.032576098031897516e+01
-9.839999999999998748e-02 -6.014218271128156346e+01
-9.791999999999999316e-02 -6.007602185196163447e+01
-9.743999999999998496e-02 -5.986111916120235321e+01
-9.695999999999999064e-02 -5.980354277652090644e+01
-9.647999999999999632e-02 -5.960384413549687110e+01
-9.599999999999998812e-02 -5.949672999558725195e+01
-9.551999999999999380e-02 -5.963088865356782264e+01
-9.503999999999998560e-02 -5.958478623927288709e+01
-9.455999999999999128e-02 -5.937339389222002950e+01
-9.407999999999999696e-02 -5.930823211791359739e+01
-9.359999999999998876e-02 -5.930481982289250453e+01
-9.311999999999999444e-02 -5.907013016070870037e+01
-9.263999999999998625e-02 -5.886042191355574715e+01
-9.215999999999999193e-02 -5.873993896880571697e+01
-9.167999999999999761e-02 -5.847601555046778543e+01
-9.119999999999998941e-02 -5.840977002209828584e+01
-9.071999999999999509e-02 -5.848848139181338723e+01
-9.023999999999998689e-02 -5.823488253320217467e+01
-8.975999999999999257e-02 -5.820226587947252739e+01
-8.927999999999999825e-02 -5.813847537083979233e+01
-8.879999999999999005e-02 -5.826113094212539067e+01
-8.831999999999999573e-02 -5.796963508758437200e+01
-8.783999999999998753e-02 -5.793856701189870506e+01
-8.735999999999999321e-02 -5.807625367567858632e+01
-8.687999999999999889e-02 -5.787967673496160614e+01
-8.639999999999999070e-02 -5.741432052301284727e+01
-8.591999999999999638e-02 -5.742817589384964094e+01
-8.543999999999998818e-02 -5.748591536154460613e+01
-8.495999999999999386e-02 -5.755436461812878690e+01
-8.447999999999999954e-02 -5.770856789967151457e+01
-8.399999999999999134e-02 -5.761569283392239527e+01
-8.351999999999999702e-02 -5.744985570932681185e+01
-8.303999999999998882e-02 -5.712325477463821954e+01
-8.255999999999999450e-02 -5.702678955875086331e+01
-8.207999999999998630e-02 -5.724205169867133236e+01
-8.159999999999999198e-02 -5.704365889738201645e+01
-8.111999999999999766e-02 -5.699390262319377598e+01
-8.063999999999998947e-02 -5.682882020647905108e+01
-8.015999999999999515e-02 -5.669248850500470382e+01
-7.967999999999998695e-02 -5.669099480452008066e+01
-7.919999999999999263e-02 -5.659676176241612211e+01
-7.871999999999999831e-02 -5.652314753808408909e+01
-7.823999999999999011e-02 -5.673390628507063127e+01
-7.775999999999999579e-02 -5.664767354546476952e+01
-7.727999999999998759e-02 -5.628684356704233238e+01
-7.679999999999999327e-02 -5.627032803869646926e+01
-7.631999999999999895e-02 -5.586638288143884523e+01
-7.583999999999999075e-02 -5.545007199271825016e+01
-7.535999999999999643e-02 -5.558722813348236969e+01
-7.487999999999998824e-02 -5.550497073447088781e+01
-7.439999999999999392e-02 -5.540021891061634562e+01
-7.391999999999999960e-02 -5.529767430351124347e+01
-7.343999999999999140e-02 -5.520608806636899857e+01
-7.295999999999999708e-02 -5.490692156349822994e+01
-7.247999999999998888e-02 -5.479634998292895887e+01
-7.199999999999999456e-02 -5.498077917471726295e+01
-7.152000000000000024e-02 -5.480757866682830581e+01
-7.103999999999999204e-02 -5.463660688866659854e+01
-7.055999999999999772e-02 -5.476563506504449208e+01
-7.007999999999998952e-02 -5.479917602794380826e+01
-6.959999999999999520e-02 -5.469073953250404685e+01
-6.911999999999998701e-02 -5.448047574311436847e+01
-6.863999999999999269e-02 -5.425271536668667949e+01
-6.815999999999999837e-02 -5.424297063662103824e+01
-6.767999999999999017e-02 -5.437244678156798017e+01
-6.719999999999999585e-02 -5.442510355878569328e+01
-6.671999999999998765e-02 -5.421509202400934413e+01
-6.623999999999999333e-02 -5.408965034393851568e+01
-6.575999999999999901e-02 -5.405784576538798802e+01
-6.527999999999999081e-02 -5.377014545468641415e+01
-6.479999999999999649e-02 -5.359943958467169978e+01
-6.431999999999998829e-02 -5.361620325973889578e+01
-6.383999999999999397e-02 -5.318731485968402950e+01
-6.335999999999999965e-02 -5.291297114260548540e+01
-6.287999999999999146e-02 -5.281038797568914589e+01
-6.239999999999999714e-02 -5.276871472913512662e+01
-6.191999999999999588e-02 -5.293254283800779092e+01
-6.143999999999999462e-02 -5.282916425863172094e+01
-6.095999999999999336e-02 -5.294413475631554888e+01
-6.047999999999999210e-02 -5.306516147730249600e+01
-5.999999999999999778e-02 -5.279314345421828136e+01
-5.951999999999999652e-02 -5.218681593860566181e+01
-5.903999999999999526e-02 -5.211123439651360911e+01
-5.855999999999999400e-02 -5.206080345850053703e+01
-5.807999999999999274e-02 -5.213778272834447591e+01
-5.759999999999999842e-02 -5.210400835669567243e+01
-5.711999999999999716e-02 -5.168262198740293911e+01
-5.663999999999999591e-02 -5.167427724101659692e+01
-5.615999999999999465e-02 -5.167968887855516869e+01
-5.567999999999999339e-02 -5.160288629880477629e+01
-5.519999999999999213e-02 -5.153489815230676641e+01
-5.471999999999999781e-02 -5.127244039144883914e+01
-5.423999999999999655e-02 -5.143827690590005375e+01
-5.375999999999999529e-02 -5.156598421795780496e+01
-5.327999999999999403e-02 -5.134550294955509031e+01
-5.279999999999999277e-02 -5.113386368659752890e+01
-5.231999999999999845e-02 -5.111416541367907485e+01
-5.183999999999999719e-02 -5.130628926380524035e+01
-5.135999999999999593e-02 -5.133436953829323102e+01
-5.087999999999999468e-02 -5.095765696027935832e+01
-5.039999999999999342e-02 -5.076707714439240249e+01
-4.991999999999999216e-02 -5.056597497565273613e+01
-4.943999999999999784e-02 -5.053545678298227273e+01
-4.895999999999999658e-02 -5.054516463873368082e+01
-4.847999999999999532e-02 -5.058482302239027462e+01
-4.799999999999999406e-02 -5.034240001172342716e+01
-4.751999999999999280e-02 -5.004121546835080636e+01
-4.703999999999999848e-02 -4.989842899892120442e+01
-4.655999999999999722e-02 -5.003463509403210452e+01
-4.607999999999999596e-02 -4.993860763850912576e+01
-4.559999999999999470e-02 -4.993890083453504758e+01
-4.511999999999999345e-02 -4.992500620430401881e+01
-4.463999999999999913e-02 -5.008557544221545754e+01
-4.415999999999999787e-02 -5.020547046327158114e+01
-4.367999999999999661e-02 -4.978716459009536521e+01
-4.319999999999999535e-02 -4.952879892730501155e+01
-4.271999999999999409e-02 -4.964519817884917074e+01
-4.223999999999999977e-02 -4.971126504199173013e+01
-4.175999999999999851e-02 -4.960993730481128239e+01
-4.127999999999999725e-02 -4.952822055484736552e+01
-4.079999999999999599e-02 -4.942908990721771545e+01
-4.031999999999999473e-02 -4.919300485525282340e+01
-3.983999999999999347e-02 -4.920504784107882301e+01
-3.935999999999999915e-02 -4.935688580781244639e+01
-3.887999999999999790e-02 -4.910534795181445133e+01
-3.839999999999999664e-02 -4.886279614807349958e+01
-3.791999999999999538e-02 -4.843178546056212497e+01
-3.743999999999999412e-02 -4.843691498443189403e+01
-3.695999999999999980e-02 -4.840070762563057372e+01
-3.647999999999999854e-02 -4.849091801089005571e+01
-3.599999999999999728e-02 -4.865893941491292196e+01
-3.551999999999999602e-02 -4.852529075199491615e+01
-3.503999999999999476e-02 -4.827105803424658603e+01
-3.455999999999999350e-02 -4.829300964520419370e+01
-3.407999999999999918e-02 -4.806473546653538165e+01
-3.359999999999999792e-02 -4.782739489977523561e+01
-3.311999999999999666e-02 -4.792028911957153525e+01
-3.263999999999999541e-02 -4.773300571307797213e+01
-3.215999999999999415e-02 -4.762246085243263138e+01
-3.167999999999999983e-02 -4.746667326643286344e+01
-3.119999999999999857e-02 -4.769812198010515658e+01
-3.071999999999999731e-02 -4.771630761085126693e+01
-3.023999999999999605e-02 -4.754660905896501077e+01
-2.975999999999999826e-02 -4.729418171352922684e+01
-2.927999999999999700e-02 -4.703327156035825851e+01
-2.879999999999999921e-02 -4.683267190558166249e+01
-2.831999999999999795e-02 -4.686788570630610451e+01
-2.783999999999999669e-02 -4.702522430268821552e+01
-2.735999999999999890e-02 -4.684802430454057287e+01
-2.687999999999999765e-02 -4.637560420331087130e+01
-2.639999999999999639e-02 -4.655908769149617399e+01
-2.591999999999999860e-02 -4.651617003225291569e+01
-2.543999999999999734e-02 -4.617308531029723895e+01
-2.495999999999999608e-02 -4.613146154519344577e+01
-2.447999999999999829e-02 -4.616350849261665701e+01
-2.399999999999999703e-02 -4.603945506671662713e+01
-2.351999999999999924e-02 -4.582194675030414999e+01
-2.303999999999999798e-02 -4.565920668474733191e+01
-2.255999999999999672e-02 -4.548605198368836255e+01
-2.207999999999999893e-02 -4.534810368405216963e+01
-2.159999999999999767e-02 -4.516711299370334132e+01
-2.111999999999999988e-02 -4.487335011262319995e+01
-2.063999999999999863e-02 -4.456519576500603108e+01
-2.015999999999999737e-02 -4.431601168015824754e+01
-1.967999999999999958e-02 -4.394897915688477497e+01
-1.919999999999999832e-02 -4.400586298141600849e+01
-1.871999999999999706e-02 -4.378661987493100582e+01
-1.823999999999999927e-02 -4.335430939152554686e+01
-1.775999999999999801e-02 -4.307583807231754491e+01
-1.727999999999999675e-02 -4.294398794797004371e+01
-1.679999999999999896e-02 -4.269429032673301094e+01
-1.631999999999999770e-02 -4.223981684185275043e+01
-1.583999999999999991e-02 -4.188918684808501780e+01
-1.535999999999999865e-02 -4.172166172735871470e+01
-1.487999999999999913e-02 -4.127002876958986377e+01
-1.439999999999999961e-02 -4.097264375784679657e+01
-1.391999999999999835e-02 -4.089699768820115366e+01
-1.343999999999999882e-02 -4.079608365195706199e+01
-1.295999999999999930e-02 -4.052617870545066836e+01
-1.247999999999999804e-02 -4.010109438211532762e+01
-1.199999999999999852e-02 -3.857314997427294401e+01
-1.151999999999999899e-02 -3.597397462977734506e+01
-1.103999999999999947e-02 -3.249974646560391278e+01
-1.055999999999999994e-02 -2.195688670837831680e+01
-1.007999999999999868e-02 -4.069319756353428907e+00
-9.599999999999999159e-03 4.293408189879005299e+00
-9.119999999999999635e-03 6.908082684181870547e+00
-8.639999999999998376e-03 7.124095122145361891e+00
-8.159999999999998851e-03 7.139951057665367529e+00
-7.679999999999999327e-03 7.322491106205609945e+00
-7.199999999999999803e-03 7.424899867723472546e+00
-6.719999999999999411e-03 7.274657333311957963e+00
-6.239999999999999020e-03 7.322894715094562912e+00
-5.759999999999999495e-03 7.480579394964072648e+00
-5.279999999999999971e-03 7.461814899744496188e+00
-4.799999999999999580e-03 7.489231650226676251e+00
-4.319999999999999188e-03 7.281765773610800352e+00
-3.839999999999999664e-03 7.181465959082582451e+00
-3.359999999999999706e-03 7.186880235898306601e+00
-2.879999999999999748e-03 7.178602225453188268e+00
-2.399999999999999790e-03 7.308838004681835976e+00
-1.919999999999999832e-03 7.302045579270968645e+00
-1.439999999999999874e-03 7.309625413561089857e+00
-9.599999999999999159e-04 7.367615712639043579e+00
-4.799999999999999580e-04 7.260939112672257778e+00
0.000000000000000000e+00 7.197444417846307729e+00
4.799999999999999580e-04 7.403606074050871122e+00
9.599999999999999159e-04 7.785924179845863158e+00
1.439999999999999874e-03 7.448019747204416063e+00
1.919999999999999832e-03 7.097820853466903834e+00
2.399999999999999790e-03 7.314716267466048194e+00
2.879999999999999748e-03 7.473231722522788445e+00
3.359999999999999706e-03 7.632446826618380697e+00
3.839999999999999664e-03 7.395185916253801395e+00
4.319999999999999188e-03 7.092149008513846553e+00
4.799999999999999580e-03 7.149550488937862269e+00
5.279999999999999971e-03 7.244495104553848819e+00
5.759999999999999495e-03 7.247899943718546290e+00
6.239999999999999020e-03 7.162196100863908121e+00
6.719999999999999411e-03 7.214798247992099789e+00
7.199999999999999803e-03 7.328595953083262060e+00
7.679999999999999327e-03 7.114374382452105294e+00
8.159999999999998851e-03 7.164011249768594602e+00
8.639999999999998376e-03 7.249977666112993546e+00
9.119999999999999635e-03 6.920751569146482041e+00
9.599999999999999159e-03 4.193052574275905720e+00
1.007999999999999868e-02 -4.308866049220146266e+00
1.055999999999999994e-02 -2.212504524065063549e+01
1.103999999999999947e-02 -3.195558352117732781e+01
1.151999999999999899e-02 -3.584607726783161041e+01
1.199999999999999852e-02 -3.845908213673376252e+01
1.247999999999999804e-02 -3.992713217315220930e+01
1.295999999999999930e-02 -4.090123223499347205e+01
1.343999999999999882e-02 -4.140642219704786697e+01
1.391999999999999835e-02 -4.145156443880208030e+01
1.439999999999999961e-02 -4.155432943008282365e+01
1.487999999999999913e-02 -4.198744961534687548e+01
1.535999999999999865e-02 -4.262143242100188445e+01
1.583999999999999991e-02 -4.302128685264914765e+01
1.631999999999999770e-02 -4.320088770297391534e+01
1.679999999999999896e-02 -4.365196760584710489e+01
1.727999999999999675e-02 -4.436247041040040529e+01
1.775999999999999801e-02 -4.491612122740455249e+01
1.823999999999999927e-02 -4.488002043718141465e+01
1.871999999999999706e-02 -4.497526513087787237e+01
1.919999999999999832e-02 -4.540145735429290141e+01
1.967999999999999958e-02 -4.580519371221966907e+01
2.015999999999999737e-02 -4.606832980700102098e+01
2.063999999999999863e-02 -4.625830535014219436e+01
2.111999999999999988e-02 -4.639683477186912341e+01
2.159999999999999767e-02 -4.653245742817993857e+01
2.207999999999999893e-02 -4.641477833229600947e+01
2.255999999999999672e-02 -4.653124923095900556e+01
2.303999999999999798e-02 -4.679281545359647509e+01
2.351999999999999924e-02 -4.690118178343412580e+01
2.399999999999999703e-02 -4.704914592319841660e+01
2.447999999999999829e-02 -4.710425339071139206e+01
2.495999999999999608e-02 -4.727538446126396110e+01
2.543999999999999734e-02 -4.758869579076097978e+01
2.591999999999999860e-02 -4.762174369538938379e+01
2.639999999999999639e-02 -4.763931113095941328e+01
2.687999999999999765e-02 -4.779623600942977646e+01
2.735999999999999890e-02 -4.799898860848330884e+01
2.783999999999999669e-02 -4.809999226119445126e+01
2.831999999999999795e-02 -4.821270535655357747e+01
2.879999999999999921e-02 -4.864835656104509098e+01
2.927999999999999700e-02 -4.845907131500432286e+01
2.975999999999999826e-02 -4.836511843009908773e+01
3.023999999999999605e-02 -4.863101829646231522e+01
3.071999999999999731e-02 -4.911072167602047500e+01
3.119999999999999857e-02 -4.896917571176012984e+01
3.167999999999999983e-02 -4.867687051018868516e+01
3.215999999999999415e-02 -4.883411043393731887e+01
3.263999999999999541e-02 -4.914159656883064997e+01
3.311999999999999666e-02 -4.945640258413292401e+01
3.359999999999999792e-02 -4.992613569103308180e+01
3.407999999999999918e-02 -4.962421055503506295e+01
3.455999999999999350e-02 -4.949085849425334516e+01
3.503999999999999476e-02 -4.972026364081938254e+01
3.551999999999999602e-02 -4.974162475529717398e+01
3.599999999999999728e-02 -4.990953567162765125e+01
3.647999999999999854e-02 -4.996128732700255881e+01
3.695999999999999980e-02 -4.996061451040097978e+01
3.743999999999999412e-02 -5.020545891836975017e+01
3.791999999999999538e-02 -5.011821484127897008e+01
3.839999999999999664e-02 -5.002986081294304199e+01
3.887999999999999790e-02 -5.018989214171764246e+01
3.935999999999999915e-02 -5.018256603149197304e+01
3.983999999999999347e-02 -5.060752189037160065e+01
4.031999999999999473e-02 -5.085945016890590153e+01
4.079999999999999599e-02 -5.067872471326613493e+01
4.127999999999999725e-02 -5.064970840158844112e+01
4.175999999999999851e-02 -5.083617671760652712e+01
4.223999999999999977e-02 -5.123312210687704749e+01
4.271999999999999409e-02 -5.133977501240745767e+01
4.319999999999999535e-02 -5.114770161717796526e+01
4.367999999999999661e-02 -5.112218815129276095e+01
4.415999999999999787e-02 -5.124521747017355722e+01
4.463999999999999913e-02 -5.144966362884812838e+01
4.511999999999999345e-02 -5.153697483478857322e+01
4.559999999999999470e-02 -5.139285767218999013e+01
4.607999999999999596e-02 -5.163976842406053436e+01
4.655999999999999722e-02 -5.153940458901388411e+01
4.703999999999999848e-02 -5.140530821053224031e+01
4.751999999999999280e-02 -5.183069696816885852e+01
4.799999999999999406e-02 -5.205467482295635762e+01
4.847999999999999532e-02 -5.225028329203848898e+01
4.895999999999999658e-02 -5.225095102870944430e+01
4.943999999999999784e-02 -5.221240607997935967e+01
4.991999999999999216e-02 -5.257044006777096001e+01
5.039999999999999342e-02 -5.262952809761404893e+01
5.087999999999999468e-02 -5.255542909330461043e+01
5.135999999999999593e-02 -5.257366449335565051e+01
5.183999999999999719e-02 -5.269038617778677747e+01
5.231999999999999845e-02 -5.284240275449488422e+01
5.279999999999999277e-02 -5.288504229213469898e+01
5.327999999999999403e-02 -5.329665872383378655e+01
5.375999999999999529e-02 -5.322220032028808134e+01
5.423999999999999655e-02 -5.307039968060291102e+01
5.471999999999999781e-02 -5.314608341891215559e+01
5.519999999999999213e-02 -5.322617425077332598e+01
5.567999999999999339e-02 -5.348832113341367034e+01
5.615999999999999465e-02 -5.342554360256588097e+01
5.663999999999999591e-02 -5.343912092273611592e+01
5.711999999999999716e-02 -5.398634052448252163e+01
5.759999999999999842e-02 -5.398809753086667484e+01
5.807999999999999274e-02 -5.396663597511114574e+01
5.855999999999999400e-02 -5.391951681451213574e+01
5.903999999999999526e-02 -5.403656990471233001e+01
5.951999999999999652e-02 -5.439553211399984889e+01
5.999999999999999778e-02 -5.460368436535146941e+01
6.047999999999999210e-02 -5.468434898765203656e+01
6.095999999999999336e-02 -5.487171827060869589e+01
6.143999999999999462e-02 -5.485557440392582862e+01
6.191999999999999588e-02 -5.472620589149065751e+01
6.239999999999999714e-02 -5.485939297304216211e+01
6.287999999999999146e-02 -5.485605745547896817e+01
6.335999999999999965e-02 -5.528259202580368736e+01
6.383999999999999397e-02 -5.532156610483862380e+01
6.431999999999998829e-02 -5.527512682727003579e+01
6.479999999999999649e-02 -5.533902661150915492e+01
6.527999999999999081e-02 -5.553914836623384588e+01
6.575999999999999901e-02 -5.562756383909888314e+01
6.623999999999999333e-02 -5.555544955030512000e+01
6.671999999999998765e-02 -5.575603612204686499e+01
6.719999999999999585e-02 -5.603911496452343499e+01
6.767999999999999017e-02 -5.628214162084262995e+01
6.815999999999999837e-02 -5.647375742330703474e+01
6.863999999999999269e-02 -5.656018908758360908e+01
6.911999999999998701e-02 -5.658286533927035578e+01
6.959999999999999520e-02 -5.676266781201906042e+01
7.007999999999998952e-02 -5.685295610377728082e+01
7.055999999999999772e-02 -5.671390160298516037e+01
7.103999999999999204e-02 -5.667380591484607777e+01
7.152000000000000024e-02 -5.680126866766413940e+01
7.199999999999999456e-02 -5.709972064262253610e+01
7.247999999999998888e-02 -5.729759606659758475e+01
7.295999999999999708e-02 -5.764197726837902991e+01
7.343999999999999140e-02 -5.748902394111931358e+01
7.391999999999999960e-02 -5.724371879363621929e+01
7.439999999999999392e-02 -5.727430254948402677e+01
7.487999999999998824e-02 -5.747215668972938829e+01
7.535999999999999643e-02 -5.779878316198268351e+01
7.583999999999999075e-02 -5.806816011734308347e+01
7.631999999999999895e-02 -5.811607284051333977e+01
7.679999999999999327e-02 -5.831253743318108462e+01
7.727999999999998759e-02 -5.823504922057122002e+01
7.775999999999999579e-02 -5.818685824112338878e+01
7.823999999999999011e-02 -5.834256571425696336e+01
7.871999999999999831e-02 -5.857422340500274061e+01
7.919999999999999263e-02 -5.872931739919064853e+01
7.967999999999998695e-02 -5.898132193234422971e+01
8.015999999999999515e-02 -5.913561288656528347e+01
8.063999999999998947e-02 -5.887041905873171999e+01
8.111999999999999766e-02 -5.908719618271156548e+01
8.159999999999999198e-02 -5.933433583190683436e+01
8.207999999999998630e-02 -5.935389253186548331e+01
8.255999999999999450e-02 -5.930160453262413967e+01
8.303999999999998882e-02 -5.946124577724738458e+01
8.351999999999999702e-02 -5.947081772396057886e+01
8.399999999999999134e-02 -5.928303135514486399e+01
8.447999999999999954e-02 -5.949596292789087215e+01
8.495999999999999386e-02 -5.972968182045576668e+01
8.543999999999998818e-02 -5.986432989030646468e+01
8.591999999999999638e-02 -5.985806779388171606e+01
8.639999999999999070e-02 -5.954540540261145765e+01
8.687999999999999889e-02 -5.984276544285344812e+01
8.735999999999999321e-02 -5.999584615880340266e+01
8.783999999999998753e-02 -6.012408405286570456e+01
8.831999999999999573e-02 -6.014351485445793344e+01
8.879999999999999005e-02 -5.996741637706458050e+01
8.927999999999999825e-02 -5.992785630018321541e+01
8.975999999999999257e-02 -6.003222716676241788e+01
9.023999999999998689e-02 -6.017801659295936645e+01
9.071999999999999509e-02 -6.008594253851334344e+01
9.119999999999998941e-02 -6.011898287141842445e+01
9.167999999999999761e-02 -5.999531871673583083e+01
9.215999999999999193e-02 -6.012274045515734855e+01
9.263999999999998625e-02 -6.064405962951830276e+01
9.311999999999999444e-02 -6.055824243181974254e+01
9.359999999999998876e-02 -6.021810778139947473e+01
9.407999999999999696e-02 -6.037951086623297670e+01
9.455999999999999128e-02 -6.036872580839145286e+01
9.503999999999998560e-02 -6.062928546306139310e+01
9.551999999999999380e-02 -6.088389145440162054e+01
9.599999999999998812e-02 -6.075973039099191908e+01
9.647999999999999632e-02 -6.054711517340143700e+01
9.695999999999999064e-02 -6.062863861207171112e+01
9.743999999999998496e-02 -6.012871613579158492e+01
9.791999999999999316e-02 -6.016519323108223460e+01
9.839999999999998748e-02 -6.044595688685659240e+01
9.887999999999999567e-02 -6.049898710298270998e+01
9.935999999999998999e-02 -6.055945773954316991e+01
9.983999999999998431e-02 -6.057970724441475596e+01
1.003199999999999925e-01 -6.042172118059859542e+01
1.007999999999999868e-01 -6.035067518508644469e+01
1.012799999999999950e-01 -6.082256021937156021e+01
1.017599999999999894e-01 -6.137312229311410761e+01
1.022399999999999975e-01 -6.159781024649443282e+01
1.027199999999999919e-01 -6.179324591190660954e+01
1.031999999999999862e-01 -6.190727976105027608e+01
1.036799999999999944e-01 -6.245667747289820682e+01
1.041599999999999887e-01 -6.283202896880227684e+01
1.046399999999999969e-01 -6.328879735278718499e+01
1.051199999999999912e-01 -6.400559664982309016e+01
1.055999999999999855e-01 -6.448703858013064405e+01
1.060799999999999937e-01 -6.483252341523042617e+01
1.065599999999999881e-01 -6.536577214529918933e+01
1.070399999999999963e-01 -6.624858538680203424e+01
1.075199999999999906e-01 -6.711554955698186120e+01
1.079999999999999849e-01 -6.807981658272234426e+01
1.084799999999999931e-01 -6.895319524698511771e+01
1.089599999999999874e-01 -6.981743027415072333e+01
1.094399999999999956e-01 -7.074613984817945322e+01
1.099199999999999899e-01 -7.171137596441798223e+01
1.103999999999999843e-01 -7.233911989663511122e+01
1.108799999999999925e-01 -7.290686569786929283e+01
1.113599999999999868e-01 -7.374119714813650717e+01
1.118399999999999950e-01 -7.443485716497990268e+01
1.123199999999999893e-01 -7.480244261211205981e+01
1.127999999999999836e-01 -7.458374794754021764e+01
1.132799999999999918e-01 -7.465264495047213700e+01
1.137599999999999861e-01 -7.516286109243536373e+01
1.142399999999999943e-01 -7.529715884660008385e+01
1.147199999999999886e-01 -7.574929640315778556e+01
1.151999999999999968e-01 -7.612382660935499246e+01
1.156799999999999912e-01 -7.608395287000563201e+01
1.161599999999999855e-01 -7.607491278711320604e+01
1.166399999999999937e-01 -7.647532450870399146e+01
1.171199999999999880e-01 -7.687598514193133781e+01
1.175999999999999962e-01 -7.675652534393235271e+01
1.180799999999999905e-01 -7.701109008099618336e+01
1.185599999999999848e-01 -7.726616226314015989e+01
1.190399999999999930e-01 -7.757352934582398518e+01
1.195199999999999874e-01 -7.760451161101951811e+01
1.199999999999999956e-01 -7.749780221439557693e+01
1.204799999999999899e-01 -7.750164191383522905e+01
1.209599999999999842e-01 -7.757253392213458199e+01
1.214399999999999924e-01 -7.762742722643687898e+01
1.219199999999999867e-01 -7.756087440601839944e+01
1.223999999999999949e-01 -7.727458733916874678e+01
