-1.228799999999999955e+02 -9.651617903219386108e+01
-1.223999999999999915e+02 -9.704225715603895708e+01
-1.219200000000000017e+02 -9.743490396463307945e+01
-1.214399999999999977e+02 -9.738278072677866248e+01
-1.209599999999999937e+02 -9.775055866133709515e+01
-1.204799999999999898e+02 -9.783697003583429819e+01
-1.200000000000000000e+02 -9.786086663342604197e+01
-1.195199999999999960e+02 -9.781072742290217548e+01
-1.190399999999999920e+02 -9.776649893831057625e+01
-1.185600000000000023e+02 -9.784207304284470297e+01
-1.180799999999999983e+02 -9.810718080613500547e+01
-1.175999999999999943e+02 -9.822793455183165179e+01
-1.171199999999999903e+02 -9.793087221704200829e+01
-1.166400000000000006e+02 -9.769087718217944882e+01
-1.161599999999999966e+02 -9.804244941040415995e+01
-1.156799999999999926e+02 -9.824987853618466715e+01
-1.151999999999999886e+02 -9.833013031800062720e+01
-1.147199999999999989e+02 -9.833937736762338488e+01
-1.142399999999999949e+02 -9.816440368064185407e+01
-1.137599999999999909e+02 -9.840591805827772021e+01
-1.132800000000000011e+02 -9.837034078245430635e+01
-1.127999999999999972e+02 -9.781901423850577260e+01
-1.123199999999999932e+02 -9.788651668626364710e+01
-1.118399999999999892e+02 -9.790861084760905442e+01
-1.113599999999999994e+02 -9.762319970168795180e+01
-1.108799999999999955e+02 -9.703635862999090023e+01
-1.103999999999999915e+02 -9.646687387103756350e+01
-1.099200000000000017e+02 -9.613803019960633378e+01
-1.094399999999999977e+02 -9.550802898010803688e+01
-1.089599999999999937e+02 -9.479401476592941833e+01
-1.084799999999999898e+02 -9.406972002547169609e+01
-1.080000000000000000e+02 -9.326462713908887281e+01
-1.075199999999999960e+02 -9.232509221680366807e+01
-1.070399999999999920e+02 -9.158618761084596827e+01
-1.065600000000000023e+02 -9.124249236914870664e+01
-1.060799999999999983e+02 -9.087562496968574521e+01
-1.055999999999999943e+02 -9.020374914335233996e+01
-1.051199999999999903e+02 -8.956431567789513792e+01
-1.046400000000000006e+02 -8.911156006575468780e+01
-1.041599999999999966e+02 -8.861059696616392500e+01
-1.036799999999999926e+02 -8.799375169793812290e+01
-1.032000000000000028e+02 -8.742111775338111102e+01
-1.027199999999999989e+02 -8.705751685998293965e+01
-1.022399999999999949e+02 -8.689471289740758664e+01
-1.017599999999999909e+02 -8.680127939787327307e+01
-1.012800000000000011e+02 -8.661995833265207523e+01
-1.007999999999999972e+02 -8.646173708340710107e+01
-1.003199999999999932e+02 -8.635929610499196940e+01
-9.984000000000000341e+01 -8.627309388190951722e+01
-9.935999999999999943e+01 -8.611399869739381074e+01
-9.887999999999999545e+01 -8.613947498960365579e+01
-9.839999999999999147e+01 -8.592472157780383668e+01
-9.792000000000000171e+01 -8.578015132309599267e+01
-9.743999999999999773e+01 -8.592091849707472306e+01
-9.695999999999999375e+01 -8.553265653550541003e+01
-9.647999999999998977e+01 -8.544002190682179787e+01
-9.600000000000000000e+01 -8.587000113980909077e+01
-9.551999999999999602e+01 -8.581439001015189660e+01
-9.503999999999999204e+01 -8.565285851923304961e+01
-9.456000000000000227e+01 -8.551595537310033990e+01
-9.407999999999999829e+01 -8.559819656074387240e+01
-9.359999999999999432e+01 -8.553751164773262872e+01
-9.311999999999999034e+01 -8.515932714556107896e+01
-9.264000000000000057e+01 -8.496511213254558470e+01
-9.215999999999999659e+01 -8.504550640276991658e+01
-9.167999999999999261e+01 -8.518211680089407878e+01
-9.120000000000000284e+01 -8.489490059112121401e+01
-9.071999999999999886e+01 -8.472682860789825554e+01
-9.023999999999999488e+01 -8.475357292570139123e+01
-8.975999999999999091e+01 -8.470662545829927126e+01
-8.928000000000000114e+01 -8.478340829532692169e+01
-8.879999999999999716e+01 -8.481043814324618779e+01
-8.831999999999999318e+01 -8.496348394715317909e+01
-8.784000000000000341e+01 -8.478541251462216621e+01
-8.735999999999999943e+01 -8.459886457018316719e+01
-8.687999999999999545e+01 -8.429047507826444985e+01
-8.639999999999999147e+01 -8.382816724829530131e+01
-8.592000000000000171e+01 -8.389787234472004229e+01
-8.543999999999999773e+01 -8.409889088816450453e+01
-8.495999999999999375e+01 -8.422897397500518935e+01
-8.447999999999998977e+01 -8.407333435039876690e+01
-8.400000000000000000e+01 -8.375640518293980108e+01
-8.351999999999999602e+01 -8.357425796738148449e+01
-8.303999999999999204e+01 -8.372563739729406507e+01
-8.256000000000000227e+01 -8.374803979065264059e+01
-8.207999999999999829e+01 -8.351587222400127075e+01
-8.159999999999999432e+01 -8.326625031732493198e+01
-8.111999999999999034e+01 -8.331713090514756459e+01
-8.064000000000000057e+01 -8.305672347004551170e+01
-8.015999999999999659e+01 -8.286413804161557550e+01
-7.967999999999999261e+01 -8.290446135321207066e+01
-7.920000000000000284e+01 -8.286328944673240926e+01
-7.871999999999999886e+01 -8.251468288357642678e+01
-7.823999999999999488e+01 -8.249305665228041562e+01
-7.775999999999999091e+01 -8.266362077620678406e+01
-7.728000000000000114e+01 -8.268044129318796820e+01
-7.679999999999999716e+01 -8.266052553984508222e+01
-7.631999999999999318e+01 -8.253819146047567301e+01
-7.584000000000000341e+01 -8.246931110439915358e+01
-7.535999999999999943e+01 -8.245516245176420966e+01
-7.487999999999999545e+01 -8.229947769805711744e+01
-7.439999999999999147e+01 -8.200751252452221252e+01
-7.392000000000000171e+01 -8.185980217983109242e+01
-7.343999999999999773e+01 -8.192453547628907984e+01
-7.295999999999999375e+01 -8.166687397399599035e+01
-7.248000000000000398e+01 -8.150396071494793659e+01
-7.200000000000000000e+01 -8.155181075669193547e+01
-7.151999999999999602e+01 -8.159768966626054976e+01
-7.103999999999999204e+01 -8.155683112076629016e+01
-7.056000000000000227e+01 -8.143292563325073274e+01
-7.007999999999999829e+01 -8.114203891553401604e+01
-6.959999999999999432e+01 -8.095959920557341150e+01
-6.912000000000000455e+01 -8.116197140902242779e+01
-6.864000000000000057e+01 -8.136317460612617936e+01
-6.815999999999999659e+01 -8.084385295797267190e+01
-6.767999999999999261e+01 -8.086138423685778776e+01
-6.720000000000000284e+01 -8.068003584988274213e+01
-6.671999999999999886e+01 -8.042306712426773174e+01
-6.623999999999999488e+01 -8.059945978205739436e+01
-6.575999999999999091e+01 -8.076913052871992704e+01
-6.528000000000000114e+01 -8.059967467005370167e+01
-6.479999999999999716e+01 -8.030067079012852105e+01
-6.431999999999999318e+01 -8.033103449764210779e+01
-6.383999999999999631e+01 -8.021875132838927414e+01
-6.335999999999999943e+01 -7.991314133948569065e+01
-6.287999999999999545e+01 -7.988050584121921815e+01
-6.239999999999999858e+01 -7.998284215728236290e+01
-6.191999999999999460e+01 -7.998080699031538643e+01
-6.143999999999999773e+01 -7.993078832875322348e+01
-6.096000000000000085e+01 -7.998177942819910413e+01
-6.047999999999999687e+01 -7.991718338611546812e+01
-6.000000000000000000e+01 -7.972302823403200023e+01
-5.951999999999999602e+01 -7.940730071532280476e+01
-5.903999999999999915e+01 -7.927961822977123063e+01
-5.855999999999999517e+01 -7.896653908902648311e+01
-5.807999999999999829e+01 -7.884308797418110260e+01
-5.759999999999999432e+01 -7.873229976663010632e+01
-5.711999999999999744e+01 -7.839799219307147382e+01
-5.664000000000000057e+01 -7.818943324311166521e+01
-5.615999999999999659e+01 -7.815947861469291524e+01
-5.567999999999999972e+01 -7.790801223313853541e+01
-5.519999999999999574e+01 -7.792215580368278438e+01
-5.471999999999999886e+01 -7.812574004410278405e+01
-5.423999999999999488e+01 -7.809989743465011713e+01
-5.375999999999999801e+01 -7.739583159557230374e+01
-5.328000000000000114e+01 -7.726904530214007139e+01
-5.279999999999999716e+01 -7.751101561186851541e+01
-5.232000000000000028e+01 -7.766471976547853728e+01
-5.183999999999999631e+01 -7.765786539994122961e+01
-5.135999999999999943e+01 -7.724143397559674895e+01
-5.087999999999999545e+01 -7.683706466520716560e+01
-5.039999999999999858e+01 -7.668037266928800477e+01
-4.992000000000000171e+01 -7.652580450421244507e+01
-4.943999999999999773e+01 -7.624595921389075670e+01
-4.896000000000000085e+01 -7.620209480877254293e+01
-4.847999999999999687e+01 -7.621182478895627810e+01
-4.800000000000000000e+01 -7.610656872500671000e+01
-4.751999999999999602e+01 -7.595753117314527003e+01
-4.703999999999999915e+01 -7.564632222406282835e+01
-4.655999999999999517e+01 -7.539115078588007179e+01
-4.607999999999999829e+01 -7.516006066813974940e+01
-4.560000000000000142e+01 -7.503054943028861601e+01
-4.511999999999999744e+01 -7.498414611880937741e+01
-4.464000000000000057e+01 -7.495370370978788799e+01
-4.415999999999999659e+01 -7.481510706501018149e+01
-4.367999999999999972e+01 -7.455370525427103701e+01
-4.319999999999999574e+01 -7.466515440668425185e+01
-4.271999999999999886e+01 -7.484877461713807634e+01
-4.223999999999999488e+01 -7.460145598647069676e+01
-4.175999999999999801e+01 -7.421353547221785618e+01
-4.128000000000000114e+01 -7.419925967281152168e+01
-4.079999999999999716e+01 -7.404992059565753948e+01
-4.032000000000000028e+01 -7.423994704146221579e+01
-3.983999999999999631e+01 -7.443306644810526507e+01
-3.935999999999999943e+01 -7.403905137597995179e+01
-3.887999999999999545e+01 -7.387453580714119994e+01
-3.839999999999999858e+01 -7.359014348257599636e+01
-3.792000000000000171e+01 -7.341773511017623832e+01
-3.743999999999999773e+01 -7.322479188494251900e+01
-3.696000000000000085e+01 -7.310512191894302703e+01
-3.647999999999999687e+01 -7.321754037376250324e+01
-3.600000000000000000e+01 -7.332602924926219146e+01
-3.551999999999999602e+01 -7.279661066015923154e+01
-3.503999999999999915e+01 -7.251044702785415552e+01
-3.456000000000000227e+01 -7.264904716817414965e+01
-3.407999999999999829e+01 -7.278539112595716176e+01
-3.360000000000000142e+01 -7.267686181205652929e+01
-3.311999999999999744e+01 -7.245551079908850056e+01
-3.264000000000000057e+01 -7.230489327722668236e+01
-3.215999999999999659e+01 -7.204199086344162595e+01
-3.167999999999999972e+01 -7.172449160770449339e+01
-3.119999999999999929e+01 -7.179193203606445195e+01
-3.071999999999999886e+01 -7.201276084073539607e+01
-3.023999999999999844e+01 -7.185062024741647235e+01
-2.975999999999999801e+01 -7.171912881093830094e+01
-2.927999999999999758e+01 -7.153264671897746041e+01
-2.879999999999999716e+01 -7.123716441706324076e+01
-2.832000000000000028e+01 -7.131213206164652263e+01
-2.783999999999999986e+01 -7.126846421558050793e+01
-2.735999999999999943e+01 -7.121900409576325330e+01
-2.687999999999999901e+01 -7.156170343961657920e+01
-2.639999999999999858e+01 -7.160109146372190025e+01
-2.591999999999999815e+01 -7.124139739915965208e+01
-2.543999999999999773e+01 -7.111171589862431119e+01
-2.496000000000000085e+01 -7.116818681153426951e+01
-2.448000000000000043e+01 -7.127807390993478975e+01
-2.400000000000000000e+01 -7.091136745938470654e+01
-2.351999999999999957e+01 -7.074455387407176943e+01
-2.303999999999999915e+01 -7.070986442160817376e+01
-2.255999999999999872e+01 -7.055402502980405188e+01
-2.207999999999999829e+01 -7.066382156389103386e+01
-2.159999999999999787e+01 -7.048882264631198780e+01
-2.111999999999999744e+01 -7.010629081267896368e+01
-2.064000000000000057e+01 -6.978151696266429838e+01
-2.016000000000000014e+01 -6.986506728789883880e+01
-1.967999999999999972e+01 -7.004033124243096609e+01
-1.919999999999999929e+01 -6.988631622336703231e+01
-1.871999999999999886e+01 -6.978437749260093881e+01
-1.823999999999999844e+01 -6.967686576117888819e+01
-1.775999999999999801e+01 -6.945905097118644278e+01
-1.728000000000000114e+01 -6.936341770399833706e+01
-1.680000000000000071e+01 -6.948719698150057411e+01
-1.632000000000000028e+01 -6.963898754962698945e+01
-1.583999999999999986e+01 -6.900892984470952740e+01
-1.535999999999999943e+01 -6.855708015841345571e+01
-1.487999999999999901e+01 -6.860018420968540909e+01
-1.439999999999999858e+01 -6.817191288381596337e+01
-1.391999999999999993e+01 -6.766961254769945810e+01
-1.343999999999999950e+01 -6.746231483541801310e+01
-1.295999999999999908e+01 -6.716813954404787523e+01
-1.248000000000000043e+01 -6.677914125211599128e+01
-1.200000000000000000e+01 -6.616875341080613282e+01
-1.151999999999999957e+01 -6.456116671442370603e+01
-1.103999999999999915e+01 -6.176894111855881420e+01
-1.055999999999999872e+01 -5.189175074087327033e+01
-1.008000000000000007e+01 -3.405024853186067446e+01
-9.599999999999999645e+00 -2.568857012212095725e+01
-9.119999999999999218e+00 -2.307239769813519104e+01
-8.640000000000000568e+00 -2.285779600417261292e+01
-8.160000000000000142e+00 -2.284481223652620940e+01
-7.679999999999999716e+00 -2.266400819116138621e+01
-7.199999999999999289e+00 -2.256361179064294120e+01
-6.719999999999999751e+00 -2.271443788680916143e+01
-6.240000000000000213e+00 -2.267016384682827734e+01
-5.759999999999999787e+00 -2.251614014747165271e+01
-5.279999999999999361e+00 -2.253533059529088689e+01
-4.799999999999999822e+00 -2.250801598957928462e+01
-4.320000000000000284e+00 -2.272054466456789967e+01
-3.839999999999999858e+00 -2.282136239099811448e+01
-3.359999999999999876e+00 -2.281610487258645747e+01
-2.879999999999999893e+00 -2.282800729172043219e+01
-2.399999999999999911e+00 -2.269739370808942525e+01
-1.919999999999999929e+00 -2.270040527501684835e+01
-1.439999999999999947e+00 -2.269079537753525955e+01
-9.599999999999999645e-01 -2.263275545090397500e+01
-4.799999999999999822e-01 -2.273985477393346599e+01
0.000000000000000000e+00 -2.280175536331985242e+01
4.799999999999999822e-01 -2.259669758568050923e+01
9.599999999999999645e-01 -2.221674629506129861e+01
1.439999999999999947e+00 -2.255786751851466576e+01
1.919999999999999929e+00 -2.291529374439931743e+01
2.399999999999999911e+00 -2.270155262934655838e+01
2.879999999999999893e+00 -2.254447621285526537e+01
3.359999999999999876e+00 -2.238661746338530989e+01
3.839999999999999858e+00 -2.262485071772296408e+01
4.320000000000000284e+00 -2.293017690302024292e+01
4.799999999999999822e+00 -2.287204799031435698e+01
5.279999999999999361e+00 -2.277613024063450098e+01
5.759999999999999787e+00 -2.277231641219737313e+01
6.240000000000000213e+00 -2.285674017999639318e+01
6.719999999999999751e+00 -2.280687802012538867e+01
7.199999999999999289e+00 -2.269439208531357366e+01
7.679999999999999716e+00 -2.290736122581348155e+01
8.160000000000000142e+00 -2.285696555224649273e+01
8.640000000000000568e+00 -2.277067477270064089e+01
9.119999999999999218e+00 -2.310012288810640513e+01
9.599999999999999645e+00 -2.582950940936763118e+01
1.008000000000000007e+01 -3.433615912442131446e+01
1.055999999999999872e+01 -5.211096310576388646e+01
1.103999999999999915e+01 -6.137236799179017055e+01
1.151999999999999957e+01 -6.457262569517637019e+01
1.200000000000000000e+01 -6.649729448207257576e+01
1.248000000000000043e+01 -6.779528368600534805e+01
1.295999999999999908e+01 -6.855239716560112129e+01
1.343999999999999950e+01 -6.856476186178680621e+01
1.391999999999999993e+01 -6.821075598038440546e+01
1.439999999999999858e+01 -6.819520271102766173e+01
1.487999999999999901e+01 -6.871178791905026628e+01
1.535999999999999943e+01 -6.908187642132405415e+01
1.583999999999999986e+01 -6.917627600401461052e+01
1.632000000000000028e+01 -6.957518261766972500e+01
1.680000000000000071e+01 -6.947589236525814727e+01
1.728000000000000114e+01 -6.943209127231473587e+01
1.775999999999999801e+01 -6.972916992105525935e+01
1.823999999999999844e+01 -6.990680253020752843e+01
1.871999999999999886e+01 -7.026886588306427939e+01
1.919999999999999929e+01 -7.021018984045655031e+01
1.967999999999999972e+01 -7.024530595702236724e+01
2.016000000000000014e+01 -7.050523664549628222e+01
2.064000000000000057e+01 -7.096562061469930427e+01
2.111999999999999744e+01 -7.093193568684027639e+01
2.159999999999999787e+01 -7.070091899748977937e+01
2.207999999999999829e+01 -7.094823797286046840e+01
2.255999999999999872e+01 -7.113305253116975280e+01
2.303999999999999915e+01 -7.105184041785467741e+01
2.351999999999999957e+01 -7.088970534361182274e+01
2.400000000000000000e+01 -7.070443512526797747e+01
2.448000000000000043e+01 -7.099225014218268370e+01
2.496000000000000085e+01 -7.109515538820011216e+01
2.543999999999999773e+01 -7.126490878838569643e+01
2.591999999999999815e+01 -7.131232358104516322e+01
2.639999999999999858e+01 -7.141977996179970489e+01
2.687999999999999901e+01 -7.174811709674568760e+01
2.735999999999999943e+01 -7.211574401483471775e+01
2.783999999999999986e+01 -7.227410434804919248e+01
2.832000000000000028e+01 -7.229473043352489015e+01
2.879999999999999716e+01 -7.227422996136115785e+01
2.927999999999999758e+01 -7.215731415696939166e+01
2.975999999999999801e+01 -7.238731383178760836e+01
3.023999999999999844e+01 -7.254358323691059240e+01
3.071999999999999886e+01 -7.287921680092850352e+01
3.119999999999999929e+01 -7.278614352956900291e+01
3.167999999999999972e+01 -7.298197205627077722e+01
3.215999999999999659e+01 -7.319000825622563866e+01
3.264000000000000057e+01 -7.308035472842655622e+01
3.311999999999999744e+01 -7.304661174542647473e+01
3.360000000000000142e+01 -7.313006156632599186e+01
3.407999999999999829e+01 -7.342686245639671938e+01
3.456000000000000227e+01 -7.363612048831340928e+01
3.503999999999999915e+01 -7.379231432730522044e+01
3.551999999999999602e+01 -7.379531819152678906e+01
3.600000000000000000e+01 -7.389467567309134211e+01
3.647999999999999687e+01 -7.399744707070428262e+01
3.696000000000000085e+01 -7.408062062417775451e+01
3.743999999999999773e+01 -7.433148623745728401e+01
3.792000000000000171e+01 -7.450302371538856505e+01
3.839999999999999858e+01 -7.454363692077092196e+01
3.887999999999999545e+01 -7.461769688923197918e+01
3.935999999999999943e+01 -7.462342534574260355e+01
3.983999999999999631e+01 -7.463487054457168313e+01
4.032000000000000028e+01 -7.474785790248319017e+01
4.079999999999999716e+01 -7.517449983344776854e+01
4.128000000000000114e+01 -7.509930247614450138e+01
4.175999999999999801e+01 -7.527356181950642622e+01
4.223999999999999488e+01 -7.538516491444852363e+01
4.271999999999999886e+01 -7.574831153461749977e+01
4.319999999999999574e+01 -7.603089112341559996e+01
4.367999999999999972e+01 -7.607691122893183433e+01
4.415999999999999659e+01 -7.601910581988200022e+01
4.464000000000000057e+01 -7.630204508543982911e+01
4.511999999999999744e+01 -7.648993254622885729e+01
4.560000000000000142e+01 -7.678436113377054539e+01
4.607999999999999829e+01 -7.688577011572621700e+01
4.655999999999999517e+01 -7.674518166726602431e+01
4.703999999999999915e+01 -7.702393536991587553e+01
4.751999999999999602e+01 -7.721220771504475522e+01
4.800000000000000000e+01 -7.712967939972030251e+01
4.847999999999999687e+01 -7.712524530413887192e+01
4.896000000000000085e+01 -7.771157813718546947e+01
4.943999999999999773e+01 -7.774384834892228469e+01
4.992000000000000171e+01 -7.751054322404507957e+01
5.039999999999999858e+01 -7.771635878029725575e+01
5.087999999999999545e+01 -7.776647945931193817e+01
5.135999999999999943e+01 -7.782740373041211512e+01
5.183999999999999631e+01 -7.826343210151466678e+01
5.232000000000000028e+01 -7.832485818373993425e+01
5.279999999999999716e+01 -7.827026454150008306e+01
5.328000000000000114e+01 -7.870167101036227564e+01
5.375999999999999801e+01 -7.889462044057741252e+01
5.423999999999999488e+01 -7.894954076001569376e+01
5.471999999999999886e+01 -7.914052847031497606e+01
5.519999999999999574e+01 -7.937454588355598162e+01
5.567999999999999972e+01 -7.969480830691060191e+01
5.615999999999999659e+01 -7.978662665238205420e+01
5.664000000000000057e+01 -7.989314972589171759e+01
5.711999999999999744e+01 -7.994288442574450926e+01
5.759999999999999432e+01 -7.987622021548970963e+01
5.807999999999999829e+01 -7.992969261913589207e+01
5.855999999999999517e+01 -8.017863798846200041e+01
5.903999999999999915e+01 -8.039652955242978294e+01
5.951999999999999602e+01 -8.043783637860056501e+01
6.000000000000000000e+01 -8.040543295155721637e+01
6.047999999999999687e+01 -8.028370236113573810e+01
6.096000000000000085e+01 -8.050650822687657637e+01
6.143999999999999773e+01 -8.074084698590206699e+01
6.191999999999999460e+01 -8.066762789161467140e+01
6.239999999999999858e+01 -8.069764908292629002e+01
6.287999999999999545e+01 -8.082704642535260575e+01
6.335999999999999943e+01 -8.100307230320039764e+01
6.383999999999999631e+01 -8.129284792974638663e+01
6.431999999999999318e+01 -8.143672311477607195e+01
6.479999999999999716e+01 -8.152204611315877969e+01
6.528000000000000114e+01 -8.134632884512248552e+01
6.575999999999999091e+01 -8.145481896291198609e+01
6.623999999999999488e+01 -8.185733016491418823e+01
6.671999999999999886e+01 -8.197624595620446541e+01
6.720000000000000284e+01 -8.207147320813346880e+01
6.767999999999999261e+01 -8.210521647524498690e+01
6.815999999999999659e+01 -8.209893138487504416e+01
6.864000000000000057e+01 -8.194101139398330247e+01
6.912000000000000455e+01 -8.210734604887085197e+01
6.959999999999999432e+01 -8.253859062897470267e+01
7.007999999999999829e+01 -8.277889586122128662e+01
7.056000000000000227e+01 -8.263745589366570243e+01
7.103999999999999204e+01 -8.265167216982931109e+01
7.151999999999999602e+01 -8.280990937268229857e+01
7.200000000000000000e+01 -8.281030579958448357e+01
7.248000000000000398e+01 -8.289099921515384040e+01
7.295999999999999375e+01 -8.330888151343967252e+01
7.343999999999999773e+01 -8.310290972427010558e+01
7.392000000000000171e+01 -8.311972678269574999e+01
7.439999999999999147e+01 -8.335251621265661015e+01
7.487999999999999545e+01 -8.317100831360328073e+01
7.535999999999999943e+01 -8.332795424567633802e+01
7.584000000000000341e+01 -8.375685418221449652e+01
7.631999999999999318e+01 -8.393297461440711515e+01
7.679999999999999716e+01 -8.416748887145129743e+01
7.728000000000000114e+01 -8.424079186390422080e+01
7.775999999999999091e+01 -8.394200298639623270e+01
7.823999999999999488e+01 -8.407238233092412827e+01
7.871999999999999886e+01 -8.424539443390310112e+01
7.920000000000000284e+01 -8.436053186247006863e+01
7.967999999999999261e+01 -8.435561386243310267e+01
8.015999999999999659e+01 -8.431728973816979078e+01
8.064000000000000057e+01 -8.438673349789367251e+01
8.111999999999999034e+01 -8.447927740143373398e+01
8.159999999999999432e+01 -8.469602896115974033e+01
8.207999999999999829e+01 -8.469160857150416177e+01
8.256000000000000227e+01 -8.476441365356799906e+01
8.303999999999999204e+01 -8.468077446531418673e+01
8.351999999999999602e+01 -8.463173519214609541e+01
8.400000000000000000e+01 -8.485600618552143715e+01
8.447999999999998977e+01 -8.492825876204464919e+01
8.495999999999999375e+01 -8.521778905137190918e+01
8.543999999999999773e+01 -8.561754739206351417e+01
8.592000000000000171e+01 -8.554806319746319332e+01
8.639999999999999147e+01 -8.566873960213240480e+01
8.687999999999999545e+01 -8.591061424214871067e+01
8.735999999999999943e+01 -8.574212240168299104e+01
8.784000000000000341e+01 -8.557993218640470445e+01
8.831999999999999318e+01 -8.583435475542422921e+01
8.879999999999999716e+01 -8.583619771977549817e+01
8.928000000000000114e+01 -8.587757575773133567e+01
8.975999999999999091e+01 -8.605431823284008885e+01
9.023999999999999488e+01 -8.616228254375776885e+01
9.071999999999999886e+01 -8.617444174764429476e+01
9.120000000000000284e+01 -8.608912727121017383e+01
9.167999999999999261e+01 -8.599304231150227906e+01
9.215999999999999659e+01 -8.601643139530548865e+01
9.264000000000000057e+01 -8.595965784669121490e+01
9.311999999999999034e+01 -8.598938588232194036e+01
9.359999999999999432e+01 -8.625066228019642267e+01
9.407999999999999829e+01 -8.657085809222871831e+01
9.456000000000000227e+01 -8.689085771538459824e+01
9.503999999999999204e+01 -8.697183886587797019e+01
9.551999999999999602e+01 -8.713987754687578047e+01
9.600000000000000000e+01 -8.728090280405739065e+01
9.647999999999998977e+01 -8.699564220397655845e+01
9.695999999999999375e+01 -8.702497652807416273e+01
9.743999999999999773e+01 -8.723161169632588496e+01
9.792000000000000171e+01 -8.715548135699589238e+01
9.839999999999999147e+01 -8.711185827215783206e+01
9.887999999999999545e+01 -8.707661864182279032e+01
9.935999999999999943e+01 -8.719791693680787148e+01
9.984000000000000341e+01 -8.702279399936499260e+01
1.003199999999999932e+02 -8.744781646912167616e+01
1.007999999999999972e+02 -8.801422347554201053e+01
1.012800000000000011e+02 -8.776704288698368828e+01
1.017599999999999909e+02 -8.743894130910356921e+01
1.022399999999999949e+02 -8.758100072233438027e+01
1.027199999999999989e+02 -8.802586941394349651e+01
1.032000000000000028e+02 -8.853917738030636997e+01
1.036799999999999926e+02 -8.902285093768112745e+01
1.041599999999999966e+02 -8.912948503731713856e+01
1.046400000000000006e+02 -8.929803854291986909e+01
1.051199999999999903e+02 -8.983854006040454010e+01
1.055999999999999943e+02 -8.947841476409288930e+01
1.060799999999999983e+02 -8.915467913083453766e+01
1.065600000000000023e+02 -9.101460409950240660e+01
1.070399999999999920e+02 -9.214843581949983786e+01
1.075199999999999960e+02 -9.243957364244570840e+01
1.080000000000000000e+02 -9.327481962539008009e+01
1.084799999999999898e+02 -9.421642657538396293e+01
1.089599999999999937e+02 -9.461909889261940521e+01
1.094399999999999977e+02 -9.468205605277823622e+01
1.099200000000000017e+02 -9.526165387595668221e+01
1.103999999999999915e+02 -9.563774649196653854e+01
1.108799999999999955e+02 -9.606775184897500708e+01
1.113599999999999994e+02 -9.632020402544475246e+01
1.118399999999999892e+02 -9.654794589322588649e+01
1.123199999999999932e+02 -9.674016625386227020e+01
1.127999999999999972e+02 -9.654988694003102978e+01
1.132800000000000011e+02 -9.661307345637180788e+01
1.137599999999999909e+02 -9.700530341588435590e+01
1.142399999999999949e+02 -9.683627581411604979e+01
1.147199999999999989e+02 -9.695857390483146787e+01
1.151999999999999886e+02 -9.711082222829492139e+01
1.156799999999999926e+02 -9.697987948258005986e+01
1.161599999999999966e+02 -9.676660357947793045e+01
1.166400000000000006e+02 -9.695751304736060661e+01
1.171199999999999903e+02 -9.712609735185392879e+01
1.175999999999999943e+02 -9.701943741897113682e+01
1.180799999999999983e+02 -9.728525615991995323e+01
1.185600000000000023e+02 -9.722485934309796107e+01
1.190399999999999920e+02 -9.735785438942625092e+01
1.195199999999999960e+02 -9.740419883937300938e+01
1.200000000000000000e+02 -9.751283094195842693e+01
1.204799999999999898e+02 -9.757817149060798556e+01
1.209599999999999937e+02 -9.745945704730169723e+01
1.214399999999999977e+02 -9.751080530400867019e+01
1.219200000000000017e+02 -9.724698819177989151e+01
1.223999999999999915e+02 -9.700955239004662189e+01
