-1.228799999999999955e+02 -1.001964453444548440e+02
-1.223999999999999915e+02 -1.004639408818237456e+02
-1.219200000000000017e+02 -1.007959299116004956e+02
-1.214399999999999977e+02 -1.006534747066040723e+02
-1.209599999999999937e+02 -1.003949555609068227e+02
-1.204799999999999898e+02 -9.986247453632185511e+01
-1.200000000000000000e+02 -9.970711919946539581e+01
-1.195199999999999960e+02 -9.938387163597234064e+01
-1.190399999999999920e+02 -9.862688635382788505e+01
-1.185600000000000023e+02 -9.828588754839181263e+01
-1.180799999999999983e+02 -9.837435202181561067e+01
-1.175999999999999943e+02 -9.808875791283790591e+01
-1.171199999999999903e+02 -9.764447882954908664e+01
-1.166400000000000006e+02 -9.699791726841374384e+01
-1.161599999999999966e+02 -9.680097683890069504e+01
-1.156799999999999926e+02 -9.673763124661805080e+01
-1.151999999999999886e+02 -9.639140178928562364e+01
-1.147199999999999989e+02 -9.600918021780083222e+01
-1.142399999999999949e+02 -9.561867183151809968e+01
-1.137599999999999909e+02 -9.555403413596322082e+01
-1.132800000000000011e+02 -9.536367192510191160e+01
-1.127999999999999972e+02 -9.491552470247002304e+01
-1.123199999999999932e+02 -9.480328878173496321e+01
-1.118399999999999892e+02 -9.502694879920645121e+01
-1.113599999999999994e+02 -9.488080704036151758e+01
-1.108799999999999955e+02 -9.443662944292202610e+01
-1.103999999999999915e+02 -9.430064660454965519e+01
-1.099200000000000017e+02 -9.436229411614274909e+01
-1.094399999999999977e+02 -9.380477776321143324e+01
-1.089599999999999937e+02 -9.338686269060544021e+01
-1.084799999999999898e+02 -9.277556986900323466e+01
-1.080000000000000000e+02 -9.193029469709246371e+01
-1.075199999999999960e+02 -9.137760543980661510e+01
-1.070399999999999920e+02 -9.092191870518499286e+01
-1.065600000000000023e+02 -9.027254611347500202e+01
-1.060799999999999983e+02 -8.950839507771063097e+01
-1.055999999999999943e+02 -8.885628584310029510e+01
-1.051199999999999903e+02 -8.811331636727587124e+01
-1.046400000000000006e+02 -8.736157632626252223e+01
-1.041599999999999966e+02 -8.708981003922676223e+01
-1.036799999999999926e+02 -8.658927942280422485e+01
-1.032000000000000028e+02 -8.627032470037605094e+01
-1.027199999999999989e+02 -8.594715683094101166e+01
-1.022399999999999949e+02 -8.579055171793191903e+01
-1.017599999999999909e+02 -8.555375165812100136e+01
-1.012800000000000011e+02 -8.513798393200045211e+01
-1.007999999999999972e+02 -8.505315350249789219e+01
-1.003199999999999932e+02 -8.507380050102938185e+01
-9.984000000000000341e+01 -8.502933870603521882e+01
-9.935999999999999943e+01 -8.505058760494398484e+01
-9.887999999999999545e+01 -8.511126976045798642e+01
-9.839999999999999147e+01 -8.473572130367918476e+01
-9.792000000000000171e+01 -8.443165460835872693e+01
-9.743999999999999773e+01 -8.445049606244039353e+01
-9.695999999999999375e+01 -8.460823818606027658e+01
-9.647999999999998977e+01 -8.448804053606075115e+01
-9.600000000000000000e+01 -8.437806587247376910e+01
-9.551999999999999602e+01 -8.443214689384700478e+01
-9.503999999999999204e+01 -8.440967407306744974e+01
-9.456000000000000227e+01 -8.443272215158677341e+01
-9.407999999999999829e+01 -8.433594360181957938e+01
-9.359999999999999432e+01 -8.413980659701812215e+01
-9.311999999999999034e+01 -8.442995082342613955e+01
-9.264000000000000057e+01 -8.439335285558198052e+01
-9.215999999999999659e+01 -8.391841933141363086e+01
-9.167999999999999261e+01 -8.366941460710000911e+01
-9.120000000000000284e+01 -8.358091430152711609e+01
-9.071999999999999886e+01 -8.367416888632223504e+01
-9.023999999999999488e+01 -8.357983013523940485e+01
-8.975999999999999091e+01 -8.357366538879099949e+01
-8.928000000000000114e+01 -8.340970725278700115e+01
-8.879999999999999716e+01 -8.340479608066098649e+01
-8.831999999999999318e+01 -8.336855083009396594e+01
-8.784000000000000341e+01 -8.321690526806128219e+01
-8.735999999999999943e+01 -8.319394443586767807e+01
-8.687999999999999545e+01 -8.314602319204027481e+01
-8.639999999999999147e+01 -8.295978802788656026e+01
-8.592000000000000171e+01 -8.289553234030192641e+01
-8.543999999999999773e+01 -8.290424559174024921e+01
-8.495999999999999375e+01 -8.289670917461918975e+01
-8.447999999999998977e+01 -8.289959836296566209e+01
-8.400000000000000000e+01 -8.275362119526192828e+01
-8.351999999999999602e+01 -8.274393303434484892e+01
-8.303999999999999204e+01 -8.259937629321302666e+01
-8.256000000000000227e+01 -8.267157991152421914e+01
-8.207999999999999829e+01 -8.277743769548314390e+01
-8.159999999999999432e+01 -8.259527491693455659e+01
-8.111999999999999034e+01 -8.248488542645985433e+01
-8.064000000000000057e+01 -8.247448365743557019e+01
-8.015999999999999659e+01 -8.258040803283400066e+01
-7.967999999999999261e+01 -8.265925705037014382e+01
-7.920000000000000284e+01 -8.262647325114068053e+01
-7.871999999999999886e+01 -8.258250749258009193e+01
-7.823999999999999488e+01 -8.242960018817967693e+01
-7.775999999999999091e+01 -8.230782515012931810e+01
-7.728000000000000114e+01 -8.221282798086343746e+01
-7.679999999999999716e+01 -8.260764233513604893e+01
-7.631999999999999318e+01 -8.248435392812595524e+01
-7.584000000000000341e+01 -8.218669619684305871e+01
-7.535999999999999943e+01 -8.225148162321998768e+01
-7.487999999999999545e+01 -8.215653474609200657e+01
-7.439999999999999147e+01 -8.181039720545857108e+01
-7.392000000000000171e+01 -8.178156778949743000e+01
-7.343999999999999773e+01 -8.182993690638630824e+01
-7.295999999999999375e+01 -8.171026375017517296e+01
-7.248000000000000398e+01 -8.200360598897843545e+01
-7.200000000000000000e+01 -8.204682993967507798e+01
-7.151999999999999602e+01 -8.205928760051479287e+01
-7.103999999999999204e+01 -8.203597643161691622e+01
-7.056000000000000227e+01 -8.211427928194027004e+01
-7.007999999999999829e+01 -8.183189172595055538e+01
-6.959999999999999432e+01 -8.183859293519620337e+01
-6.912000000000000455e+01 -8.168231230945379195e+01
-6.864000000000000057e+01 -8.156005213198668002e+01
-6.815999999999999659e+01 -8.178476697734389234e+01
-6.767999999999999261e+01 -8.187879228991384650e+01
-6.720000000000000284e+01 -8.193042354351327106e+01
-6.671999999999999886e+01 -8.175044310439660933e+01
-6.623999999999999488e+01 -8.196121141079117933e+01
-6.575999999999999091e+01 -8.174376077516249950e+01
-6.528000000000000114e+01 -8.121405439345744526e+01
-6.479999999999999716e+01 -8.138749186140142911e+01
-6.431999999999999318e+01 -8.173404512356191276e+01
-6.383999999999999631e+01 -8.153108335240126792e+01
-6.335999999999999943e+01 -8.134750115613491062e+01
-6.287999999999999545e+01 -8.142064513877454601e+01
-6.239999999999999858e+01 -8.145798732161114231e+01
-6.191999999999999460e+01 -8.134578074746519860e+01
-6.143999999999999773e+01 -8.146744963183928689e+01
-6.096000000000000085e+01 -8.148123282236653608e+01
-6.047999999999999687e+01 -8.150388132466105162e+01
-6.000000000000000000e+01 -8.121313284073548289e+01
-5.951999999999999602e+01 -8.091205581560404880e+01
-5.903999999999999915e+01 -8.087073568244207422e+01
-5.855999999999999517e+01 -8.082649881785096113e+01
-5.807999999999999829e+01 -8.086974988892451677e+01
-5.759999999999999432e+01 -8.063028998450775475e+01
-5.711999999999999744e+01 -8.043949608090400716e+01
-5.664000000000000057e+01 -8.065197593065114745e+01
-5.615999999999999659e+01 -8.099537700598212098e+01
-5.567999999999999972e+01 -8.055139524810667240e+01
-5.519999999999999574e+01 -8.021287282671639218e+01
-5.471999999999999886e+01 -8.007694738836106296e+01
-5.423999999999999488e+01 -8.012232927361435486e+01
-5.375999999999999801e+01 -8.014809702054125751e+01
-5.328000000000000114e+01 -8.014340106298611488e+01
-5.279999999999999716e+01 -8.013015818439205873e+01
-5.232000000000000028e+01 -8.029238104852110780e+01
-5.183999999999999631e+01 -8.053398771865303729e+01
-5.135999999999999943e+01 -8.050219710157267627e+01
-5.087999999999999545e+01 -8.027056609128776188e+01
-5.039999999999999858e+01 -7.984830452449001825e+01
-4.992000000000000171e+01 -7.970386002174664952e+01
-4.943999999999999773e+01 -7.975360209190870364e+01
-4.896000000000000085e+01 -7.982070928076630878e+01
-4.847999999999999687e+01 -7.963394869671104459e+01
-4.800000000000000000e+01 -7.956741513402683097e+01
-4.751999999999999602e+01 -7.968339761453671599e+01
-4.703999999999999915e+01 -7.955200772303695089e+01
-4.655999999999999517e+01 -7.927918481302386056e+01
-4.607999999999999829e+01 -7.890970151112941267e+01
-4.560000000000000142e+01 -7.879540724365163840e+01
-4.511999999999999744e+01 -7.877590201760754951e+01
-4.464000000000000057e+01 -7.878560971944038727e+01
-4.415999999999999659e+01 -7.871527684226244048e+01
-4.367999999999999972e+01 -7.871902772060590792e+01
-4.319999999999999574e+01 -7.866897712124239206e+01
-4.271999999999999886e+01 -7.880589165993737311e+01
-4.223999999999999488e+01 -7.862444072673019946e+01
-4.175999999999999801e+01 -7.824054628317061599e+01
-4.128000000000000114e+01 -7.828007025585252165e+01
-4.079999999999999716e+01 -7.831539736081973047e+01
-4.032000000000000028e+01 -7.837287716239100632e+01
-3.983999999999999631e+01 -7.824866358827235047e+01
-3.935999999999999943e+01 -7.788605744267951536e+01
-3.887999999999999545e+01 -7.795188923508058565e+01
-3.839999999999999858e+01 -7.790783227037023551e+01
-3.792000000000000171e+01 -7.759125568614716428e+01
-3.743999999999999773e+01 -7.708606032255612206e+01
-3.696000000000000085e+01 -7.728314511580718715e+01
-3.647999999999999687e+01 -7.733040180493956939e+01
-3.600000000000000000e+01 -7.722571467284743107e+01
-3.551999999999999602e+01 -7.669452700710334625e+01
-3.503999999999999915e+01 -7.647268732442380212e+01
-3.456000000000000227e+01 -7.671357450688368829e+01
-3.407999999999999829e+01 -7.653883571982056822e+01
-3.360000000000000142e+01 -7.634675790288176245e+01
-3.311999999999999744e+01 -7.619110285812548966e+01
-3.264000000000000057e+01 -7.590410022110530974e+01
-3.215999999999999659e+01 -7.573926518125439600e+01
-3.167999999999999972e+01 -7.593654760418502292e+01
-3.119999999999999929e+01 -7.597580591491632163e+01
-3.071999999999999886e+01 -7.576342480300819204e+01
-3.023999999999999844e+01 -7.536706519256655668e+01
-2.975999999999999801e+01 -7.506034017415920800e+01
-2.927999999999999758e+01 -7.488491853954734268e+01
-2.879999999999999716e+01 -7.463266012424907103e+01
-2.832000000000000028e+01 -7.452260203217561241e+01
-2.783999999999999986e+01 -7.470448706212357592e+01
-2.735999999999999943e+01 -7.457382767703529680e+01
-2.687999999999999901e+01 -7.429818939712650661e+01
-2.639999999999999858e+01 -7.417995678057489783e+01
-2.591999999999999815e+01 -7.393558870719422771e+01
-2.543999999999999773e+01 -7.374375984337204670e+01
-2.496000000000000085e+01 -7.346793981444503174e+01
-2.448000000000000043e+01 -7.311448887792107598e+01
-2.400000000000000000e+01 -7.288142962449886397e+01
-2.351999999999999957e+01 -7.263379277773252340e+01
-2.303999999999999915e+01 -7.230704522200474571e+01
-2.255999999999999872e+01 -7.212680009149508464e+01
-2.207999999999999829e+01 -7.189327899838377789e+01
-2.159999999999999787e+01 -7.157799018953022596e+01
-2.111999999999999744e+01 -7.134842369707267551e+01
-2.064000000000000057e+01 -7.107911047423264961e+01
-2.016000000000000014e+01 -7.078392912134617632e+01
-1.967999999999999972e+01 -7.043952218235686757e+01
-1.919999999999999929e+01 -7.032299884120502043e+01
-1.871999999999999886e+01 -6.995125665240985313e+01
-1.823999999999999844e+01 -6.944426720720636581e+01
-1.775999999999999801e+01 -6.914323963350864233e+01
-1.728000000000000114e+01 -6.873063269315623813e+01
-1.680000000000000071e+01 -6.837273517848761628e+01
-1.632000000000000028e+01 -6.792889228799640478e+01
-1.583999999999999986e+01 -6.766349127975747990e+01
-1.535999999999999943e+01 -6.768645963310956404e+01
-1.487999999999999901e+01 -6.722663698423301071e+01
-1.439999999999999858e+01 -6.703271198274561016e+01
-1.391999999999999993e+01 -6.682746695678430626e+01
-1.343999999999999950e+01 -6.662357409757899518e+01
-1.295999999999999908e+01 -6.614572093208340675e+01
-1.248000000000000043e+01 -6.588541584620055858e+01
-1.200000000000000000e+01 -6.512243044300407746e+01
-1.151999999999999957e+01 -6.360388539508717543e+01
-1.103999999999999915e+01 -6.124864350596683948e+01
-1.055999999999999872e+01 -5.181888643338785982e+01
-1.008000000000000007e+01 -3.408484555680988137e+01
-9.599999999999999645e+00 -2.572573890206388114e+01
-9.119999999999999218e+00 -2.311050633180619229e+01
-8.640000000000000568e+00 -2.289462133134311017e+01
-8.160000000000000142e+00 -2.287938291375199640e+01
-7.679999999999999716e+00 -2.269803620465948057e+01
-7.199999999999999289e+00 -2.259739498611264708e+01
-6.719999999999999751e+00 -2.274774677687965507e+01
-6.240000000000000213e+00 -2.270088443606737982e+01
-5.759999999999999787e+00 -2.254456793934163628e+01
-5.279999999999999361e+00 -2.256452070296777634e+01
-4.799999999999999822e+00 -2.253760949976710037e+01
-4.320000000000000284e+00 -2.274341227136689980e+01
-3.839999999999999858e+00 -2.284337392985419157e+01
-3.359999999999999876e+00 -2.283861898274140856e+01
-2.879999999999999893e+00 -2.284655330495062486e+01
-2.399999999999999911e+00 -2.271602693153818109e+01
-1.919999999999999929e+00 -2.272430310493065875e+01
-1.439999999999999947e+00 -2.271364293995649319e+01
-9.599999999999999645e-01 -2.265127410152506116e+01
-4.799999999999999822e-01 -2.275746929260638396e+01
0.000000000000000000e+00 -2.281698978434496894e+01
4.799999999999999822e-01 -2.261138915481203782e+01
9.599999999999999645e-01 -2.223389102939509598e+01
1.439999999999999947e+00 -2.257472902602124520e+01
1.919999999999999929e+00 -2.292729342413970883e+01
2.399999999999999911e+00 -2.270991918516481434e+01
2.879999999999999893e+00 -2.255209489501654119e+01
3.359999999999999876e+00 -2.239437458587618579e+01
3.839999999999999858e+00 -2.263214600820720435e+01
4.320000000000000284e+00 -2.293565386590192645e+01
4.799999999999999822e+00 -2.287706678906396718e+01
5.279999999999999361e+00 -2.278028823523544943e+01
5.759999999999999787e+00 -2.277652092844857279e+01
6.240000000000000213e+00 -2.286137847102870779e+01
6.719999999999999751e+00 -2.280702149656787014e+01
7.199999999999999289e+00 -2.269205045315214875e+01
7.679999999999999716e+00 -2.290580942352919536e+01
8.160000000000000142e+00 -2.285592296128431400e+01
8.640000000000000568e+00 -2.277002176870155736e+01
9.119999999999999218e+00 -2.309969623313939380e+01
9.599999999999999645e+00 -2.582699977663197899e+01
1.008000000000000007e+01 -3.432511402247607180e+01
1.055999999999999872e+01 -5.204796858326126596e+01
1.103999999999999915e+01 -6.122603624348764129e+01
1.151999999999999957e+01 -6.412012382672388355e+01
1.200000000000000000e+01 -6.558485147105777457e+01
1.248000000000000043e+01 -6.631230277710963605e+01
1.295999999999999908e+01 -6.695587522138312409e+01
1.343999999999999950e+01 -6.735013812772298536e+01
1.391999999999999993e+01 -6.763645504465770841e+01
1.439999999999999858e+01 -6.785326345923358815e+01
1.487999999999999901e+01 -6.820100494049314932e+01
1.535999999999999943e+01 -6.872959631929234092e+01
1.583999999999999986e+01 -6.941309909767866770e+01
1.632000000000000028e+01 -6.972163078176572526e+01
1.680000000000000071e+01 -6.986743034817985176e+01
1.728000000000000114e+01 -7.032632989117541911e+01
1.775999999999999801e+01 -7.086670089379489923e+01
1.823999999999999844e+01 -7.093910015581086270e+01
1.871999999999999886e+01 -7.098143892945456912e+01
1.919999999999999929e+01 -7.140918192721072444e+01
1.967999999999999972e+01 -7.198289473439062647e+01
2.016000000000000014e+01 -7.242565605978350618e+01
2.064000000000000057e+01 -7.258514395153437704e+01
2.111999999999999744e+01 -7.296850797210558426e+01
2.159999999999999787e+01 -7.345574683252995385e+01
2.207999999999999829e+01 -7.365273945601400385e+01
2.255999999999999872e+01 -7.383920050305229665e+01
2.303999999999999915e+01 -7.425957442006895803e+01
2.351999999999999957e+01 -7.440768165851496008e+01
2.400000000000000000e+01 -7.434147946947345531e+01
2.448000000000000043e+01 -7.457521708632346247e+01
2.496000000000000085e+01 -7.489170053004680483e+01
2.543999999999999773e+01 -7.514735703794346477e+01
2.591999999999999815e+01 -7.534352603715208829e+01
2.639999999999999858e+01 -7.544777105290941677e+01
2.687999999999999901e+01 -7.544809847330719776e+01
2.735999999999999943e+01 -7.552215420208851526e+01
2.783999999999999986e+01 -7.600378247116117336e+01
2.832000000000000028e+01 -7.639076413773450724e+01
2.879999999999999716e+01 -7.685698144193057146e+01
2.927999999999999758e+01 -7.680732119069725172e+01
2.975999999999999801e+01 -7.658829984402319724e+01
3.023999999999999844e+01 -7.704246203712217778e+01
3.071999999999999886e+01 -7.728746561343382382e+01
3.119999999999999929e+01 -7.714967406552032969e+01
3.167999999999999972e+01 -7.712448865620007155e+01
3.215999999999999659e+01 -7.723295480572147653e+01
3.264000000000000057e+01 -7.747247749003886952e+01
3.311999999999999744e+01 -7.758707981609701676e+01
3.360000000000000142e+01 -7.791395318074742704e+01
3.407999999999999829e+01 -7.799779554220390310e+01
3.456000000000000227e+01 -7.797447783801756316e+01
3.503999999999999915e+01 -7.821576530140350769e+01
3.551999999999999602e+01 -7.847246218948376395e+01
3.600000000000000000e+01 -7.846853478741719812e+01
3.647999999999999687e+01 -7.825633291135933689e+01
3.696000000000000085e+01 -7.867613013292680080e+01
3.743999999999999773e+01 -7.909944097148715514e+01
3.792000000000000171e+01 -7.883708669604425268e+01
3.839999999999999858e+01 -7.875633903235961952e+01
3.887999999999999545e+01 -7.895011307456064742e+01
3.935999999999999943e+01 -7.912013812829874837e+01
3.983999999999999631e+01 -7.915763444369110857e+01
4.032000000000000028e+01 -7.934882926555249583e+01
4.079999999999999716e+01 -7.944068088250790538e+01
4.128000000000000114e+01 -7.947800952955334708e+01
4.175999999999999801e+01 -7.941456021356654560e+01
4.223999999999999488e+01 -7.962337342084266822e+01
4.271999999999999886e+01 -7.993563369160591492e+01
4.319999999999999574e+01 -7.997139078817630775e+01
4.367999999999999972e+01 -8.002634127509706730e+01
4.415999999999999659e+01 -8.016066760744598696e+01
4.464000000000000057e+01 -8.027442958144719398e+01
4.511999999999999744e+01 -8.029828007859032368e+01
4.560000000000000142e+01 -8.041024044719301855e+01
4.607999999999999829e+01 -8.079386071280222836e+01
4.655999999999999517e+01 -8.084737700839409058e+01
4.703999999999999915e+01 -8.086017608812514368e+01
4.751999999999999602e+01 -8.093541447307782732e+01
4.800000000000000000e+01 -8.085847131803531340e+01
4.847999999999999687e+01 -8.118573378252291661e+01
4.896000000000000085e+01 -8.124383465599719045e+01
4.943999999999999773e+01 -8.099162834714138626e+01
4.992000000000000171e+01 -8.090805948829994065e+01
5.039999999999999858e+01 -8.101255346799128176e+01
5.087999999999999545e+01 -8.096203055488447831e+01
5.135999999999999943e+01 -8.091078844336628606e+01
5.183999999999999631e+01 -8.101426287220505174e+01
5.232000000000000028e+01 -8.134425045178971914e+01
5.279999999999999716e+01 -8.145799067557544504e+01
5.328000000000000114e+01 -8.146738287745806417e+01
5.375999999999999801e+01 -8.177700344745069572e+01
5.423999999999999488e+01 -8.171389363637507586e+01
5.471999999999999886e+01 -8.168589927218049240e+01
5.519999999999999574e+01 -8.165968748212726780e+01
5.567999999999999972e+01 -8.185973416951520676e+01
5.615999999999999659e+01 -8.203337306348899460e+01
5.664000000000000057e+01 -8.210893121191398336e+01
5.711999999999999744e+01 -8.213790236940988621e+01
5.759999999999999432e+01 -8.212524709149718660e+01
5.807999999999999829e+01 -8.234057275428935441e+01
5.855999999999999517e+01 -8.265385352538908137e+01
5.903999999999999915e+01 -8.264774828652619476e+01
5.951999999999999602e+01 -8.264636755340629293e+01
6.000000000000000000e+01 -8.260531415998458726e+01
6.047999999999999687e+01 -8.262512924894041078e+01
6.096000000000000085e+01 -8.256225026530424316e+01
6.143999999999999773e+01 -8.271448521558787093e+01
6.191999999999999460e+01 -8.305484464741753925e+01
6.239999999999999858e+01 -8.299297930879279761e+01
6.287999999999999545e+01 -8.295841945296650977e+01
6.335999999999999943e+01 -8.272393443804487845e+01
6.383999999999999631e+01 -8.295985435505060934e+01
6.431999999999999318e+01 -8.321723823470227899e+01
6.479999999999999716e+01 -8.324668424304299208e+01
6.528000000000000114e+01 -8.319959065552271227e+01
6.575999999999999091e+01 -8.315625965024734967e+01
6.623999999999999488e+01 -8.333304808138925068e+01
6.671999999999999886e+01 -8.338844334459250263e+01
6.720000000000000284e+01 -8.322487260061210179e+01
6.767999999999999261e+01 -8.347735842997735745e+01
6.815999999999999659e+01 -8.370206374584930131e+01
6.864000000000000057e+01 -8.392361184350281178e+01
6.912000000000000455e+01 -8.382242587833519565e+01
6.959999999999999432e+01 -8.352057536971517493e+01
7.007999999999999829e+01 -8.352887840092103033e+01
7.056000000000000227e+01 -8.350847132458767419e+01
7.103999999999999204e+01 -8.368932142739539870e+01
7.151999999999999602e+01 -8.387719748394708574e+01
7.200000000000000000e+01 -8.395215810369739984e+01
7.248000000000000398e+01 -8.383233680215562345e+01
7.295999999999999375e+01 -8.376855032687913649e+01
7.343999999999999773e+01 -8.381743936979803777e+01
7.392000000000000171e+01 -8.377765750458240746e+01
7.439999999999999147e+01 -8.387719714885632527e+01
7.487999999999999545e+01 -8.372932007795199638e+01
7.535999999999999943e+01 -8.365164860795741220e+01
7.584000000000000341e+01 -8.396970160456308463e+01
7.631999999999999318e+01 -8.397450543756376362e+01
7.679999999999999716e+01 -8.398349851408318045e+01
7.728000000000000114e+01 -8.379615738106485878e+01
7.775999999999999091e+01 -8.361511183435446526e+01
7.823999999999999488e+01 -8.393929700965821894e+01
7.871999999999999886e+01 -8.428487355355473198e+01
7.920000000000000284e+01 -8.445545863842447432e+01
7.967999999999999261e+01 -8.436935504146518383e+01
8.015999999999999659e+01 -8.418011299523931257e+01
8.064000000000000057e+01 -8.415508523541805630e+01
8.111999999999999034e+01 -8.440148274690260166e+01
8.159999999999999432e+01 -8.443893203674741699e+01
8.207999999999999829e+01 -8.471562012422549515e+01
8.256000000000000227e+01 -8.472931051072953323e+01
8.303999999999999204e+01 -8.459676467538726286e+01
8.351999999999999602e+01 -8.436901603101759406e+01
8.400000000000000000e+01 -8.435068923728690038e+01
8.447999999999998977e+01 -8.437174972108050497e+01
8.495999999999999375e+01 -8.450989555812766696e+01
8.543999999999999773e+01 -8.446969950449555142e+01
8.592000000000000171e+01 -8.456894988354491716e+01
8.639999999999999147e+01 -8.451400328314755939e+01
8.687999999999999545e+01 -8.464039984085680146e+01
8.735999999999999943e+01 -8.459081025740580628e+01
8.784000000000000341e+01 -8.459238403484285129e+01
8.831999999999999318e+01 -8.478911821880680577e+01
8.879999999999999716e+01 -8.480979100775299173e+01
8.928000000000000114e+01 -8.482771670754144111e+01
8.975999999999999091e+01 -8.479325861326785230e+01
9.023999999999999488e+01 -8.494179377148931565e+01
9.071999999999999886e+01 -8.492592844571450428e+01
9.120000000000000284e+01 -8.490514570298550723e+01
9.167999999999999261e+01 -8.491890789338481227e+01
9.215999999999999659e+01 -8.488575406816975999e+01
9.264000000000000057e+01 -8.510218432049335036e+01
9.311999999999999034e+01 -8.504039067991185163e+01
9.359999999999999432e+01 -8.500637562827176907e+01
9.407999999999999829e+01 -8.510157285105574942e+01
9.456000000000000227e+01 -8.508303962278510824e+01
9.503999999999999204e+01 -8.511917088264345921e+01
9.551999999999999602e+01 -8.540450770611440134e+01
9.600000000000000000e+01 -8.549352119666374961e+01
9.647999999999998977e+01 -8.519608858695185916e+01
9.695999999999999375e+01 -8.506429826475459777e+01
9.743999999999999773e+01 -8.492351975189654922e+01
9.792000000000000171e+01 -8.493151227884413856e+01
9.839999999999999147e+01 -8.495891559713859920e+01
9.887999999999999545e+01 -8.506794357492290715e+01
9.935999999999999943e+01 -8.512093198363655233e+01
9.984000000000000341e+01 -8.521101886334571418e+01
1.003199999999999932e+02 -8.517273521475351572e+01
1.007999999999999972e+02 -8.513225565207386580e+01
1.012800000000000011e+02 -8.550490017949259425e+01
1.017599999999999909e+02 -8.596485731063123126e+01
1.022399999999999949e+02 -8.602020448473726333e+01
1.027199999999999989e+02 -8.623981829527099308e+01
1.032000000000000028e+02 -8.650850455212177792e+01
1.036799999999999926e+02 -8.720380718331789183e+01
1.041599999999999966e+02 -8.767350272394013189e+01
1.046400000000000006e+02 -8.778144062225138100e+01
1.051199999999999903e+02 -8.819137483147480339e+01
1.055999999999999943e+02 -8.877075838119338869e+01
1.060799999999999983e+02 -8.914755412724657901e+01
1.065600000000000023e+02 -8.982543288979181284e+01
1.070399999999999920e+02 -9.074305644568755724e+01
1.075199999999999960e+02 -9.162664286574781158e+01
1.080000000000000000e+02 -9.246595718376062223e+01
1.084799999999999898e+02 -9.328888262996139247e+01
1.089599999999999937e+02 -9.411140164262977237e+01
1.094399999999999977e+02 -9.504760916679936145e+01
1.099200000000000017e+02 -9.578243785081500050e+01
1.103999999999999915e+02 -9.663160607186279094e+01
1.108799999999999955e+02 -9.714819249100189325e+01
1.113599999999999994e+02 -9.752509570533376859e+01
1.118399999999999892e+02 -9.806548815232639527e+01
1.123199999999999932e+02 -9.842239809701816000e+01
1.127999999999999972e+02 -9.819428333129815201e+01
1.132800000000000011e+02 -9.818195918763437646e+01
1.137599999999999909e+02 -9.878724904698002263e+01
1.142399999999999949e+02 -9.898201264320923087e+01
1.147199999999999989e+02 -9.914813164227678044e+01
1.151999999999999886e+02 -9.968062168272621193e+01
1.156799999999999926e+02 -9.979801686211182243e+01
1.161599999999999966e+02 -9.972448783328054844e+01
1.166400000000000006e+02 -9.986818445008525202e+01
1.171199999999999903e+02 -1.001410189694677797e+02
1.175999999999999943e+02 -1.004154015308679817e+02
1.180799999999999983e+02 -1.007634597585640961e+02
1.185600000000000023e+02 -1.012501787175505967e+02
1.190399999999999920e+02 -1.016056722077573085e+02
1.195199999999999960e+02 -1.015722396263441283e+02
1.200000000000000000e+02 -1.015453651307366840e+02
1.204799999999999898e+02 -1.011308160133690848e+02
1.209599999999999937e+02 -1.009466749699541595e+02
1.214399999999999977e+02 -1.009733514283526858e+02
1.219200000000000017e+02 -1.009162790607974927e+02
1.223999999999999915e+02 -1.008606642165105569e+02
