-1.228799999999999892e-01 -7.381968012444194471e+01
-1.223999999999999949e-01 -7.432986301665735596e+01
-1.219199999999999867e-01 -7.448226214671934997e+01
-1.214399999999999924e-01 -7.426843177600576951e+01
-1.209599999999999842e-01 -7.434636645155011081e+01
-1.204799999999999899e-01 -7.405171530925157697e+01
-1.199999999999999956e-01 -7.378781465367326575e+01
-1.195199999999999874e-01 -7.362748905971122326e+01
-1.190399999999999930e-01 -7.358730322915005218e+01
-1.185599999999999848e-01 -7.324994230465784995e+01
-1.180799999999999905e-01 -7.321970962791741044e+01
-1.175999999999999962e-01 -7.337439288903725298e+01
-1.171199999999999880e-01 -7.306236804630182746e+01
-1.166399999999999937e-01 -7.225476305849892356e+01
-1.161599999999999855e-01 -7.214688337932727791e+01
-1.156799999999999912e-01 -7.226959984160166073e+01
-1.151999999999999968e-01 -7.213056926659194801e+01
-1.147199999999999886e-01 -7.184016927973547695e+01
-1.142399999999999943e-01 -7.174032895316967995e+01
-1.137599999999999861e-01 -7.180552196177067970e+01
-1.132799999999999918e-01 -7.166381753580337488e+01
-1.127999999999999836e-01 -7.130905752002212239e+01
-1.123199999999999893e-01 -7.101756863879762705e+01
-1.118399999999999950e-01 -7.094000204017298472e+01
-1.113599999999999868e-01 -7.062354542060872120e+01
-1.108799999999999925e-01 -7.017995941622375256e+01
-1.103999999999999843e-01 -7.021181168331227695e+01
-1.099199999999999899e-01 -7.005434668673603937e+01
-1.094399999999999956e-01 -6.964086578772453606e+01
-1.089599999999999874e-01 -6.888575179253770386e+01
-1.084799999999999931e-01 -6.788542482533458156e+01
-1.079999999999999849e-01 -6.711579153721650925e+01
-1.075199999999999906e-01 -6.648582130037783600e+01
-1.070399999999999963e-01 -6.574202331327281001e+01
-1.065599999999999881e-01 -6.495372664543583596e+01
-1.060799999999999937e-01 -6.442336619808223475e+01
-1.055999999999999855e-01 -6.390621906057953083e+01
-1.051199999999999912e-01 -6.310249851107058561e+01
-1.046399999999999969e-01 -6.232880620865907417e+01
-1.041599999999999887e-01 -6.191202561679448024e+01
-1.036799999999999944e-01 -6.155648787005216604e+01
-1.031999999999999862e-01 -6.139964826928081720e+01
-1.027199999999999919e-01 -6.097366439682446781e+01
-1.022399999999999975e-01 -6.069529904528774011e+01
-1.017599999999999894e-01 -6.063248104407530548e+01
-1.012799999999999950e-01 -6.041374103932007955e+01
-1.007999999999999868e-01 -6.014930145069207157e+01
-1.003199999999999925e-01 -6.010013477567574114e+01
-9.983999999999998431e-02 -5.998636935214045707e+01
-9.935999999999998999e-02 -6.009779143443061145e+01
-9.887999999999999567e-02 -6.025530300710545362e+01
-9.839999999999998748e-02 -6.008769548418118944e+01
-9.791999999999999316e-02 -5.997116848344681728e+01
-9.743999999999998496e-02 -5.991859795742136896e+01
-9.695999999999999064e-02 -5.973270068198524285e+01
-9.647999999999999632e-02 -5.936804223861382468e+01
-9.599999999999998812e-02 -5.916078518769910488e+01
-9.551999999999999380e-02 -5.935220423494968855e+01
-9.503999999999998560e-02 -5.947082649610259608e+01
-9.455999999999999128e-02 -5.928629533532637197e+01
-9.407999999999999696e-02 -5.917663799694869908e+01
-9.359999999999998876e-02 -5.920546951574745975e+01
-9.311999999999999444e-02 -5.906350958959889397e+01
-9.263999999999998625e-02 -5.902756012725738799e+01
-9.215999999999999193e-02 -5.908659219709689836e+01
-9.167999999999999761e-02 -5.897104762186919658e+01
-9.119999999999998941e-02 -5.861845149593509063e+01
-9.071999999999999509e-02 -5.858741626291902094e+01
-9.023999999999998689e-02 -5.848912890197777870e+01
-8.975999999999999257e-02 -5.842933960696504414e+01
-8.927999999999999825e-02 -5.816964150798683875e+01
-8.879999999999999005e-02 -5.824161263117110821e+01
-8.831999999999999573e-02 -5.833678192436649823e+01
-8.783999999999998753e-02 -5.846356287359500925e+01
-8.735999999999999321e-02 -5.822463903090724102e+01
-8.687999999999999889e-02 -5.773220463720576845e+01
-8.639999999999999070e-02 -5.724925764251071314e+01
-8.591999999999999638e-02 -5.732079172067380313e+01
-8.543999999999998818e-02 -5.764621754959080135e+01
-8.495999999999999386e-02 -5.745357571114450224e+01
-8.447999999999999954e-02 -5.743765037209071522e+01
-8.399999999999999134e-02 -5.736144037896740144e+01
-8.351999999999999702e-02 -5.709800025814971747e+01
-8.303999999999998882e-02 -5.714382936465916174e+01
-8.255999999999999450e-02 -5.714857649918359073e+01
-8.207999999999998630e-02 -5.724371875148571576e+01
-8.159999999999999198e-02 -5.708818213382684803e+01
-8.111999999999999766e-02 -5.689751277134843122e+01
-8.063999999999998947e-02 -5.662743478991427537e+01
-8.015999999999999515e-02 -5.636465125044111346e+01
-7.967999999999998695e-02 -5.655792325586897817e+01
-7.919999999999999263e-02 -5.650399801056614990e+01
-7.871999999999999831e-02 -5.615714537216933877e+01
-7.823999999999999011e-02 -5.634580205487412741e+01
-7.775999999999999579e-02 -5.641466142966375230e+01
-7.727999999999998759e-02 -5.608668633078003296e+01
-7.679999999999999327e-02 -5.601916461152963223e+01
-7.631999999999999895e-02 -5.578136814683450240e+01
-7.583999999999999075e-02 -5.548333411906466495e+01
-7.535999999999999643e-02 -5.549442143475165778e+01
-7.487999999999998824e-02 -5.525257052477773811e+01
-7.439999999999999392e-02 -5.526652062408523847e+01
-7.391999999999999960e-02 -5.505391135239433709e+01
-7.343999999999999140e-02 -5.490252012704722517e+01
-7.295999999999999708e-02 -5.458440038387144000e+01
-7.247999999999998888e-02 -5.439660385090191852e+01
-7.199999999999999456e-02 -5.462517589361976178e+01
-7.152000000000000024e-02 -5.472959053079338787e+01
-7.103999999999999204e-02 -5.446850271429617152e+01
-7.055999999999999772e-02 -5.440785220105208708e+01
-7.007999999999998952e-02 -5.433534355436499652e+01
-6.959999999999999520e-02 -5.419315744676646318e+01
-6.911999999999998701e-02 -5.425898117829358114e+01
-6.863999999999999269e-02 -5.405315739736220593e+01
-6.815999999999999837e-02 -5.389361647323235616e+01
-6.767999999999999017e-02 -5.395396589480809979e+01
-6.719999999999999585e-02 -5.384556094639394530e+01
-6.671999999999998765e-02 -5.378632633607534075e+01
-6.623999999999999333e-02 -5.391019789406315965e+01
-6.575999999999999901e-02 -5.387773395654321007e+01
-6.527999999999999081e-02 -5.353000260485778483e+01
-6.479999999999999649e-02 -5.336625788745757148e+01
-6.431999999999998829e-02 -5.328204011830897002e+01
-6.383999999999999397e-02 -5.289790114228477336e+01
-6.335999999999999965e-02 -5.262449637369454081e+01
-6.287999999999999146e-02 -5.257878712147179101e+01
-6.239999999999999714e-02 -5.279461681198242218e+01
-6.191999999999999588e-02 -5.288403058226389675e+01
-6.143999999999999462e-02 -5.257788241233139814e+01
-6.095999999999999336e-02 -5.275645390479716212e+01
-6.047999999999999210e-02 -5.284329700683412057e+01
-5.999999999999999778e-02 -5.253585787542675689e+01
-5.951999999999999652e-02 -5.205530280238214402e+01
-5.903999999999999526e-02 -5.206180138944454683e+01
-5.855999999999999400e-02 -5.205183114673469902e+01
-5.807999999999999274e-02 -5.210147205934575254e+01
-5.759999999999999842e-02 -5.203691177155120329e+01
-5.711999999999999716e-02 -5.146148922751022781e+01
-5.663999999999999591e-02 -5.145277267035518065e+01
-5.615999999999999465e-02 -5.160047589955145497e+01
-5.567999999999999339e-02 -5.141909940336776685e+01
-5.519999999999999213e-02 -5.132735247764586006e+01
-5.471999999999999781e-02 -5.117362239769762766e+01
-5.423999999999999655e-02 -5.124871276883622784e+01
-5.375999999999999529e-02 -5.131247242679478404e+01
-5.327999999999999403e-02 -5.121000622801521729e+01
-5.279999999999999277e-02 -5.108889795534071965e+01
-5.231999999999999845e-02 -5.110786340203571143e+01
-5.183999999999999719e-02 -5.132399440056205009e+01
-5.135999999999999593e-02 -5.119886866719745910e+01
-5.087999999999999468e-02 -5.073215856230098098e+01
-5.039999999999999342e-02 -5.061937341866227769e+01
-4.991999999999999216e-02 -5.054695201084300038e+01
-4.943999999999999784e-02 -5.042990017352323662e+01
-4.895999999999999658e-02 -5.041515304591503366e+01
-4.847999999999999532e-02 -5.054492456929254018e+01
-4.799999999999999406e-02 -5.044594633071199752e+01
-4.751999999999999280e-02 -5.014442306158804286e+01
-4.703999999999999848e-02 -4.993100546524743066e+01
-4.655999999999999722e-02 -4.982498641361448932e+01
-4.607999999999999596e-02 -4.985774758054775191e+01
-4.559999999999999470e-02 -4.984607481348115243e+01
-4.511999999999999345e-02 -4.963866177676480618e+01
-4.463999999999999913e-02 -4.979817688385422514e+01
-4.415999999999999787e-02 -4.987652747581971369e+01
-4.367999999999999661e-02 -4.963732070481480463e+01
-4.319999999999999535e-02 -4.956139316960390317e+01
-4.271999999999999409e-02 -4.963602911988492394e+01
-4.223999999999999977e-02 -4.975381079150874086e+01
-4.175999999999999851e-02 -4.947768236791273466e+01
-4.127999999999999725e-02 -4.935271561219848024e+01
-4.079999999999999599e-02 -4.929504596498367874e+01
-4.031999999999999473e-02 -4.907360686022024510e+01
-3.983999999999999347e-02 -4.919498415240586553e+01
-3.935999999999999915e-02 -4.937112396780253931e+01
-3.887999999999999790e-02 -4.919675454010112503e+01
-3.839999999999999664e-02 -4.889345225417013552e+01
-3.791999999999999538e-02 -4.845170456773697509e+01
-3.743999999999999412e-02 -4.852991184771993005e+01
-3.695999999999999980e-02 -4.836721021877869475e+01
-3.647999999999999854e-02 -4.840176575076426957e+01
-3.599999999999999728e-02 -4.880086875464093765e+01
-3.551999999999999602e-02 -4.852885862750562751e+01
-3.503999999999999476e-02 -4.812992742818944691e+01
-3.455999999999999350e-02 -4.811013615481871852e+01
-3.407999999999999918e-02 -4.792146995185913028e+01
-3.359999999999999792e-02 -4.770755462707288075e+01
-3.311999999999999666e-02 -4.772395979127594501e+01
-3.263999999999999541e-02 -4.751102431770768675e+01
-3.215999999999999415e-02 -4.743655707661823584e+01
-3.167999999999999983e-02 -4.728360568595520164e+01
-3.119999999999999857e-02 -4.748663040794316714e+01
-3.071999999999999731e-02 -4.752139155066466714e+01
-3.023999999999999605e-02 -4.738517768648261352e+01
-2.975999999999999826e-02 -4.710156691224726444e+01
-2.927999999999999700e-02 -4.681347975705912035e+01
-2.879999999999999921e-02 -4.663529616946131284e+01
-2.831999999999999795e-02 -4.664566385776253554e+01
-2.783999999999999669e-02 -4.674752844419426623e+01
-2.735999999999999890e-02 -4.659576264635467169e+01
-2.687999999999999765e-02 -4.614753514879836160e+01
-2.639999999999999639e-02 -4.639654520970859153e+01
-2.591999999999999860e-02 -4.641583846682718217e+01
-2.543999999999999734e-02 -4.608565143207985670e+01
-2.495999999999999608e-02 -4.589565282166756077e+01
-2.447999999999999829e-02 -4.590468343095580650e+01
-2.399999999999999703e-02 -4.583323050223707895e+01
-2.351999999999999924e-02 -4.557176423888225258e+01
-2.303999999999999798e-02 -4.531757882835347573e+01
-2.255999999999999672e-02 -4.523079584133270004e+01
-2.207999999999999893e-02 -4.521138123431030920e+01
-2.159999999999999767e-02 -4.499828549064817196e+01
-2.111999999999999988e-02 -4.464635542156344883e+01
-2.063999999999999863e-02 -4.441710353979306802e+01
-2.015999999999999737e-02 -4.411616494620125906e+01
-1.967999999999999958e-02 -4.370209528009431210e+01
-1.919999999999999832e-02 -4.371014365935938883e+01
-1.871999999999999706e-02 -4.353872449233690389e+01
-1.823999999999999927e-02 -4.318254297231768390e+01
-1.775999999999999801e-02 -4.288940509341296092e+01
-1.727999999999999675e-02 -4.271883524016239164e+01
-1.679999999999999896e-02 -4.248422703633757180e+01
-1.631999999999999770e-02 -4.203248034623029383e+01
-1.583999999999999991e-02 -4.163212806429691426e+01
-1.535999999999999865e-02 -4.149949854265838667e+01
-1.487999999999999913e-02 -4.112371874260371385e+01
-1.439999999999999961e-02 -4.082369285284374882e+01
-1.391999999999999835e-02 -4.074838622442031522e+01
-1.343999999999999882e-02 -4.063235676583160227e+01
-1.295999999999999930e-02 -4.037359153973731907e+01
-1.247999999999999804e-02 -3.991582563447357757e+01
-1.199999999999999852e-02 -3.842766080701104414e+01
-1.151999999999999899e-02 -3.591814579357865966e+01
-1.103999999999999947e-02 -3.244659366980678072e+01
-1.055999999999999994e-02 -2.195138814649554959e+01
-1.007999999999999868e-02 -4.071990138726342856e+00
-9.599999999999999159e-03 4.290987288912718967e+00
-9.119999999999999635e-03 6.905432046997418638e+00
-8.639999999999998376e-03 7.121037524561532273e+00
-8.159999999999998851e-03 7.136589605713103523e+00
-7.679999999999999327e-03 7.318912732863270598e+00
-7.199999999999999803e-03 7.421209999369288823e+00
-6.719999999999999411e-03 7.270937882952134501e+00
-6.239999999999999020e-03 7.319149018438420029e+00
-5.759999999999999495e-03 7.476967288894408981e+00
-5.279999999999999971e-03 7.458373168806785358e+00
-4.799999999999999580e-03 7.485770283934417790e+00
-4.319999999999999188e-03 7.278380648083640381e+00
-3.839999999999999664e-03 7.178119382192319264e+00
-3.359999999999999706e-03 7.183851030046603192e+00
-2.879999999999999748e-03 7.175840542952684586e+00
-2.399999999999999790e-03 7.306186544140222061e+00
-1.919999999999999832e-03 7.299455787143218188e+00
-1.439999999999999874e-03 7.306791631044019297e+00
-9.599999999999999159e-04 7.364865965068934095e+00
-4.799999999999999580e-04 7.258251667817120278e+00
0.000000000000000000e+00 7.194774087918107242e+00
4.799999999999999580e-04 7.400819464458397334e+00
9.599999999999999159e-04 7.783213008326338667e+00
1.439999999999999874e-03 7.445526477298675339e+00
1.919999999999999832e-03 7.095163614336341240e+00
2.399999999999999790e-03 7.312231812169814660e+00
2.879999999999999748e-03 7.470440262397087139e+00
3.359999999999999706e-03 7.629437949156576693e+00
3.839999999999999664e-03 7.392220018968291839e+00
4.319999999999999188e-03 7.089100806151390266e+00
4.799999999999999580e-03 7.146098133862855306e+00
5.279999999999999971e-03 7.240927829977165331e+00
5.759999999999999495e-03 7.244311183906101625e+00
6.239999999999999020e-03 7.158611747003881476e+00
6.719999999999999411e-03 7.211221820897919521e+00
7.199999999999999803e-03 7.324896352201955452e+00
7.679999999999999327e-03 7.110904959883135312e+00
8.159999999999998851e-03 7.160957404047485042e+00
8.639999999999998376e-03 7.247083890864932876e+00
9.119999999999999635e-03 6.917861188973800424e+00
9.599999999999999159e-03 4.190064568189939997e+00
1.007999999999999868e-02 -4.311012066174864543e+00
1.055999999999999994e-02 -2.212315938222738865e+01
1.103999999999999947e-02 -3.196166345433772449e+01
1.151999999999999899e-02 -3.581367849886686372e+01
1.199999999999999852e-02 -3.833715980179033522e+01
1.247999999999999804e-02 -3.974821580509671293e+01
1.295999999999999930e-02 -4.065010573381540837e+01
1.343999999999999882e-02 -4.111607145546535946e+01
1.391999999999999835e-02 -4.117735042760201480e+01
1.439999999999999961e-02 -4.121387009230631548e+01
1.487999999999999913e-02 -4.162750623268099304e+01
1.535999999999999865e-02 -4.235111690450629851e+01
1.583999999999999991e-02 -4.281385297383877742e+01
1.631999999999999770e-02 -4.298308918572921300e+01
1.679999999999999896e-02 -4.336185532472831738e+01
1.727999999999999675e-02 -4.406961506530463168e+01
1.775999999999999801e-02 -4.460058460604923880e+01
1.823999999999999927e-02 -4.458797643706338931e+01
1.871999999999999706e-02 -4.466014778074502090e+01
1.919999999999999832e-02 -4.510713290253954000e+01
1.967999999999999958e-02 -4.553198595882932409e+01
2.015999999999999737e-02 -4.573395825986228402e+01
2.063999999999999863e-02 -4.595925633516173292e+01
2.111999999999999988e-02 -4.618183300050719708e+01
2.159999999999999767e-02 -4.627643381100095610e+01
2.207999999999999893e-02 -4.617697598476570420e+01
2.255999999999999672e-02 -4.620517220766866728e+01
2.303999999999999798e-02 -4.651918129986921002e+01
2.351999999999999924e-02 -4.667329469099846051e+01
2.399999999999999703e-02 -4.670314982087347744e+01
2.447999999999999829e-02 -4.679004495417743925e+01
2.495999999999999608e-02 -4.703913132410319520e+01
2.543999999999999734e-02 -4.729329759983811243e+01
2.591999999999999860e-02 -4.729615948658049973e+01
2.639999999999999639e-02 -4.739494259944741117e+01
2.687999999999999765e-02 -4.763030805792801203e+01
2.735999999999999890e-02 -4.773314549710419641e+01
2.783999999999999669e-02 -4.778854310905452252e+01
2.831999999999999795e-02 -4.796741526634750130e+01
2.879999999999999921e-02 -4.845601730729531198e+01
2.927999999999999700e-02 -4.830513952012104539e+01
2.975999999999999826e-02 -4.818038424481261472e+01
3.023999999999999605e-02 -4.855745113898379373e+01
3.071999999999999731e-02 -4.888087800865182686e+01
3.119999999999999857e-02 -4.874277287685792714e+01
3.167999999999999983e-02 -4.855802956871765730e+01
3.215999999999999415e-02 -4.865885640293605974e+01
3.263999999999999541e-02 -4.886797003889735436e+01
3.311999999999999666e-02 -4.909877195757366763e+01
3.359999999999999792e-02 -4.949284311011173543e+01
3.407999999999999918e-02 -4.940663798344172619e+01
3.455999999999999350e-02 -4.944288167173382220e+01
3.503999999999999476e-02 -4.958081985124224644e+01
3.551999999999999602e-02 -4.953221386601678944e+01
3.599999999999999728e-02 -4.967532771831751859e+01
3.647999999999999854e-02 -4.973322751899377892e+01
3.695999999999999980e-02 -4.978226282190814800e+01
3.743999999999999412e-02 -5.001348221353347867e+01
3.791999999999999538e-02 -5.003341066155488903e+01
3.839999999999999664e-02 -4.992218984848487651e+01
3.887999999999999790e-02 -4.988779879253448257e+01
3.935999999999999915e-02 -4.991382564857923398e+01
3.983999999999999347e-02 -5.044755285585179649e+01
4.031999999999999473e-02 -5.060043210043720308e+01
4.079999999999999599e-02 -5.025770762025835836e+01
4.127999999999999725e-02 -5.023498639017787326e+01
4.175999999999999851e-02 -5.044359009377431846e+01
4.223999999999999977e-02 -5.094713212622895071e+01
4.271999999999999409e-02 -5.120487005769162892e+01
4.319999999999999535e-02 -5.114645166919629560e+01
4.367999999999999661e-02 -5.118616376494786380e+01
4.415999999999999787e-02 -5.121448111905672107e+01
4.463999999999999913e-02 -5.136849172147201159e+01
4.511999999999999345e-02 -5.153903381186634647e+01
4.559999999999999470e-02 -5.169836872040033171e+01
4.607999999999999596e-02 -5.177654934769314110e+01
4.655999999999999722e-02 -5.152202693476798601e+01
4.703999999999999848e-02 -5.150463529446075484e+01
4.751999999999999280e-02 -5.166818309359350536e+01
4.799999999999999406e-02 -5.141344604057237433e+01
4.847999999999999532e-02 -5.161943584182780143e+01
4.895999999999999658e-02 -5.178209650972120670e+01
4.943999999999999784e-02 -5.179050508288873544e+01
4.991999999999999216e-02 -5.203791948658673050e+01
5.039999999999999342e-02 -5.225116040117625715e+01
5.087999999999999468e-02 -5.243295418105159911e+01
5.135999999999999593e-02 -5.237057526631787141e+01
5.183999999999999719e-02 -5.234983369982126078e+01
5.231999999999999845e-02 -5.249201820857553002e+01
5.279999999999999277e-02 -5.262771039772091797e+01
5.327999999999999403e-02 -5.299131843656545016e+01
5.375999999999999529e-02 -5.296014561293084455e+01
5.423999999999999655e-02 -5.283099920303364172e+01
5.471999999999999781e-02 -5.298896215297479273e+01
5.519999999999999213e-02 -5.291445313149181118e+01
5.567999999999999339e-02 -5.311280026474659621e+01
5.615999999999999465e-02 -5.323550419949810220e+01
5.663999999999999591e-02 -5.326130159736884906e+01
5.711999999999999716e-02 -5.360414717464168177e+01
5.759999999999999842e-02 -5.368753346535959992e+01
5.807999999999999274e-02 -5.364913236729341861e+01
5.855999999999999400e-02 -5.352288804844323522e+01
5.903999999999999526e-02 -5.375812213899823178e+01
5.951999999999999652e-02 -5.410303483484562292e+01
5.999999999999999778e-02 -5.409540111814619934e+01
6.047999999999999210e-02 -5.428072137618174509e+01
6.095999999999999336e-02 -5.446710441421014082e+01
6.143999999999999462e-02 -5.448965112570520830e+01
6.191999999999999588e-02 -5.434819944719058071e+01
6.239999999999999714e-02 -5.430004054025123139e+01
6.287999999999999146e-02 -5.425875786701482895e+01
6.335999999999999965e-02 -5.459027230628521465e+01
6.383999999999999397e-02 -5.480685880300938351e+01
6.431999999999998829e-02 -5.480211603626719352e+01
6.479999999999999649e-02 -5.494787363989597395e+01
6.527999999999999081e-02 -5.511660137393241143e+01
6.575999999999999901e-02 -5.518266448270323110e+01
6.623999999999999333e-02 -5.537550543570940675e+01
6.671999999999998765e-02 -5.555440345206595509e+01
6.719999999999999585e-02 -5.568754531900407301e+01
6.767999999999999017e-02 -5.595446587654481618e+01
6.815999999999999837e-02 -5.609946815595512959e+01
6.863999999999999269e-02 -5.595004868004296128e+01
6.911999999999998701e-02 -5.599945657459858239e+01
6.959999999999999520e-02 -5.626531523268731405e+01
7.007999999999998952e-02 -5.645108474559393841e+01
7.055999999999999772e-02 -5.638007022061238871e+01
7.103999999999999204e-02 -5.626463524197007615e+01
7.152000000000000024e-02 -5.644383256206943855e+01
7.199999999999999456e-02 -5.665198684531168993e+01
7.247999999999998888e-02 -5.674671763652335699e+01
7.295999999999999708e-02 -5.723141885781240035e+01
7.343999999999999140e-02 -5.723688164545053070e+01
7.391999999999999960e-02 -5.702709813561986607e+01
7.439999999999999392e-02 -5.720613537254660486e+01
7.487999999999998824e-02 -5.733759499703366913e+01
7.535999999999999643e-02 -5.741734658077746190e+01
7.583999999999999075e-02 -5.759795367388634446e+01
7.631999999999999895e-02 -5.779880468903166246e+01
7.679999999999999327e-02 -5.806271632441169572e+01
7.727999999999998759e-02 -5.795726899416958133e+01
7.775999999999999579e-02 -5.797521604260882100e+01
7.823999999999999011e-02 -5.821806894169058211e+01
7.871999999999999831e-02 -5.845843128051438953e+01
7.919999999999999263e-02 -5.883309151550080429e+01
7.967999999999998695e-02 -5.893943050650027260e+01
8.015999999999999515e-02 -5.901388291094398397e+01
8.063999999999998947e-02 -5.896643729076763663e+01
8.111999999999999766e-02 -5.915192332218293814e+01
8.159999999999999198e-02 -5.910259131527223531e+01
8.207999999999998630e-02 -5.912928064178035470e+01
8.255999999999999450e-02 -5.915028856159771209e+01
8.303999999999998882e-02 -5.916602464544624951e+01
8.351999999999999702e-02 -5.914203272041045523e+01
8.399999999999999134e-02 -5.900809461490334229e+01
8.447999999999999954e-02 -5.917993896861867142e+01
8.495999999999999386e-02 -5.953450332962066227e+01
8.543999999999998818e-02 -5.977312353887127472e+01
8.591999999999999638e-02 -5.994643989507885351e+01
8.639999999999999070e-02 -5.988065113721708599e+01
8.687999999999999889e-02 -5.994083166535990870e+01
8.735999999999999321e-02 -5.974011992823652406e+01
8.783999999999998753e-02 -6.015779906701672530e+01
8.831999999999999573e-02 -6.031508169796330776e+01
8.879999999999999005e-02 -6.014833447700070934e+01
8.927999999999999825e-02 -5.995401012843409205e+01
8.975999999999999257e-02 -6.012981445598143893e+01
9.023999999999998689e-02 -6.019142357499874407e+01
9.071999999999999509e-02 -6.012880370522735518e+01
9.119999999999998941e-02 -6.020058821946747685e+01
9.167999999999999761e-02 -6.003690612094003143e+01
9.215999999999999193e-02 -6.012522352742686849e+01
9.263999999999998625e-02 -6.050597049110366754e+01
9.311999999999999444e-02 -6.042218820402779045e+01
9.359999999999998876e-02 -6.032455165440297407e+01
9.407999999999999696e-02 -6.065347653617735091e+01
9.455999999999999128e-02 -6.064246947157968748e+01
9.503999999999998560e-02 -6.069678268208258487e+01
9.551999999999999380e-02 -6.075406546804537555e+01
9.599999999999998812e-02 -6.066775085870930440e+01
9.647999999999999632e-02 -6.064898293259033579e+01
9.695999999999999064e-02 -6.075059102152096813e+01
9.743999999999998496e-02 -6.068643691756896885e+01
9.791999999999999316e-02 -6.040573500620347147e+01
9.839999999999998748e-02 -6.052185553826942055e+01
9.887999999999999567e-02 -6.079392299500743491e+01
9.935999999999998999e-02 -6.080127544717783650e+01
9.983999999999998431e-02 -6.077874667086970817e+01
1.003199999999999925e-01 -6.062171768228854063e+01
1.007999999999999868e-01 -6.047253059789724716e+01
1.012799999999999950e-01 -6.070721387938560554e+01
1.017599999999999894e-01 -6.096550837667756895e+01
1.022399999999999975e-01 -6.109784359848931246e+01
1.027199999999999919e-01 -6.151990698201836238e+01
1.031999999999999862e-01 -6.196838490554461032e+01
1.036799999999999944e-01 -6.253361433712246509e+01
1.041599999999999887e-01 -6.293103203992916406e+01
1.046399999999999969e-01 -6.329767019061276301e+01
1.051199999999999912e-01 -6.370161774074857419e+01
1.055999999999999855e-01 -6.409154872044685192e+01
1.060799999999999937e-01 -6.491584077322201551e+01
1.065599999999999881e-01 -6.579017873744717804e+01
1.070399999999999963e-01 -6.643172606784843026e+01
1.075199999999999906e-01 -6.690502333121712297e+01
1.079999999999999849e-01 -6.778965229115320312e+01
1.084799999999999931e-01 -6.861686862619153260e+01
1.089599999999999874e-01 -6.930001839595138335e+01
1.094399999999999956e-01 -7.011783079046793432e+01
1.099199999999999899e-01 -7.064743656946384931e+01
1.103999999999999843e-01 -7.115814506368052150e+01
1.108799999999999925e-01 -7.157375628078561647e+01
1.113599999999999868e-01 -7.197491974505996382e+01
1.118399999999999950e-01 -7.246354003906363062e+01
1.123199999999999893e-01 -7.287333075729830512e+01
1.127999999999999836e-01 -7.280177436187553042e+01
1.132799999999999918e-01 -7.271971315694494820e+01
1.137599999999999861e-01 -7.302724590578068842e+01
1.142399999999999943e-01 -7.296783219467451431e+01
1.147199999999999886e-01 -7.337653214324724615e+01
1.151999999999999968e-01 -7.361064199469373648e+01
1.156799999999999912e-01 -7.355501834301990982e+01
1.161599999999999855e-01 -7.370180657973165239e+01
1.166399999999999937e-01 -7.398590193173531304e+01
1.171199999999999880e-01 -7.414948000109231430e+01
1.175999999999999962e-01 -7.425499804758601385e+01
1.180799999999999905e-01 -7.442100052714599201e+01
1.185599999999999848e-01 -7.472373014577695471e+01
1.190399999999999930e-01 -7.485700415533055718e+01
1.195199999999999874e-01 -7.468179659053112118e+01
1.199999999999999956e-01 -7.455845242378754278e+01
1.204799999999999899e-01 -7.466567885152142026e+01
1.209599999999999842e-01 -7.460867543604530283e+01
1.214399999999999924e-01 -7.477122632796346124e+01
1.219199999999999867e-01 -7.462694921675006299e+01
1.223999999999999949e-01 -7.428956871339009638e+01
