-1.228799999999999955e+02 -9.897751662014358942e+01
-1.223999999999999915e+02 -9.927965885137595592e+01
-1.219200000000000017e+02 -9.952005297826053720e+01
-1.214399999999999977e+02 -9.933733304173755130e+01
-1.209599999999999937e+02 -9.916892937279274634e+01
-1.204799999999999898e+02 -9.881687385507592580e+01
-1.200000000000000000e+02 -9.875019350214778058e+01
-1.195199999999999960e+02 -9.834781581292131136e+01
-1.190399999999999920e+02 -9.774907786927727216e+01
-1.185600000000000023e+02 -9.744883306996973715e+01
-1.180799999999999983e+02 -9.751457224792886791e+01
-1.175999999999999943e+02 -9.714006772689715774e+01
-1.171199999999999903e+02 -9.656192236866047551e+01
-1.166400000000000006e+02 -9.586681436812320101e+01
-1.161599999999999966e+02 -9.576075767090516422e+01
-1.156799999999999926e+02 -9.580428533571884486e+01
-1.151999999999999886e+02 -9.540082750515932730e+01
-1.147199999999999989e+02 -9.493889524961988968e+01
-1.142399999999999949e+02 -9.453863102152519104e+01
-1.137599999999999909e+02 -9.446456926263280707e+01
-1.132800000000000011e+02 -9.432007033909725635e+01
-1.127999999999999972e+02 -9.390890666592383695e+01
-1.123199999999999932e+02 -9.370224656514891137e+01
-1.118399999999999892e+02 -9.384071338089830761e+01
-1.113599999999999994e+02 -9.361885271220958771e+01
-1.108799999999999955e+02 -9.320851075692772270e+01
-1.103999999999999915e+02 -9.322057835137263737e+01
-1.099200000000000017e+02 -9.333369716150338036e+01
-1.094399999999999977e+02 -9.301937935958150661e+01
-1.089599999999999937e+02 -9.274063032916811267e+01
-1.084799999999999898e+02 -9.203630616146259058e+01
-1.080000000000000000e+02 -9.129945294349275287e+01
-1.075199999999999960e+02 -9.094823281332992337e+01
-1.070399999999999920e+02 -9.027923946914627606e+01
-1.065600000000000023e+02 -8.959485292132177392e+01
-1.060799999999999983e+02 -8.915208817586851353e+01
-1.055999999999999943e+02 -8.862676104686818235e+01
-1.051199999999999903e+02 -8.791045806161324094e+01
-1.046400000000000006e+02 -8.711090947275486940e+01
-1.041599999999999966e+02 -8.661481645684887098e+01
-1.036799999999999926e+02 -8.640700397038102665e+01
-1.032000000000000028e+02 -8.637517734148610771e+01
-1.027199999999999989e+02 -8.590775705025045283e+01
-1.022399999999999949e+02 -8.562019435197220218e+01
-1.017599999999999909e+02 -8.554186882445158346e+01
-1.012800000000000011e+02 -8.539131029181703525e+01
-1.007999999999999972e+02 -8.515218226809258795e+01
-1.003199999999999932e+02 -8.504142741537447137e+01
-9.984000000000000341e+01 -8.493790288263342347e+01
-9.935999999999999943e+01 -8.504164990733804075e+01
-9.887999999999999545e+01 -8.509550073874393661e+01
-9.839999999999999147e+01 -8.490822545285759304e+01
-9.792000000000000171e+01 -8.470311111257350944e+01
-9.743999999999999773e+01 -8.459701344023692116e+01
-9.695999999999999375e+01 -8.447644772513930889e+01
-9.647999999999998977e+01 -8.420706083304790468e+01
-9.600000000000000000e+01 -8.401811198606617381e+01
-9.551999999999999602e+01 -8.412120367300300927e+01
-9.503999999999999204e+01 -8.428206791353571248e+01
-9.456000000000000227e+01 -8.430493670880088075e+01
-9.407999999999999829e+01 -8.415883542632636249e+01
-9.359999999999999432e+01 -8.408471191330308159e+01
-9.311999999999999034e+01 -8.398542829806521581e+01
-9.264000000000000057e+01 -8.399247169807721036e+01
-9.215999999999999659e+01 -8.398254188842307144e+01
-9.167999999999999261e+01 -8.385317887131533610e+01
-9.120000000000000284e+01 -8.365568553857210077e+01
-9.071999999999999886e+01 -8.373023740063320020e+01
-9.023999999999999488e+01 -8.372816079851418181e+01
-8.975999999999999091e+01 -8.379305562205799163e+01
-8.928000000000000114e+01 -8.340474167648008574e+01
-8.879999999999999716e+01 -8.322187765977318463e+01
-8.831999999999999318e+01 -8.327554299549018424e+01
-8.784000000000000341e+01 -8.348723416188749979e+01
-8.735999999999999943e+01 -8.342124722864453190e+01
-8.687999999999999545e+01 -8.311303151516476362e+01
-8.639999999999999147e+01 -8.270933786249875652e+01
-8.592000000000000171e+01 -8.266885666648073538e+01
-8.543999999999999773e+01 -8.294140161412659040e+01
-8.495999999999999375e+01 -8.295153315199692656e+01
-8.447999999999998977e+01 -8.295737823854379656e+01
-8.400000000000000000e+01 -8.273847318561260522e+01
-8.351999999999999602e+01 -8.257843281483724240e+01
-8.303999999999999204e+01 -8.264719142054345014e+01
-8.256000000000000227e+01 -8.270745245977133209e+01
-8.207999999999999829e+01 -8.290767050610295996e+01
-8.159999999999999432e+01 -8.281993183354401822e+01
-8.111999999999999034e+01 -8.262890922064676147e+01
-8.064000000000000057e+01 -8.261918165829173688e+01
-8.015999999999999659e+01 -8.255275983921812610e+01
-7.967999999999999261e+01 -8.265083003591104216e+01
-7.920000000000000284e+01 -8.256803297106765172e+01
-7.871999999999999886e+01 -8.234734697966736405e+01
-7.823999999999999488e+01 -8.250607562296471542e+01
-7.775999999999999091e+01 -8.248303405917886266e+01
-7.728000000000000114e+01 -8.226772509598771421e+01
-7.679999999999999716e+01 -8.254476747047705487e+01
-7.631999999999999318e+01 -8.237463919505806587e+01
-7.584000000000000341e+01 -8.220039017821163441e+01
-7.535999999999999943e+01 -8.236056328981015895e+01
-7.487999999999999545e+01 -8.215177314523668883e+01
-7.439999999999999147e+01 -8.207622260439393358e+01
-7.392000000000000171e+01 -8.203947077710523672e+01
-7.343999999999999773e+01 -8.191460561286477571e+01
-7.295999999999999375e+01 -8.176014865762171269e+01
-7.248000000000000398e+01 -8.177128981180811707e+01
-7.200000000000000000e+01 -8.200767253649642896e+01
-7.151999999999999602e+01 -8.209961467471514140e+01
-7.103999999999999204e+01 -8.188405001241194725e+01
-7.056000000000000227e+01 -8.201996602899909306e+01
-7.007999999999999829e+01 -8.194670483655721682e+01
-6.959999999999999432e+01 -8.190665614009552087e+01
-6.912000000000000455e+01 -8.194786210277746363e+01
-6.864000000000000057e+01 -8.171750174472678907e+01
-6.815999999999999659e+01 -8.191873820852055132e+01
-6.767999999999999261e+01 -8.218630735697793455e+01
-6.720000000000000284e+01 -8.234444392617662345e+01
-6.671999999999999886e+01 -8.195907988705889125e+01
-6.623999999999999488e+01 -8.193049001444491353e+01
-6.575999999999999091e+01 -8.172448126946015634e+01
-6.528000000000000114e+01 -8.138500994160915525e+01
-6.479999999999999716e+01 -8.147963478459419662e+01
-6.431999999999999318e+01 -8.157156245364265601e+01
-6.383999999999999631e+01 -8.153514784792656656e+01
-6.335999999999999943e+01 -8.142367268959273474e+01
-6.287999999999999545e+01 -8.136916146966160568e+01
-6.239999999999999858e+01 -8.155192152738206346e+01
-6.191999999999999460e+01 -8.157698556489043540e+01
-6.143999999999999773e+01 -8.135103001190665850e+01
-6.096000000000000085e+01 -8.144854649830148219e+01
-6.047999999999999687e+01 -8.158614376349221686e+01
-6.000000000000000000e+01 -8.121652115792545601e+01
-5.951999999999999602e+01 -8.072253821224536807e+01
-5.903999999999999915e+01 -8.075367939209843371e+01
-5.855999999999999517e+01 -8.089193292830577775e+01
-5.807999999999999829e+01 -8.106765780499948448e+01
-5.759999999999999432e+01 -8.077864167015034980e+01
-5.711999999999999744e+01 -8.045253714722447569e+01
-5.664000000000000057e+01 -8.066878599774044289e+01
-5.615999999999999659e+01 -8.113977261049555523e+01
-5.567999999999999972e+01 -8.090886096452950937e+01
-5.519999999999999574e+01 -8.057102424283733910e+01
-5.471999999999999886e+01 -8.024527290383284139e+01
-5.423999999999999488e+01 -8.013052491465234084e+01
-5.375999999999999801e+01 -8.031522492185993656e+01
-5.328000000000000114e+01 -8.022265808091660233e+01
-5.279999999999999716e+01 -8.018640548636906829e+01
-5.232000000000000028e+01 -8.038022350474298605e+01
-5.183999999999999631e+01 -8.065010787526122726e+01
-5.135999999999999943e+01 -8.065727741204953816e+01
-5.087999999999999545e+01 -8.032431721030576455e+01
-5.039999999999999858e+01 -7.998705210141683608e+01
-4.992000000000000171e+01 -7.993208680359937546e+01
-4.943999999999999773e+01 -8.006272954366417594e+01
-4.896000000000000085e+01 -8.002564587170815003e+01
-4.847999999999999687e+01 -7.995498798401068541e+01
-4.800000000000000000e+01 -7.971068831395899679e+01
-4.751999999999999602e+01 -7.974562284269904922e+01
-4.703999999999999915e+01 -7.982687170863614767e+01
-4.655999999999999517e+01 -7.950399751451021757e+01
-4.607999999999999829e+01 -7.915247085688835682e+01
-4.560000000000000142e+01 -7.897194557709620710e+01
-4.511999999999999744e+01 -7.887474446271122019e+01
-4.464000000000000057e+01 -7.917278032756834705e+01
-4.415999999999999659e+01 -7.905974325988447049e+01
-4.367999999999999972e+01 -7.890321684529371282e+01
-4.319999999999999574e+01 -7.895576341565251255e+01
-4.271999999999999886e+01 -7.927438220716257433e+01
-4.223999999999999488e+01 -7.902675217560012300e+01
-4.175999999999999801e+01 -7.863053651419181733e+01
-4.128000000000000114e+01 -7.846176014882333050e+01
-4.079999999999999716e+01 -7.851099190661506100e+01
-4.032000000000000028e+01 -7.877599964278755351e+01
-3.983999999999999631e+01 -7.861117991061860266e+01
-3.935999999999999943e+01 -7.831820403375137118e+01
-3.887999999999999545e+01 -7.835991175579003709e+01
-3.839999999999999858e+01 -7.821680387621154296e+01
-3.792000000000000171e+01 -7.793312542439008439e+01
-3.743999999999999773e+01 -7.754076662123839014e+01
-3.696000000000000085e+01 -7.765733668881777874e+01
-3.647999999999999687e+01 -7.756357324851266810e+01
-3.600000000000000000e+01 -7.760546039977107569e+01
-3.551999999999999602e+01 -7.709164444992455856e+01
-3.503999999999999915e+01 -7.667337249621084538e+01
-3.456000000000000227e+01 -7.678566217637643376e+01
-3.407999999999999829e+01 -7.676598270292244308e+01
-3.360000000000000142e+01 -7.659118472308466608e+01
-3.311999999999999744e+01 -7.648246797279881548e+01
-3.264000000000000057e+01 -7.616222561705851035e+01
-3.215999999999999659e+01 -7.603343161224424307e+01
-3.167999999999999972e+01 -7.611977535761678837e+01
-3.119999999999999929e+01 -7.603992712963518841e+01
-3.071999999999999886e+01 -7.573185710451889463e+01
-3.023999999999999844e+01 -7.536119018379626766e+01
-2.975999999999999801e+01 -7.500498637542391123e+01
-2.927999999999999758e+01 -7.479377054325843233e+01
-2.879999999999999716e+01 -7.458792475579043924e+01
-2.832000000000000028e+01 -7.442158509502108643e+01
-2.783999999999999986e+01 -7.461510313326959931e+01
-2.735999999999999943e+01 -7.453918975407330549e+01
-2.687999999999999901e+01 -7.417615553375513571e+01
-2.639999999999999858e+01 -7.404211819937634687e+01
-2.591999999999999815e+01 -7.379105731106571398e+01
-2.543999999999999773e+01 -7.363587222662602016e+01
-2.496000000000000085e+01 -7.336206890463165564e+01
-2.448000000000000043e+01 -7.303216243196730773e+01
-2.400000000000000000e+01 -7.279718015192291602e+01
-2.351999999999999957e+01 -7.245590561374135063e+01
-2.303999999999999915e+01 -7.218265163400521089e+01
-2.255999999999999872e+01 -7.206744674448428611e+01
-2.207999999999999829e+01 -7.189039352756134349e+01
-2.159999999999999787e+01 -7.163588964621958155e+01
-2.111999999999999744e+01 -7.137014319665834705e+01
-2.064000000000000057e+01 -7.101483471256027258e+01
-2.016000000000000014e+01 -7.072013930710058105e+01
-1.967999999999999972e+01 -7.040595934482608698e+01
-1.919999999999999929e+01 -7.028501832557473961e+01
-1.871999999999999886e+01 -6.985865885419313770e+01
-1.823999999999999844e+01 -6.939505374970784146e+01
-1.775999999999999801e+01 -6.911574137664311479e+01
-1.728000000000000114e+01 -6.875014930481638942e+01
-1.680000000000000071e+01 -6.836490101943351760e+01
-1.632000000000000028e+01 -6.786312299427855521e+01
-1.583999999999999986e+01 -6.764416352736616034e+01
-1.535999999999999943e+01 -6.764971253299583509e+01
-1.487999999999999901e+01 -6.717680399567373684e+01
-1.439999999999999858e+01 -6.696792112708445188e+01
-1.391999999999999993e+01 -6.675948239597144607e+01
-1.343999999999999950e+01 -6.659456090271189055e+01
-1.295999999999999908e+01 -6.615969205913981455e+01
-1.248000000000000043e+01 -6.585557962092997286e+01
-1.200000000000000000e+01 -6.505637106358405219e+01
-1.151999999999999957e+01 -6.354967913879828245e+01
-1.103999999999999915e+01 -6.122121201441248672e+01
-1.055999999999999872e+01 -5.181760085934147497e+01
-1.008000000000000007e+01 -3.408434300858315424e+01
-9.599999999999999645e+00 -2.572470511342618593e+01
-9.119999999999999218e+00 -2.310974324380076084e+01
-8.640000000000000568e+00 -2.289406623847566991e+01
-8.160000000000000142e+00 -2.287910063581623632e+01
-7.679999999999999716e+00 -2.269813391018347559e+01
-7.199999999999999289e+00 -2.259751181269147224e+01
-6.719999999999999751e+00 -2.274800324445219957e+01
-6.240000000000000213e+00 -2.270097617906811749e+01
-5.759999999999999787e+00 -2.254422707098066780e+01
-5.279999999999999361e+00 -2.256424779668896718e+01
-4.799999999999999822e+00 -2.253748151201311245e+01
-4.320000000000000284e+00 -2.274329954410121246e+01
-3.839999999999999858e+00 -2.284321105106540983e+01
-3.359999999999999876e+00 -2.283828732664971284e+01
-2.879999999999999893e+00 -2.284547533142420406e+01
-2.399999999999999911e+00 -2.271460169816909058e+01
-1.919999999999999929e+00 -2.272270036884210498e+01
-1.439999999999999947e+00 -2.271240909180860257e+01
-9.599999999999999645e-01 -2.264992195390417962e+01
-4.799999999999999822e-01 -2.275596812731816243e+01
0.000000000000000000e+00 -2.281540001102266046e+01
4.799999999999999822e-01 -2.260999870370032028e+01
9.599999999999999645e-01 -2.223228444171784446e+01
1.439999999999999947e+00 -2.257302126760333394e+01
1.919999999999999929e+00 -2.292592287139003204e+01
2.399999999999999911e+00 -2.270831206496252008e+01
2.879999999999999893e+00 -2.255060572947326847e+01
3.359999999999999876e+00 -2.239297959175905461e+01
3.839999999999999858e+00 -2.263094180942798772e+01
4.320000000000000284e+00 -2.293452408576057167e+01
4.799999999999999822e+00 -2.287611262593479822e+01
5.279999999999999361e+00 -2.277964785226973277e+01
5.759999999999999787e+00 -2.277599692314738178e+01
6.240000000000000213e+00 -2.286090213522185977e+01
6.719999999999999751e+00 -2.280704134109455694e+01
7.199999999999999289e+00 -2.269217589613059616e+01
7.679999999999999716e+00 -2.290588636769015096e+01
8.160000000000000142e+00 -2.285583658776298677e+01
8.640000000000000568e+00 -2.276984266394961764e+01
9.119999999999999218e+00 -2.309951587467728018e+01
9.599999999999999645e+00 -2.582674163633603115e+01
1.008000000000000007e+01 -3.432373323126159192e+01
1.055999999999999872e+01 -5.202966904504130952e+01
1.103999999999999915e+01 -6.118066077881981357e+01
1.151999999999999957e+01 -6.408485835122279184e+01
1.200000000000000000e+01 -6.549520711830203368e+01
1.248000000000000043e+01 -6.624952049878550042e+01
1.295999999999999908e+01 -6.688610215897583089e+01
1.343999999999999950e+01 -6.723791017782832569e+01
1.391999999999999993e+01 -6.750677381700978685e+01
1.439999999999999858e+01 -6.774025215397797695e+01
1.487999999999999901e+01 -6.811823561977961106e+01
1.535999999999999943e+01 -6.863114836543162767e+01
1.583999999999999986e+01 -6.932496585188970073e+01
1.632000000000000028e+01 -6.963680667338748265e+01
1.680000000000000071e+01 -6.972126377115252183e+01
1.728000000000000114e+01 -7.013158645014279102e+01
1.775999999999999801e+01 -7.067389623443558833e+01
1.823999999999999844e+01 -7.083216289702355084e+01
1.871999999999999886e+01 -7.088510547566205844e+01
1.919999999999999929e+01 -7.129243140023497460e+01
1.967999999999999972e+01 -7.188030274275368470e+01
2.016000000000000014e+01 -7.228876006293218381e+01
2.064000000000000057e+01 -7.244689315649813466e+01
2.111999999999999744e+01 -7.287409253178459778e+01
2.159999999999999787e+01 -7.339765472597149198e+01
2.207999999999999829e+01 -7.359598840077481441e+01
2.255999999999999872e+01 -7.363491050499473545e+01
2.303999999999999915e+01 -7.402773119627103426e+01
2.351999999999999957e+01 -7.421179659559786046e+01
2.400000000000000000e+01 -7.417522690306012123e+01
2.448000000000000043e+01 -7.448150345209482737e+01
2.496000000000000085e+01 -7.476281409425229185e+01
2.543999999999999773e+01 -7.493565878985450013e+01
2.591999999999999815e+01 -7.525448157509688940e+01
2.639999999999999858e+01 -7.540244153990099107e+01
2.687999999999999901e+01 -7.551178823223135339e+01
2.735999999999999943e+01 -7.552126301914951512e+01
2.783999999999999986e+01 -7.595830642653594111e+01
2.832000000000000028e+01 -7.639109308108939445e+01
2.879999999999999716e+01 -7.682412666052991312e+01
2.927999999999999758e+01 -7.681330115933397451e+01
2.975999999999999801e+01 -7.671554502374425510e+01
3.023999999999999844e+01 -7.719658966554848689e+01
3.071999999999999886e+01 -7.745724583852154410e+01
3.119999999999999929e+01 -7.730939878545567012e+01
3.167999999999999972e+01 -7.723855932409227876e+01
3.215999999999999659e+01 -7.740891403858243791e+01
3.264000000000000057e+01 -7.776106251878354669e+01
3.311999999999999744e+01 -7.785373036221730558e+01
3.360000000000000142e+01 -7.822840696887783452e+01
3.407999999999999829e+01 -7.838531036156514631e+01
3.456000000000000227e+01 -7.836493848717383059e+01
3.503999999999999915e+01 -7.849235214695561069e+01
3.551999999999999602e+01 -7.880521287252483376e+01
3.600000000000000000e+01 -7.892637880301896303e+01
3.647999999999999687e+01 -7.869470691115650141e+01
3.696000000000000085e+01 -7.908633685186811135e+01
3.743999999999999773e+01 -7.939917967794502829e+01
3.792000000000000171e+01 -7.935311155911823278e+01
3.839999999999999858e+01 -7.943171962227856397e+01
3.887999999999999545e+01 -7.940281003840279084e+01
3.935999999999999943e+01 -7.944117002273044648e+01
3.983999999999999631e+01 -7.981954965436965210e+01
4.032000000000000028e+01 -8.015731310999234438e+01
4.079999999999999716e+01 -8.000496298836667108e+01
4.128000000000000114e+01 -7.989744232276224523e+01
4.175999999999999801e+01 -8.002290919716487849e+01
4.223999999999999488e+01 -8.022762100605065427e+01
4.271999999999999886e+01 -8.021971367698708377e+01
4.319999999999999574e+01 -8.023172678795432944e+01
4.367999999999999972e+01 -8.051018022390610440e+01
4.415999999999999659e+01 -8.061030186502138406e+01
4.464000000000000057e+01 -8.070700928491820036e+01
4.511999999999999744e+01 -8.099494784390992663e+01
4.560000000000000142e+01 -8.118314444663377571e+01
4.607999999999999829e+01 -8.136159537219791105e+01
4.655999999999999517e+01 -8.116342872204981518e+01
4.703999999999999915e+01 -8.113927272646333222e+01
4.751999999999999602e+01 -8.114248882818526454e+01
4.800000000000000000e+01 -8.066994237021270919e+01
4.847999999999999687e+01 -8.063112134691988331e+01
4.896000000000000085e+01 -8.114446911023841835e+01
4.943999999999999773e+01 -8.133592247733707836e+01
4.992000000000000171e+01 -8.143873282736736030e+01
5.039999999999999858e+01 -8.154794698641373429e+01
5.087999999999999545e+01 -8.159861322504735881e+01
5.135999999999999943e+01 -8.125991728106754408e+01
5.183999999999999631e+01 -8.132209526571219271e+01
5.232000000000000028e+01 -8.150851397888501992e+01
5.279999999999999716e+01 -8.177544674560161297e+01
5.328000000000000114e+01 -8.171337819377069422e+01
5.375999999999999801e+01 -8.167344172841700356e+01
5.423999999999999488e+01 -8.160671091599101601e+01
5.471999999999999886e+01 -8.183882910695191981e+01
5.519999999999999574e+01 -8.185016620612935867e+01
5.567999999999999972e+01 -8.185746856928409443e+01
5.615999999999999659e+01 -8.194925367162699104e+01
5.664000000000000057e+01 -8.204420522862344001e+01
5.711999999999999744e+01 -8.233504611474400292e+01
5.759999999999999432e+01 -8.233555814839186837e+01
5.807999999999999829e+01 -8.227840218508475800e+01
5.855999999999999517e+01 -8.241119369339274670e+01
5.903999999999999915e+01 -8.239684769156897914e+01
5.951999999999999602e+01 -8.241852537704738779e+01
6.000000000000000000e+01 -8.251229855010262781e+01
6.047999999999999687e+01 -8.296013724800229738e+01
6.096000000000000085e+01 -8.300746900521932048e+01
6.143999999999999773e+01 -8.300265060024256059e+01
6.191999999999999460e+01 -8.306137457835382065e+01
6.239999999999999858e+01 -8.319439792542701184e+01
6.287999999999999545e+01 -8.292422250282621121e+01
6.335999999999999943e+01 -8.275697189547665289e+01
6.383999999999999631e+01 -8.301828250938552856e+01
6.431999999999999318e+01 -8.325796856437952442e+01
6.479999999999999716e+01 -8.324697639465111365e+01
6.528000000000000114e+01 -8.328818208915191690e+01
6.575999999999999091e+01 -8.337668265554468405e+01
6.623999999999999488e+01 -8.342652074051700595e+01
6.671999999999999886e+01 -8.332808768328654025e+01
6.720000000000000284e+01 -8.323190412779040059e+01
6.767999999999999261e+01 -8.352094048883262190e+01
6.815999999999999659e+01 -8.352121784015537287e+01
6.864000000000000057e+01 -8.382117812027053105e+01
6.912000000000000455e+01 -8.389065200175382131e+01
6.959999999999999432e+01 -8.367906788428568632e+01
7.007999999999999829e+01 -8.370511486076102869e+01
7.056000000000000227e+01 -8.355135595118797198e+01
7.103999999999999204e+01 -8.361097158844012256e+01
7.151999999999999602e+01 -8.370706708337309010e+01
7.200000000000000000e+01 -8.367026370033477178e+01
7.248000000000000398e+01 -8.353724368704085634e+01
7.295999999999999375e+01 -8.381622230572234855e+01
7.343999999999999773e+01 -8.379554233754248571e+01
7.392000000000000171e+01 -8.376200893152912386e+01
7.439999999999999147e+01 -8.379448870341937550e+01
7.487999999999999545e+01 -8.372936577346072795e+01
7.535999999999999943e+01 -8.380135350826164142e+01
7.584000000000000341e+01 -8.403103452062175904e+01
7.631999999999999318e+01 -8.406154682142586410e+01
7.679999999999999716e+01 -8.400570487608686676e+01
7.728000000000000114e+01 -8.367148910728636224e+01
7.775999999999999091e+01 -8.365000172879115325e+01
7.823999999999999488e+01 -8.397092545124093022e+01
7.871999999999999886e+01 -8.422455067668785489e+01
7.920000000000000284e+01 -8.467369599069255059e+01
7.967999999999999261e+01 -8.473510490689884023e+01
8.015999999999999659e+01 -8.459576387693003596e+01
8.064000000000000057e+01 -8.450791268255782995e+01
8.111999999999999034e+01 -8.482032397856613670e+01
8.159999999999999432e+01 -8.464808589524695037e+01
8.207999999999999829e+01 -8.452978817913155751e+01
8.256000000000000227e+01 -8.444276985568984628e+01
8.303999999999999204e+01 -8.449156840135769642e+01
8.351999999999999602e+01 -8.449458448135352739e+01
8.400000000000000000e+01 -8.431021195660973433e+01
8.447999999999998977e+01 -8.445179076208225410e+01
8.495999999999999375e+01 -8.468828176516701944e+01
8.543999999999999773e+01 -8.475342806247432748e+01
8.592000000000000171e+01 -8.491493234402732071e+01
8.639999999999999147e+01 -8.472221756988845698e+01
8.687999999999999545e+01 -8.482958873806019540e+01
8.735999999999999943e+01 -8.457907840117883325e+01
8.784000000000000341e+01 -8.481930189822499244e+01
8.831999999999999318e+01 -8.505408667365266240e+01
8.879999999999999716e+01 -8.494529436602621786e+01
8.928000000000000114e+01 -8.462115360705547573e+01
8.975999999999999091e+01 -8.466947919993080518e+01
9.023999999999999488e+01 -8.473728566717768729e+01
9.071999999999999886e+01 -8.471152271386344523e+01
9.120000000000000284e+01 -8.474777781451703618e+01
9.167999999999999261e+01 -8.446889741365802706e+01
9.215999999999999659e+01 -8.454018604486546451e+01
9.264000000000000057e+01 -8.499173305666766964e+01
9.311999999999999034e+01 -8.491100239787569137e+01
9.359999999999999432e+01 -8.480542536923140062e+01
9.407999999999999829e+01 -8.507134887011943647e+01
9.456000000000000227e+01 -8.499521551901548833e+01
9.503999999999999204e+01 -8.504332547933404385e+01
9.551999999999999602e+01 -8.512685394681192008e+01
9.600000000000000000e+01 -8.500965679990844137e+01
9.647999999999998977e+01 -8.498865364655253529e+01
9.695999999999999375e+01 -8.510386736024997845e+01
9.743999999999999773e+01 -8.498670235327394096e+01
9.792000000000000171e+01 -8.467414796131814114e+01
9.839999999999999147e+01 -8.480100699203264014e+01
9.887999999999999545e+01 -8.506450500721405206e+01
9.935999999999999943e+01 -8.509820583399024940e+01
9.984000000000000341e+01 -8.510404650803822335e+01
1.003199999999999932e+02 -8.500289805704441903e+01
1.007999999999999972e+02 -8.489331343077667213e+01
1.012800000000000011e+02 -8.498262290960967391e+01
1.017599999999999909e+02 -8.516493930372945442e+01
1.022399999999999949e+02 -8.528899950220238679e+01
1.027199999999999989e+02 -8.570324621394854603e+01
1.032000000000000028e+02 -8.614488077529594534e+01
1.036799999999999926e+02 -8.663928714595293457e+01
1.041599999999999966e+02 -8.707698733181780426e+01
1.046400000000000006e+02 -8.748351072942101325e+01
1.051199999999999903e+02 -8.783785321375378885e+01
1.055999999999999943e+02 -8.819881831766116420e+01
1.060799999999999983e+02 -8.902043300805573267e+01
1.065600000000000023e+02 -8.976449025383389824e+01
1.070399999999999920e+02 -9.029095381524699349e+01
1.075199999999999960e+02 -9.086659004642790194e+01
1.080000000000000000e+02 -9.179025646402826055e+01
1.084799999999999898e+02 -9.232483218672591363e+01
1.089599999999999937e+02 -9.285257622609991301e+01
1.094399999999999977e+02 -9.350520262184417675e+01
1.099200000000000017e+02 -9.399944728194842014e+01
1.103999999999999915e+02 -9.465335980196724108e+01
1.108799999999999955e+02 -9.504363512898167698e+01
1.113599999999999994e+02 -9.540665393910792602e+01
1.118399999999999892e+02 -9.573536563548876188e+01
1.123199999999999932e+02 -9.585285983126831866e+01
1.127999999999999972e+02 -9.575002494779526785e+01
1.132800000000000011e+02 -9.594844349950504636e+01
1.137599999999999909e+02 -9.642743641725674308e+01
1.142399999999999949e+02 -9.653516221982430068e+01
1.147199999999999989e+02 -9.672209255727635480e+01
1.151999999999999886e+02 -9.726458871884354096e+01
1.156799999999999926e+02 -9.729715916733844949e+01
1.161599999999999966e+02 -9.746501059123505684e+01
1.166400000000000006e+02 -9.776770102073081148e+01
1.171199999999999903e+02 -9.794449009489864011e+01
1.175999999999999943e+02 -9.819719726947242577e+01
1.180799999999999983e+02 -9.871504297212192114e+01
1.185600000000000023e+02 -9.902374020657354947e+01
1.190399999999999920e+02 -9.924915946154847290e+01
1.195199999999999960e+02 -9.924900700522066188e+01
1.200000000000000000e+02 -9.921447374045904155e+01
1.204799999999999898e+02 -9.913937473949656010e+01
1.209599999999999937e+02 -9.930476743840770837e+01
1.214399999999999977e+02 -9.956153253036346484e+01
1.219200000000000017e+02 -9.979153547732593665e+01
1.223999999999999915e+02 -9.968867089092330502e+01
