-1.228799999999999892e-01 -7.627049686199410417e+01
-1.223999999999999949e-01 -7.623030250567718724e+01
-1.219199999999999867e-01 -7.615912837879153585e+01
-1.214399999999999924e-01 -7.620561223116285987e+01
-1.209599999999999842e-01 -7.619971494118638589e+01
-1.204799999999999899e-01 -7.602635153015641833e+01
-1.199999999999999956e-01 -7.616823624420618444e+01
-1.195199999999999874e-01 -7.619382130434674139e+01
-1.190399999999999930e-01 -7.613727349460270943e+01
-1.185599999999999848e-01 -7.611908448289298690e+01
-1.180799999999999905e-01 -7.603505737000313047e+01
-1.175999999999999962e-01 -7.612666796636193567e+01
-1.171199999999999880e-01 -7.581366262130833888e+01
-1.166399999999999937e-01 -7.563854149681230865e+01
-1.161599999999999855e-01 -7.569059952086549004e+01
-1.156799999999999912e-01 -7.562061628744250186e+01
-1.151999999999999968e-01 -7.556300488153145523e+01
-1.147199999999999886e-01 -7.553606515054926263e+01
-1.142399999999999943e-01 -7.550908423546852077e+01
-1.137599999999999861e-01 -7.575634700721860781e+01
-1.132799999999999918e-01 -7.547061528703014233e+01
-1.127999999999999836e-01 -7.524077077196409391e+01
-1.123199999999999893e-01 -7.491369573518784364e+01
-1.118399999999999950e-01 -7.455490206370700434e+01
-1.113599999999999868e-01 -7.411642741858278782e+01
-1.108799999999999925e-01 -7.330847998396477294e+01
-1.103999999999999843e-01 -7.265789159289882093e+01
-1.099199999999999899e-01 -7.224516431779969139e+01
-1.094399999999999956e-01 -7.169598304138982314e+01
-1.089599999999999874e-01 -7.085872388681940492e+01
-1.084799999999999931e-01 -6.974040764610661824e+01
-1.079999999999999849e-01 -6.869787125742359990e+01
-1.075199999999999906e-01 -6.802067691191768972e+01
-1.070399999999999963e-01 -6.718087570240892603e+01
-1.065599999999999881e-01 -6.636915688582858763e+01
-1.060799999999999937e-01 -6.579977523289142027e+01
-1.055999999999999855e-01 -6.527578193936034268e+01
-1.051199999999999912e-01 -6.470708513212349544e+01
-1.046399999999999969e-01 -6.416137521875468508e+01
-1.041599999999999887e-01 -6.369934678795680583e+01
-1.036799999999999944e-01 -6.322038734812529270e+01
-1.031999999999999862e-01 -6.293558462423128930e+01
-1.027199999999999919e-01 -6.268308853529002533e+01
-1.022399999999999975e-01 -6.239369081194841726e+01
-1.017599999999999894e-01 -6.225602538362421967e+01
-1.012799999999999950e-01 -6.236982624318790158e+01
-1.007999999999999868e-01 -6.243249992359643130e+01
-1.003199999999999925e-01 -6.185705773844652100e+01
-9.983999999999998431e-02 -6.161728654589400378e+01
-9.935999999999998999e-02 -6.157418667523265299e+01
-9.887999999999999567e-02 -6.163098034932312430e+01
-9.839999999999998748e-02 -6.133960507392593087e+01
-9.791999999999999316e-02 -6.114784979415014732e+01
-9.743999999999998496e-02 -6.110751794128195513e+01
-9.695999999999999064e-02 -6.119816035407203003e+01
-9.647999999999999632e-02 -6.128296216434432608e+01
-9.599999999999998812e-02 -6.110031796236975055e+01
-9.551999999999999380e-02 -6.089687914168163019e+01
-9.503999999999998560e-02 -6.113469936951848638e+01
-9.455999999999999128e-02 -6.128224041090285112e+01
-9.407999999999999696e-02 -6.101055813270563277e+01
-9.359999999999998876e-02 -6.062541924670912863e+01
-9.311999999999999444e-02 -6.068170002302437638e+01
-9.263999999999998625e-02 -6.081106874426679099e+01
-9.215999999999999193e-02 -6.103724793255373271e+01
-9.167999999999999761e-02 -6.084910258139805705e+01
-9.119999999999998941e-02 -6.040237544903023093e+01
-9.071999999999999509e-02 -6.036270292063707643e+01
-9.023999999999998689e-02 -6.033346153148293922e+01
-8.975999999999999257e-02 -6.026701183092649217e+01
-8.927999999999999825e-02 -6.036963933744495847e+01
-8.879999999999999005e-02 -6.057822640855967222e+01
-8.831999999999999573e-02 -6.031199937687637203e+01
-8.783999999999998753e-02 -6.025341846300699444e+01
-8.735999999999999321e-02 -6.022475628460506414e+01
-8.687999999999999889e-02 -5.976778095154216430e+01
-8.639999999999999070e-02 -5.954825779978839506e+01
-8.591999999999999638e-02 -5.972857671733568452e+01
-8.543999999999998818e-02 -5.960983859323868472e+01
-8.495999999999999386e-02 -5.959450145405916288e+01
-8.447999999999999954e-02 -5.968760763628821309e+01
-8.399999999999999134e-02 -5.961908915194065628e+01
-8.351999999999999702e-02 -5.945443065588541742e+01
-8.303999999999998882e-02 -5.923566531853190043e+01
-8.255999999999999450e-02 -5.913183652230863174e+01
-8.207999999999998630e-02 -5.912149161838385680e+01
-8.159999999999999198e-02 -5.875435262354680788e+01
-8.111999999999999766e-02 -5.879704248916590359e+01
-8.063999999999998947e-02 -5.880773417361221789e+01
-8.015999999999999515e-02 -5.868493230791224846e+01
-7.967999999999998695e-02 -5.857132122384662409e+01
-7.919999999999999263e-02 -5.808512607937218775e+01
-7.871999999999999831e-02 -5.832731768737397005e+01
-7.823999999999999011e-02 -5.843435312535439863e+01
-7.775999999999999579e-02 -5.811719739592132328e+01
-7.727999999999998759e-02 -5.819866683049957601e+01
-7.679999999999999327e-02 -5.821444536246271184e+01
-7.631999999999999895e-02 -5.796556930614449499e+01
-7.583999999999999075e-02 -5.759633676898125998e+01
-7.535999999999999643e-02 -5.766845682410780682e+01
-7.487999999999998824e-02 -5.789506502305226121e+01
-7.439999999999999392e-02 -5.761512785949755511e+01
-7.391999999999999960e-02 -5.747611115446857610e+01
-7.343999999999999140e-02 -5.743884568765800225e+01
-7.295999999999999708e-02 -5.708798181640347735e+01
-7.247999999999998888e-02 -5.707783836016753298e+01
-7.199999999999999456e-02 -5.711320574581554865e+01
-7.152000000000000024e-02 -5.699493027233864240e+01
-7.103999999999999204e-02 -5.696650394566795228e+01
-7.055999999999999772e-02 -5.680748358331647552e+01
-7.007999999999998952e-02 -5.654229254491485790e+01
-6.959999999999999520e-02 -5.624582544626314728e+01
-6.911999999999998701e-02 -5.629080084835668174e+01
-6.863999999999999269e-02 -5.635644230482338912e+01
-6.815999999999999837e-02 -5.607609220795451677e+01
-6.767999999999999017e-02 -5.592169225753935535e+01
-6.719999999999999585e-02 -5.576494864893077619e+01
-6.671999999999998765e-02 -5.548681651714431950e+01
-6.623999999999999333e-02 -5.552491257551702120e+01
-6.575999999999999901e-02 -5.534889458948232743e+01
-6.527999999999999081e-02 -5.529539096588714386e+01
-6.479999999999999649e-02 -5.535756253041573416e+01
-6.431999999999998829e-02 -5.519085226788908471e+01
-6.383999999999999397e-02 -5.473953920524990480e+01
-6.335999999999999965e-02 -5.434394109378701643e+01
-6.287999999999999146e-02 -5.420150227310698909e+01
-6.239999999999999714e-02 -5.411611897102496727e+01
-6.191999999999999588e-02 -5.405820429432179708e+01
-6.143999999999999462e-02 -5.381503315548974342e+01
-6.095999999999999336e-02 -5.368439337853358495e+01
-6.047999999999999210e-02 -5.358079815869967888e+01
-5.999999999999999778e-02 -5.347271293246049595e+01
-5.951999999999999652e-02 -5.350589373845723173e+01
-5.903999999999999526e-02 -5.354528395344261327e+01
-5.855999999999999400e-02 -5.312013755454319153e+01
-5.807999999999999274e-02 -5.273030019263386237e+01
-5.759999999999999842e-02 -5.265279179145580457e+01
-5.711999999999999716e-02 -5.260353693013016141e+01
-5.663999999999999591e-02 -5.256781869970933485e+01
-5.615999999999999465e-02 -5.227628490635196812e+01
-5.567999999999999339e-02 -5.214989466502329662e+01
-5.519999999999999213e-02 -5.207336077827281429e+01
-5.471999999999999781e-02 -5.209620855518220850e+01
-5.423999999999999655e-02 -5.195378371062701461e+01
-5.375999999999999529e-02 -5.141583958592346448e+01
-5.327999999999999403e-02 -5.128365357838355720e+01
-5.279999999999999277e-02 -5.114947610826747137e+01
-5.231999999999999845e-02 -5.127418293363256652e+01
-5.183999999999999719e-02 -5.129111352569338322e+01
-5.135999999999999593e-02 -5.122776453237126049e+01
-5.087999999999999468e-02 -5.072403765984528690e+01
-5.039999999999999342e-02 -5.070781999908761861e+01
-4.991999999999999216e-02 -5.091125452707822774e+01
-4.943999999999999784e-02 -5.073215617654511078e+01
-4.895999999999999658e-02 -5.071395920199588403e+01
-4.847999999999999532e-02 -5.056432892256823664e+01
-4.799999999999999406e-02 -5.013525995483512787e+01
-4.751999999999999280e-02 -5.007641625173874900e+01
-4.703999999999999848e-02 -4.995112876333689655e+01
-4.655999999999999722e-02 -4.974636910438697868e+01
-4.607999999999999596e-02 -4.981698085187477432e+01
-4.559999999999999470e-02 -4.979424103946871583e+01
-4.511999999999999345e-02 -4.957346961537389518e+01
-4.463999999999999913e-02 -4.939161432584037925e+01
-4.415999999999999787e-02 -4.962933489263366482e+01
-4.367999999999999661e-02 -4.941984282990090094e+01
-4.319999999999999535e-02 -4.916872721466099705e+01
-4.271999999999999409e-02 -4.916875439105291434e+01
-4.223999999999999977e-02 -4.895529903890947310e+01
-4.175999999999999851e-02 -4.906431007804105349e+01
-4.127999999999999725e-02 -4.910056588968600977e+01
-4.079999999999999599e-02 -4.900812436734399569e+01
-4.031999999999999473e-02 -4.889518412570427586e+01
-3.983999999999999347e-02 -4.866972865108341750e+01
-3.935999999999999915e-02 -4.861551723685650472e+01
-3.887999999999999790e-02 -4.852521110444057939e+01
-3.839999999999999664e-02 -4.863851086487630937e+01
-3.791999999999999538e-02 -4.914708029556800284e+01
-3.743999999999999412e-02 -4.904189277306656436e+01
-3.695999999999999980e-02 -4.848242561857568944e+01
-3.647999999999999854e-02 -4.859506174759579977e+01
-3.599999999999999728e-02 -4.864622352153909191e+01
-3.551999999999999602e-02 -4.849223563455335295e+01
-3.503999999999999476e-02 -4.876692199149088935e+01
-3.455999999999999350e-02 -4.885129652261410627e+01
-3.407999999999999918e-02 -4.868387444837053124e+01
-3.359999999999999792e-02 -4.831766637905005268e+01
-3.311999999999999666e-02 -4.821443255432977537e+01
-3.263999999999999541e-02 -4.785728041038098723e+01
-3.215999999999999415e-02 -4.776492732628685900e+01
-3.167999999999999983e-02 -4.766916920382733736e+01
-3.119999999999999857e-02 -4.757180492361611357e+01
-3.071999999999999731e-02 -4.799851576739251868e+01
-3.023999999999999605e-02 -4.794561714107071282e+01
-2.975999999999999826e-02 -4.745937061539085278e+01
-2.927999999999999700e-02 -4.752229807049926080e+01
-2.879999999999999921e-02 -4.750428629419224080e+01
-2.831999999999999795e-02 -4.745741010836016471e+01
-2.783999999999999669e-02 -4.742574793600898175e+01
-2.735999999999999890e-02 -4.737547408960358553e+01
-2.687999999999999765e-02 -4.750524209054059810e+01
-2.639999999999999639e-02 -4.736299322682989299e+01
-2.591999999999999860e-02 -4.712419895030578942e+01
-2.543999999999999734e-02 -4.695650078806431793e+01
-2.495999999999999608e-02 -4.714176455159492463e+01
-2.447999999999999829e-02 -4.709633671632148832e+01
-2.399999999999999703e-02 -4.695496097513668587e+01
-2.351999999999999924e-02 -4.688705799192776169e+01
-2.303999999999999798e-02 -4.666795257732614743e+01
-2.255999999999999672e-02 -4.664771104949947755e+01
-2.207999999999999893e-02 -4.672260588397377745e+01
-2.159999999999999767e-02 -4.661458824200138906e+01
-2.111999999999999988e-02 -4.632309935884337193e+01
-2.063999999999999863e-02 -4.589545756087647987e+01
-2.015999999999999737e-02 -4.602442989946172958e+01
-1.967999999999999958e-02 -4.595993480864288472e+01
-1.919999999999999832e-02 -4.580894611071108358e+01
-1.871999999999999706e-02 -4.580630203214909102e+01
-1.823999999999999927e-02 -4.584039713305323005e+01
-1.775999999999999801e-02 -4.544659417449996397e+01
-1.727999999999999675e-02 -4.513812558745818393e+01
-1.679999999999999896e-02 -4.526410977269273417e+01
-1.631999999999999770e-02 -4.475145491007498322e+01
-1.583999999999999991e-02 -4.412790158498316373e+01
-1.535999999999999865e-02 -4.368507546463105484e+01
-1.487999999999999913e-02 -4.356546176998386244e+01
-1.439999999999999961e-02 -4.361319697023958497e+01
-1.391999999999999835e-02 -4.347841178748602431e+01
-1.343999999999999882e-02 -4.301344269512510721e+01
-1.295999999999999930e-02 -4.256366151898440364e+01
-1.247999999999999804e-02 -4.192275585873559862e+01
-1.199999999999999852e-02 -4.001351650161930706e+01
-1.151999999999999899e-02 -3.676484753360291080e+01
-1.103999999999999947e-02 -3.287623559118871697e+01
-1.055999999999999994e-02 -2.194322490936732706e+01
-1.007999999999999868e-02 -3.993804722646026040e+00
-9.599999999999999159e-03 4.368894103007583851e+00
-9.119999999999999635e-03 6.985149298788560834e+00
-8.639999999999998376e-03 7.201081092955124774e+00
-8.159999999999998851e-03 7.216278392181227019e+00
-7.679999999999999327e-03 7.400035020403264774e+00
-7.199999999999999803e-03 7.501999345268229646e+00
-6.719999999999999411e-03 7.352201286505328781e+00
-6.239999999999999020e-03 7.399419773206197704e+00
-5.759999999999999495e-03 7.556860265463467563e+00
-5.279999999999999971e-03 7.539627419007151943e+00
-4.799999999999999580e-03 7.568297615093049657e+00
-4.319999999999999188e-03 7.359938968660363123e+00
-3.839999999999999664e-03 7.260893489995209116e+00
-3.359999999999999706e-03 7.267656548567648755e+00
-2.879999999999999748e-03 7.257160060253688982e+00
-2.399999999999999790e-03 7.385464830850270168e+00
-1.919999999999999832e-03 7.379189054777574697e+00
-1.439999999999999874e-03 7.388875961834344253e+00
-9.599999999999999159e-04 7.447470901822494049e+00
-4.799999999999999580e-04 7.341502737847505067e+00
0.000000000000000000e+00 7.279721869882513019e+00
4.799999999999999580e-04 7.487895939476980622e+00
9.599999999999999159e-04 7.870338202485478440e+00
1.439999999999999874e-03 7.530891691209452787e+00
1.919999999999999832e-03 7.179282103298656459e+00
2.399999999999999790e-03 7.396395985542168816e+00
2.879999999999999748e-03 7.555885459042062102e+00
3.359999999999999706e-03 7.714180498065696057e+00
3.839999999999999664e-03 7.476936482113386795e+00
4.319999999999999188e-03 7.174832151514949352e+00
4.799999999999999580e-03 7.233306655066538582e+00
5.279999999999999971e-03 7.329455181225130289e+00
5.759999999999999495e-03 7.332686468519486134e+00
6.239999999999999020e-03 7.246702097890315386e+00
6.719999999999999411e-03 7.298859556851925667e+00
7.199999999999999803e-03 7.412451162341611166e+00
7.679999999999999327e-03 7.199005158117062209e+00
8.159999999999998851e-03 7.248548738431725980e+00
8.639999999999998376e-03 7.334555490913711395e+00
9.119999999999999635e-03 7.006024712168730240e+00
9.599999999999999159e-03 4.278943514112897084e+00
1.007999999999999868e-02 -4.228226447142736433e+00
1.055999999999999994e-02 -2.209778855174097245e+01
1.103999999999999947e-02 -3.207313225373818000e+01
1.151999999999999899e-02 -3.625629864627777010e+01
1.199999999999999852e-02 -3.960560657194557166e+01
1.247999999999999804e-02 -4.205682166073140138e+01
1.295999999999999930e-02 -4.329765041249870450e+01
1.343999999999999882e-02 -4.388419699446568245e+01
1.391999999999999835e-02 -4.407406887158984432e+01
1.439999999999999961e-02 -4.422908173886571603e+01
1.487999999999999913e-02 -4.459076133854087232e+01
1.535999999999999865e-02 -4.470024881989576926e+01
1.583999999999999991e-02 -4.489355312616950044e+01
1.631999999999999770e-02 -4.547810716877822301e+01
1.679999999999999896e-02 -4.558734133259307697e+01
1.727999999999999675e-02 -4.572858326527559569e+01
1.775999999999999801e-02 -4.598482685968968298e+01
1.823999999999999927e-02 -4.603891732756187594e+01
1.871999999999999706e-02 -4.619603307890595545e+01
1.919999999999999832e-02 -4.648618675685571588e+01
1.967999999999999958e-02 -4.661663621177143568e+01
2.015999999999999737e-02 -4.674832636773264483e+01
2.063999999999999863e-02 -4.676789842797599306e+01
2.111999999999999988e-02 -4.718291773613616158e+01
2.159999999999999767e-02 -4.720705093933020180e+01
2.207999999999999893e-02 -4.713894025395939025e+01
2.255999999999999672e-02 -4.720115233710113500e+01
2.303999999999999798e-02 -4.751977092200527863e+01
2.351999999999999924e-02 -4.745303377845858250e+01
2.399999999999999703e-02 -4.751053411908599600e+01
2.447999999999999829e-02 -4.763262207062290798e+01
2.495999999999999608e-02 -4.762367094686028679e+01
2.543999999999999734e-02 -4.779954025665734463e+01
2.591999999999999860e-02 -4.765259839926418550e+01
2.639999999999999639e-02 -4.749653806421754609e+01
2.687999999999999765e-02 -4.786434038433085902e+01
2.735999999999999890e-02 -4.825510248726936169e+01
2.783999999999999669e-02 -4.820161747790769624e+01
2.831999999999999795e-02 -4.827193966718322571e+01
2.879999999999999921e-02 -4.840914196886601673e+01
2.927999999999999700e-02 -4.863656952541549572e+01
2.975999999999999826e-02 -4.890051472664926280e+01
3.023999999999999605e-02 -4.869580870047342103e+01
3.071999999999999731e-02 -4.852990498452125934e+01
3.119999999999999857e-02 -4.856461481157747073e+01
3.167999999999999983e-02 -4.862046793849213344e+01
3.215999999999999415e-02 -4.883918284347981142e+01
3.263999999999999541e-02 -4.907488824369578850e+01
3.311999999999999666e-02 -4.902949365532381876e+01
3.359999999999999792e-02 -4.910002236693743072e+01
3.407999999999999918e-02 -4.901571193774979918e+01
3.455999999999999350e-02 -4.902127428806259246e+01
3.503999999999999476e-02 -4.929181465458906075e+01
3.551999999999999602e-02 -4.934455796564661512e+01
3.599999999999999728e-02 -4.915159851696814997e+01
3.647999999999999854e-02 -4.915479507634259448e+01
3.695999999999999980e-02 -4.941745719019127137e+01
3.743999999999999412e-02 -4.983371095188388722e+01
3.791999999999999538e-02 -4.992807347699601905e+01
3.839999999999999664e-02 -4.979305266101239624e+01
3.887999999999999790e-02 -4.984493948890938952e+01
3.935999999999999915e-02 -5.001829697233115724e+01
3.983999999999999347e-02 -5.015583982301939159e+01
4.031999999999999473e-02 -5.028948007096361295e+01
4.079999999999999599e-02 -5.036634404276885846e+01
4.127999999999999725e-02 -5.043470664546347138e+01
4.175999999999999851e-02 -5.036962427628268557e+01
4.223999999999999977e-02 -5.049780543092228413e+01
4.271999999999999409e-02 -5.001194513445160084e+01
4.319999999999999535e-02 -4.986356234776850727e+01
4.367999999999999661e-02 -4.988581120854212259e+01
4.415999999999999787e-02 -4.961610408126297500e+01
4.463999999999999913e-02 -4.935513506774509551e+01
4.511999999999999345e-02 -4.939078080025795003e+01
4.559999999999999470e-02 -4.902796280561220499e+01
4.607999999999999596e-02 -4.893075169232134414e+01
4.655999999999999722e-02 -4.884643069314800812e+01
4.703999999999999848e-02 -4.820008566711683784e+01
4.751999999999999280e-02 -4.800279180331714457e+01
4.799999999999999406e-02 -4.805471447965129528e+01
4.847999999999999532e-02 -4.789348335331108331e+01
4.895999999999999658e-02 -4.863071947295924247e+01
4.943999999999999784e-02 -5.054009194043375430e+01
4.991999999999999216e-02 -5.138295651836958911e+01
5.039999999999999342e-02 -5.164485987313610593e+01
5.087999999999999468e-02 -5.185068692552768255e+01
5.135999999999999593e-02 -5.215835004994428914e+01
5.183999999999999719e-02 -5.219308423245993822e+01
5.231999999999999845e-02 -5.225002336872407227e+01
5.279999999999999277e-02 -5.203906177047957726e+01
5.327999999999999403e-02 -5.219476534194669171e+01
5.375999999999999529e-02 -5.252039872288780487e+01
5.423999999999999655e-02 -5.264238460775943196e+01
5.471999999999999781e-02 -5.284928125914338182e+01
5.519999999999999213e-02 -5.297855536819446343e+01
5.567999999999999339e-02 -5.298409698724860561e+01
5.615999999999999465e-02 -5.299426374514715121e+01
5.663999999999999591e-02 -5.322155169106385131e+01
5.711999999999999716e-02 -5.340788630958208927e+01
5.759999999999999842e-02 -5.330887788328912080e+01
5.807999999999999274e-02 -5.329039173015618758e+01
5.855999999999999400e-02 -4.970482137821350221e+01
5.903999999999999526e-02 -4.804250789351198137e+01
5.951999999999999652e-02 -5.189357955391723465e+01
5.999999999999999778e-02 -5.418644427449787315e+01
6.047999999999999210e-02 -5.402294615541553924e+01
6.095999999999999336e-02 -5.413674823226593702e+01
6.143999999999999462e-02 -5.447019909659601922e+01
6.191999999999999588e-02 -5.487429717125672113e+01
6.239999999999999714e-02 -5.502588128292537561e+01
6.287999999999999146e-02 -5.519067228558269989e+01
6.335999999999999965e-02 -5.540424448473531527e+01
6.383999999999999397e-02 -5.564930390532821747e+01
6.431999999999998829e-02 -5.590040077073167879e+01
6.479999999999999649e-02 -5.611058274266724766e+01
6.527999999999999081e-02 -5.603895018046075904e+01
6.575999999999999901e-02 -5.594721367219344188e+01
6.623999999999999333e-02 -5.610863079370805195e+01
6.671999999999998765e-02 -5.640748106289034070e+01
6.719999999999999585e-02 -5.662100427989692975e+01
6.767999999999999017e-02 -5.690856374395649908e+01
6.815999999999999837e-02 -5.689833452505369138e+01
6.863999999999999269e-02 -5.698324632794979294e+01
6.911999999999998701e-02 -5.709077588617610388e+01
6.959999999999999520e-02 -5.720577108082962781e+01
7.007999999999998952e-02 -5.724831595352488023e+01
7.055999999999999772e-02 -5.773929109156954098e+01
7.103999999999999204e-02 -5.814818275543299109e+01
7.152000000000000024e-02 -5.793090702023539507e+01
7.199999999999999456e-02 -5.806785170928429807e+01
7.247999999999998888e-02 -5.809628192472418107e+01
7.295999999999999708e-02 -5.816263725538806995e+01
7.343999999999999140e-02 -5.853069189896098123e+01
7.391999999999999960e-02 -5.868052700518990861e+01
7.439999999999999392e-02 -5.859550532059053296e+01
7.487999999999998824e-02 -5.865210393305099501e+01
7.535999999999999643e-02 -5.870321417698658450e+01
7.583999999999999075e-02 -5.880592355244262137e+01
7.631999999999999895e-02 -5.881776905861283922e+01
7.679999999999999327e-02 -5.882754193484929317e+01
7.727999999999998759e-02 -5.942074799286945819e+01
7.775999999999999579e-02 -5.955339888246619040e+01
7.823999999999999011e-02 -5.942432599815496275e+01
7.871999999999999831e-02 -5.975159806890054170e+01
7.919999999999999263e-02 -5.991325701575431140e+01
7.967999999999998695e-02 -5.988511640200525221e+01
8.015999999999999515e-02 -6.011713885917144751e+01
8.063999999999998947e-02 -6.048826207219642015e+01
8.111999999999999766e-02 -6.038769133408302991e+01
8.159999999999999198e-02 -6.024671614892084648e+01
8.207999999999998630e-02 -6.042033594588300360e+01
8.255999999999999450e-02 -6.044958909673104586e+01
8.303999999999998882e-02 -6.046274002741676412e+01
8.351999999999999702e-02 -6.063229113788555935e+01
8.399999999999999134e-02 -6.080502739384491662e+01
8.447999999999999954e-02 -6.084951296039677970e+01
8.495999999999999386e-02 -6.096943586955761418e+01
8.543999999999998818e-02 -6.106086976836078151e+01
8.591999999999999638e-02 -6.108589012041778687e+01
8.639999999999999070e-02 -6.120763380617673732e+01
8.687999999999999889e-02 -6.114842808348571168e+01
8.735999999999999321e-02 -6.113228988042527590e+01
8.783999999999998753e-02 -6.147686791300978371e+01
8.831999999999999573e-02 -6.147648336950349801e+01
8.879999999999999005e-02 -6.143647207599493498e+01
8.927999999999999825e-02 -6.161943557839889252e+01
8.975999999999999257e-02 -6.162347885841967354e+01
9.023999999999998689e-02 -6.169104082597652194e+01
9.071999999999999509e-02 -6.144497721594427730e+01
9.119999999999998941e-02 -6.144364567015492185e+01
9.167999999999999761e-02 -6.173468196035445033e+01
9.215999999999999193e-02 -6.184287246449625286e+01
9.263999999999998625e-02 -6.186962848076213817e+01
9.311999999999999444e-02 -6.175002956922338626e+01
9.359999999999998876e-02 -6.175950092630947807e+01
9.407999999999999696e-02 -6.200032161623898475e+01
9.455999999999999128e-02 -6.202287160751681228e+01
9.503999999999998560e-02 -6.221921620148330589e+01
9.551999999999999380e-02 -6.185672336227842294e+01
9.599999999999998812e-02 -6.180347385017909545e+01
9.647999999999999632e-02 -6.216165374217116124e+01
9.695999999999999064e-02 -6.238970265050319597e+01
9.743999999999998496e-02 -6.237044502316224026e+01
9.791999999999999316e-02 -6.238297921933999390e+01
9.839999999999998748e-02 -6.258751390157040362e+01
9.887999999999999567e-02 -6.268502195750755135e+01
9.935999999999998999e-02 -6.256185231809038783e+01
9.983999999999998431e-02 -6.234390741191228358e+01
1.003199999999999925e-01 -6.239141157669672566e+01
1.007999999999999868e-01 -6.265206562568194926e+01
1.012799999999999950e-01 -6.276729179851980689e+01
1.017599999999999894e-01 -6.293881142104246607e+01
1.022399999999999975e-01 -6.308051899396308215e+01
1.027199999999999919e-01 -6.340300218364346563e+01
1.031999999999999862e-01 -6.386882830809014422e+01
1.036799999999999944e-01 -6.440984769501433505e+01
1.041599999999999887e-01 -6.466709843012881720e+01
1.046399999999999969e-01 -6.491266612852098206e+01
1.051199999999999912e-01 -6.538746026296364278e+01
1.055999999999999855e-01 -6.536227761544108716e+01
1.060799999999999937e-01 -6.562467427073893589e+01
1.065599999999999881e-01 -6.711113834067080575e+01
1.070399999999999963e-01 -6.778212005756924441e+01
1.075199999999999906e-01 -6.880547775840472013e+01
1.079999999999999849e-01 -6.970915718828037200e+01
1.084799999999999931e-01 -7.029303431048676032e+01
1.089599999999999874e-01 -7.107859773926000457e+01
1.094399999999999956e-01 -7.193637518850211165e+01
1.099199999999999899e-01 -7.262357219215209625e+01
1.103999999999999843e-01 -7.333162139496278087e+01
1.108799999999999925e-01 -7.392182472469089305e+01
1.113599999999999868e-01 -7.446966874434019701e+01
1.118399999999999950e-01 -7.518199194963027310e+01
1.123199999999999893e-01 -7.566051216462913942e+01
1.127999999999999836e-01 -7.549727001726250819e+01
1.132799999999999918e-01 -7.547061417039773801e+01
1.137599999999999861e-01 -7.572190756046418869e+01
1.142399999999999943e-01 -7.590966597288363005e+01
1.147199999999999886e-01 -7.622921630282480976e+01
1.151999999999999968e-01 -7.633622307199091495e+01
1.156799999999999912e-01 -7.621939796104592801e+01
1.161599999999999855e-01 -7.642773103674463187e+01
1.166399999999999937e-01 -7.660720265905041515e+01
1.171199999999999880e-01 -7.622044497657037709e+01
1.175999999999999962e-01 -7.614003257948995440e+01
1.180799999999999905e-01 -7.644014552766427073e+01
1.185599999999999848e-01 -7.622098022616124524e+01
1.190399999999999930e-01 -7.623074499773132118e+01
1.195199999999999874e-01 -7.636722931165272144e+01
1.199999999999999956e-01 -7.640441917645682679e+01
1.204799999999999899e-01 -7.629932327089140642e+01
1.209599999999999842e-01 -7.630141031034736443e+01
1.214399999999999924e-01 -7.644468534797996995e+01
1.219199999999999867e-01 -7.655070746075922727e+01
1.223999999999999949e-01 -7.647328598395387189e+01
