0.000000000000000000e+00 0.000000000000000000e+00
1.000000000000000000e+00 0.000000000000000000e+00
2.000000000000000000e+00 0.000000000000000000e+00
3.000000000000000000e+00 0.000000000000000000e+00
4.000000000000000000e+00 0.000000000000000000e+00
5.000000000000000000e+00 0.000000000000000000e+00
6.000000000000000000e+00 0.000000000000000000e+00
7.000000000000000000e+00 0.000000000000000000e+00
8.000000000000000000e+00 0.000000000000000000e+00
9.000000000000000000e+00 -1.109472656250000000e+01
1.000000000000000000e+01 0.000000000000000000e+00
1.100000000000000000e+01 1.109472656250000000e+01
1.200000000000000000e+01 0.000000000000000000e+00
1.300000000000000000e+01 -1.109472656250000000e+01
1.400000000000000000e+01 0.000000000000000000e+00
1.500000000000000000e+01 2.459277343750000000e+01
1.600000000000000000e+01 0.000000000000000000e+00
1.700000000000000000e+01 -6.631640625000000000e+01
1.800000000000000000e+01 0.000000000000000000e+00
1.900000000000000000e+01 1.326328125000000000e+02
2.000000000000000000e+01 0.000000000000000000e+00
2.100000000000000000e+01 -2.949765625000000000e+02
2.200000000000000000e+01 0.000000000000000000e+00
2.300000000000000000e+01 5.305312500000000000e+02
2.400000000000000000e+01 0.000000000000000000e+00
2.500000000000000000e+01 -1.024000000000000000e+03
2.600000000000000000e+01 0.000000000000000000e+00
2.700000000000000000e+01 1.852468750000000000e+03
2.800000000000000000e+01 0.000000000000000000e+00
2.900000000000000000e+01 -2.840250000000000000e+03
3.000000000000000000e+01 0.000000000000000000e+00
3.100000000000000000e+01 4.719625000000000000e+03
3.200000000000000000e+01 0.000000000000000000e+00
3.300000000000000000e+01 -7.409875000000000000e+03
3.400000000000000000e+01 0.000000000000000000e+00
3.500000000000000000e+01 1.136100000000000000e+04
3.600000000000000000e+01 0.000000000000000000e+00
3.700000000000000000e+01 -1.697700000000000000e+04
3.800000000000000000e+01 0.000000000000000000e+00
3.900000000000000000e+01 2.518300000000000000e+04
4.000000000000000000e+01 0.000000000000000000e+00
4.100000000000000000e+01 -3.775700000000000000e+04
4.200000000000000000e+01 0.000000000000000000e+00
4.300000000000000000e+01 5.927900000000000000e+04
4.400000000000000000e+01 0.000000000000000000e+00
4.500000000000000000e+01 -1.066080000000000000e+05
4.600000000000000000e+01 0.000000000000000000e+00
4.700000000000000000e+01 3.321940000000000000e+05
4.800000000000000000e+01 5.242880000000000000e+05
4.900000000000000000e+01 3.321940000000000000e+05
5.000000000000000000e+01 0.000000000000000000e+00
5.100000000000000000e+01 -1.066080000000000000e+05
5.200000000000000000e+01 0.000000000000000000e+00
5.300000000000000000e+01 5.927900000000000000e+04
5.400000000000000000e+01 0.000000000000000000e+00
5.500000000000000000e+01 -3.775700000000000000e+04
5.600000000000000000e+01 0.000000000000000000e+00
5.700000000000000000e+01 2.518300000000000000e+04
5.800000000000000000e+01 0.000000000000000000e+00
5.900000000000000000e+01 -1.697700000000000000e+04
6.000000000000000000e+01 0.000000000000000000e+00
6.100000000000000000e+01 1.136100000000000000e+04
6.200000000000000000e+01 0.000000000000000000e+00
6.300000000000000000e+01 -7.409875000000000000e+03
6.400000000000000000e+01 0.000000000000000000e+00
6.500000000000000000e+01 4.719625000000000000e+03
6.600000000000000000e+01 0.000000000000000000e+00
6.700000000000000000e+01 -2.840250000000000000e+03
6.800000000000000000e+01 0.000000000000000000e+00
6.900000000000000000e+01 1.852468750000000000e+03
7.000000000000000000e+01 0.000000000000000000e+00
7.100000000000000000e+01 -1.024000000000000000e+03
7.200000000000000000e+01 0.000000000000000000e+00
7.300000000000000000e+01 5.305312500000000000e+02
7.400000000000000000e+01 0.000000000000000000e+00
7.500000000000000000e+01 -2.949765625000000000e+02
7.600000000000000000e+01 0.000000000000000000e+00
7.700000000000000000e+01 1.326328125000000000e+02
7.800000000000000000e+01 0.000000000000000000e+00
7.900000000000000000e+01 -6.631640625000000000e+01
8.000000000000000000e+01 0.000000000000000000e+00
8.100000000000000000e+01 2.459277343750000000e+01
8.200000000000000000e+01 0.000000000000000000e+00
8.300000000000000000e+01 -1.109472656250000000e+01
8.400000000000000000e+01 0.000000000000000000e+00
8.500000000000000000e+01 1.109472656250000000e+01
8.600000000000000000e+01 0.000000000000000000e+00
8.700000000000000000e+01 -1.109472656250000000e+01
8.800000000000000000e+01 0.000000000000000000e+00
8.900000000000000000e+01 0.000000000000000000e+00
9.000000000000000000e+01 0.000000000000000000e+00
9.100000000000000000e+01 0.000000000000000000e+00
9.200000000000000000e+01 0.000000000000000000e+00
9.300000000000000000e+01 0.000000000000000000e+00
9.400000000000000000e+01 0.000000000000000000e+00
9.500000000000000000e+01 0.000000000000000000e+00
9.600000000000000000e+01 0.000000000000000000e+00
