-1.228799999999999892e-01 -7.452610943254418885e+01
-1.223999999999999949e-01 -7.462074719293330816e+01
-1.219199999999999867e-01 -7.481298074630561246e+01
-1.214399999999999924e-01 -7.476612124943881099e+01
-1.209599999999999842e-01 -7.471480540744282450e+01
-1.204799999999999899e-01 -7.479552286848728215e+01
-1.199999999999999956e-01 -7.485077662225779704e+01
-1.195199999999999874e-01 -7.474474574759007339e+01
-1.190399999999999930e-01 -7.475115389339539718e+01
-1.185599999999999848e-01 -7.487516074996548809e+01
-1.180799999999999905e-01 -7.478480893922792916e+01
-1.175999999999999962e-01 -7.471793444688833574e+01
-1.171199999999999880e-01 -7.468894754420927029e+01
-1.166399999999999937e-01 -7.472867442662739279e+01
-1.161599999999999855e-01 -7.472889115033331109e+01
-1.156799999999999912e-01 -7.460594300802783607e+01
-1.151999999999999968e-01 -7.459970858049821629e+01
-1.147199999999999886e-01 -7.453862742341132730e+01
-1.142399999999999943e-01 -7.454411474633567991e+01
-1.137599999999999861e-01 -7.469401015964206181e+01
-1.132799999999999918e-01 -7.474842194463953149e+01
-1.127999999999999836e-01 -7.460813528112231552e+01
-1.123199999999999893e-01 -7.419600935265772534e+01
-1.118399999999999950e-01 -7.387701171020881930e+01
-1.113599999999999868e-01 -7.364119241191519905e+01
-1.108799999999999925e-01 -7.339356158029325172e+01
-1.103999999999999843e-01 -7.312517792743810219e+01
-1.099199999999999899e-01 -7.260421331142576662e+01
-1.094399999999999956e-01 -7.162307238538694776e+01
-1.089599999999999874e-01 -7.052613031333842741e+01
-1.084799999999999931e-01 -6.988070636383619672e+01
-1.079999999999999849e-01 -6.922322727858878011e+01
-1.075199999999999906e-01 -6.838608459890129154e+01
-1.070399999999999963e-01 -6.774295575048196838e+01
-1.065599999999999881e-01 -6.705968067266978494e+01
-1.060799999999999937e-01 -6.632343863752089419e+01
-1.055999999999999855e-01 -6.555633368706405406e+01
-1.051199999999999912e-01 -6.470620378520629856e+01
-1.046399999999999969e-01 -6.452212220952856114e+01
-1.041599999999999887e-01 -6.430709954065501677e+01
-1.036799999999999944e-01 -6.379096729313648240e+01
-1.031999999999999862e-01 -6.344060190562552037e+01
-1.027199999999999919e-01 -6.341987355009574401e+01
-1.022399999999999975e-01 -6.294128838187593544e+01
-1.017599999999999894e-01 -6.261421592567700145e+01
-1.012799999999999950e-01 -6.242376823541454200e+01
-1.007999999999999868e-01 -6.246543309921805331e+01
-1.003199999999999925e-01 -6.253825395448841817e+01
-9.983999999999998431e-02 -6.240608818328978913e+01
-9.935999999999998999e-02 -6.226149699503238821e+01
-9.887999999999999567e-02 -6.237072272400819628e+01
-9.839999999999998748e-02 -6.254279377760479264e+01
-9.791999999999999316e-02 -6.243081164141150907e+01
-9.743999999999998496e-02 -6.227855391141653030e+01
-9.695999999999999064e-02 -6.220008585526635869e+01
-9.647999999999999632e-02 -6.186585550976080583e+01
-9.599999999999998812e-02 -6.172404182519336047e+01
-9.551999999999999380e-02 -6.182862287278524605e+01
-9.503999999999998560e-02 -6.188110916548140494e+01
-9.455999999999999128e-02 -6.206307644946735991e+01
-9.407999999999999696e-02 -6.211076018813695043e+01
-9.359999999999998876e-02 -6.182862471518616587e+01
-9.311999999999999444e-02 -6.175969713605137201e+01
-9.263999999999998625e-02 -6.191382998735919330e+01
-9.215999999999999193e-02 -6.189476453590369687e+01
-9.167999999999999761e-02 -6.173909946013729666e+01
-9.119999999999998941e-02 -6.149928884020475550e+01
-9.071999999999999509e-02 -6.135840683287123909e+01
-9.023999999999998689e-02 -6.175285032381020756e+01
-8.975999999999999257e-02 -6.172417148408759147e+01
-8.927999999999999825e-02 -6.132890959192893376e+01
-8.879999999999999005e-02 -6.119407978588214547e+01
-8.831999999999999573e-02 -6.123345549358492690e+01
-8.783999999999998753e-02 -6.131868570220632364e+01
-8.735999999999999321e-02 -6.142901617830128203e+01
-8.687999999999999889e-02 -6.105250691516674522e+01
-8.639999999999999070e-02 -6.086972635016622490e+01
-8.591999999999999638e-02 -6.075829960856800227e+01
-8.543999999999998818e-02 -6.085246515081653484e+01
-8.495999999999999386e-02 -6.103152483181374777e+01
-8.447999999999999954e-02 -6.111601222326791572e+01
-8.399999999999999134e-02 -6.109661026577378351e+01
-8.351999999999999702e-02 -6.101739182328195454e+01
-8.303999999999998882e-02 -6.086475001084204450e+01
-8.255999999999999450e-02 -6.079410139335828944e+01
-8.207999999999998630e-02 -6.047010100430814106e+01
-8.159999999999999198e-02 -6.035644274395964004e+01
-8.111999999999999766e-02 -6.032223699570720754e+01
-8.063999999999998947e-02 -6.032159811241995584e+01
-8.015999999999999515e-02 -6.016343059125169646e+01
-7.967999999999998695e-02 -6.011816792185601344e+01
-7.919999999999999263e-02 -6.039266097628772201e+01
-7.871999999999999831e-02 -6.031669890313000337e+01
-7.823999999999999011e-02 -6.021101181630355370e+01
-7.775999999999999579e-02 -6.034375358546293455e+01
-7.727999999999998759e-02 -6.017095405380501205e+01
-7.679999999999999327e-02 -5.974964798163151158e+01
-7.631999999999999895e-02 -5.950545425087903340e+01
-7.583999999999999075e-02 -5.958800976373345293e+01
-7.535999999999999643e-02 -5.959039313086491774e+01
-7.487999999999998824e-02 -5.958553119020415778e+01
-7.439999999999999392e-02 -5.943614836221716047e+01
-7.391999999999999960e-02 -5.901137100050787865e+01
-7.343999999999999140e-02 -5.886727633694906103e+01
-7.295999999999999708e-02 -5.877069582438195994e+01
-7.247999999999998888e-02 -5.872824045255236314e+01
-7.199999999999999456e-02 -5.851854387716382178e+01
-7.152000000000000024e-02 -5.846848332415759586e+01
-7.103999999999999204e-02 -5.828885069259015239e+01
-7.055999999999999772e-02 -5.821195960668977420e+01
-7.007999999999998952e-02 -5.814253846829888772e+01
-6.959999999999999520e-02 -5.786001369231905045e+01
-6.911999999999998701e-02 -5.766667801047069730e+01
-6.863999999999999269e-02 -5.766499492269154814e+01
-6.815999999999999837e-02 -5.737029074659652395e+01
-6.767999999999999017e-02 -5.712096341118176213e+01
-6.719999999999999585e-02 -5.690243047195067305e+01
-6.671999999999998765e-02 -5.687786511165168690e+01
-6.623999999999999333e-02 -5.693853834942083836e+01
-6.575999999999999901e-02 -5.686084214352391797e+01
-6.527999999999999081e-02 -5.654494460828963298e+01
-6.479999999999999649e-02 -5.643440443990854760e+01
-6.431999999999998829e-02 -5.643991090710443359e+01
-6.383999999999999397e-02 -5.583811006457798953e+01
-6.335999999999999965e-02 -5.577178465230164761e+01
-6.287999999999999146e-02 -5.573951113081299980e+01
-6.239999999999999714e-02 -5.561131759127409424e+01
-6.191999999999999588e-02 -5.549009502216566148e+01
-6.143999999999999462e-02 -5.517478294893788870e+01
-6.095999999999999336e-02 -5.496924942277207293e+01
-6.047999999999999210e-02 -5.459037903329662811e+01
-5.999999999999999778e-02 -5.449294699893987115e+01
-5.951999999999999652e-02 -5.463627293319272837e+01
-5.903999999999999526e-02 -5.441708848382616281e+01
-5.855999999999999400e-02 -5.375588168744491924e+01
-5.807999999999999274e-02 -5.338553055868026576e+01
-5.759999999999999842e-02 -5.333213552641452537e+01
-5.711999999999999716e-02 -5.308489700856654991e+01
-5.663999999999999591e-02 -5.268022711369044941e+01
-5.615999999999999465e-02 -5.212269260082142353e+01
-5.567999999999999339e-02 -5.175389418355594273e+01
-5.519999999999999213e-02 -5.162934452582117473e+01
-5.471999999999999781e-02 -5.159642432662573697e+01
-5.423999999999999655e-02 -5.159321761376887139e+01
-5.375999999999999529e-02 -5.136910141609772040e+01
-5.327999999999999403e-02 -5.107231011131256082e+01
-5.279999999999999277e-02 -5.073666418131085720e+01
-5.231999999999999845e-02 -5.074434550620718198e+01
-5.183999999999999719e-02 -5.076257374207945361e+01
-5.135999999999999593e-02 -5.010390934583899991e+01
-5.087999999999999468e-02 -4.970770010104160264e+01
-5.039999999999999342e-02 -4.946273677133797264e+01
-4.991999999999999216e-02 -4.909579397901524089e+01
-4.943999999999999784e-02 -4.851956208328005005e+01
-4.895999999999999658e-02 -4.801132359563055019e+01
-4.847999999999999532e-02 -4.803474715501668868e+01
-4.799999999999999406e-02 -4.800961367334930685e+01
-4.751999999999999280e-02 -4.773819941109703535e+01
-4.703999999999999848e-02 -4.754682428994713206e+01
-4.655999999999999722e-02 -4.710988683118735310e+01
-4.607999999999999596e-02 -4.694428023902535330e+01
-4.559999999999999470e-02 -4.663614295245211849e+01
-4.511999999999999345e-02 -4.624883802674267486e+01
-4.463999999999999913e-02 -4.598144907960851668e+01
-4.415999999999999787e-02 -4.560705711032068166e+01
-4.367999999999999661e-02 -4.512043367433940944e+01
-4.319999999999999535e-02 -4.476714322249964084e+01
-4.271999999999999409e-02 -4.440950989129494531e+01
-4.223999999999999977e-02 -4.412331136201871828e+01
-4.175999999999999851e-02 -4.365506293386785330e+01
-4.127999999999999725e-02 -4.329564156957832211e+01
-4.079999999999999599e-02 -4.325702749568493743e+01
-4.031999999999999473e-02 -4.286798432347946175e+01
-3.983999999999999347e-02 -4.271708439541738755e+01
-3.935999999999999915e-02 -4.232230826778258859e+01
-3.887999999999999790e-02 -4.172228722452916827e+01
-3.839999999999999664e-02 -4.142206664281808770e+01
-3.791999999999999538e-02 -4.124250044817264893e+01
-3.743999999999999412e-02 -4.102919796174455769e+01
-3.695999999999999980e-02 -4.081901423220553227e+01
-3.647999999999999854e-02 -4.077032829894417176e+01
-3.599999999999999728e-02 -4.064917730752851810e+01
-3.551999999999999602e-02 -3.993686410433594602e+01
-3.503999999999999476e-02 -3.948963826029081758e+01
-3.455999999999999350e-02 -3.951614838113887629e+01
-3.407999999999999918e-02 -3.904102796380386309e+01
-3.359999999999999792e-02 -3.877984160011673964e+01
-3.311999999999999666e-02 -3.865069256226149719e+01
-3.263999999999999541e-02 -3.840671163217015760e+01
-3.215999999999999415e-02 -3.814851384361602271e+01
-3.167999999999999983e-02 -3.814698192144260247e+01
-3.119999999999999857e-02 -3.776706316778729899e+01
-3.071999999999999731e-02 -3.741692857246820125e+01
-3.023999999999999605e-02 -3.720326721117172042e+01
-2.975999999999999826e-02 -3.688121885481146478e+01
-2.927999999999999700e-02 -3.644136520799931844e+01
-2.879999999999999921e-02 -3.614102813282813287e+01
-2.831999999999999795e-02 -3.609579446943046577e+01
-2.783999999999999669e-02 -3.622032409699306044e+01
-2.735999999999999890e-02 -3.581913088543825552e+01
-2.687999999999999765e-02 -3.500202188548756510e+01
-2.639999999999999639e-02 -3.442645388104804738e+01
-2.591999999999999860e-02 -3.435360157953758886e+01
-2.543999999999999734e-02 -3.409554723221902606e+01
-2.495999999999999608e-02 -3.363357676100672222e+01
-2.447999999999999829e-02 -3.318692377624962120e+01
-2.399999999999999703e-02 -3.269941990224084094e+01
-2.351999999999999924e-02 -3.241349801660624053e+01
-2.303999999999999798e-02 -3.219978897540391216e+01
-2.255999999999999672e-02 -3.184290939663610942e+01
-2.207999999999999893e-02 -3.163807478181880484e+01
-2.159999999999999767e-02 -3.111100682821524543e+01
-2.111999999999999988e-02 -3.071740203509977007e+01
-2.063999999999999863e-02 -3.048773390502930170e+01
-2.015999999999999737e-02 -3.013784441786409474e+01
-1.967999999999999958e-02 -2.969281582999424529e+01
-1.919999999999999832e-02 -2.940527236547831080e+01
-1.871999999999999706e-02 -2.883811322158297585e+01
-1.823999999999999927e-02 -2.885099046675425072e+01
-1.775999999999999801e-02 -2.866346261750041435e+01
-1.727999999999999675e-02 -2.802474395446815691e+01
-1.679999999999999896e-02 -2.745107884971049117e+01
-1.631999999999999770e-02 -2.701816148252835248e+01
-1.583999999999999991e-02 -2.673778663122391919e+01
-1.535999999999999865e-02 -2.659482317903371040e+01
-1.487999999999999913e-02 -2.638938754889331051e+01
-1.439999999999999961e-02 -2.620963873562535440e+01
-1.391999999999999835e-02 -2.599312324398874807e+01
-1.343999999999999882e-02 -2.576289218505089096e+01
-1.295999999999999930e-02 -2.545935893274145201e+01
-1.247999999999999804e-02 -2.514314710029048072e+01
-1.199999999999999852e-02 -2.488636418610148127e+01
-1.151999999999999899e-02 -2.460761354722392724e+01
-1.103999999999999947e-02 -2.410327876011791659e+01
-1.055999999999999994e-02 -2.005797128404588392e+01
-1.007999999999999868e-02 -3.878468094231525942e+00
-9.599999999999999159e-03 4.449739684492095115e+00
-9.119999999999999635e-03 7.051463566480345335e+00
-8.639999999999998376e-03 7.252176424660663479e+00
-8.159999999999998851e-03 7.257516272853706596e+00
-7.679999999999999327e-03 7.429267928123639564e+00
-7.199999999999999803e-03 7.520528813533910117e+00
-6.719999999999999411e-03 7.359744992735252289e+00
-6.239999999999999020e-03 7.399103472681862748e+00
-5.759999999999999495e-03 7.547106117672309544e+00
-5.279999999999999971e-03 7.533085256434900678e+00
-4.799999999999999580e-03 7.567078840330535350e+00
-4.319999999999999188e-03 7.347283699582042971e+00
-3.839999999999999664e-03 7.229550177384490794e+00
-3.359999999999999706e-03 7.216452746737184398e+00
-2.879999999999999748e-03 7.196845844410429294e+00
-2.399999999999999790e-03 7.319968260052162279e+00
-1.919999999999999832e-03 7.292986819973980239e+00
-1.439999999999999874e-03 7.297685648781789602e+00
-9.599999999999999159e-04 7.349896456318704807e+00
-4.799999999999999580e-04 7.225869196377049164e+00
0.000000000000000000e+00 7.156270705675185084e+00
4.799999999999999580e-04 7.364742345558640935e+00
9.599999999999999159e-04 7.746037799090608189e+00
1.439999999999999874e-03 7.390849363522351112e+00
1.919999999999999832e-03 7.014022218159022160e+00
2.399999999999999790e-03 7.219766226972631706e+00
2.879999999999999748e-03 7.385187730277623430e+00
3.359999999999999706e-03 7.549419876646742189e+00
3.839999999999999664e-03 7.308218761749300185e+00
4.319999999999999188e-03 6.980160036098427057e+00
4.799999999999999580e-03 7.022915297957679215e+00
5.279999999999999971e-03 7.131321296134026433e+00
5.759999999999999495e-03 7.118290330930101106e+00
6.239999999999999020e-03 7.018058257239036202e+00
6.719999999999999411e-03 7.054306468997689983e+00
7.199999999999999803e-03 7.159434934561724972e+00
7.679999999999999327e-03 6.947753974190039372e+00
8.159999999999998851e-03 6.995407021797232616e+00
8.639999999999998376e-03 7.070906609305710688e+00
9.119999999999999635e-03 6.728275528551764140e+00
9.599999999999999159e-03 4.008051270318947701e+00
1.007999999999999868e-02 -4.459208727856537102e+00
1.055999999999999994e-02 -2.035012595851245010e+01
1.103999999999999947e-02 -2.401227778004632540e+01
1.151999999999999899e-02 -2.452167506283586818e+01
1.199999999999999852e-02 -2.486435746052264761e+01
1.247999999999999804e-02 -2.532821363614354482e+01
1.295999999999999930e-02 -2.541173908210414822e+01
1.343999999999999882e-02 -2.562867002465932487e+01
1.391999999999999835e-02 -2.608214247440162836e+01
1.439999999999999961e-02 -2.671537084640337412e+01
1.487999999999999913e-02 -2.709609117021833669e+01
1.535999999999999865e-02 -2.698774024482948164e+01
1.583999999999999991e-02 -2.715639781604505743e+01
1.631999999999999770e-02 -2.740943032846832139e+01
1.679999999999999896e-02 -2.800903464546325949e+01
1.727999999999999675e-02 -2.843050658063985381e+01
1.775999999999999801e-02 -2.884610170993219569e+01
1.823999999999999927e-02 -2.924023424092851897e+01
1.871999999999999706e-02 -2.950076590634191120e+01
1.919999999999999832e-02 -3.002947440915779609e+01
1.967999999999999958e-02 -3.047587560171049859e+01
2.015999999999999737e-02 -3.087610620489979851e+01
2.063999999999999863e-02 -3.115620025620545519e+01
2.111999999999999988e-02 -3.147253491979274287e+01
2.159999999999999767e-02 -3.191386373192293746e+01
2.207999999999999893e-02 -3.222938609323876591e+01
2.255999999999999672e-02 -3.315362866808628439e+01
2.303999999999999798e-02 -3.368834345155686094e+01
2.351999999999999924e-02 -3.396086244671555221e+01
2.399999999999999703e-02 -3.451691896837016316e+01
2.447999999999999829e-02 -3.493246400977362498e+01
2.495999999999999608e-02 -3.533414512882401937e+01
2.543999999999999734e-02 -3.609671820227321604e+01
2.591999999999999860e-02 -3.649498727719253566e+01
2.639999999999999639e-02 -3.677124985752581665e+01
2.687999999999999765e-02 -3.730001805884344890e+01
2.735999999999999890e-02 -3.793435998660633146e+01
2.783999999999999669e-02 -3.861630071408914233e+01
2.831999999999999795e-02 -3.919366501064965291e+01
2.879999999999999921e-02 -3.952826696968972442e+01
2.927999999999999700e-02 -3.944316849902934052e+01
2.975999999999999826e-02 -3.944778146876742397e+01
3.023999999999999605e-02 -3.975511665383282178e+01
3.071999999999999731e-02 -4.015068190104722134e+01
3.119999999999999857e-02 -4.049423213124072163e+01
3.167999999999999983e-02 -4.066556777842100701e+01
3.215999999999999415e-02 -4.093439474769382258e+01
3.263999999999999541e-02 -4.116301501219811598e+01
3.311999999999999666e-02 -4.117316229195140664e+01
3.359999999999999792e-02 -4.177407142081640501e+01
3.407999999999999918e-02 -4.192644119951396675e+01
3.455999999999999350e-02 -4.197200589574549667e+01
3.503999999999999476e-02 -4.228204539324860178e+01
3.551999999999999602e-02 -4.256693776877690993e+01
3.599999999999999728e-02 -4.282182736994346328e+01
3.647999999999999854e-02 -4.306997749440363776e+01
3.695999999999999980e-02 -4.335837716460805780e+01
3.743999999999999412e-02 -4.355859717978798784e+01
3.791999999999999538e-02 -4.380868544790381236e+01
3.839999999999999664e-02 -4.435306525483422035e+01
3.887999999999999790e-02 -4.458326067771239565e+01
3.935999999999999915e-02 -4.479919483782942535e+01
3.983999999999999347e-02 -4.507078479932972215e+01
4.031999999999999473e-02 -4.534326708537362549e+01
4.079999999999999599e-02 -4.575560072953213364e+01
4.127999999999999725e-02 -4.620004199306582393e+01
4.175999999999999851e-02 -4.639020464383757769e+01
4.223999999999999977e-02 -4.642511566666626521e+01
4.271999999999999409e-02 -4.652030302849438925e+01
4.319999999999999535e-02 -4.704189877124393604e+01
4.367999999999999661e-02 -4.766890218487336028e+01
4.415999999999999787e-02 -4.800603345310673831e+01
4.463999999999999913e-02 -4.831872156634290860e+01
4.511999999999999345e-02 -4.831438464621448503e+01
4.559999999999999470e-02 -4.881165294400681631e+01
4.607999999999999596e-02 -4.895170519428941702e+01
4.655999999999999722e-02 -4.917887861086639134e+01
4.703999999999999848e-02 -4.956297396532520594e+01
4.751999999999999280e-02 -5.008820067643013374e+01
4.799999999999999406e-02 -5.033865352041139118e+01
4.847999999999999532e-02 -5.025615101863358092e+01
4.895999999999999658e-02 -5.054832889062831214e+01
4.943999999999999784e-02 -5.104746466348923661e+01
4.991999999999999216e-02 -5.149501824636593739e+01
5.039999999999999342e-02 -5.154691716412300906e+01
5.087999999999999468e-02 -5.159080176472912882e+01
5.135999999999999593e-02 -5.186844347130833199e+01
5.183999999999999719e-02 -5.241324795219248500e+01
5.231999999999999845e-02 -5.265183249718138114e+01
5.279999999999999277e-02 -5.250778374869965148e+01
5.327999999999999403e-02 -5.249468508471190376e+01
5.375999999999999529e-02 -5.289057842616406901e+01
5.423999999999999655e-02 -5.337544898021094752e+01
5.471999999999999781e-02 -5.356210735257044320e+01
5.519999999999999213e-02 -5.393507885579402483e+01
5.567999999999999339e-02 -5.423655744818705671e+01
5.615999999999999465e-02 -5.431922662799810553e+01
5.663999999999999591e-02 -5.436139797599052770e+01
5.711999999999999716e-02 -5.451354589151023333e+01
5.759999999999999842e-02 -5.489770783684973310e+01
5.807999999999999274e-02 -5.507406043786207306e+01
5.855999999999999400e-02 -5.534663277691456074e+01
5.903999999999999526e-02 -5.547607489088413502e+01
5.951999999999999652e-02 -5.538645074424140091e+01
5.999999999999999778e-02 -5.551215714473588747e+01
6.047999999999999210e-02 -5.595536229861716038e+01
6.095999999999999336e-02 -5.617686211841134991e+01
6.143999999999999462e-02 -5.612520249157718411e+01
6.191999999999999588e-02 -5.627633352638743247e+01
6.239999999999999714e-02 -5.662721694255012750e+01
6.287999999999999146e-02 -5.693781515333306942e+01
6.335999999999999965e-02 -5.731244835106292612e+01
6.383999999999999397e-02 -5.751361058731095710e+01
6.431999999999998829e-02 -5.728103898940424443e+01
6.479999999999999649e-02 -5.716743043380978406e+01
6.527999999999999081e-02 -5.744735572683340763e+01
6.575999999999999901e-02 -5.803961096303454070e+01
6.623999999999999333e-02 -5.812696226355099327e+01
6.671999999999998765e-02 -5.797025862870818003e+01
6.719999999999999585e-02 -5.810865424558093650e+01
6.767999999999999017e-02 -5.813325601357600192e+01
6.815999999999999837e-02 -5.802660705774855643e+01
6.863999999999999269e-02 -5.817002239794256724e+01
6.911999999999998701e-02 -5.849008376932075493e+01
6.959999999999999520e-02 -5.889112750486602721e+01
7.007999999999998952e-02 -5.894900023903172581e+01
7.055999999999999772e-02 -5.903812067217889137e+01
7.103999999999999204e-02 -5.898916278915064026e+01
7.152000000000000024e-02 -5.918411171332799370e+01
7.199999999999999456e-02 -5.944243702910402760e+01
7.247999999999998888e-02 -5.953784493238519815e+01
7.295999999999999708e-02 -5.945982661203505160e+01
7.343999999999999140e-02 -5.950924100856304477e+01
7.391999999999999960e-02 -5.957402695456656261e+01
7.439999999999999392e-02 -5.954616500650310940e+01
7.487999999999998824e-02 -5.947878917283639311e+01
7.535999999999999643e-02 -5.972347025380109642e+01
7.583999999999999075e-02 -5.994978874944124669e+01
7.631999999999999895e-02 -5.998546232816063650e+01
7.679999999999999327e-02 -6.033486125192330007e+01
7.727999999999998759e-02 -6.064813474027697993e+01
7.775999999999999579e-02 -6.064363273992541536e+01
7.823999999999999011e-02 -6.059682884946052894e+01
7.871999999999999831e-02 -6.052764583558477085e+01
7.919999999999999263e-02 -6.057203340295294680e+01
7.967999999999998695e-02 -6.058479033392396218e+01
8.015999999999999515e-02 -6.055676546873601751e+01
8.063999999999998947e-02 -6.067310495521599734e+01
8.111999999999999766e-02 -6.100938974800549630e+01
8.159999999999999198e-02 -6.107054821054718730e+01
8.207999999999998630e-02 -6.090548436519527087e+01
8.255999999999999450e-02 -6.092840098423758377e+01
8.303999999999998882e-02 -6.111383695686492246e+01
8.351999999999999702e-02 -6.096954079310943797e+01
8.399999999999999134e-02 -6.076206572092206670e+01
8.447999999999999954e-02 -6.074917480521034463e+01
8.495999999999999386e-02 -6.076763411356302669e+01
8.543999999999998818e-02 -6.072752005049299129e+01
8.591999999999999638e-02 -6.088538507189224447e+01
8.639999999999999070e-02 -6.123364385339041860e+01
8.687999999999999889e-02 -6.131218059102485540e+01
8.735999999999999321e-02 -6.148370764368517882e+01
8.783999999999998753e-02 -6.149825000162544342e+01
8.831999999999999573e-02 -6.142955995993686713e+01
8.879999999999999005e-02 -6.170229352595838890e+01
8.927999999999999825e-02 -6.176122590646318855e+01
8.975999999999999257e-02 -6.151219282299089031e+01
9.023999999999998689e-02 -6.176642275581460950e+01
9.071999999999999509e-02 -6.171697244926554049e+01
9.119999999999998941e-02 -6.153914454083231078e+01
9.167999999999999761e-02 -6.171184304315632119e+01
9.215999999999999193e-02 -6.173967383608656689e+01
9.263999999999998625e-02 -6.188462044099938453e+01
9.311999999999999444e-02 -6.213850249440487516e+01
9.359999999999998876e-02 -6.173299703506010161e+01
9.407999999999999696e-02 -6.183647747554944374e+01
9.455999999999999128e-02 -6.184782357045149581e+01
9.503999999999998560e-02 -6.216735717029958153e+01
9.551999999999999380e-02 -6.197311027676760631e+01
9.599999999999998812e-02 -6.195859750566825142e+01
9.647999999999999632e-02 -6.208909094051229971e+01
9.695999999999999064e-02 -6.199538869009007414e+01
9.743999999999998496e-02 -6.172484875813325544e+01
9.791999999999999316e-02 -6.151664976161548992e+01
9.839999999999998748e-02 -6.162073515502299870e+01
9.887999999999999567e-02 -6.172860919876535490e+01
9.935999999999998999e-02 -6.204143612204890701e+01
9.983999999999998431e-02 -6.215506434748850495e+01
1.003199999999999925e-01 -6.212624063104586014e+01
1.007999999999999868e-01 -6.211158367871450992e+01
1.012799999999999950e-01 -6.224576416971353154e+01
1.017599999999999894e-01 -6.246129355798011318e+01
1.022399999999999975e-01 -6.261837418717367143e+01
1.027199999999999919e-01 -6.300780661429038076e+01
1.031999999999999862e-01 -6.333940195856914812e+01
1.036799999999999944e-01 -6.340531668893714823e+01
1.041599999999999887e-01 -6.351948338784441717e+01
1.046399999999999969e-01 -6.391267252522244746e+01
1.051199999999999912e-01 -6.434497161400035736e+01
1.055999999999999855e-01 -6.353090912483949637e+01
1.060799999999999937e-01 -6.262004091448055476e+01
1.065599999999999881e-01 -6.483571979063751201e+01
1.070399999999999963e-01 -6.670275936224751945e+01
1.075199999999999906e-01 -6.732541327476569393e+01
1.079999999999999849e-01 -6.808854264174719617e+01
1.084799999999999931e-01 -6.905428829453134654e+01
1.089599999999999874e-01 -6.998839490423479504e+01
1.094399999999999956e-01 -7.088848456656666031e+01
1.099199999999999899e-01 -7.140732427998784715e+01
1.103999999999999843e-01 -7.229113841150113728e+01
1.108799999999999925e-01 -7.297559001234932907e+01
1.113599999999999868e-01 -7.396521556135486719e+01
1.118399999999999950e-01 -7.438826334594887157e+01
1.123199999999999893e-01 -7.426533884915343720e+01
1.127999999999999836e-01 -7.440643924754384386e+01
1.132799999999999918e-01 -7.459658678776253282e+01
1.137599999999999861e-01 -7.457630995298390530e+01
1.142399999999999943e-01 -7.470843269289538569e+01
1.147199999999999886e-01 -7.479924870950856075e+01
1.151999999999999968e-01 -7.475846118046307254e+01
1.156799999999999912e-01 -7.491563812741023298e+01
1.161599999999999855e-01 -7.497976916247347390e+01
1.166399999999999937e-01 -7.491512906114957104e+01
1.171199999999999880e-01 -7.473762630207710345e+01
1.175999999999999962e-01 -7.456516247181077972e+01
1.180799999999999905e-01 -7.461912944479554710e+01
1.185599999999999848e-01 -7.454544411192874520e+01
1.190399999999999930e-01 -7.472902932608620574e+01
1.195199999999999874e-01 -7.465359744083394844e+01
1.199999999999999956e-01 -7.465126401643436793e+01
1.204799999999999899e-01 -7.456905734298150890e+01
1.209599999999999842e-01 -7.465180824801815618e+01
1.214399999999999924e-01 -7.482085261916969898e+01
1.219199999999999867e-01 -7.487489406838125205e+01
1.223999999999999949e-01 -7.484477424881349350e+01
