-1.228799999999999955e+02 -9.900944633794311756e+01
-1.223999999999999915e+02 -9.910409008362167071e+01
-1.219200000000000017e+02 -9.929630392548700968e+01
-1.214399999999999977e+02 -9.924947547965943784e+01
-1.209599999999999937e+02 -9.919812804815373397e+01
-1.204799999999999898e+02 -9.927885467374827044e+01
-1.200000000000000000e+02 -9.933413634582420570e+01
-1.195199999999999960e+02 -9.922807611502902603e+01
-1.190399999999999920e+02 -9.923447181991298294e+01
-1.185600000000000023e+02 -9.935852119672173899e+01
-1.180799999999999983e+02 -9.926812810273693799e+01
-1.175999999999999943e+02 -9.920127950528375038e+01
-1.171199999999999903e+02 -9.917227954644334886e+01
-1.166400000000000006e+02 -9.921201741858745038e+01
-1.161599999999999966e+02 -9.921221659770910151e+01
-1.156799999999999926e+02 -9.908928686067866920e+01
-1.151999999999999886e+02 -9.908306417642083375e+01
-1.147199999999999989e+02 -9.902193227853021540e+01
-1.142399999999999949e+02 -9.902748652837131260e+01
-1.137599999999999909e+02 -9.917731610314680779e+01
-1.132800000000000011e+02 -9.923177439170954983e+01
-1.127999999999999972e+02 -9.909146430680456774e+01
-1.123199999999999932e+02 -9.867935240438234246e+01
-1.118399999999999892e+02 -9.836034544068327534e+01
-1.113599999999999994e+02 -9.812452932494440461e+01
-1.108799999999999955e+02 -9.787689866368287994e+01
-1.103999999999999915e+02 -9.760851744278417641e+01
-1.099200000000000017e+02 -9.708753263620883445e+01
-1.094399999999999977e+02 -9.610644285184180546e+01
-1.089599999999999937e+02 -9.500944288747180622e+01
-1.084799999999999898e+02 -9.436404989972585611e+01
-1.080000000000000000e+02 -9.370657523332845074e+01
-1.075199999999999960e+02 -9.286940561360226809e+01
-1.070399999999999920e+02 -9.222629476910044843e+01
-1.065600000000000023e+02 -9.154303501810056787e+01
-1.060799999999999983e+02 -9.080675435479740543e+01
-1.055999999999999943e+02 -9.003967570955555288e+01
-1.051199999999999903e+02 -8.918954173552779707e+01
-1.046400000000000006e+02 -8.900547100425319513e+01
-1.041599999999999966e+02 -8.879042719617532953e+01
-1.036799999999999926e+02 -8.827429352557862785e+01
-1.032000000000000028e+02 -8.792395824694409612e+01
-1.027199999999999989e+02 -8.790318850666714923e+01
-1.022399999999999949e+02 -8.742464461591075064e+01
-1.017599999999999909e+02 -8.709753855956826385e+01
-1.012800000000000011e+02 -8.690711138720487838e+01
-1.007999999999999972e+02 -8.694877120823596783e+01
-1.003199999999999932e+02 -8.702159056575872853e+01
-9.984000000000000341e+01 -8.688942227222051429e+01
-9.935999999999999943e+01 -8.674483773205481896e+01
-9.887999999999999545e+01 -8.685405377011858263e+01
-9.839999999999999147e+01 -8.702613792503859713e+01
-9.792000000000000171e+01 -8.691415668065722855e+01
-9.743999999999999773e+01 -8.676186655692573879e+01
-9.695999999999999375e+01 -8.668343066092458571e+01
-9.647999999999998977e+01 -8.634920509102323649e+01
-9.600000000000000000e+01 -8.620737066403863480e+01
-9.551999999999999602e+01 -8.631195956964405980e+01
-9.503999999999999204e+01 -8.636446239884253373e+01
-9.456000000000000227e+01 -8.654637572935726553e+01
-9.407999999999999829e+01 -8.659412646766614330e+01
-9.359999999999999432e+01 -8.631196755633015982e+01
-9.311999999999999034e+01 -8.624301832317055982e+01
-9.264000000000000057e+01 -8.639716592922097504e+01
-9.215999999999999659e+01 -8.637810720993965674e+01
-9.167999999999999261e+01 -8.622242783291802937e+01
-9.120000000000000284e+01 -8.598263848233008844e+01
-9.071999999999999886e+01 -8.584173316391482444e+01
-9.023999999999999488e+01 -8.623620602144106329e+01
-8.975999999999999091e+01 -8.620749339654378218e+01
-8.928000000000000114e+01 -8.581223882004695724e+01
-8.879999999999999716e+01 -8.567743758383208785e+01
-8.831999999999999318e+01 -8.571677065907076098e+01
-8.784000000000000341e+01 -8.580204152121758909e+01
-8.735999999999999943e+01 -8.591234532926250722e+01
-8.687999999999999545e+01 -8.553583022013032178e+01
-8.639999999999999147e+01 -8.535307585022225396e+01
-8.592000000000000171e+01 -8.524164229081017652e+01
-8.543999999999999773e+01 -8.533579791845207296e+01
-8.495999999999999375e+01 -8.551485210105840906e+01
-8.447999999999998977e+01 -8.559935660903498444e+01
-8.400000000000000000e+01 -8.557995432650166379e+01
-8.351999999999999602e+01 -8.550071086967371059e+01
-8.303999999999999204e+01 -8.534812534253495642e+01
-8.256000000000000227e+01 -8.527738486070168733e+01
-8.207999999999999829e+01 -8.495347903157164637e+01
-8.159999999999999432e+01 -8.483975335191372835e+01
-8.111999999999999034e+01 -8.480558702153763306e+01
-8.064000000000000057e+01 -8.480494188004895761e+01
-8.015999999999999659e+01 -8.464672090190236986e+01
-7.967999999999999261e+01 -8.460155499189139050e+01
-7.920000000000000284e+01 -8.487599570672253435e+01
-7.871999999999999886e+01 -8.480000453313996900e+01
-7.823999999999999488e+01 -8.469437148610170141e+01
-7.775999999999999091e+01 -8.482708097593742025e+01
-7.728000000000000114e+01 -8.465429358264015036e+01
-7.679999999999999716e+01 -8.423298102384883634e+01
-7.631999999999999318e+01 -8.398880469490883627e+01
-7.584000000000000341e+01 -8.407130456055489276e+01
-7.535999999999999943e+01 -8.407378563821721684e+01
-7.487999999999999545e+01 -8.406883142566825029e+01
-7.439999999999999147e+01 -8.391951275786318831e+01
-7.392000000000000171e+01 -8.349468495285229608e+01
-7.343999999999999773e+01 -8.335066340513756700e+01
-7.295999999999999375e+01 -8.325395228581128038e+01
-7.248000000000000398e+01 -8.321163389900817720e+01
-7.200000000000000000e+01 -8.300187100838634535e+01
-7.151999999999999602e+01 -8.295182216752590421e+01
-7.103999999999999204e+01 -8.277217436669224071e+01
-7.056000000000000227e+01 -8.269530819610901062e+01
-7.007999999999999829e+01 -8.262587530236059763e+01
-6.959999999999999432e+01 -8.234333553380467663e+01
-6.912000000000000455e+01 -8.215002376526311423e+01
-6.864000000000000057e+01 -8.214835581684681642e+01
-6.815999999999999659e+01 -8.185360047725838228e+01
-6.767999999999999261e+01 -8.160428639390084982e+01
-6.720000000000000284e+01 -8.138581223772463602e+01
-6.671999999999999886e+01 -8.136119219419006754e+01
-6.623999999999999488e+01 -8.142182915704255208e+01
-6.575999999999999091e+01 -8.134420468314365849e+01
-6.528000000000000114e+01 -8.102831003261533738e+01
-6.479999999999999716e+01 -8.091771961242139355e+01
-6.431999999999999318e+01 -8.092324493985343281e+01
-6.383999999999999631e+01 -8.032143836170422446e+01
-6.335999999999999943e+01 -8.025513316628433813e+01
-6.287999999999999545e+01 -8.022285621080416718e+01
-6.239999999999999858e+01 -8.009464688264800714e+01
-6.191999999999999460e+01 -7.997340671295863501e+01
-6.143999999999999773e+01 -7.965814318085556067e+01
-6.096000000000000085e+01 -7.945258696209492655e+01
-6.047999999999999687e+01 -7.907373373300623598e+01
-6.000000000000000000e+01 -7.897625032795899358e+01
-5.951999999999999602e+01 -7.911966562214372800e+01
-5.903999999999999915e+01 -7.890038088893345503e+01
-5.855999999999999517e+01 -7.823920778892397720e+01
-5.807999999999999829e+01 -7.786888544387737454e+01
-5.759999999999999432e+01 -7.781547544582898013e+01
-5.711999999999999744e+01 -7.756824411497463245e+01
-5.664000000000000057e+01 -7.716356224426041877e+01
-5.615999999999999659e+01 -7.660601303021587682e+01
-5.567999999999999972e+01 -7.623724904076469500e+01
-5.519999999999999574e+01 -7.611264986435460855e+01
-5.471999999999999886e+01 -7.607984793805188417e+01
-5.423999999999999488e+01 -7.607644267810700001e+01
-5.375999999999999801e+01 -7.585251565561618747e+01
-5.328000000000000114e+01 -7.555562371146524470e+01
-5.279999999999999716e+01 -7.521995583991335366e+01
-5.232000000000000028e+01 -7.522777237564025654e+01
-5.183999999999999631e+01 -7.524584054960060087e+01
-5.135999999999999943e+01 -7.458724208923980825e+01
-5.087999999999999545e+01 -7.419108508621421549e+01
-5.039999999999999858e+01 -7.394605340769501822e+01
-4.992000000000000171e+01 -7.357909357983444920e+01
-4.943999999999999773e+01 -7.300294426140509074e+01
-4.896000000000000085e+01 -7.249463617754395273e+01
-4.847999999999999687e+01 -7.251813357982557307e+01
-4.800000000000000000e+01 -7.249286821010862525e+01
-4.751999999999999602e+01 -7.222158732041430085e+01
-4.703999999999999915e+01 -7.203017854504901152e+01
-4.655999999999999517e+01 -7.159320330552154132e+01
-4.607999999999999829e+01 -7.142760778513553532e+01
-4.560000000000000142e+01 -7.111949313673692075e+01
-4.511999999999999744e+01 -7.073217195188257733e+01
-4.464000000000000057e+01 -7.046479606353992153e+01
-4.415999999999999659e+01 -7.009035465259864850e+01
-4.367999999999999972e+01 -6.960383019519581183e+01
-4.319999999999999574e+01 -6.925044472821299735e+01
-4.271999999999999886e+01 -6.889285203591529694e+01
-4.223999999999999488e+01 -6.860662830676372437e+01
-4.175999999999999801e+01 -6.813843524544729746e+01
-4.128000000000000114e+01 -6.777895939651513402e+01
-4.079999999999999716e+01 -6.774036268222211277e+01
-4.032000000000000028e+01 -6.735131868989037685e+01
-3.983999999999999631e+01 -6.720042826634593780e+01
-3.935999999999999943e+01 -6.680564355246677621e+01
-3.887999999999999545e+01 -6.620563882214302964e+01
-3.839999999999999858e+01 -6.590536506136835726e+01
-3.792000000000000171e+01 -6.572589918757165606e+01
-3.743999999999999773e+01 -6.551249006921246121e+01
-3.696000000000000085e+01 -6.530235419984063583e+01
-3.647999999999999687e+01 -6.525365167982617720e+01
-3.600000000000000000e+01 -6.513257544844569225e+01
-3.551999999999999602e+01 -6.442015611796645658e+01
-3.503999999999999915e+01 -6.397298554107527480e+01
-3.456000000000000227e+01 -6.399950996726526853e+01
-3.407999999999999829e+01 -6.352432853598052276e+01
-3.360000000000000142e+01 -6.326321839428469218e+01
-3.311999999999999744e+01 -6.313398152500906235e+01
-3.264000000000000057e+01 -6.289011454337576623e+01
-3.215999999999999659e+01 -6.263205258701311351e+01
-3.167999999999999972e+01 -6.263034050478984938e+01
-3.119999999999999929e+01 -6.225027669596059354e+01
-3.071999999999999886e+01 -6.190009666414471923e+01
-3.023999999999999844e+01 -6.168610329146560645e+01
-2.975999999999999801e+01 -6.136416306519411989e+01
-2.927999999999999758e+01 -6.092516650837046654e+01
-2.879999999999999716e+01 -6.062538874642512354e+01
-2.832000000000000028e+01 -6.057998498491470940e+01
-2.783999999999999986e+01 -6.070428984906276071e+01
-2.735999999999999943e+01 -6.030261812120488685e+01
-2.687999999999999901e+01 -5.948508287347922874e+01
-2.639999999999999858e+01 -5.890960524727954351e+01
-2.591999999999999815e+01 -5.883720831206316859e+01
-2.543999999999999773e+01 -5.857930441688740331e+01
-2.496000000000000085e+01 -5.811723672128493945e+01
-2.448000000000000043e+01 -5.767058973187968718e+01
-2.400000000000000000e+01 -5.718265757810632977e+01
-2.351999999999999957e+01 -5.689677610420817189e+01
-2.303999999999999915e+01 -5.668295289347887689e+01
-2.255999999999999872e+01 -5.632653784341535186e+01
-2.207999999999999829e+01 -5.612136500071497380e+01
-2.159999999999999787e+01 -5.559448014545958472e+01
-2.111999999999999744e+01 -5.520092214269931219e+01
-2.064000000000000057e+01 -5.497111465379320805e+01
-2.016000000000000014e+01 -5.462140860939372544e+01
-1.967999999999999972e+01 -5.417637286027949983e+01
-1.919999999999999929e+01 -5.388904525183264838e+01
-1.871999999999999886e+01 -5.332393527759012386e+01
-1.823999999999999844e+01 -5.333694525674711429e+01
-1.775999999999999801e+01 -5.315334161423970016e+01
-1.728000000000000114e+01 -5.252009783565925716e+01
-1.680000000000000071e+01 -5.194672313085722237e+01
-1.632000000000000028e+01 -5.151599156244540723e+01
-1.583999999999999986e+01 -5.123410194980401400e+01
-1.535999999999999943e+01 -5.108875514578917887e+01
-1.487999999999999901e+01 -5.088190111392854220e+01
-1.439999999999999858e+01 -5.070705810747875830e+01
-1.391999999999999993e+01 -5.049377635974500578e+01
-1.343999999999999950e+01 -5.027699149455179395e+01
-1.295999999999999908e+01 -4.997013930081831035e+01
-1.248000000000000043e+01 -4.967024588640690297e+01
-1.200000000000000000e+01 -4.943646029784196827e+01
-1.151999999999999957e+01 -4.921606251238987539e+01
-1.103999999999999915e+01 -4.895499597919747714e+01
-1.055999999999999872e+01 -4.720877016238696910e+01
-1.008000000000000007e+01 -3.364297588341655398e+01
-9.599999999999999645e+00 -2.539639326346237880e+01
-9.119999999999999218e+00 -2.280971382841419626e+01
-8.640000000000000568e+00 -2.262072618979873440e+01
-8.160000000000000142e+00 -2.262442452513420577e+01
-7.679999999999999716e+00 -2.246390737636011181e+01
-7.199999999999999289e+00 -2.238278769458685957e+01
-6.719999999999999751e+00 -2.255250009784693788e+01
-6.240000000000000213e+00 -2.252021834628795816e+01
-5.759999999999999787e+00 -2.238145025158560841e+01
-5.279999999999999361e+00 -2.239330962673044212e+01
-4.799999999999999822e+00 -2.235483420834233925e+01
-4.320000000000000284e+00 -2.258362143562690250e+01
-3.839999999999999858e+00 -2.271643046333757354e+01
-3.359999999999999876e+00 -2.274697520499853454e+01
-2.879999999999999893e+00 -2.277330182702814909e+01
-2.399999999999999911e+00 -2.265370828420547866e+01
-1.919999999999999929e+00 -2.269770028158630026e+01
-1.439999999999999947e+00 -2.269416951202548915e+01
-9.599999999999999645e-01 -2.264404076749097072e+01
-4.799999999999999822e-01 -2.278365986277815836e+01
0.000000000000000000e+00 -2.285617800284154200e+01
4.799999999999999822e-01 -2.264834636843575666e+01
9.599999999999999645e-01 -2.227263342483337993e+01
1.439999999999999947e+00 -2.264314853186001031e+01
1.919999999999999929e+00 -2.304508843457770695e+01
2.399999999999999911e+00 -2.285159319446702852e+01
2.879999999999999893e+00 -2.268212472704269089e+01
3.359999999999999876e+00 -2.251393605135948306e+01
3.839999999999999858e+00 -2.275857835427993692e+01
4.320000000000000284e+00 -2.310997713495236283e+01
4.799999999999999822e+00 -2.308003825453391045e+01
5.279999999999999361e+00 -2.295876894764250054e+01
5.759999999999999787e+00 -2.298576531286791891e+01
6.240000000000000213e+00 -2.309793551195210881e+01
6.719999999999999751e+00 -2.307674611561489897e+01
7.199999999999999289e+00 -2.297944136300874618e+01
7.679999999999999716e+00 -2.318730262330110037e+01
8.160000000000000142e+00 -2.314095821118119289e+01
8.640000000000000568e+00 -2.307541802824889388e+01
9.119999999999999218e+00 -2.343105498705543255e+01
9.599999999999999645e+00 -2.613973235866057365e+01
1.008000000000000007e+01 -3.450445105534168988e+01
1.055999999999999872e+01 -4.742025027737774678e+01
1.103999999999999915e+01 -4.894233446417580780e+01
1.151999999999999957e+01 -4.915407849485898595e+01
1.200000000000000000e+01 -4.940791634546236821e+01
1.248000000000000043e+01 -4.983305400709408417e+01
1.295999999999999908e+01 -4.990762077484657055e+01
1.343999999999999950e+01 -5.011865538053740465e+01
1.391999999999999993e+01 -5.057138854663327976e+01
1.439999999999999858e+01 -5.120337298940952309e+01
1.487999999999999901e+01 -5.157822444098115255e+01
1.535999999999999943e+01 -5.148187332992436893e+01
1.583999999999999986e+01 -5.164242966437176108e+01
1.632000000000000028e+01 -5.189224324181849823e+01
1.680000000000000071e+01 -5.249408986094758234e+01
1.728000000000000114e+01 -5.291948118768409870e+01
1.775999999999999801e+01 -5.333392639890753628e+01
1.823999999999999844e+01 -5.372442285020127883e+01
1.871999999999999886e+01 -5.398393784597587342e+01
1.919999999999999929e+01 -5.451222541952066791e+01
1.967999999999999972e+01 -5.495876136969704362e+01
2.016000000000000014e+01 -5.535985640069837643e+01
2.064000000000000057e+01 -5.563966364983759405e+01
2.111999999999999744e+01 -5.595570849101268607e+01
2.159999999999999787e+01 -5.639775257335210767e+01
2.207999999999999829e+01 -5.671281705727391653e+01
2.255999999999999872e+01 -5.763717540825102503e+01
2.303999999999999915e+01 -5.817183653355546369e+01
2.351999999999999957e+01 -5.844399349435096269e+01
2.400000000000000000e+01 -5.899980186183916686e+01
2.448000000000000043e+01 -5.941555977158994040e+01
2.496000000000000085e+01 -5.981773255844105108e+01
2.543999999999999773e+01 -6.057989158580750200e+01
2.591999999999999815e+01 -6.097749663803108433e+01
2.639999999999999858e+01 -6.125405966531472757e+01
2.687999999999999901e+01 -6.178277619131078779e+01
2.735999999999999943e+01 -6.241756834978765056e+01
2.783999999999999986e+01 -6.309973021477602373e+01
2.832000000000000028e+01 -6.367699625458081414e+01
2.879999999999999716e+01 -6.401196952618838054e+01
2.927999999999999758e+01 -6.392600234416484994e+01
2.975999999999999801e+01 -6.393089607672948915e+01
3.023999999999999844e+01 -6.423860797165340841e+01
3.071999999999999886e+01 -6.463465855705028673e+01
3.119999999999999929e+01 -6.497803463920931222e+01
3.167999999999999972e+01 -6.514892966716527667e+01
3.215999999999999659e+01 -6.541794661600081895e+01
3.264000000000000057e+01 -6.564633159058196554e+01
3.311999999999999744e+01 -6.565658006715970885e+01
3.360000000000000142e+01 -6.625745200206171148e+01
3.407999999999999829e+01 -6.640982547870827091e+01
3.456000000000000227e+01 -6.645522418320780389e+01
3.503999999999999915e+01 -6.676546469974375952e+01
3.551999999999999602e+01 -6.705023771881202777e+01
3.600000000000000000e+01 -6.730517397316445738e+01
3.647999999999999687e+01 -6.755332106883345489e+01
3.696000000000000085e+01 -6.784173905481297595e+01
3.743999999999999773e+01 -6.804193304299822387e+01
3.792000000000000171e+01 -6.829196241750022978e+01
3.839999999999999858e+01 -6.883645852902739648e+01
3.887999999999999545e+01 -6.906655981933405997e+01
3.935999999999999943e+01 -6.928258205673195391e+01
3.983999999999999631e+01 -6.955411369804663479e+01
4.032000000000000028e+01 -6.982655756183413587e+01
4.079999999999999716e+01 -7.023897874867799374e+01
4.128000000000000114e+01 -7.068338278755865645e+01
4.175999999999999801e+01 -7.087354777915101067e+01
4.223999999999999488e+01 -7.090842567789449902e+01
4.271999999999999886e+01 -7.100365301103990134e+01
4.319999999999999574e+01 -7.152524332349814529e+01
4.367999999999999972e+01 -7.215222409304674045e+01
4.415999999999999659e+01 -7.248938405333814217e+01
4.464000000000000057e+01 -7.280206675357534607e+01
4.511999999999999744e+01 -7.279766899361190724e+01
4.560000000000000142e+01 -7.329506181573057688e+01
4.607999999999999829e+01 -7.343498478324583800e+01
4.655999999999999517e+01 -7.366228764942997032e+01
4.703999999999999915e+01 -7.404622426597347840e+01
4.751999999999999602e+01 -7.457164079411980140e+01
4.800000000000000000e+01 -7.482193906200480171e+01
4.847999999999999687e+01 -7.473945036156391097e+01
4.896000000000000085e+01 -7.503177462540077158e+01
4.943999999999999773e+01 -7.553066158740146818e+01
4.992000000000000171e+01 -7.597845384912847067e+01
5.039999999999999858e+01 -7.603024462991658083e+01
5.087999999999999545e+01 -7.607409084548997669e+01
5.135999999999999943e+01 -7.635185947445927468e+01
5.183999999999999631e+01 -7.689652735455356947e+01
5.232000000000000028e+01 -7.713514789921612191e+01
5.279999999999999716e+01 -7.699113872958521654e+01
5.328000000000000114e+01 -7.697803778433642208e+01
5.375999999999999801e+01 -7.737393044417748911e+01
5.423999999999999488e+01 -7.785872760162294526e+01
5.471999999999999886e+01 -7.804551698272696569e+01
5.519999999999999574e+01 -7.841835643332882455e+01
5.567999999999999972e+01 -7.871993812454758199e+01
5.615999999999999659e+01 -7.880252717127189044e+01
5.664000000000000057e+01 -7.884472255257587392e+01
5.711999999999999744e+01 -7.899690765945112503e+01
5.759999999999999432e+01 -7.938105654859381843e+01
5.807999999999999829e+01 -7.955740258646886787e+01
5.855999999999999517e+01 -7.982992064260216125e+01
5.903999999999999915e+01 -7.995945694381076407e+01
5.951999999999999602e+01 -7.986975319666657924e+01
6.000000000000000000e+01 -7.999553279219171031e+01
6.047999999999999687e+01 -8.043867018581491379e+01
6.096000000000000085e+01 -8.066023559079852134e+01
6.143999999999999773e+01 -8.060850733547765401e+01
6.191999999999999460e+01 -8.075969458669655410e+01
6.239999999999999858e+01 -8.111051950065944993e+01
6.287999999999999545e+01 -8.142117065955017097e+01
6.335999999999999943e+01 -8.179580311940752324e+01
6.383999999999999631e+01 -8.199691593609142615e+01
6.431999999999999318e+01 -8.176442532918485995e+01
6.479999999999999716e+01 -8.165069939865301762e+01
6.528000000000000114e+01 -8.193072943153849508e+01
6.575999999999999091e+01 -8.252295855766885779e+01
6.623999999999999488e+01 -8.261028588172804632e+01
6.671999999999999886e+01 -8.245362684224993188e+01
6.720000000000000284e+01 -8.259192550887445350e+01
6.767999999999999261e+01 -8.261666983099468098e+01
6.815999999999999659e+01 -8.250986553634318454e+01
6.864000000000000057e+01 -8.265344289954329327e+01
6.912000000000000455e+01 -8.297338834387298334e+01
6.959999999999999432e+01 -8.337443036057847223e+01
7.007999999999999829e+01 -8.343236573508308140e+01
7.056000000000000227e+01 -8.352143168632430559e+01
7.103999999999999204e+01 -8.347253747732872853e+01
7.151999999999999602e+01 -8.366745656891907856e+01
7.200000000000000000e+01 -8.392573781628308893e+01
7.248000000000000398e+01 -8.402117695277361520e+01
7.295999999999999375e+01 -8.394317041953151204e+01
7.343999999999999773e+01 -8.399259387338004501e+01
7.392000000000000171e+01 -8.405737570095764966e+01
7.439999999999999147e+01 -8.402946325752108692e+01
7.487999999999999545e+01 -8.396216802354109632e+01
7.535999999999999943e+01 -8.420675909658586988e+01
7.584000000000000341e+01 -8.443316485266747407e+01
7.631999999999999318e+01 -8.446880681312670447e+01
7.679999999999999716e+01 -8.481817903212311194e+01
7.728000000000000114e+01 -8.513147718087532212e+01
7.775999999999999091e+01 -8.512694653933793631e+01
7.823999999999999488e+01 -8.508019188740178151e+01
7.871999999999999886e+01 -8.501099467837688906e+01
7.920000000000000284e+01 -8.505534398702124577e+01
7.967999999999999261e+01 -8.506815758801542415e+01
8.015999999999999659e+01 -8.504006123198593059e+01
8.064000000000000057e+01 -8.515646688673950848e+01
8.111999999999999034e+01 -8.549271416577437321e+01
8.159999999999999432e+01 -8.555390073228032577e+01
8.207999999999999829e+01 -8.538882672815540786e+01
8.256000000000000227e+01 -8.541169687244396869e+01
8.303999999999999204e+01 -8.559722491612218676e+01
8.351999999999999602e+01 -8.545285163361344871e+01
8.400000000000000000e+01 -8.524542303679146471e+01
8.447999999999998977e+01 -8.523249042081332050e+01
8.495999999999999375e+01 -8.525097310714249943e+01
8.543999999999999773e+01 -8.521086463411977263e+01
8.592000000000000171e+01 -8.536870813255076484e+01
8.639999999999999147e+01 -8.571703412913207387e+01
8.687999999999999545e+01 -8.579543378156294864e+01
8.735999999999999943e+01 -8.596711194876857576e+01
8.784000000000000341e+01 -8.598156599512415710e+01
8.831999999999999318e+01 -8.591289843811324545e+01
8.879999999999999716e+01 -8.618561748567073266e+01
8.928000000000000114e+01 -8.624457426911783386e+01
8.975999999999999091e+01 -8.599553761593817569e+01
9.023999999999999488e+01 -8.624974950493843551e+01
9.071999999999999886e+01 -8.620030113704478936e+01
9.120000000000000284e+01 -8.602249834397427719e+01
9.167999999999999261e+01 -8.619518204944965589e+01
9.215999999999999659e+01 -8.622298988583557389e+01
9.264000000000000057e+01 -8.636796798854069834e+01
9.311999999999999034e+01 -8.662184869444021729e+01
9.359999999999999432e+01 -8.621631990668889500e+01
9.407999999999999829e+01 -8.631982739178349107e+01
9.456000000000000227e+01 -8.633114536855242704e+01
9.503999999999999204e+01 -8.665070633727366101e+01
9.551999999999999602e+01 -8.645643909319487364e+01
9.600000000000000000e+01 -8.644194622259944083e+01
9.647999999999998977e+01 -8.657242823575359125e+01
9.695999999999999375e+01 -8.647871160263895263e+01
9.743999999999999773e+01 -8.620818664701558021e+01
9.792000000000000171e+01 -8.600000715386791228e+01
9.839999999999999147e+01 -8.610404708226242576e+01
9.887999999999999545e+01 -8.621195953607909246e+01
9.935999999999999943e+01 -8.652477238080230393e+01
9.984000000000000341e+01 -8.663840371333091639e+01
1.003199999999999932e+02 -8.660956521504276395e+01
1.007999999999999972e+02 -8.659493106042184252e+01
1.012800000000000011e+02 -8.672909639796854719e+01
1.017599999999999909e+02 -8.694464128761791244e+01
1.022399999999999949e+02 -8.710168984010832105e+01
1.027199999999999989e+02 -8.749116954283239522e+01
1.032000000000000028e+02 -8.782271708761838624e+01
1.036799999999999926e+02 -8.788866694336762464e+01
1.041599999999999966e+02 -8.800281160848047080e+01
1.046400000000000006e+02 -8.839601456328439610e+01
1.051199999999999903e+02 -8.882831177731611660e+01
1.055999999999999943e+02 -8.801424046396095946e+01
1.060799999999999983e+02 -8.710338088357025299e+01
1.065600000000000023e+02 -8.931905152605720843e+01
1.070399999999999920e+02 -9.118610472820307677e+01
1.075199999999999960e+02 -9.180874397659457031e+01
1.080000000000000000e+02 -9.257188652816621754e+01
1.084799999999999898e+02 -9.353762232250112163e+01
1.089599999999999937e+02 -9.447173264994953001e+01
1.094399999999999977e+02 -9.537180936568043421e+01
1.099200000000000017e+02 -9.589067718363023118e+01
1.103999999999999915e+02 -9.677446713166125392e+01
1.108799999999999955e+02 -9.745893999791474016e+01
1.113599999999999994e+02 -9.844852027481272216e+01
1.118399999999999892e+02 -9.887162569008781077e+01
1.123199999999999932e+02 -9.874868187565061817e+01
1.127999999999999972e+02 -9.888975280601064810e+01
1.132800000000000011e+02 -9.907993131748770566e+01
1.137599999999999909e+02 -9.905967760159008151e+01
1.142399999999999949e+02 -9.919172382881343708e+01
1.147199999999999989e+02 -9.928260834462906814e+01
1.151999999999999886e+02 -9.924180309829166902e+01
1.156799999999999926e+02 -9.939894723403570254e+01
1.161599999999999966e+02 -9.946315215784571251e+01
1.166400000000000006e+02 -9.939843361143360312e+01
1.171199999999999903e+02 -9.922095891734161910e+01
1.175999999999999943e+02 -9.904852072909358185e+01
1.180799999999999983e+02 -9.910245395495685727e+01
1.185600000000000023e+02 -9.902877853263902352e+01
1.190399999999999920e+02 -9.921237575135762654e+01
1.195199999999999960e+02 -9.913692254681723171e+01
1.200000000000000000e+02 -9.913462375903465329e+01
1.204799999999999898e+02 -9.905236551512999199e+01
1.209599999999999937e+02 -9.913515476829915940e+01
1.214399999999999977e+02 -9.930420549436291822e+01
1.219200000000000017e+02 -9.935820507665845014e+01
1.223999999999999915e+02 -9.932813369776100387e+01
