-1.228799999999999955e+02 -1.036007217085648904e+02
-1.223999999999999915e+02 -1.033417272920393657e+02
-1.219200000000000017e+02 -1.030112231030779526e+02
-1.214399999999999977e+02 -1.031820504162007808e+02
-1.209599999999999937e+02 -1.034037001884439491e+02
-1.204799999999999898e+02 -1.033106661057088900e+02
-1.200000000000000000e+02 -1.033947025915004900e+02
-1.195199999999999960e+02 -1.033222798332024439e+02
-1.190399999999999920e+02 -1.036791762943932724e+02
-1.185600000000000023e+02 -1.038295129444192213e+02
-1.180799999999999983e+02 -1.037693033194349823e+02
-1.175999999999999943e+02 -1.035708207972694197e+02
-1.171199999999999903e+02 -1.030413255607762721e+02
-1.166400000000000006e+02 -1.029981372738956082e+02
-1.161599999999999966e+02 -1.034389633595753253e+02
-1.156799999999999926e+02 -1.034924014146411508e+02
-1.151999999999999886e+02 -1.034963016888042233e+02
-1.147199999999999989e+02 -1.034376940589890523e+02
-1.142399999999999949e+02 -1.033119987801116082e+02
-1.137599999999999909e+02 -1.032579944890301391e+02
-1.132800000000000011e+02 -1.030988845285046978e+02
-1.127999999999999972e+02 -1.029134045079564146e+02
-1.123199999999999932e+02 -1.024589222616981772e+02
-1.118399999999999892e+02 -1.017608351987055926e+02
-1.113599999999999994e+02 -1.012322749634509478e+02
-1.108799999999999955e+02 -1.003891015037208234e+02
-1.103999999999999915e+02 -9.917327672872481514e+01
-1.099200000000000017e+02 -9.789417587703376000e+01
-1.094399999999999977e+02 -9.697371106841153221e+01
-1.089599999999999937e+02 -9.585931907302003196e+01
-1.084799999999999898e+02 -9.452769003486150723e+01
-1.080000000000000000e+02 -9.324582775493664144e+01
-1.075199999999999960e+02 -9.251076511170742833e+01
-1.070399999999999920e+02 -9.182596899457666950e+01
-1.065600000000000023e+02 -9.101175832425413148e+01
-1.060799999999999983e+02 -9.023694038625608016e+01
-1.055999999999999943e+02 -8.947461973414014835e+01
-1.051199999999999903e+02 -8.899893613657580715e+01
-1.046400000000000006e+02 -8.834156276538783459e+01
-1.041599999999999966e+02 -8.786736046603733996e+01
-1.036799999999999926e+02 -8.698569979603540503e+01
-1.032000000000000028e+02 -8.615332825272344053e+01
-1.027199999999999989e+02 -8.568227816386857398e+01
-1.022399999999999949e+02 -8.547870821958284182e+01
-1.017599999999999909e+02 -8.552761422982055706e+01
-1.012800000000000011e+02 -8.506290861725045716e+01
-1.007999999999999972e+02 -8.492035966139005154e+01
-1.003199999999999932e+02 -8.515371723057974407e+01
-9.984000000000000341e+01 -8.481971792331867732e+01
-9.935999999999999943e+01 -8.443078394217863547e+01
-9.887999999999999545e+01 -8.443771120593564206e+01
-9.839999999999999147e+01 -8.449281953260506839e+01
-9.792000000000000171e+01 -8.431777503327870704e+01
-9.743999999999999773e+01 -8.427911138791424150e+01
-9.695999999999999375e+01 -8.409928049620164359e+01
-9.647999999999998977e+01 -8.388171379694955476e+01
-9.600000000000000000e+01 -8.354105585407029366e+01
-9.551999999999999602e+01 -8.341819844105954473e+01
-9.503999999999999204e+01 -8.335849665183977208e+01
-9.456000000000000227e+01 -8.322298123510087464e+01
-9.407999999999999829e+01 -8.329826263698963373e+01
-9.359999999999999432e+01 -8.325397913507606518e+01
-9.311999999999999034e+01 -8.288279734258607334e+01
-9.264000000000000057e+01 -8.246153573201971199e+01
-9.215999999999999659e+01 -8.252702455211542087e+01
-9.167999999999999261e+01 -8.259088112218215372e+01
-9.120000000000000284e+01 -8.256792942860549545e+01
-9.071999999999999886e+01 -8.256431724362536784e+01
-9.023999999999999488e+01 -8.237462738399985085e+01
-8.975999999999999091e+01 -8.202898327500889764e+01
-8.928000000000000114e+01 -8.176895932399733624e+01
-8.879999999999999716e+01 -8.194168627699559693e+01
-8.831999999999999318e+01 -8.182895220790004487e+01
-8.784000000000000341e+01 -8.125148365330969114e+01
-8.735999999999999943e+01 -8.105360606793844624e+01
-8.687999999999999545e+01 -8.092474076900414559e+01
-8.639999999999999147e+01 -8.042394972732351732e+01
-8.592000000000000171e+01 -8.052268324070905692e+01
-8.543999999999999773e+01 -8.052983038437533025e+01
-8.495999999999999375e+01 -8.022249557784681429e+01
-8.447999999999998977e+01 -8.001871491580402562e+01
-8.400000000000000000e+01 -7.989006936174115481e+01
-8.351999999999999602e+01 -7.961289143296045268e+01
-8.303999999999999204e+01 -7.942506294380775955e+01
-8.256000000000000227e+01 -7.929070585161957752e+01
-8.207999999999999829e+01 -7.897818201533053184e+01
-8.159999999999999432e+01 -7.865187053417965046e+01
-8.111999999999999034e+01 -7.879320385218969136e+01
-8.064000000000000057e+01 -7.880560734664481970e+01
-8.015999999999999659e+01 -7.861258802907843801e+01
-7.967999999999999261e+01 -7.838740943894329405e+01
-7.920000000000000284e+01 -7.812678724493993343e+01
-7.871999999999999886e+01 -7.795159720553152738e+01
-7.823999999999999488e+01 -7.786789567196321116e+01
-7.775999999999999091e+01 -7.793701609488203985e+01
-7.728000000000000114e+01 -7.789244659744809951e+01
-7.679999999999999716e+01 -7.769489768107494854e+01
-7.631999999999999318e+01 -7.723055460630040159e+01
-7.584000000000000341e+01 -7.684258402358113926e+01
-7.535999999999999943e+01 -7.687481179932636621e+01
-7.487999999999999545e+01 -7.674297421703938937e+01
-7.439999999999999147e+01 -7.648222194008799590e+01
-7.392000000000000171e+01 -7.642967982020464035e+01
-7.343999999999999773e+01 -7.629778990885063195e+01
-7.295999999999999375e+01 -7.628709364570384821e+01
-7.248000000000000398e+01 -7.624522884990126670e+01
-7.200000000000000000e+01 -7.587778349030087099e+01
-7.151999999999999602e+01 -7.578659632091999754e+01
-7.103999999999999204e+01 -7.574026349674798553e+01
-7.056000000000000227e+01 -7.547101339669076481e+01
-7.007999999999999829e+01 -7.522670238809183729e+01
-6.959999999999999432e+01 -7.517362179576223014e+01
-6.912000000000000455e+01 -7.508520913711589628e+01
-6.864000000000000057e+01 -7.485774948364958448e+01
-6.815999999999999659e+01 -7.451133173350950756e+01
-6.767999999999999261e+01 -7.417040656217281480e+01
-6.720000000000000284e+01 -7.424818493053902557e+01
-6.671999999999999886e+01 -7.439252925039507147e+01
-6.623999999999999488e+01 -7.430922990077611701e+01
-6.575999999999999091e+01 -7.415798990717117078e+01
-6.528000000000000114e+01 -7.433299720391713095e+01
-6.479999999999999716e+01 -7.419769463469000925e+01
-6.431999999999999318e+01 -7.404528425025348781e+01
-6.383999999999999631e+01 -7.355621212639638884e+01
-6.335999999999999943e+01 -7.336225619062287251e+01
-6.287999999999999545e+01 -7.337684038099644113e+01
-6.239999999999999858e+01 -7.341862019665298078e+01
-6.191999999999999460e+01 -7.319477205538704823e+01
-6.143999999999999773e+01 -7.273197047468175924e+01
-6.096000000000000085e+01 -7.277871628350658284e+01
-6.047999999999999687e+01 -7.271818683363218838e+01
-6.000000000000000000e+01 -7.255521001323616304e+01
-5.951999999999999602e+01 -7.214962243336545100e+01
-5.903999999999999915e+01 -7.204213650494725130e+01
-5.855999999999999517e+01 -7.185129144346323926e+01
-5.807999999999999829e+01 -7.165096861002569995e+01
-5.759999999999999432e+01 -7.178280667504112955e+01
-5.711999999999999744e+01 -7.156391173195405031e+01
-5.664000000000000057e+01 -7.135962875060370436e+01
-5.615999999999999659e+01 -7.107967296336826735e+01
-5.567999999999999972e+01 -7.112973886155666037e+01
-5.519999999999999574e+01 -7.087405914013386621e+01
-5.471999999999999886e+01 -7.071752923930350221e+01
-5.423999999999999488e+01 -7.087657227310427288e+01
-5.375999999999999801e+01 -7.042759138573583755e+01
-5.328000000000000114e+01 -6.982791093916242176e+01
-5.279999999999999716e+01 -6.966498923952886457e+01
-5.232000000000000028e+01 -7.001512244300018040e+01
-5.183999999999999631e+01 -7.022644380544791431e+01
-5.135999999999999943e+01 -7.019129571664274181e+01
-5.087999999999999545e+01 -7.007573233853865702e+01
-5.039999999999999858e+01 -6.977202210759298850e+01
-4.992000000000000171e+01 -6.929255586113524146e+01
-4.943999999999999773e+01 -6.911769373629363145e+01
-4.896000000000000085e+01 -6.931034488988557030e+01
-4.847999999999999687e+01 -6.913994481092197475e+01
-4.800000000000000000e+01 -6.874039082465300510e+01
-4.751999999999999602e+01 -6.861675503725200542e+01
-4.703999999999999915e+01 -6.855533957630260034e+01
-4.655999999999999517e+01 -6.826302180500887573e+01
-4.607999999999999829e+01 -6.812162549738610551e+01
-4.560000000000000142e+01 -6.792152254862391203e+01
-4.511999999999999744e+01 -6.783344327554756603e+01
-4.464000000000000057e+01 -6.748452129987830972e+01
-4.415999999999999659e+01 -6.720437964361846639e+01
-4.367999999999999972e+01 -6.710327916203317500e+01
-4.319999999999999574e+01 -6.672549023131394108e+01
-4.271999999999999886e+01 -6.632725255918705898e+01
-4.223999999999999488e+01 -6.604970539672537200e+01
-4.175999999999999801e+01 -6.595581917865062849e+01
-4.128000000000000114e+01 -6.558893440173628164e+01
-4.079999999999999716e+01 -6.524763617993420439e+01
-4.032000000000000028e+01 -6.499522718374255703e+01
-3.983999999999999631e+01 -6.492634421185569238e+01
-3.935999999999999943e+01 -6.487512700836427371e+01
-3.887999999999999545e+01 -6.426560675874434025e+01
-3.839999999999999858e+01 -6.358026806534183351e+01
-3.792000000000000171e+01 -6.329110263536966841e+01
-3.743999999999999773e+01 -6.337570854555848143e+01
-3.696000000000000085e+01 -6.322576977791559472e+01
-3.647999999999999687e+01 -6.294042186610120382e+01
-3.600000000000000000e+01 -6.271260740517017496e+01
-3.551999999999999602e+01 -6.237986504442871905e+01
-3.503999999999999915e+01 -6.186057781019282942e+01
-3.456000000000000227e+01 -6.156485682956496674e+01
-3.407999999999999829e+01 -6.103630172890071748e+01
-3.360000000000000142e+01 -6.062001866198463773e+01
-3.311999999999999744e+01 -6.043560610983380599e+01
-3.264000000000000057e+01 -6.017033205096166171e+01
-3.215999999999999659e+01 -5.991417866683541149e+01
-3.167999999999999972e+01 -5.963649308921903014e+01
-3.119999999999999929e+01 -5.921164989665281553e+01
-3.071999999999999886e+01 -5.889500406902502760e+01
-3.023999999999999844e+01 -5.844369570342536235e+01
-2.975999999999999801e+01 -5.809642958689137515e+01
-2.927999999999999758e+01 -5.788663315389237596e+01
-2.879999999999999716e+01 -5.733156353958797524e+01
-2.832000000000000028e+01 -5.676460663793540817e+01
-2.783999999999999986e+01 -5.652428342354425439e+01
-2.735999999999999943e+01 -5.591803539474273066e+01
-2.687999999999999901e+01 -5.493961975188013014e+01
-2.639999999999999858e+01 -5.415330085462638721e+01
-2.591999999999999815e+01 -5.330563888761314217e+01
-2.543999999999999773e+01 -5.267827963572067773e+01
-2.496000000000000085e+01 -5.223617867125785352e+01
-2.448000000000000043e+01 -5.180130392894688640e+01
-2.400000000000000000e+01 -5.125230313037327790e+01
-2.351999999999999957e+01 -5.083541776505593646e+01
-2.303999999999999915e+01 -5.041027468338144502e+01
-2.255999999999999872e+01 -4.978661432205842630e+01
-2.207999999999999829e+01 -4.917139867723713564e+01
-2.159999999999999787e+01 -4.874272915424462838e+01
-2.111999999999999744e+01 -4.791846120050092850e+01
-2.064000000000000057e+01 -4.742901635032743002e+01
-2.016000000000000014e+01 -4.703820350492294722e+01
-1.967999999999999972e+01 -4.665915753441898062e+01
-1.919999999999999929e+01 -4.656346998144926630e+01
-1.871999999999999886e+01 -4.647023613068284931e+01
-1.823999999999999844e+01 -4.596114046619081961e+01
-1.775999999999999801e+01 -4.532093124933349770e+01
-1.728000000000000114e+01 -4.514583677486270830e+01
-1.680000000000000071e+01 -4.508142768965577574e+01
-1.632000000000000028e+01 -4.474990107943405349e+01
-1.583999999999999986e+01 -4.437979344447193597e+01
-1.535999999999999943e+01 -4.405558501163758933e+01
-1.487999999999999901e+01 -4.384755488675857293e+01
-1.439999999999999858e+01 -4.340862452876994126e+01
-1.391999999999999993e+01 -4.292045737718311926e+01
-1.343999999999999950e+01 -4.291071626959832486e+01
-1.295999999999999908e+01 -4.263457645370927196e+01
-1.248000000000000043e+01 -4.218813803356087533e+01
-1.200000000000000000e+01 -4.209838939860713936e+01
-1.151999999999999957e+01 -4.192959763982927512e+01
-1.103999999999999915e+01 -4.158819644937297255e+01
-1.055999999999999872e+01 -4.113779882792817943e+01
-1.008000000000000007e+01 -3.331978916142443126e+01
-9.599999999999999645e+00 -2.556925499144183078e+01
-9.119999999999999218e+00 -2.297993558113283896e+01
-8.640000000000000568e+00 -2.277875386751414766e+01
-8.160000000000000142e+00 -2.279481067716941922e+01
-7.679999999999999716e+00 -2.264476163802542885e+01
-7.199999999999999289e+00 -2.256999335386457517e+01
-6.719999999999999751e+00 -2.273978683634251396e+01
-6.240000000000000213e+00 -2.271024000986990998e+01
-5.759999999999999787e+00 -2.257196496062863389e+01
-5.279999999999999361e+00 -2.258522653007397452e+01
-4.799999999999999822e+00 -2.256599446280915799e+01
-4.320000000000000284e+00 -2.274291802003128282e+01
-3.839999999999999858e+00 -2.285861757389359639e+01
-3.359999999999999876e+00 -2.287807680724246495e+01
-2.879999999999999893e+00 -2.289359145273056839e+01
-2.399999999999999911e+00 -2.281624958060908881e+01
-1.919999999999999929e+00 -2.291576925266527098e+01
-1.439999999999999947e+00 -2.286386210443187039e+01
-9.599999999999999645e-01 -2.277841432818057399e+01
-4.799999999999999822e-01 -2.291961197499277958e+01
0.000000000000000000e+00 -2.297016783401299733e+01
4.799999999999999822e-01 -2.273160734404008210e+01
9.599999999999999645e-01 -2.238902082849332231e+01
1.439999999999999947e+00 -2.278345885871467047e+01
1.919999999999999929e+00 -2.315856781070605308e+01
2.399999999999999911e+00 -2.294297518641851497e+01
2.879999999999999893e+00 -2.276955647739652733e+01
3.359999999999999876e+00 -2.261980340753380858e+01
3.839999999999999858e+00 -2.287043062490479883e+01
4.320000000000000284e+00 -2.319421524606350005e+01
4.799999999999999822e+00 -2.314782505983227878e+01
5.279999999999999361e+00 -2.299280350371567749e+01
5.759999999999999787e+00 -2.303744386204181183e+01
6.240000000000000213e+00 -2.317539691187838002e+01
6.719999999999999751e+00 -2.313912819050776193e+01
7.199999999999999289e+00 -2.302963556566217207e+01
7.679999999999999716e+00 -2.322847934363370825e+01
8.160000000000000142e+00 -2.321102424850121793e+01
8.640000000000000568e+00 -2.318559268583501876e+01
9.119999999999999218e+00 -2.356787224515839796e+01
9.599999999999999645e+00 -2.619174077098828235e+01
1.008000000000000007e+01 -3.399031089418255647e+01
1.055999999999999872e+01 -4.169001800627096088e+01
1.103999999999999915e+01 -4.241931180122249856e+01
1.151999999999999957e+01 -4.248087077617282148e+01
1.200000000000000000e+01 -4.273794274731393017e+01
1.248000000000000043e+01 -4.332057214544846602e+01
1.295999999999999908e+01 -4.352055249365432132e+01
1.343999999999999950e+01 -4.361673253576799425e+01
1.391999999999999993e+01 -4.364113485858481312e+01
1.439999999999999858e+01 -4.390463270720393041e+01
1.487999999999999901e+01 -4.451673785930466209e+01
1.535999999999999943e+01 -4.471047299246705364e+01
1.583999999999999986e+01 -4.485787231472454550e+01
1.632000000000000028e+01 -4.517664116009723330e+01
1.680000000000000071e+01 -4.545523250705363694e+01
1.728000000000000114e+01 -4.592805243364306023e+01
1.775999999999999801e+01 -4.670488148701166153e+01
1.823999999999999844e+01 -4.707825503190274219e+01
1.871999999999999886e+01 -4.744926903061643486e+01
1.919999999999999929e+01 -4.760281253582027716e+01
1.967999999999999972e+01 -4.773799045197470292e+01
2.016000000000000014e+01 -4.803053624163720059e+01
2.064000000000000057e+01 -4.864383941663709976e+01
2.111999999999999744e+01 -4.937843823790117170e+01
2.159999999999999787e+01 -4.946967692851519871e+01
2.207999999999999829e+01 -4.968429868733232269e+01
2.255999999999999872e+01 -5.031216598113517335e+01
2.303999999999999915e+01 -5.065072604393263589e+01
2.351999999999999957e+01 -5.116319767220772974e+01
2.400000000000000000e+01 -5.162549977291867975e+01
2.448000000000000043e+01 -5.218737966450813559e+01
2.496000000000000085e+01 -5.268266936571652082e+01
2.543999999999999773e+01 -5.341775926445662748e+01
2.591999999999999815e+01 -5.414976741628031931e+01
2.639999999999999858e+01 -5.467873766973234240e+01
2.687999999999999901e+01 -5.525600770195599409e+01
2.735999999999999943e+01 -5.591055618340096345e+01
2.783999999999999986e+01 -5.659375206849684758e+01
2.832000000000000028e+01 -5.715990782781221924e+01
2.879999999999999716e+01 -5.756514384918286709e+01
2.927999999999999758e+01 -5.757201031591275608e+01
2.975999999999999801e+01 -5.787969571839055050e+01
3.023999999999999844e+01 -5.849233938292914559e+01
3.071999999999999886e+01 -5.910613377800427770e+01
3.119999999999999929e+01 -5.966210723100078894e+01
3.167999999999999972e+01 -5.998108896204159635e+01
3.215999999999999659e+01 -6.020738461598816826e+01
3.264000000000000057e+01 -6.041089941414870168e+01
3.311999999999999744e+01 -6.057290524199548543e+01
3.360000000000000142e+01 -6.096471860559330480e+01
3.407999999999999829e+01 -6.142678907420069123e+01
3.456000000000000227e+01 -6.176137326424323959e+01
3.503999999999999915e+01 -6.212122401132348415e+01
3.551999999999999602e+01 -6.251885126575119500e+01
3.600000000000000000e+01 -6.277212009458679631e+01
3.647999999999999687e+01 -6.307488690031160417e+01
3.696000000000000085e+01 -6.339077731390273129e+01
3.743999999999999773e+01 -6.365774117001922860e+01
3.792000000000000171e+01 -6.410082540853916555e+01
3.839999999999999858e+01 -6.454180672372787342e+01
3.887999999999999545e+01 -6.483327512269708848e+01
3.935999999999999943e+01 -6.524092357254032493e+01
3.983999999999999631e+01 -6.536275787986382113e+01
4.032000000000000028e+01 -6.563608712860379057e+01
4.079999999999999716e+01 -6.630332508362496924e+01
4.128000000000000114e+01 -6.674016936446959392e+01
4.175999999999999801e+01 -6.688106828652665570e+01
4.223999999999999488e+01 -6.713193803864255926e+01
4.271999999999999886e+01 -6.735231129248668935e+01
4.319999999999999574e+01 -6.783986165238917465e+01
4.367999999999999972e+01 -6.830337386877444317e+01
4.415999999999999659e+01 -6.863762047530491373e+01
4.464000000000000057e+01 -6.878183214095105313e+01
4.511999999999999744e+01 -6.861344695024327223e+01
4.560000000000000142e+01 -6.906670262251840597e+01
4.607999999999999829e+01 -6.935262235836415812e+01
4.655999999999999517e+01 -6.994115070678820700e+01
4.703999999999999915e+01 -7.020109480113049472e+01
4.751999999999999602e+01 -7.033175457441990375e+01
4.800000000000000000e+01 -7.039909286668388688e+01
4.847999999999999687e+01 -7.044032953704586930e+01
4.896000000000000085e+01 -7.075721837264255498e+01
4.943999999999999773e+01 -7.107593803142120237e+01
4.992000000000000171e+01 -7.162491161942237738e+01
5.039999999999999858e+01 -7.155348142072020323e+01
5.087999999999999545e+01 -7.144848994133454312e+01
5.135999999999999943e+01 -7.165775034744865479e+01
5.183999999999999631e+01 -7.200389521878967969e+01
5.232000000000000028e+01 -7.200742326513562830e+01
5.279999999999999716e+01 -7.212324055318130434e+01
5.328000000000000114e+01 -7.246300330634750253e+01
5.375999999999999801e+01 -7.261860605897682319e+01
5.423999999999999488e+01 -7.244693833221212742e+01
5.471999999999999886e+01 -7.264763008703266678e+01
5.519999999999999574e+01 -7.290301067108754296e+01
5.567999999999999972e+01 -7.308467736289232164e+01
5.615999999999999659e+01 -7.328191601381598730e+01
5.664000000000000057e+01 -7.353824114877342311e+01
5.711999999999999744e+01 -7.365984484987693293e+01
5.759999999999999432e+01 -7.366711977962270907e+01
5.807999999999999829e+01 -7.390725319309356678e+01
5.855999999999999517e+01 -7.428650925215143275e+01
5.903999999999999915e+01 -7.429938841819739537e+01
5.951999999999999602e+01 -7.422553656097406360e+01
6.000000000000000000e+01 -7.431609252886914874e+01
6.047999999999999687e+01 -7.455940973590641363e+01
6.096000000000000085e+01 -7.477030657205425257e+01
6.143999999999999773e+01 -7.482584527076645031e+01
6.191999999999999460e+01 -7.482599616423387090e+01
6.239999999999999858e+01 -7.498481080565001378e+01
6.287999999999999545e+01 -7.524638174372005039e+01
6.335999999999999943e+01 -7.561670488968323411e+01
6.383999999999999631e+01 -7.593861733987711204e+01
6.431999999999999318e+01 -7.585745542725385349e+01
6.479999999999999716e+01 -7.617852791690128811e+01
6.528000000000000114e+01 -7.673074388257406042e+01
6.575999999999999091e+01 -7.654756298735760822e+01
6.623999999999999488e+01 -7.645135016964492536e+01
6.671999999999999886e+01 -7.682539467111547538e+01
6.720000000000000284e+01 -7.711261310386308310e+01
6.767999999999999261e+01 -7.694378485513210819e+01
6.815999999999999659e+01 -7.691080497306981556e+01
6.864000000000000057e+01 -7.680526217437473235e+01
6.912000000000000455e+01 -7.700225676360717841e+01
6.959999999999999432e+01 -7.730869416510435599e+01
7.007999999999999829e+01 -7.762746212324086059e+01
7.056000000000000227e+01 -7.777119396641703020e+01
7.103999999999999204e+01 -7.815488438561922635e+01
7.151999999999999602e+01 -7.833245146147901039e+01
7.200000000000000000e+01 -7.810928426879205233e+01
7.248000000000000398e+01 -7.822563312841877803e+01
7.295999999999999375e+01 -7.848890078347154997e+01
7.343999999999999773e+01 -7.828381692881909260e+01
7.392000000000000171e+01 -7.862117729788582210e+01
7.439999999999999147e+01 -7.898342007315845592e+01
7.487999999999999545e+01 -7.882463947220365696e+01
7.535999999999999943e+01 -7.904265343709832337e+01
7.584000000000000341e+01 -7.920341942316053974e+01
7.631999999999999318e+01 -7.954811873090000063e+01
7.679999999999999716e+01 -7.970581940623063133e+01
7.728000000000000114e+01 -7.997527393963858344e+01
7.775999999999999091e+01 -8.015419041749890994e+01
7.823999999999999488e+01 -8.011862628766040473e+01
7.871999999999999886e+01 -8.021640559326903031e+01
7.920000000000000284e+01 -8.042975960925220136e+01
7.967999999999999261e+01 -8.077431449931071938e+01
8.015999999999999659e+01 -8.111758373465480076e+01
8.064000000000000057e+01 -8.101263544824759322e+01
8.111999999999999034e+01 -8.107747768217210194e+01
8.159999999999999432e+01 -8.131228176806666852e+01
8.207999999999999829e+01 -8.145242224717151203e+01
8.256000000000000227e+01 -8.150348557686851336e+01
8.303999999999999204e+01 -8.163839899769814679e+01
8.351999999999999602e+01 -8.166470335353386645e+01
8.400000000000000000e+01 -8.182979501735501060e+01
8.447999999999998977e+01 -8.192681322057204341e+01
8.495999999999999375e+01 -8.178539059520032595e+01
8.543999999999999773e+01 -8.185699714065816579e+01
8.592000000000000171e+01 -8.194403358639092971e+01
8.639999999999999147e+01 -8.216825635919707338e+01
8.687999999999999545e+01 -8.273132736596799930e+01
8.735999999999999943e+01 -8.313963141135818091e+01
8.784000000000000341e+01 -8.292288919683417703e+01
8.831999999999999318e+01 -8.305358455796832118e+01
8.879999999999999716e+01 -8.290241468371135625e+01
8.928000000000000114e+01 -8.305241561855663690e+01
8.975999999999999091e+01 -8.336767946495763226e+01
9.023999999999999488e+01 -8.349531375230576202e+01
9.071999999999999886e+01 -8.349728890885366184e+01
9.120000000000000284e+01 -8.337683692847130601e+01
9.167999999999999261e+01 -8.369176271443370752e+01
9.215999999999999659e+01 -8.405774457875779149e+01
9.264000000000000057e+01 -8.436356644304630947e+01
9.311999999999999034e+01 -8.459659343959323508e+01
9.359999999999999432e+01 -8.455853043871869090e+01
9.407999999999999829e+01 -8.431028994259389719e+01
9.456000000000000227e+01 -8.446629517542426413e+01
9.503999999999999204e+01 -8.467395751717914720e+01
9.551999999999999602e+01 -8.469768530380846983e+01
9.600000000000000000e+01 -8.487183769826594926e+01
9.647999999999998977e+01 -8.511376711981198184e+01
9.695999999999999375e+01 -8.514765939508114911e+01
9.743999999999999773e+01 -8.510054707975368160e+01
9.792000000000000171e+01 -8.508649794812860989e+01
9.839999999999999147e+01 -8.521957740233398226e+01
9.887999999999999545e+01 -8.511930969534822111e+01
9.935999999999999943e+01 -8.547708973775687014e+01
9.984000000000000341e+01 -8.564892650298504861e+01
1.003199999999999932e+02 -8.569471999489877589e+01
1.007999999999999972e+02 -8.589116361001532596e+01
1.012800000000000011e+02 -8.616666255628551596e+01
1.017599999999999909e+02 -8.651375321691534737e+01
1.022399999999999949e+02 -8.656313537245841871e+01
1.027199999999999989e+02 -8.674042013599313350e+01
1.032000000000000028e+02 -8.691757005385079538e+01
1.036799999999999926e+02 -8.720533525026496591e+01
1.041599999999999966e+02 -8.788009350049605928e+01
1.046400000000000006e+02 -8.871260820328116381e+01
1.051199999999999903e+02 -8.927844896111258777e+01
1.055999999999999943e+02 -8.956018639601929010e+01
1.060799999999999983e+02 -8.998401026096721012e+01
1.065600000000000023e+02 -9.105059896138774889e+01
1.070399999999999920e+02 -9.172989571728889757e+01
1.075199999999999960e+02 -9.267971210092396461e+01
1.080000000000000000e+02 -9.380767981479840500e+01
1.084799999999999898e+02 -9.501551292457966724e+01
1.089599999999999937e+02 -9.598898839363313584e+01
1.094399999999999977e+02 -9.691148611421652959e+01
1.099200000000000017e+02 -9.801884789571363399e+01
1.103999999999999915e+02 -9.920867946777175916e+01
1.108799999999999955e+02 -1.002149898737853704e+02
1.113599999999999994e+02 -1.010996375960988019e+02
1.118399999999999892e+02 -1.018532452670328325e+02
1.123199999999999932e+02 -1.023698014154435185e+02
1.127999999999999972e+02 -1.028503732044477914e+02
1.132800000000000011e+02 -1.034044993897423694e+02
1.137599999999999909e+02 -1.035599779549064579e+02
1.142399999999999949e+02 -1.033574099397792310e+02
1.147199999999999989e+02 -1.035256851892314955e+02
1.151999999999999886e+02 -1.035747987132227621e+02
1.156799999999999926e+02 -1.034245994595580811e+02
1.161599999999999966e+02 -1.031977618209147494e+02
1.166400000000000006e+02 -1.032193690387845066e+02
1.171199999999999903e+02 -1.032643939162240940e+02
1.175999999999999943e+02 -1.033143806271303333e+02
1.180799999999999983e+02 -1.032402702824576863e+02
1.185600000000000023e+02 -1.033865195723276997e+02
1.190399999999999920e+02 -1.036315399549624487e+02
1.195199999999999960e+02 -1.038357252527707573e+02
1.200000000000000000e+02 -1.039719222619047514e+02
1.204799999999999898e+02 -1.037649917360100460e+02
1.209599999999999937e+02 -1.036717345762338311e+02
1.214399999999999977e+02 -1.035723384555836759e+02
1.219200000000000017e+02 -1.036744202945210702e+02
1.223999999999999915e+02 -1.038724641123179708e+02
