-1.228799999999999892e-01 -7.815475621918190541e+01
-1.223999999999999949e-01 -7.879068051628271974e+01
-1.219199999999999867e-01 -7.887655216390098190e+01
-1.214399999999999924e-01 -7.911874438036227275e+01
-1.209599999999999842e-01 -7.948769253209812291e+01
-1.204799999999999899e-01 -7.934116818467792598e+01
-1.199999999999999956e-01 -7.915622047164332287e+01
-1.195199999999999874e-01 -7.940406663862593462e+01
-1.190399999999999930e-01 -7.947663728442795161e+01
-1.185599999999999848e-01 -7.947179472504161879e+01
-1.180799999999999905e-01 -7.977916619051853786e+01
-1.175999999999999962e-01 -7.958828825227668347e+01
-1.171199999999999880e-01 -7.961089017077073038e+01
-1.166399999999999937e-01 -7.939681690367042677e+01
-1.161599999999999855e-01 -7.921217201873434988e+01
-1.156799999999999912e-01 -7.915617866811433601e+01
-1.151999999999999968e-01 -7.931428792423679397e+01
-1.147199999999999886e-01 -7.962490002831356151e+01
-1.142399999999999943e-01 -7.946079249487999618e+01
-1.137599999999999861e-01 -7.929539473702538999e+01
-1.132799999999999918e-01 -7.926310000628241426e+01
-1.127999999999999836e-01 -7.894205236886456589e+01
-1.123199999999999893e-01 -7.816595063260240295e+01
-1.118399999999999950e-01 -7.737341963546975876e+01
-1.113599999999999868e-01 -7.668679855768262144e+01
-1.108799999999999925e-01 -7.597654998127468673e+01
-1.103999999999999843e-01 -7.498685776385845259e+01
-1.099199999999999899e-01 -7.382118111496860990e+01
-1.094399999999999956e-01 -7.254818257317390362e+01
-1.089599999999999874e-01 -7.121978730873948393e+01
-1.084799999999999931e-01 -6.991899034760541554e+01
-1.079999999999999849e-01 -6.840732808896008521e+01
-1.075199999999999906e-01 -6.764590699248743988e+01
-1.070399999999999963e-01 -6.709587411483992980e+01
-1.065599999999999881e-01 -6.600233421470286999e+01
-1.060799999999999937e-01 -6.515263491004135687e+01
-1.055999999999999855e-01 -6.439200793197284156e+01
-1.051199999999999912e-01 -6.363485737443375712e+01
-1.046399999999999969e-01 -6.282643392548342831e+01
-1.041599999999999887e-01 -6.236227927436729601e+01
-1.036799999999999944e-01 -6.192894888061856307e+01
-1.031999999999999862e-01 -6.126423297336626206e+01
-1.027199999999999919e-01 -6.072296464747331868e+01
-1.022399999999999975e-01 -6.064099080732145808e+01
-1.017599999999999894e-01 -6.026314775264692969e+01
-1.012799999999999950e-01 -5.991816725804240917e+01
-1.007999999999999868e-01 -5.986229831751710861e+01
-1.003199999999999925e-01 -5.974149220695568374e+01
-9.983999999999998431e-02 -5.956269026267412414e+01
-9.935999999999998999e-02 -5.931434819577933126e+01
-9.887999999999999567e-02 -5.934313994329538389e+01
-9.839999999999998748e-02 -5.921006627151525947e+01
-9.791999999999999316e-02 -5.906554161497375333e+01
-9.743999999999998496e-02 -5.921018097170637162e+01
-9.695999999999999064e-02 -5.891470346320582507e+01
-9.647999999999999632e-02 -5.874067415406937442e+01
-9.599999999999998812e-02 -5.870521889779445246e+01
-9.551999999999999380e-02 -5.868393826045144124e+01
-9.503999999999998560e-02 -5.830765582416427151e+01
-9.455999999999999128e-02 -5.818451956333610298e+01
-9.407999999999999696e-02 -5.815719362710715501e+01
-9.359999999999998876e-02 -5.793999273286139839e+01
-9.311999999999999444e-02 -5.766985910465753307e+01
-9.263999999999998625e-02 -5.734411201911478173e+01
-9.215999999999999193e-02 -5.727374513375462328e+01
-9.167999999999999761e-02 -5.725856920837755126e+01
-9.119999999999998941e-02 -5.701801466867735968e+01
-9.071999999999999509e-02 -5.676070665607009857e+01
-9.023999999999998689e-02 -5.660516110035931092e+01
-8.975999999999999257e-02 -5.665719998397193535e+01
-8.927999999999999825e-02 -5.641168391309143715e+01
-8.879999999999999005e-02 -5.630549794950317732e+01
-8.831999999999999573e-02 -5.626591545772441805e+01
-8.783999999999998753e-02 -5.593763759932924984e+01
-8.735999999999999321e-02 -5.558170275876580746e+01
-8.687999999999999889e-02 -5.552517666856192591e+01
-8.639999999999999070e-02 -5.527500594095465658e+01
-8.591999999999999638e-02 -5.516754014744152812e+01
-8.543999999999998818e-02 -5.500647929908584643e+01
-8.495999999999999386e-02 -5.456473775284735694e+01
-8.447999999999999954e-02 -5.430609906066450066e+01
-8.399999999999999134e-02 -5.435991319571237312e+01
-8.351999999999999702e-02 -5.439593627408457621e+01
-8.303999999999998882e-02 -5.428620841712540823e+01
-8.255999999999999450e-02 -5.391061183102855381e+01
-8.207999999999998630e-02 -5.362569456856341787e+01
-8.159999999999999198e-02 -5.342112217985623346e+01
-8.111999999999999766e-02 -5.351972732709181457e+01
-8.063999999999998947e-02 -5.347806175540674900e+01
-8.015999999999999515e-02 -5.345413660194466843e+01
-7.967999999999998695e-02 -5.321697658907283568e+01
-7.919999999999999263e-02 -5.288465837251943924e+01
-7.871999999999999831e-02 -5.276519305880861310e+01
-7.823999999999999011e-02 -5.280829467543685496e+01
-7.775999999999999579e-02 -5.292468983693777318e+01
-7.727999999999998759e-02 -5.294473476591007000e+01
-7.679999999999999327e-02 -5.248328511626463921e+01
-7.631999999999999895e-02 -5.209634651637933445e+01
-7.583999999999999075e-02 -5.202716797860261266e+01
-7.535999999999999643e-02 -5.212457008739650632e+01
-7.487999999999998824e-02 -5.188579484811999976e+01
-7.439999999999999392e-02 -5.156359962087202575e+01
-7.391999999999999960e-02 -5.140399932261502158e+01
-7.343999999999999140e-02 -5.123918195476868220e+01
-7.295999999999999708e-02 -5.128366257472463730e+01
-7.247999999999998888e-02 -5.124231381599717139e+01
-7.199999999999999456e-02 -5.099493696081151484e+01
-7.152000000000000024e-02 -5.089611025746336281e+01
-7.103999999999999204e-02 -5.095836686034117236e+01
-7.055999999999999772e-02 -5.073578606128494073e+01
-7.007999999999998952e-02 -5.045278308989849592e+01
-6.959999999999999520e-02 -5.036290574033057510e+01
-6.911999999999998701e-02 -5.025210520564502303e+01
-6.863999999999999269e-02 -5.015051974469380269e+01
-6.815999999999999837e-02 -4.996958084585287452e+01
-6.767999999999999017e-02 -4.971758808310433153e+01
-6.719999999999999585e-02 -4.979112718127030490e+01
-6.671999999999998765e-02 -4.988191582845125538e+01
-6.623999999999999333e-02 -4.967769963152654356e+01
-6.575999999999999901e-02 -4.955414703720023084e+01
-6.527999999999999081e-02 -4.960912994059899006e+01
-6.479999999999999649e-02 -4.942323863458423006e+01
-6.431999999999998829e-02 -4.948083221501094897e+01
-6.383999999999999397e-02 -4.918360354419206715e+01
-6.335999999999999965e-02 -4.878110020257969381e+01
-6.287999999999999146e-02 -4.876953018087277059e+01
-6.239999999999999714e-02 -4.874777907174510005e+01
-6.191999999999999588e-02 -4.849284216262198299e+01
-6.143999999999999462e-02 -4.840304686171027271e+01
-6.095999999999999336e-02 -4.843029473638480198e+01
-6.047999999999999210e-02 -4.831130387614206256e+01
-5.999999999999999778e-02 -4.820934073541026521e+01
-5.951999999999999652e-02 -4.785243998251380759e+01
-5.903999999999999526e-02 -4.778588986252770354e+01
-5.855999999999999400e-02 -4.755524103473363340e+01
-5.807999999999999274e-02 -4.734744354411784428e+01
-5.759999999999999842e-02 -4.742403075743060015e+01
-5.711999999999999716e-02 -4.716765864907871020e+01
-5.663999999999999591e-02 -4.686776048125645389e+01
-5.615999999999999465e-02 -4.665700959007411086e+01
-5.567999999999999339e-02 -4.666587025128126953e+01
-5.519999999999999213e-02 -4.645731518297197482e+01
-5.471999999999999781e-02 -4.626885953872407242e+01
-5.423999999999999655e-02 -4.635144204597473561e+01
-5.375999999999999529e-02 -4.588290916376518425e+01
-5.327999999999999403e-02 -4.542988648527185092e+01
-5.279999999999999277e-02 -4.534561845980167050e+01
-5.231999999999999845e-02 -4.575305006174706079e+01
-5.183999999999999719e-02 -4.579389963876284497e+01
-5.135999999999999593e-02 -4.555023365959523574e+01
-5.087999999999999468e-02 -4.544266558070387418e+01
-5.039999999999999342e-02 -4.518498738804723303e+01
-4.991999999999999216e-02 -4.467071498680838459e+01
-4.943999999999999784e-02 -4.450753592524314683e+01
-4.895999999999999658e-02 -4.468429288185209458e+01
-4.847999999999999532e-02 -4.443372878697032746e+01
-4.799999999999999406e-02 -4.411905781621268829e+01
-4.751999999999999280e-02 -4.395975622786810533e+01
-4.703999999999999848e-02 -4.384422673993639563e+01
-4.655999999999999722e-02 -4.355079261855684081e+01
-4.607999999999999596e-02 -4.338549530993994097e+01
-4.559999999999999470e-02 -4.316656023383526986e+01
-4.511999999999999345e-02 -4.286539356428419012e+01
-4.463999999999999913e-02 -4.255480548757888215e+01
-4.415999999999999787e-02 -4.213830641853003556e+01
-4.367999999999999661e-02 -4.195672305470394292e+01
-4.319999999999999535e-02 -4.185389336102784341e+01
-4.271999999999999409e-02 -4.157555705701781790e+01
-4.223999999999999977e-02 -4.109117257844162197e+01
-4.175999999999999851e-02 -4.063870346384304355e+01
-4.127999999999999725e-02 -4.028381629201223291e+01
-4.079999999999999599e-02 -4.014381666087458456e+01
-4.031999999999999473e-02 -4.001139545858361402e+01
-3.983999999999999347e-02 -3.995420773158055283e+01
-3.935999999999999915e-02 -3.970220929917802266e+01
-3.887999999999999790e-02 -3.893469196286914524e+01
-3.839999999999999664e-02 -3.830935634622773733e+01
-3.791999999999999538e-02 -3.806241103642542356e+01
-3.743999999999999412e-02 -3.800523669712151076e+01
-3.695999999999999980e-02 -3.780112591362152585e+01
-3.647999999999999854e-02 -3.763438935456549927e+01
-3.599999999999999728e-02 -3.738606773531736849e+01
-3.551999999999999602e-02 -3.680978708698426516e+01
-3.503999999999999476e-02 -3.623794467341289760e+01
-3.455999999999999350e-02 -3.593732389802773497e+01
-3.407999999999999918e-02 -3.560293591042353256e+01
-3.359999999999999792e-02 -3.525059368561634443e+01
-3.311999999999999666e-02 -3.505701058268765280e+01
-3.263999999999999541e-02 -3.489868148297473738e+01
-3.215999999999999415e-02 -3.456700314791704187e+01
-3.167999999999999983e-02 -3.421249078036049696e+01
-3.119999999999999857e-02 -3.377725516172991149e+01
-3.071999999999999731e-02 -3.331496139807653378e+01
-3.023999999999999605e-02 -3.289783373728889160e+01
-2.975999999999999826e-02 -3.258755505751005899e+01
-2.927999999999999700e-02 -3.232514022593183967e+01
-2.879999999999999921e-02 -3.179489471453002736e+01
-2.831999999999999795e-02 -3.135376101733140786e+01
-2.783999999999999669e-02 -3.118151923356206723e+01
-2.735999999999999890e-02 -3.057138240298301213e+01
-2.687999999999999765e-02 -2.960839840050842042e+01
-2.639999999999999639e-02 -2.887242663603048243e+01
-2.591999999999999860e-02 -2.805012996016309756e+01
-2.543999999999999734e-02 -2.744064796801141881e+01
-2.495999999999999608e-02 -2.703583452611466598e+01
-2.447999999999999829e-02 -2.663005082540971813e+01
-2.399999999999999703e-02 -2.605132352369259507e+01
-2.351999999999999924e-02 -2.562716687049294961e+01
-2.303999999999999798e-02 -2.528447187675659791e+01
-2.255999999999999672e-02 -2.471195020475425963e+01
-2.207999999999999893e-02 -2.407075119520219175e+01
-2.159999999999999767e-02 -2.361646056589461296e+01
-2.111999999999999988e-02 -2.283834246439942461e+01
-2.063999999999999863e-02 -2.238908855099310813e+01
-2.015999999999999737e-02 -2.203052234836719236e+01
-1.967999999999999958e-02 -2.165807869593876234e+01
-1.919999999999999832e-02 -2.151488034956990703e+01
-1.871999999999999706e-02 -2.140041097663018732e+01
-1.823999999999999927e-02 -2.088822064846450033e+01
-1.775999999999999801e-02 -2.024554513639731823e+01
-1.727999999999999675e-02 -2.009780133893888987e+01
-1.679999999999999896e-02 -2.005928181747571060e+01
-1.631999999999999770e-02 -1.973292023607968915e+01
-1.583999999999999991e-02 -1.936410304149050887e+01
-1.535999999999999865e-02 -1.902301236319695477e+01
-1.487999999999999913e-02 -1.883326309192866788e+01
-1.439999999999999961e-02 -1.844205083408605361e+01
-1.391999999999999835e-02 -1.794989712803637261e+01
-1.343999999999999882e-02 -1.792079191259228566e+01
-1.295999999999999930e-02 -1.766140601479826699e+01
-1.247999999999999804e-02 -1.717146499428872630e+01
-1.199999999999999852e-02 -1.706045390768126069e+01
-1.151999999999999899e-02 -1.692263728626861408e+01
-1.103999999999999947e-02 -1.656924837814959517e+01
-1.055999999999999994e-02 -1.544729128538807927e+01
-1.007999999999999868e-02 -3.828285354062633150e+00
-9.599999999999999159e-03 4.318207242253629730e+00
-9.119999999999999635e-03 6.926363738408710446e+00
-8.639999999999998376e-03 7.131163526223875060e+00
-8.159999999999998851e-03 7.130624077895108215e+00
-7.679999999999999327e-03 7.298974337487465824e+00
-7.199999999999999803e-03 7.387860325371676140e+00
-6.719999999999999411e-03 7.224762724308725126e+00
-6.239999999999999020e-03 7.264004781282197953e+00
-5.759999999999999495e-03 7.415497934585736139e+00
-5.279999999999999971e-03 7.400298661245583887e+00
-4.799999999999999580e-03 7.421678895625184680e+00
-4.319999999999999188e-03 7.230978172382858560e+00
-3.839999999999999664e-03 7.121774514194646244e+00
-3.359999999999999706e-03 7.113387647876495024e+00
-2.879999999999999748e-03 7.101477566537361952e+00
-2.399999999999999790e-03 7.201839651416568344e+00
-1.919999999999999832e-03 7.142298775938684230e+00
-1.439999999999999874e-03 7.172638551835613718e+00
-9.599999999999999159e-04 7.242014159262319950e+00
-4.799999999999999580e-04 7.116473244140676613e+00
0.000000000000000000e+00 7.063555856712346426e+00
4.799999999999999580e-04 7.293671586334379064e+00
9.599999999999999159e-04 7.659005033813865104e+00
1.439999999999999874e-03 7.288577412580727000e+00
1.919999999999999832e-03 6.924814675935473396e+00
2.399999999999999790e-03 7.144799940176040920e+00
2.879999999999999748e-03 7.315544214247867494e+00
3.359999999999999706e-03 7.472594392044036304e+00
3.839999999999999664e-03 7.226914956137680868e+00
4.319999999999999188e-03 6.912135614988475396e+00
4.799999999999999580e-03 6.963639926485964082e+00
5.279999999999999971e-03 7.089419108466982422e+00
5.759999999999999495e-03 7.069761540656930521e+00
6.239999999999999020e-03 6.955940128208066398e+00
6.719999999999999411e-03 7.000187275568023004e+00
7.199999999999999803e-03 7.114543693186753615e+00
7.679999999999999327e-03 6.910502510581634006e+00
8.159999999999998851e-03 6.941858647914674663e+00
8.639999999999998376e-03 6.996034207966234320e+00
9.119999999999999635e-03 6.640498533290529082e+00
9.599999999999999159e-03 3.955112966166905331e+00
1.007999999999999868e-02 -4.318598108079395814e+00
1.055999999999999994e-02 -1.608936614062116632e+01
1.103999999999999947e-02 -1.748374388890455577e+01
1.151999999999999899e-02 -1.763226392331434056e+01
1.199999999999999852e-02 -1.794271104641624248e+01
1.247999999999999804e-02 -1.854467071222367380e+01
1.295999999999999930e-02 -1.872429270805491086e+01
1.343999999999999882e-02 -1.881188064641537494e+01
1.391999999999999835e-02 -1.878037392023826513e+01
1.439999999999999961e-02 -1.899847246489248676e+01
1.487999999999999913e-02 -1.962274742736222777e+01
1.535999999999999865e-02 -1.986615298606132640e+01
1.583999999999999991e-02 -2.005362044337365290e+01
1.631999999999999770e-02 -2.039165567837983062e+01
1.679999999999999896e-02 -2.059078432861109675e+01
1.727999999999999675e-02 -2.104204212714224198e+01
1.775999999999999801e-02 -2.183283807576735569e+01
1.823999999999999927e-02 -2.223926243649062684e+01
1.871999999999999706e-02 -2.257170272000200484e+01
1.919999999999999832e-02 -2.265571557276929937e+01
1.967999999999999958e-02 -2.281099817056004397e+01
2.015999999999999737e-02 -2.308060810491236481e+01
2.063999999999999863e-02 -2.367753925582093899e+01
2.111999999999999988e-02 -2.443157120283038353e+01
2.159999999999999767e-02 -2.453224459065257790e+01
2.207999999999999893e-02 -2.472104955953827954e+01
2.255999999999999672e-02 -2.529368586754741699e+01
2.303999999999999798e-02 -2.560935296737387645e+01
2.351999999999999924e-02 -2.613888099408021759e+01
2.399999999999999703e-02 -2.658946814661000957e+01
2.447999999999999829e-02 -2.713431274776835878e+01
2.495999999999999608e-02 -2.754366935303220032e+01
2.543999999999999734e-02 -2.817025641802769798e+01
2.591999999999999860e-02 -2.885901443502386954e+01
2.639999999999999639e-02 -2.939634343497397140e+01
2.687999999999999765e-02 -2.991210164707874242e+01
2.735999999999999890e-02 -3.054848597567054824e+01
2.783999999999999669e-02 -3.115873778331545196e+01
2.831999999999999795e-02 -3.166316910529845075e+01
2.879999999999999921e-02 -3.209061522302246772e+01
2.927999999999999700e-02 -3.208786008415567892e+01
2.975999999999999826e-02 -3.241174471582735350e+01
3.023999999999999605e-02 -3.289244481738413128e+01
3.071999999999999731e-02 -3.342814645926335970e+01
3.119999999999999857e-02 -3.388435470860332543e+01
3.167999999999999983e-02 -3.423545044537193860e+01
3.215999999999999415e-02 -3.453548226268897281e+01
3.263999999999999541e-02 -3.462987300037892169e+01
3.311999999999999666e-02 -3.483747993446394275e+01
3.359999999999999792e-02 -3.529892552920173898e+01
3.407999999999999918e-02 -3.566514743147519084e+01
3.455999999999999350e-02 -3.597948124579981766e+01
3.503999999999999476e-02 -3.630793859922583522e+01
3.551999999999999602e-02 -3.671754729978778897e+01
3.599999999999999728e-02 -3.703545710187137274e+01
3.647999999999999854e-02 -3.732818436402735784e+01
3.695999999999999980e-02 -3.766317329748398635e+01
3.743999999999999412e-02 -3.780383467961546273e+01
3.791999999999999538e-02 -3.825112196179077984e+01
3.839999999999999664e-02 -3.874366417217953540e+01
3.887999999999999790e-02 -3.898957427495981420e+01
3.935999999999999915e-02 -3.956056585746340204e+01
3.983999999999999347e-02 -3.972966243867315939e+01
4.031999999999999473e-02 -3.994294653878950641e+01
4.079999999999999599e-02 -4.051784450121927961e+01
4.127999999999999725e-02 -4.104851097067036392e+01
4.175999999999999851e-02 -4.120292321344823705e+01
4.223999999999999977e-02 -4.128723152469696345e+01
4.271999999999999409e-02 -4.154269602470481715e+01
4.319999999999999535e-02 -4.224803652070753657e+01
4.367999999999999661e-02 -4.286256488574808543e+01
4.415999999999999787e-02 -4.310717953212573406e+01
4.463999999999999913e-02 -4.325551189923955775e+01
4.511999999999999345e-02 -4.324241243661245448e+01
4.559999999999999470e-02 -4.380834245971754370e+01
4.607999999999999596e-02 -4.395766739522703404e+01
4.655999999999999722e-02 -4.452034775566582425e+01
4.703999999999999848e-02 -4.480458937504526062e+01
4.751999999999999280e-02 -4.502577829457501224e+01
4.799999999999999406e-02 -4.500492896484005456e+01
4.847999999999999532e-02 -4.508893592759369540e+01
4.895999999999999658e-02 -4.582003461646986864e+01
4.943999999999999784e-02 -4.601871151598405163e+01
4.991999999999999216e-02 -4.628214257552824051e+01
5.039999999999999342e-02 -4.630161455282741656e+01
5.087999999999999468e-02 -4.623638868018986869e+01
5.135999999999999593e-02 -4.635375184078412047e+01
5.183999999999999719e-02 -4.671627222501929566e+01
5.231999999999999845e-02 -4.693210013149239046e+01
5.279999999999999277e-02 -4.717271636615996755e+01
5.327999999999999403e-02 -4.754553589136249769e+01
5.375999999999999529e-02 -4.776874224826863724e+01
5.423999999999999655e-02 -4.768307739804004086e+01
5.471999999999999781e-02 -4.782547543380673005e+01
5.519999999999999213e-02 -4.809716455318532979e+01
5.567999999999999339e-02 -4.844025734721063969e+01
5.615999999999999465e-02 -4.858534735498896140e+01
5.663999999999999591e-02 -4.907782375086398474e+01
5.711999999999999716e-02 -4.939680848367608945e+01
5.759999999999999842e-02 -4.918960375802366514e+01
5.807999999999999274e-02 -4.913538811520612626e+01
5.855999999999999400e-02 -4.951766192820372936e+01
5.903999999999999526e-02 -4.977249693276610998e+01
5.951999999999999652e-02 -4.975168191890665526e+01
5.999999999999999778e-02 -4.968517237832786293e+01
6.047999999999999210e-02 -4.999581999492225748e+01
6.095999999999999336e-02 -5.037539127742747525e+01
6.143999999999999462e-02 -5.049760208046963328e+01
6.191999999999999588e-02 -5.039882470006688919e+01
6.239999999999999714e-02 -5.037913410245767665e+01
6.287999999999999146e-02 -5.055753347854570023e+01
6.335999999999999965e-02 -5.092270581144244090e+01
6.383999999999999397e-02 -5.123522560769487910e+01
6.431999999999998829e-02 -5.110892399165567923e+01
6.479999999999999649e-02 -5.128165476616178609e+01
6.527999999999999081e-02 -5.181661896984509497e+01
6.575999999999999901e-02 -5.187345570963380226e+01
6.623999999999999333e-02 -5.172225826475027333e+01
6.671999999999998765e-02 -5.204919572787180471e+01
6.719999999999999585e-02 -5.226955959126243556e+01
6.767999999999999017e-02 -5.207497963103554639e+01
6.815999999999999837e-02 -5.213782038084717385e+01
6.863999999999999269e-02 -5.213522692539805092e+01
6.911999999999998701e-02 -5.219817128838133868e+01
6.959999999999999520e-02 -5.244039484662170736e+01
7.007999999999998952e-02 -5.271752621846923148e+01
7.055999999999999772e-02 -5.295098475405053762e+01
7.103999999999999204e-02 -5.312731023300786148e+01
7.152000000000000024e-02 -5.317662264370814285e+01
7.199999999999999456e-02 -5.317396579397725986e+01
7.247999999999998888e-02 -5.338147166661737941e+01
7.295999999999999708e-02 -5.368193786673502643e+01
7.343999999999999140e-02 -5.364948388400370050e+01
7.391999999999999960e-02 -5.377608541489956906e+01
7.439999999999999392e-02 -5.420276390308360703e+01
7.487999999999998824e-02 -5.416814944317973612e+01
7.535999999999999643e-02 -5.428362585238170368e+01
7.583999999999999075e-02 -5.422917059567519971e+01
7.631999999999999895e-02 -5.430394272141141698e+01
7.679999999999999327e-02 -5.468004067571145299e+01
7.727999999999998759e-02 -5.487872486036362574e+01
7.775999999999999579e-02 -5.488323417802521931e+01
7.823999999999999011e-02 -5.503272034049217609e+01
7.871999999999999831e-02 -5.515403099292157663e+01
7.919999999999999263e-02 -5.542778764235315947e+01
7.967999999999998695e-02 -5.581730519846697547e+01
8.015999999999999515e-02 -5.618755012384303882e+01
8.063999999999998947e-02 -5.629635235892281742e+01
8.111999999999999766e-02 -5.627134646692924491e+01
8.159999999999999198e-02 -5.636828488042261398e+01
8.207999999999998630e-02 -5.634837134389851343e+01
8.255999999999999450e-02 -5.643997681698366620e+01
8.303999999999998882e-02 -5.677642111975845296e+01
8.351999999999999702e-02 -5.662637642508159530e+01
8.399999999999999134e-02 -5.650989283185410272e+01
8.447999999999999954e-02 -5.670496335010692235e+01
8.495999999999999386e-02 -5.680330900128279836e+01
8.543999999999998818e-02 -5.675067393137787519e+01
8.591999999999999638e-02 -5.699476243851981394e+01
8.639999999999999070e-02 -5.753806134680388595e+01
8.687999999999999889e-02 -5.764391291411085660e+01
8.735999999999999321e-02 -5.757687967594665679e+01
8.783999999999998753e-02 -5.749091029638449868e+01
8.831999999999999573e-02 -5.792092357369629951e+01
8.879999999999999005e-02 -5.792147207330363301e+01
8.927999999999999825e-02 -5.798660237691366603e+01
8.975999999999999257e-02 -5.821820480528906927e+01
9.023999999999998689e-02 -5.830373175507488526e+01
9.071999999999999509e-02 -5.833563959128264287e+01
9.119999999999998941e-02 -5.837279160364506225e+01
9.167999999999999761e-02 -5.870278283026092936e+01
9.215999999999999193e-02 -5.869703330169539868e+01
9.263999999999998625e-02 -5.856653624019573101e+01
9.311999999999999444e-02 -5.878560700093920133e+01
9.359999999999998876e-02 -5.915098879588933301e+01
9.407999999999999696e-02 -5.909807979624910956e+01
9.455999999999999128e-02 -5.944274109422320151e+01
9.503999999999998560e-02 -5.967848867606085150e+01
9.551999999999999380e-02 -5.977484502869803862e+01
9.599999999999998812e-02 -5.987685619312826191e+01
9.647999999999999632e-02 -6.013581388760123048e+01
9.695999999999999064e-02 -6.006862826264289623e+01
9.743999999999998496e-02 -5.999546612609164242e+01
9.791999999999999316e-02 -5.986537193665586898e+01
9.839999999999998748e-02 -6.001692774467028357e+01
9.887999999999999567e-02 -6.024239857551900457e+01
9.935999999999998999e-02 -6.039223663414834675e+01
9.983999999999998431e-02 -6.030636600711030582e+01
1.003199999999999925e-01 -6.023932389224753337e+01
1.007999999999999868e-01 -6.038298312036748428e+01
1.012799999999999950e-01 -6.066587946631443629e+01
1.017599999999999894e-01 -6.100940527306242700e+01
1.022399999999999975e-01 -6.111928518642820762e+01
1.027199999999999919e-01 -6.137053150896738885e+01
1.031999999999999862e-01 -6.173126834322558665e+01
1.036799999999999944e-01 -6.234183201044355371e+01
1.041599999999999887e-01 -6.306314237620836138e+01
1.046399999999999969e-01 -6.359898856602610806e+01
1.051199999999999912e-01 -6.438370896574616609e+01
1.055999999999999855e-01 -6.483817042392327323e+01
1.060799999999999937e-01 -6.477771907871473900e+01
1.065599999999999881e-01 -6.588548857495649713e+01
1.070399999999999963e-01 -6.695351799773762025e+01
1.075199999999999906e-01 -6.796923941342862463e+01
1.079999999999999849e-01 -6.915995346298842605e+01
1.084799999999999931e-01 -7.034002526444302816e+01
1.089599999999999874e-01 -7.135923562845815127e+01
1.094399999999999956e-01 -7.247292002777233222e+01
1.099199999999999899e-01 -7.370807869125894740e+01
1.103999999999999843e-01 -7.479727506112165258e+01
1.108799999999999925e-01 -7.583489446845096893e+01
1.113599999999999868e-01 -7.665610149978648735e+01
1.118399999999999950e-01 -7.760420373988280573e+01
1.123199999999999893e-01 -7.857163840254646914e+01
1.127999999999999836e-01 -7.893796370277485153e+01
1.132799999999999918e-01 -7.900612568308729067e+01
1.137599999999999861e-01 -7.951266259793341362e+01
1.142399999999999943e-01 -7.958951927074204491e+01
1.147199999999999886e-01 -7.930995359852059323e+01
1.151999999999999968e-01 -7.923134893399566181e+01
1.156799999999999912e-01 -7.931771429231173443e+01
1.161599999999999855e-01 -7.955482883849369102e+01
1.166399999999999937e-01 -7.951853191478853944e+01
1.171199999999999880e-01 -7.974364354369234320e+01
1.175999999999999962e-01 -7.970244772969617486e+01
1.180799999999999905e-01 -7.926800701584954822e+01
1.185599999999999848e-01 -7.926345392413453794e+01
1.190399999999999930e-01 -7.924662714583661227e+01
1.195199999999999874e-01 -7.933972390910045647e+01
1.199999999999999956e-01 -7.960961729655308261e+01
1.204799999999999899e-01 -7.964213648130966305e+01
1.209599999999999842e-01 -7.952766176653257446e+01
1.214399999999999924e-01 -7.938699523945679459e+01
1.219199999999999867e-01 -7.939822346500001515e+01
1.223999999999999949e-01 -7.910844663375871733e+01
