-1.228799999999999955e+02 -1.026380949322212501e+02
-1.223999999999999915e+02 -1.032740093864567257e+02
-1.219200000000000017e+02 -1.033599014423517559e+02
-1.214399999999999977e+02 -1.036020822750819832e+02
-1.209599999999999937e+02 -1.039710204165074856e+02
-1.204799999999999898e+02 -1.038245269392937189e+02
-1.200000000000000000e+02 -1.036395416451723293e+02
-1.195199999999999960e+02 -1.038874077381356926e+02
-1.190399999999999920e+02 -1.039599615713838432e+02
-1.185600000000000023e+02 -1.039551539793992418e+02
-1.180799999999999983e+02 -1.042624749392436172e+02
-1.175999999999999943e+02 -1.040716327910551087e+02
-1.171199999999999903e+02 -1.040942305870280080e+02
-1.166400000000000006e+02 -1.038801532882428660e+02
-1.161599999999999966e+02 -1.036955174672295641e+02
-1.156799999999999926e+02 -1.036394947012720706e+02
-1.151999999999999886e+02 -1.037976480949991753e+02
-1.147199999999999989e+02 -1.041082122112929937e+02
-1.142399999999999949e+02 -1.039441713241888010e+02
-1.137599999999999909e+02 -1.037786658416501950e+02
-1.132800000000000011e+02 -1.037465174983879592e+02
-1.127999999999999972e+02 -1.034253309186653098e+02
-1.123199999999999932e+02 -1.026493056446698091e+02
-1.118399999999999892e+02 -1.018567722579928301e+02
-1.113599999999999994e+02 -1.011700970465700919e+02
-1.108799999999999955e+02 -1.004599258505832324e+02
-1.103999999999999915e+02 -9.947017669057953526e+01
-1.099200000000000017e+02 -9.830452662532616159e+01
-1.094399999999999977e+02 -9.703148508400661854e+01
-1.089599999999999937e+02 -9.570318052900562122e+01
-1.084799999999999898e+02 -9.440228379987300400e+01
-1.080000000000000000e+02 -9.289068748576433165e+01
-1.075199999999999960e+02 -9.212922391011414902e+01
-1.070399999999999920e+02 -9.157923372662605743e+01
-1.065600000000000023e+02 -9.048566416957343961e+01
-1.060799999999999983e+02 -8.963596110736543210e+01
-1.055999999999999943e+02 -8.887535623344469116e+01
-1.051199999999999903e+02 -8.811819521515344888e+01
-1.046400000000000006e+02 -8.730976101268446143e+01
-1.041599999999999966e+02 -8.684562087798104812e+01
-1.036799999999999926e+02 -8.641228311739489243e+01
-1.032000000000000028e+02 -8.574758171560452524e+01
-1.027199999999999989e+02 -8.520629006456515242e+01
-1.022399999999999949e+02 -8.512433658628225430e+01
-1.017599999999999909e+02 -8.474647500089008645e+01
-1.012800000000000011e+02 -8.440151706998962311e+01
-1.007999999999999972e+02 -8.434561678541331275e+01
-1.003199999999999932e+02 -8.422484557814667028e+01
-9.984000000000000341e+01 -8.404602438052192781e+01
-9.935999999999999943e+01 -8.379767542998493468e+01
-9.887999999999999545e+01 -8.382648712643546673e+01
-9.839999999999999147e+01 -8.369339152274665139e+01
-9.792000000000000171e+01 -8.354889644157596251e+01
-9.743999999999999773e+01 -8.369350437560675005e+01
-9.695999999999999375e+01 -8.339803950415651457e+01
-9.647999999999998977e+01 -8.322402148820138734e+01
-9.600000000000000000e+01 -8.318854779555884704e+01
-9.551999999999999602e+01 -8.316727939079719079e+01
-9.503999999999999204e+01 -8.279098258552041045e+01
-9.456000000000000227e+01 -8.266787064262196338e+01
-9.407999999999999829e+01 -8.264052394148978919e+01
-9.359999999999999432e+01 -8.242333281982580218e+01
-9.311999999999999034e+01 -8.215318321951914982e+01
-9.264000000000000057e+01 -8.182746846320651457e+01
-9.215999999999999659e+01 -8.175706565625580424e+01
-9.167999999999999261e+01 -8.174192303846612617e+01
-9.120000000000000284e+01 -8.150133382244510472e+01
-9.071999999999999886e+01 -8.124404832762685658e+01
-9.023999999999999488e+01 -8.108850872674572940e+01
-8.975999999999999091e+01 -8.114053040825227470e+01
-8.928000000000000114e+01 -8.089500679979599340e+01
-8.879999999999999716e+01 -8.078886290439137952e+01
-8.831999999999999318e+01 -8.074923007016182908e+01
-8.784000000000000341e+01 -8.042097475831376130e+01
-8.735999999999999943e+01 -8.006505202045596548e+01
-8.687999999999999545e+01 -8.000850351845001285e+01
-8.639999999999999147e+01 -7.975834651112295148e+01
-8.592000000000000171e+01 -7.965087497974874964e+01
-8.543999999999999773e+01 -7.948982676417044502e+01
-8.495999999999999375e+01 -7.904806307971425383e+01
-8.447999999999998977e+01 -7.878943072064123498e+01
-8.400000000000000000e+01 -7.884327196456735010e+01
-8.351999999999999602e+01 -7.887924915473888632e+01
-8.303999999999999204e+01 -7.876954933376596557e+01
-8.256000000000000227e+01 -7.839396092536505023e+01
-8.207999999999999829e+01 -7.810902976574696766e+01
-8.159999999999999432e+01 -7.790445261796479315e+01
-8.111999999999999034e+01 -7.800305752084723565e+01
-8.064000000000000057e+01 -7.796141251495201629e+01
-8.015999999999999659e+01 -7.793746518281788838e+01
-7.967999999999999261e+01 -7.770032295797368249e+01
-7.920000000000000284e+01 -7.736798214298404730e+01
-7.871999999999999886e+01 -7.724852990453943846e+01
-7.823999999999999488e+01 -7.729163969943579104e+01
-7.775999999999999091e+01 -7.740803155655511603e+01
-7.728000000000000114e+01 -7.742804771996854640e+01
-7.679999999999999716e+01 -7.696665360352822916e+01
-7.631999999999999318e+01 -7.657965287932486831e+01
-7.584000000000000341e+01 -7.651052903809228667e+01
-7.535999999999999943e+01 -7.660788962469807473e+01
-7.487999999999999545e+01 -7.636913271568921857e+01
-7.439999999999999147e+01 -7.604694670601656981e+01
-7.392000000000000171e+01 -7.588733171241018738e+01
-7.343999999999999773e+01 -7.572251145456958454e+01
-7.295999999999999375e+01 -7.576699867044763437e+01
-7.248000000000000398e+01 -7.572567343090862835e+01
-7.200000000000000000e+01 -7.547824789611917140e+01
-7.151999999999999602e+01 -7.537946305042993345e+01
-7.103999999999999204e+01 -7.544170507490777311e+01
-7.056000000000000227e+01 -7.521911742623464647e+01
-7.007999999999999829e+01 -7.493613321802666860e+01
-6.959999999999999432e+01 -7.484622252133652864e+01
-6.912000000000000455e+01 -7.473545253652980591e+01
-6.864000000000000057e+01 -7.463385053659895618e+01
-6.815999999999999659e+01 -7.445292154820201347e+01
-6.767999999999999261e+01 -7.420092847136450587e+01
-6.720000000000000284e+01 -7.427445276613867975e+01
-6.671999999999999886e+01 -7.436528040009599749e+01
-6.623999999999999488e+01 -7.416100921101590870e+01
-6.575999999999999091e+01 -7.403748896740047769e+01
-6.528000000000000114e+01 -7.409249143987382524e+01
-6.479999999999999716e+01 -7.390653434090046403e+01
-6.431999999999999318e+01 -7.396419728908495017e+01
-6.383999999999999631e+01 -7.366693881587815440e+01
-6.335999999999999943e+01 -7.326443304733744810e+01
-6.287999999999999545e+01 -7.325285184983157194e+01
-6.239999999999999858e+01 -7.323113786237369993e+01
-6.191999999999999460e+01 -7.297616986655975779e+01
-6.143999999999999773e+01 -7.288639211608344226e+01
-6.096000000000000085e+01 -7.291361434908962735e+01
-6.047999999999999687e+01 -7.279465412197180285e+01
-6.000000000000000000e+01 -7.269267928170549453e+01
-5.951999999999999602e+01 -7.233576005104029605e+01
-5.903999999999999915e+01 -7.226924307035910999e+01
-5.855999999999999517e+01 -7.203856887297598632e+01
-5.807999999999999829e+01 -7.183079757614176231e+01
-5.759999999999999432e+01 -7.190735460028938064e+01
-5.711999999999999744e+01 -7.165098947465645551e+01
-5.664000000000000057e+01 -7.135109975764201806e+01
-5.615999999999999659e+01 -7.114036363258739470e+01
-5.567999999999999972e+01 -7.114917152093960340e+01
-5.519999999999999574e+01 -7.094068302920233293e+01
-5.471999999999999886e+01 -7.075218970115324169e+01
-5.423999999999999488e+01 -7.083477019000788744e+01
-5.375999999999999801e+01 -7.036625051471551728e+01
-5.328000000000000114e+01 -6.991322363249965122e+01
-5.279999999999999716e+01 -6.982895936270529091e+01
-5.232000000000000028e+01 -7.023637760080947601e+01
-5.183999999999999631e+01 -7.027724657411550879e+01
-5.135999999999999943e+01 -7.003357500219385656e+01
-5.087999999999999545e+01 -6.992597382896209979e+01
-5.039999999999999858e+01 -6.966835043186206633e+01
-4.992000000000000171e+01 -6.915403400110739085e+01
-4.943999999999999773e+01 -6.899091089522106302e+01
-4.896000000000000085e+01 -6.916759929790723049e+01
-4.847999999999999687e+01 -6.891705329867609464e+01
-4.800000000000000000e+01 -6.860241986896244271e+01
-4.751999999999999602e+01 -6.844309191014173166e+01
-4.703999999999999915e+01 -6.832754648477130388e+01
-4.655999999999999517e+01 -6.803414300591458641e+01
-4.607999999999999829e+01 -6.786881613206256247e+01
-4.560000000000000142e+01 -6.764990334236513547e+01
-4.511999999999999744e+01 -6.734874560719352132e+01
-4.464000000000000057e+01 -6.703813073006483592e+01
-4.415999999999999659e+01 -6.662164613971290805e+01
-4.367999999999999972e+01 -6.644004259131379797e+01
-4.319999999999999574e+01 -6.633726777225763271e+01
-4.271999999999999886e+01 -6.605886486723504447e+01
-4.223999999999999488e+01 -6.557453193393257607e+01
-4.175999999999999801e+01 -6.512201238639285350e+01
-4.128000000000000114e+01 -6.476718021593472940e+01
-4.079999999999999716e+01 -6.462713876604402685e+01
-4.032000000000000028e+01 -6.449473669854675961e+01
-3.983999999999999631e+01 -6.443755754820158188e+01
-3.935999999999999943e+01 -6.418552628495623935e+01
-3.887999999999999545e+01 -6.341803538425001108e+01
-3.839999999999999858e+01 -6.279270895448257761e+01
-3.792000000000000171e+01 -6.254571012926994200e+01
-3.743999999999999773e+01 -6.248859817956622464e+01
-3.696000000000000085e+01 -6.228447414896806578e+01
-3.647999999999999687e+01 -6.211771874935578808e+01
-3.600000000000000000e+01 -6.186938738863292997e+01
-3.551999999999999602e+01 -6.129313603872788008e+01
-3.503999999999999915e+01 -6.072129308168265283e+01
-3.456000000000000227e+01 -6.042062981976722824e+01
-3.407999999999999829e+01 -6.008629499473988744e+01
-3.360000000000000142e+01 -5.973393387086488104e+01
-3.311999999999999744e+01 -5.954035768990347322e+01
-3.264000000000000057e+01 -5.938202916312471302e+01
-3.215999999999999659e+01 -5.905029518187583193e+01
-3.167999999999999972e+01 -5.869588763078663618e+01
-3.119999999999999929e+01 -5.826063743072927537e+01
-3.071999999999999886e+01 -5.779838068127023121e+01
-3.023999999999999844e+01 -5.738154732300468908e+01
-2.975999999999999801e+01 -5.707121089619877807e+01
-2.927999999999999758e+01 -5.680828048482084114e+01
-2.879999999999999716e+01 -5.627762687057595770e+01
-2.832000000000000028e+01 -5.583659841496437082e+01
-2.783999999999999986e+01 -5.566457992095070040e+01
-2.735999999999999943e+01 -5.505478668121948260e+01
-2.687999999999999901e+01 -5.409193695268204749e+01
-2.639999999999999858e+01 -5.335570134146920651e+01
-2.591999999999999815e+01 -5.253319259145212072e+01
-2.543999999999999773e+01 -5.192390774970607481e+01
-2.496000000000000085e+01 -5.151931545124354983e+01
-2.448000000000000043e+01 -5.111330023999678929e+01
-2.400000000000000000e+01 -5.053447671391323581e+01
-2.351999999999999957e+01 -5.011051325183216676e+01
-2.303999999999999915e+01 -4.976793404160350320e+01
-2.255999999999999872e+01 -4.919537593070616310e+01
-2.207999999999999829e+01 -4.855393032872667902e+01
-2.159999999999999787e+01 -4.809977207090401663e+01
-2.111999999999999744e+01 -4.732138112689860776e+01
-2.064000000000000057e+01 -4.687238529800184494e+01
-2.016000000000000014e+01 -4.651370690411820874e+01
-1.967999999999999972e+01 -4.614116411330100220e+01
-1.919999999999999929e+01 -4.599737084576581481e+01
-1.871999999999999886e+01 -4.588278593123627047e+01
-1.823999999999999844e+01 -4.536801541860441489e+01
-1.775999999999999801e+01 -4.472497989948142560e+01
-1.728000000000000114e+01 -4.457832141068046639e+01
-1.680000000000000071e+01 -4.453987595073753880e+01
-1.632000000000000028e+01 -4.421354950538103878e+01
-1.583999999999999986e+01 -4.383886471369787330e+01
-1.535999999999999943e+01 -4.349397900642393466e+01
-1.487999999999999901e+01 -4.330414504799598063e+01
-1.439999999999999858e+01 -4.291592616995161080e+01
-1.391999999999999993e+01 -4.242837749684800031e+01
-1.343999999999999950e+01 -4.239692343064688629e+01
-1.295999999999999908e+01 -4.213115178908499558e+01
-1.248000000000000043e+01 -4.164752113751224272e+01
-1.200000000000000000e+01 -4.155172718342992511e+01
-1.151999999999999957e+01 -4.142041861863823016e+01
-1.103999999999999915e+01 -4.109856834867402142e+01
-1.055999999999999872e+01 -4.068535902492673273e+01
-1.008000000000000007e+01 -3.328113755109749405e+01
-9.599999999999999645e+00 -2.559567515153748829e+01
-9.119999999999999218e+00 -2.301323040883150384e+01
-8.640000000000000568e+00 -2.281526107337120379e+01
-8.160000000000000142e+00 -2.283066872545938963e+01
-7.679999999999999716e+00 -2.267761170111767655e+01
-7.199999999999999289e+00 -2.259980918241144110e+01
-6.719999999999999751e+00 -2.277141356523099702e+01
-6.240000000000000213e+00 -2.274228236206043618e+01
-5.759999999999999787e+00 -2.259846836241418799e+01
-5.279999999999999361e+00 -2.261110637070178342e+01
-4.799999999999999822e+00 -2.259583258814928541e+01
-4.320000000000000284e+00 -2.276745886277488395e+01
-3.839999999999999858e+00 -2.288195651707987111e+01
-3.359999999999999876e+00 -2.290260977931644959e+01
-2.879999999999999893e+00 -2.291431116464850248e+01
-2.399999999999999911e+00 -2.283887753344848193e+01
-1.919999999999999929e+00 -2.294385051843241285e+01
-1.439999999999999947e+00 -2.289082072063912321e+01
-9.599999999999999645e-01 -2.280576096883159565e+01
-4.799999999999999822e-01 -2.294702956894684931e+01
0.000000000000000000e+00 -2.299106222432227042e+01
4.799999999999999822e-01 -2.274775954471227024e+01
9.599999999999999645e-01 -2.240519901390739932e+01
1.439999999999999947e+00 -2.279883680610367591e+01
1.919999999999999929e+00 -2.317327036874995727e+01
2.399999999999999911e+00 -2.295378706240397548e+01
2.879999999999999893e+00 -2.277577762253489624e+01
3.359999999999999876e+00 -2.262674830165385842e+01
3.839999999999999858e+00 -2.288099085855785120e+01
4.320000000000000284e+00 -2.320543957938713220e+01
4.799999999999999822e+00 -2.315947523685816378e+01
5.279999999999999361e+00 -2.300299595417915199e+01
5.759999999999999787e+00 -2.304458620328085061e+01
6.240000000000000213e+00 -2.318235157486584086e+01
6.719999999999999751e+00 -2.314494219619587767e+01
7.199999999999999289e+00 -2.303288040237107737e+01
7.679999999999999716e+00 -2.322835968177881227e+01
8.160000000000000142e+00 -2.321507662359840296e+01
8.640000000000000568e+00 -2.319117502191012292e+01
9.119999999999999218e+00 -2.357062969138938513e+01
9.599999999999999645e+00 -2.619027629226653886e+01
1.008000000000000007e+01 -3.393708399088547623e+01
1.055999999999999872e+01 -4.137491956784526792e+01
1.103999999999999915e+01 -4.205985163882503031e+01
1.151999999999999957e+01 -4.214068119417190417e+01
1.200000000000000000e+01 -4.242522395869616503e+01
1.248000000000000043e+01 -4.301828987033579921e+01
1.295999999999999908e+01 -4.319676736627523894e+01
1.343999999999999950e+01 -4.328466514078995431e+01
1.391999999999999993e+01 -4.325688331510588114e+01
1.439999999999999858e+01 -4.347108323271179842e+01
1.487999999999999901e+01 -4.408977019913902495e+01
1.535999999999999943e+01 -4.433918017902939823e+01
1.583999999999999986e+01 -4.452301205812189266e+01
1.632000000000000028e+01 -4.486226844850055073e+01
1.680000000000000071e+01 -4.506553766345970757e+01
1.728000000000000114e+01 -4.552012292392177528e+01
1.775999999999999801e+01 -4.631334101670945813e+01
1.823999999999999844e+01 -4.671989941850799255e+01
1.871999999999999886e+01 -4.705237168123942126e+01
1.919999999999999929e+01 -4.713742628591595007e+01
1.967999999999999972e+01 -4.729374884440890980e+01
2.016000000000000014e+01 -4.756389678248027053e+01
2.064000000000000057e+01 -4.816096752024903083e+01
2.111999999999999744e+01 -4.891484850768634374e+01
2.159999999999999787e+01 -4.901569634891713889e+01
2.207999999999999829e+01 -4.920443043615192380e+01
2.255999999999999872e+01 -4.977716188661531049e+01
2.303999999999999915e+01 -5.009277116676344832e+01
2.351999999999999957e+01 -5.062217559306812831e+01
2.400000000000000000e+01 -5.107270481309895871e+01
2.448000000000000043e+01 -5.161773398807265778e+01
2.496000000000000085e+01 -5.202695942463319057e+01
2.543999999999999773e+01 -5.265343584883214589e+01
2.591999999999999815e+01 -5.334218342022222714e+01
2.639999999999999858e+01 -5.387956160724786514e+01
2.687999999999999901e+01 -5.439512488049092553e+01
2.735999999999999943e+01 -5.503179082412447087e+01
2.783999999999999986e+01 -5.564202908928138669e+01
2.832000000000000028e+01 -5.614667215767888564e+01
2.879999999999999716e+01 -5.657398518521497266e+01
2.927999999999999758e+01 -5.657152603182414197e+01
2.975999999999999801e+01 -5.689512993750245329e+01
3.023999999999999844e+01 -5.737574137409352204e+01
3.071999999999999886e+01 -5.791137331552650380e+01
3.119999999999999929e+01 -5.836775545872989568e+01
3.167999999999999972e+01 -5.871878563391060624e+01
3.215999999999999659e+01 -5.901875267248044565e+01
3.264000000000000057e+01 -5.911322115980042469e+01
3.311999999999999744e+01 -5.932076315886432383e+01
3.360000000000000142e+01 -5.978225447121520375e+01
3.407999999999999829e+01 -6.014846070117965837e+01
3.456000000000000227e+01 -6.046285963767943628e+01
3.503999999999999915e+01 -6.079127023552847220e+01
3.551999999999999602e+01 -6.120086311565749781e+01
3.600000000000000000e+01 -6.151882203542360372e+01
3.647999999999999687e+01 -6.181150425028694428e+01
3.696000000000000085e+01 -6.214649086287644764e+01
3.743999999999999773e+01 -6.228719199703220255e+01
3.792000000000000171e+01 -6.273447143447683771e+01
3.839999999999999858e+01 -6.322698821711209405e+01
3.887999999999999545e+01 -6.347292854908345561e+01
3.935999999999999943e+01 -6.404386361035443542e+01
3.983999999999999631e+01 -6.421301549020031985e+01
4.032000000000000028e+01 -6.442630168634562438e+01
4.079999999999999716e+01 -6.500116727245536197e+01
4.128000000000000114e+01 -6.553184107982349360e+01
4.175999999999999801e+01 -6.568626619553991475e+01
4.223999999999999488e+01 -6.577056362797249278e+01
4.271999999999999886e+01 -6.602604715150988568e+01
4.319999999999999574e+01 -6.673134663748317053e+01
4.367999999999999972e+01 -6.734593591545640834e+01
4.415999999999999659e+01 -6.759049262760646570e+01
4.464000000000000057e+01 -6.773883673656405335e+01
4.511999999999999744e+01 -6.772579596216729669e+01
4.560000000000000142e+01 -6.829164536787638440e+01
4.607999999999999829e+01 -6.844102000687746568e+01
4.655999999999999517e+01 -6.900365438747969904e+01
4.703999999999999915e+01 -6.928796491426820126e+01
4.751999999999999602e+01 -6.950907083416220189e+01
4.800000000000000000e+01 -6.948829147378634730e+01
4.847999999999999687e+01 -6.957228683274723835e+01
4.896000000000000085e+01 -7.030333645658363650e+01
4.943999999999999773e+01 -7.050208708865346807e+01
4.992000000000000171e+01 -7.076545635242381138e+01
5.039999999999999858e+01 -7.078495180476942039e+01
5.087999999999999545e+01 -7.071974505243284170e+01
5.135999999999999943e+01 -7.083704074026061903e+01
5.183999999999999631e+01 -7.119966738041614462e+01
5.232000000000000028e+01 -7.141543368970877737e+01
5.279999999999999716e+01 -7.165602794020000488e+01
5.328000000000000114e+01 -7.202887768743578079e+01
5.375999999999999801e+01 -7.225208999230078177e+01
5.423999999999999488e+01 -7.216638884182140146e+01
5.471999999999999886e+01 -7.230885370467925100e+01
5.519999999999999574e+01 -7.258046320349910729e+01
5.567999999999999972e+01 -7.292361273915913955e+01
5.615999999999999659e+01 -7.306867175241728773e+01
5.664000000000000057e+01 -7.356118726204530844e+01
5.711999999999999744e+01 -7.388011971864982286e+01
5.759999999999999432e+01 -7.367295463253077514e+01
5.807999999999999829e+01 -7.361871018264429267e+01
5.855999999999999517e+01 -7.400102601247743905e+01
5.903999999999999915e+01 -7.425580488790204470e+01
5.951999999999999602e+01 -7.423504252899680012e+01
6.000000000000000000e+01 -7.416848941200954926e+01
6.047999999999999687e+01 -7.447915611574600803e+01
6.096000000000000085e+01 -7.485874906348976765e+01
6.143999999999999773e+01 -7.498092868668304334e+01
6.191999999999999460e+01 -7.488215933340819674e+01
6.239999999999999858e+01 -7.486246353253763175e+01
6.287999999999999545e+01 -7.504088575119014592e+01
6.335999999999999943e+01 -7.540603832122063466e+01
6.383999999999999631e+01 -7.571854937703444932e+01
6.431999999999999318e+01 -7.559228246141213958e+01
6.479999999999999716e+01 -7.576498120368525235e+01
6.528000000000000114e+01 -7.629995714990512568e+01
6.575999999999999091e+01 -7.635678798614110008e+01
6.623999999999999488e+01 -7.620561451427087718e+01
6.671999999999999886e+01 -7.653250672645116026e+01
6.720000000000000284e+01 -7.675290243973662996e+01
6.767999999999999261e+01 -7.655832728290066314e+01
6.815999999999999659e+01 -7.662115306209298637e+01
6.864000000000000057e+01 -7.661855705855467136e+01
6.912000000000000455e+01 -7.668151960587601934e+01
6.959999999999999432e+01 -7.692371536243138053e+01
7.007999999999999829e+01 -7.720087957439260151e+01
7.056000000000000227e+01 -7.743432389515581349e+01
7.103999999999999204e+01 -7.761061915121428001e+01
7.151999999999999602e+01 -7.765999563106957737e+01
7.200000000000000000e+01 -7.765726916093838383e+01
7.248000000000000398e+01 -7.786483021615816824e+01
7.295999999999999375e+01 -7.816527750631752269e+01
7.343999999999999773e+01 -7.813281618646198012e+01
7.392000000000000171e+01 -7.825941057135740664e+01
7.439999999999999147e+01 -7.868611961345487771e+01
7.487999999999999545e+01 -7.865147197564421333e+01
7.535999999999999943e+01 -7.876696818954071944e+01
7.584000000000000341e+01 -7.871250401928307383e+01
7.631999999999999318e+01 -7.878730170212919859e+01
7.679999999999999716e+01 -7.916334900032804001e+01
7.728000000000000114e+01 -7.936206642562595448e+01
7.775999999999999091e+01 -7.936658111737989429e+01
7.823999999999999488e+01 -7.951605505351069780e+01
7.871999999999999886e+01 -7.963736102214924983e+01
7.920000000000000284e+01 -7.991112622313916347e+01
7.967999999999999261e+01 -8.030064609012570997e+01
8.015999999999999659e+01 -8.067088966127512606e+01
8.064000000000000057e+01 -8.077968672034272402e+01
8.111999999999999034e+01 -8.075467993907764708e+01
8.159999999999999432e+01 -8.085162477759570265e+01
8.207999999999999829e+01 -8.083171463078670627e+01
8.256000000000000227e+01 -8.092330461381200735e+01
8.303999999999999204e+01 -8.125975862116349901e+01
8.351999999999999602e+01 -8.110971963201032509e+01
8.400000000000000000e+01 -8.099322102371900201e+01
8.447999999999998977e+01 -8.118831185823835028e+01
8.495999999999999375e+01 -8.128663859919083734e+01
8.543999999999999773e+01 -8.123401071214709646e+01
8.592000000000000171e+01 -8.147810908134509589e+01
8.639999999999999147e+01 -8.202138625512255032e+01
8.687999999999999545e+01 -8.212725371882625325e+01
8.735999999999999943e+01 -8.206021408928941696e+01
8.784000000000000341e+01 -8.197424431665298528e+01
8.831999999999999318e+01 -8.240426806603986165e+01
8.879999999999999716e+01 -8.240481390768486847e+01
8.928000000000000114e+01 -8.246992711409397714e+01
8.975999999999999091e+01 -8.270154749314525588e+01
9.023999999999999488e+01 -8.278707185102379640e+01
9.071999999999999886e+01 -8.281896898927412565e+01
9.120000000000000284e+01 -8.285612290911063837e+01
9.167999999999999261e+01 -8.318614281845071901e+01
9.215999999999999659e+01 -8.318035478444573982e+01
9.264000000000000057e+01 -8.304987186712521918e+01
9.311999999999999034e+01 -8.326894186364523875e+01
9.359999999999999432e+01 -8.363434267362684693e+01
9.407999999999999829e+01 -8.358140155112009495e+01
9.456000000000000227e+01 -8.392608158400020102e+01
9.503999999999999204e+01 -8.416182967925784908e+01
9.551999999999999602e+01 -8.425818036501189567e+01
9.600000000000000000e+01 -8.436019030108739969e+01
9.647999999999998977e+01 -8.461914608084825318e+01
9.695999999999999375e+01 -8.455197890737090916e+01
9.743999999999999773e+01 -8.447879374739099489e+01
9.792000000000000171e+01 -8.434871445902174969e+01
9.839999999999999147e+01 -8.450025264790124879e+01
9.887999999999999545e+01 -8.472574777198055074e+01
9.935999999999999943e+01 -8.487556683844353245e+01
9.984000000000000341e+01 -8.478970981154439812e+01
1.003199999999999932e+02 -8.472265382258683530e+01
1.007999999999999972e+02 -8.486632694353150441e+01
1.012800000000000011e+02 -8.514920819596528645e+01
1.017599999999999909e+02 -8.549274688943143019e+01
1.022399999999999949e+02 -8.560262261343547152e+01
1.027199999999999989e+02 -8.585387282905546158e+01
1.032000000000000028e+02 -8.621460129991945109e+01
1.036799999999999926e+02 -8.682516544015931004e+01
1.041599999999999966e+02 -8.754647863850368594e+01
1.046400000000000006e+02 -8.808233405395343141e+01
1.051199999999999903e+02 -8.886703953612678220e+01
1.055999999999999943e+02 -8.932150311845624913e+01
1.060799999999999983e+02 -8.926105944280232052e+01
1.065600000000000023e+02 -9.036882701331012413e+01
1.070399999999999920e+02 -9.143686751588562345e+01
1.075199999999999960e+02 -9.245255287314233783e+01
1.080000000000000000e+02 -9.364329257235367265e+01
1.084799999999999898e+02 -9.482340166634284628e+01
1.089599999999999937e+02 -9.584253519120764508e+01
1.094399999999999977e+02 -9.695624626457542661e+01
1.099200000000000017e+02 -9.819145327745820850e+01
1.103999999999999915e+02 -9.928057470874462354e+01
1.108799999999999955e+02 -1.003182759037998721e+02
1.113599999999999994e+02 -1.011393833018560997e+02
1.118399999999999892e+02 -1.020875939328471986e+02
1.123199999999999932e+02 -1.030549622069482893e+02
1.127999999999999972e+02 -1.034212682717946450e+02
1.132800000000000011e+02 -1.034895001386551741e+02
1.137599999999999909e+02 -1.039959926891369548e+02
1.142399999999999949e+02 -1.040728363742712048e+02
1.147199999999999989e+02 -1.037932886402537349e+02
1.151999999999999886e+02 -1.037147228607682337e+02
1.156799999999999926e+02 -1.038010099128600672e+02
1.161599999999999966e+02 -1.040381928712978379e+02
1.166400000000000006e+02 -1.040018619976462446e+02
1.171199999999999903e+02 -1.042269811760064897e+02
1.175999999999999943e+02 -1.041857920100495107e+02
1.180799999999999983e+02 -1.037513276920014960e+02
1.185600000000000023e+02 -1.037467913238818369e+02
1.190399999999999920e+02 -1.037299764516634326e+02
1.195199999999999960e+02 -1.038230487172068024e+02
1.200000000000000000e+02 -1.040929587966519563e+02
1.204799999999999898e+02 -1.041254831919019637e+02
1.209599999999999937e+02 -1.040110031196481089e+02
1.214399999999999977e+02 -1.038703082220698235e+02
1.219200000000000017e+02 -1.038815863104258028e+02
1.223999999999999915e+02 -1.035917450333405725e+02
