-1.228799999999999892e-01 -7.794355001293249074e+01
-1.223999999999999949e-01 -7.915783955703476238e+01
-1.219199999999999867e-01 -8.001179659044802861e+01
-1.214399999999999924e-01 -7.991533115502403462e+01
-1.209599999999999842e-01 -7.971515474915734956e+01
-1.204799999999999899e-01 -7.961989740693940121e+01
-1.199999999999999956e-01 -7.982213926734024767e+01
-1.195199999999999874e-01 -7.986382194076168162e+01
-1.190399999999999930e-01 -7.968747964858941657e+01
-1.185599999999999848e-01 -7.989517741036760867e+01
-1.180799999999999905e-01 -7.997905809296537427e+01
-1.175999999999999962e-01 -7.965728934908894132e+01
-1.171199999999999880e-01 -7.931518098007106232e+01
-1.166399999999999937e-01 -7.950904329986927621e+01
-1.161599999999999855e-01 -7.955852187156078514e+01
-1.156799999999999912e-01 -7.957841515375919528e+01
-1.151999999999999968e-01 -7.969178251653950440e+01
-1.147199999999999886e-01 -7.982209426000537178e+01
-1.142399999999999943e-01 -7.966019065738456106e+01
-1.137599999999999861e-01 -7.931874783802584261e+01
-1.132799999999999918e-01 -7.926561955120489245e+01
-1.127999999999999836e-01 -7.896298990018601671e+01
-1.123199999999999893e-01 -7.842109349485957637e+01
-1.118399999999999950e-01 -7.772895570249838215e+01
-1.113599999999999868e-01 -7.692820332351536194e+01
-1.108799999999999925e-01 -7.587413985609786948e+01
-1.103999999999999843e-01 -7.458896697931413655e+01
-1.099199999999999899e-01 -7.320024565783666048e+01
-1.094399999999999956e-01 -7.200976867525417902e+01
-1.089599999999999874e-01 -7.077106189255013646e+01
-1.084799999999999931e-01 -6.944933899260557553e+01
-1.079999999999999849e-01 -6.807501554390456988e+01
-1.075199999999999906e-01 -6.708249628323325453e+01
-1.070399999999999963e-01 -6.630323564886511178e+01
-1.065599999999999881e-01 -6.541147252081799479e+01
-1.060799999999999937e-01 -6.462162150051391052e+01
-1.055999999999999855e-01 -6.427523259023092805e+01
-1.051199999999999912e-01 -6.345997222109659219e+01
-1.046399999999999969e-01 -6.245566561494196378e+01
-1.041599999999999887e-01 -6.196271211486399011e+01
-1.036799999999999944e-01 -6.136396434343276951e+01
-1.031999999999999862e-01 -6.073934991703843878e+01
-1.027199999999999919e-01 -6.030407233975608960e+01
-1.022399999999999975e-01 -6.009667225787826794e+01
-1.017599999999999894e-01 -5.982137982934346354e+01
-1.012799999999999950e-01 -5.972230149724953918e+01
-1.007999999999999868e-01 -5.968223912861525093e+01
-1.003199999999999925e-01 -5.956893602531555132e+01
-9.983999999999998431e-02 -5.909503202249814535e+01
-9.935999999999998999e-02 -5.897558988442072803e+01
-9.887999999999999567e-02 -5.911641630920138368e+01
-9.839999999999998748e-02 -5.884502773517120033e+01
-9.791999999999999316e-02 -5.858275605602685232e+01
-9.743999999999998496e-02 -5.878391378649795485e+01
-9.695999999999999064e-02 -5.850830955904022801e+01
-9.647999999999999632e-02 -5.816279096879081578e+01
-9.599999999999998812e-02 -5.809627812707531547e+01
-9.551999999999999380e-02 -5.779555846812337450e+01
-9.503999999999998560e-02 -5.765322049119578196e+01
-9.455999999999999128e-02 -5.777683094355374038e+01
-9.407999999999999696e-02 -5.760166620500864099e+01
-9.359999999999998876e-02 -5.737812283972250782e+01
-9.311999999999999444e-02 -5.725386584455816319e+01
-9.263999999999998625e-02 -5.700806403903936825e+01
-9.215999999999999193e-02 -5.722842593333578520e+01
-9.167999999999999761e-02 -5.720460824223459895e+01
-9.119999999999998941e-02 -5.656775925705036911e+01
-9.071999999999999509e-02 -5.608078820962028033e+01
-9.023999999999998689e-02 -5.591969402249715415e+01
-8.975999999999999257e-02 -5.594042258832183023e+01
-8.927999999999999825e-02 -5.598848905544834764e+01
-8.879999999999999005e-02 -5.600850585493876110e+01
-8.831999999999999573e-02 -5.590152475764089957e+01
-8.783999999999998753e-02 -5.559758153167494754e+01
-8.735999999999999321e-02 -5.540011084497350424e+01
-8.687999999999999889e-02 -5.534006236982921934e+01
-8.639999999999999070e-02 -5.496392615025293793e+01
-8.591999999999999638e-02 -5.480495701094710626e+01
-8.543999999999998818e-02 -5.465343955452052427e+01
-8.495999999999999386e-02 -5.432696185348922313e+01
-8.447999999999999954e-02 -5.393116270276918556e+01
-8.399999999999999134e-02 -5.382317205499882107e+01
-8.351999999999999702e-02 -5.393726172403557939e+01
-8.303999999999998882e-02 -5.389851691817250412e+01
-8.255999999999999450e-02 -5.373131846878864337e+01
-8.207999999999998630e-02 -5.343997741356646003e+01
-8.159999999999999198e-02 -5.309401428572650161e+01
-8.111999999999999766e-02 -5.309628913773890702e+01
-8.063999999999998947e-02 -5.318482274508988894e+01
-8.015999999999999515e-02 -5.332935400164492989e+01
-7.967999999999998695e-02 -5.308825590002044237e+01
-7.919999999999999263e-02 -5.259789981309673834e+01
-7.871999999999999831e-02 -5.252106832469572595e+01
-7.823999999999999011e-02 -5.247427757950546123e+01
-7.775999999999999579e-02 -5.260384144385166394e+01
-7.727999999999998759e-02 -5.264872601031670030e+01
-7.679999999999999327e-02 -5.212419849549087303e+01
-7.631999999999999895e-02 -5.195089098431879648e+01
-7.583999999999999075e-02 -5.188584591437052040e+01
-7.535999999999999643e-02 -5.195533197259944558e+01
-7.487999999999998824e-02 -5.173886595447321213e+01
-7.439999999999999392e-02 -5.136289428966059489e+01
-7.391999999999999960e-02 -5.124420373263961892e+01
-7.343999999999999140e-02 -5.127112216133668454e+01
-7.295999999999999708e-02 -5.118938653025225705e+01
-7.247999999999998888e-02 -5.104158196782505286e+01
-7.199999999999999456e-02 -5.087638568906615433e+01
-7.152000000000000024e-02 -5.083614507140499228e+01
-7.103999999999999204e-02 -5.103751661260112371e+01
-7.055999999999999772e-02 -5.086304120904686954e+01
-7.007999999999998952e-02 -5.057235878281719010e+01
-6.959999999999999520e-02 -5.038502944072050127e+01
-6.911999999999998701e-02 -5.016709064348427205e+01
-6.863999999999999269e-02 -5.017069527536197882e+01
-6.815999999999999837e-02 -5.009262034315148782e+01
-6.767999999999999017e-02 -4.977064478423778837e+01
-6.719999999999999585e-02 -4.978135992930234011e+01
-6.671999999999998765e-02 -4.969265192164263567e+01
-6.623999999999999333e-02 -4.940778344524179033e+01
-6.575999999999999901e-02 -4.941574361796197934e+01
-6.527999999999999081e-02 -4.950822456248723569e+01
-6.479999999999999649e-02 -4.936486780886422565e+01
-6.431999999999998829e-02 -4.945818766288609680e+01
-6.383999999999999397e-02 -4.915946503387981892e+01
-6.335999999999999965e-02 -4.869856441622527399e+01
-6.287999999999999146e-02 -4.866782622243204059e+01
-6.239999999999999714e-02 -4.875534254040022830e+01
-6.191999999999999588e-02 -4.856421967670470963e+01
-6.143999999999999462e-02 -4.846159450125168178e+01
-6.095999999999999336e-02 -4.857058427716091842e+01
-6.047999999999999210e-02 -4.849138823349642280e+01
-5.999999999999999778e-02 -4.828612161251151491e+01
-5.951999999999999652e-02 -4.787921149655439024e+01
-5.903999999999999526e-02 -4.786868280759811256e+01
-5.855999999999999400e-02 -4.783245536062759129e+01
-5.807999999999999274e-02 -4.757318156164757283e+01
-5.759999999999999842e-02 -4.754968615889505656e+01
-5.711999999999999716e-02 -4.729339247724887230e+01
-5.663999999999999591e-02 -4.689904291098861933e+01
-5.615999999999999465e-02 -4.666765625325315625e+01
-5.567999999999999339e-02 -4.666343317580709993e+01
-5.519999999999999213e-02 -4.650983751702778335e+01
-5.471999999999999781e-02 -4.638140869525312127e+01
-5.423999999999999655e-02 -4.642182626781285393e+01
-5.375999999999999529e-02 -4.588200849399854775e+01
-5.327999999999999403e-02 -4.545548786710642730e+01
-5.279999999999999277e-02 -4.547001955008720842e+01
-5.231999999999999845e-02 -4.585868019012691832e+01
-5.183999999999999719e-02 -4.575058024144115620e+01
-5.135999999999999593e-02 -4.550711082408534480e+01
-5.087999999999999468e-02 -4.543007606397530651e+01
-5.039999999999999342e-02 -4.503027874484768489e+01
-4.991999999999999216e-02 -4.456646433223855297e+01
-4.943999999999999784e-02 -4.443022099070659436e+01
-4.895999999999999658e-02 -4.449872707895272583e+01
-4.847999999999999532e-02 -4.425533234758810863e+01
-4.799999999999999406e-02 -4.402547367891461505e+01
-4.751999999999999280e-02 -4.378399830580398344e+01
-4.703999999999999848e-02 -4.361199595862363054e+01
-4.655999999999999722e-02 -4.331383810733431972e+01
-4.607999999999999596e-02 -4.317744485666264609e+01
-4.559999999999999470e-02 -4.299145951751057027e+01
-4.511999999999999345e-02 -4.262657658180732057e+01
-4.463999999999999913e-02 -4.232056408948836435e+01
-4.415999999999999787e-02 -4.185353893390423963e+01
-4.367999999999999661e-02 -4.156150549004195938e+01
-4.319999999999999535e-02 -4.152466548697836402e+01
-4.271999999999999409e-02 -4.131543601679637590e+01
-4.223999999999999977e-02 -4.084919798501944399e+01
-4.175999999999999851e-02 -4.027978231514707375e+01
-4.127999999999999725e-02 -3.995259908278185179e+01
-4.079999999999999599e-02 -3.986305556104434089e+01
-4.031999999999999473e-02 -3.976817757046261903e+01
-3.983999999999999347e-02 -3.969269308648816263e+01
-3.935999999999999915e-02 -3.929268643484795831e+01
-3.887999999999999790e-02 -3.852931587896408416e+01
-3.839999999999999664e-02 -3.798741647635369389e+01
-3.791999999999999538e-02 -3.777019593190797764e+01
-3.743999999999999412e-02 -3.764355499173073838e+01
-3.695999999999999980e-02 -3.740288338110966748e+01
-3.647999999999999854e-02 -3.727035569849481789e+01
-3.599999999999999728e-02 -3.701660093040969457e+01
-3.551999999999999602e-02 -3.637677589579637072e+01
-3.503999999999999476e-02 -3.581192373002800622e+01
-3.455999999999999350e-02 -3.554455820142847955e+01
-3.407999999999999918e-02 -3.523109333309729863e+01
-3.359999999999999792e-02 -3.489466960521090755e+01
-3.311999999999999666e-02 -3.471791943706316630e+01
-3.263999999999999541e-02 -3.460645959624843471e+01
-3.215999999999999415e-02 -3.420593092296749660e+01
-3.167999999999999983e-02 -3.382955772853985366e+01
-3.119999999999999857e-02 -3.341387273829869287e+01
-3.071999999999999731e-02 -3.295899540316786158e+01
-3.023999999999999605e-02 -3.255170446795471406e+01
-2.975999999999999826e-02 -3.220002098399452706e+01
-2.927999999999999700e-02 -3.191831023582182780e+01
-2.879999999999999921e-02 -3.141243856338382301e+01
-2.831999999999999795e-02 -3.101147697630474198e+01
-2.783999999999999669e-02 -3.082971843598936701e+01
-2.735999999999999890e-02 -3.022138026925537346e+01
-2.687999999999999765e-02 -2.927992135523929562e+01
-2.639999999999999639e-02 -2.856568980817632308e+01
-2.591999999999999860e-02 -2.775397247359678232e+01
-2.543999999999999734e-02 -2.716044702603744199e+01
-2.495999999999999608e-02 -2.676212717826813048e+01
-2.447999999999999829e-02 -2.636704778118146919e+01
-2.399999999999999703e-02 -2.577455077331784494e+01
-2.351999999999999924e-02 -2.533664733298932248e+01
-2.303999999999999798e-02 -2.502302156009998058e+01
-2.255999999999999672e-02 -2.449054045949002045e+01
-2.207999999999999893e-02 -2.384857202601456549e+01
-2.159999999999999767e-02 -2.338053280306183979e+01
-2.111999999999999988e-02 -2.260910633695763394e+01
-2.063999999999999863e-02 -2.216721809171593804e+01
-2.015999999999999737e-02 -2.181923308477690426e+01
-1.967999999999999958e-02 -2.144675578926878856e+01
-1.919999999999999832e-02 -2.128829769369457381e+01
-1.871999999999999706e-02 -2.116321257866534111e+01
-1.823999999999999927e-02 -2.065076748137445861e+01
-1.775999999999999801e-02 -2.000578668360211054e+01
-1.727999999999999675e-02 -1.986959418996351090e+01
-1.679999999999999896e-02 -1.983762232087834221e+01
-1.631999999999999770e-02 -1.950791884474167759e+01
-1.583999999999999991e-02 -1.913919972217169629e+01
-1.535999999999999865e-02 -1.879241017236786959e+01
-1.487999999999999913e-02 -1.861366722510663863e+01
-1.439999999999999961e-02 -1.824154153554570712e+01
-1.391999999999999835e-02 -1.774816890251852897e+01
-1.343999999999999882e-02 -1.770836738360761231e+01
-1.295999999999999930e-02 -1.745095528702766785e+01
-1.247999999999999804e-02 -1.694882517223817686e+01
-1.199999999999999852e-02 -1.683691781299206625e+01
-1.151999999999999899e-02 -1.670963642785709524e+01
-1.103999999999999947e-02 -1.636544046004792108e+01
-1.055999999999999994e-02 -1.528849347931225466e+01
-1.007999999999999868e-02 -3.826976098161763318e+00
-9.599999999999999159e-03 4.310036998734617875e+00
-9.119999999999999635e-03 6.917433564646221278e+00
-8.639999999999998376e-03 7.121171851191048674e+00
-8.159999999999998851e-03 7.120631877246519359e+00
-7.679999999999999327e-03 7.289924634327299202e+00
-7.199999999999999803e-03 7.379535759638135239e+00
-6.719999999999999411e-03 7.215590301790677508e+00
-6.239999999999999020e-03 7.254710151807767460e+00
-5.759999999999999495e-03 7.407844080454698776e+00
-5.279999999999999971e-03 7.393131152136762196e+00
-4.799999999999999580e-03 7.413703634708836532e+00
-4.319999999999999188e-03 7.224265272948223071e+00
-3.839999999999999664e-03 7.115288595362624591e+00
-3.359999999999999706e-03 7.106339407935027275e+00
-2.879999999999999748e-03 7.095240323362640211e+00
-2.399999999999999790e-03 7.195496024742905838e+00
-1.919999999999999832e-03 7.134476990551394948e+00
-1.439999999999999874e-03 7.164900947738848558e+00
-9.599999999999999159e-04 7.234100098254836908e+00
-4.799999999999999580e-04 7.108794295215291825e+00
0.000000000000000000e+00 7.057356045244942422e+00
4.799999999999999580e-04 7.288568866418295045e+00
9.599999999999999159e-04 7.654468396822152521e+00
1.439999999999999874e-03 7.284269845189586867e+00
1.919999999999999832e-03 6.920087847005494730e+00
2.399999999999999790e-03 7.140871800754880816e+00
2.879999999999999748e-03 7.313151158100978932e+00
3.359999999999999706e-03 7.470627037584891994e+00
3.839999999999999664e-03 7.224495720588909542e+00
4.319999999999999188e-03 6.908826855782437271e+00
4.799999999999999580e-03 6.959992909529705507e+00
5.279999999999999971e-03 7.086360351550187175e+00
5.759999999999999495e-03 7.067130709522649212e+00
6.239999999999999020e-03 6.953670938431180559e+00
6.719999999999999411e-03 6.998477829801005967e+00
7.199999999999999803e-03 7.113621176689207459e+00
7.679999999999999327e-03 6.910292354125298075e+00
8.159999999999998851e-03 6.940865693217324051e+00
8.639999999999998376e-03 6.994955993292826690e+00
9.119999999999999635e-03 6.639983177945039117e+00
9.599999999999999159e-03 3.955239413407157123e+00
1.007999999999999868e-02 -4.310079977922228522e+00
1.055999999999999994e-02 -1.597507835849688540e+01
1.103999999999999947e-02 -1.733402064087526639e+01
1.151999999999999899e-02 -1.749110242412563210e+01
1.199999999999999852e-02 -1.780997452552926319e+01
1.247999999999999804e-02 -1.841211438390849153e+01
1.295999999999999930e-02 -1.858335691539744516e+01
1.343999999999999882e-02 -1.867127176482961914e+01
1.391999999999999835e-02 -1.862922264835776787e+01
1.439999999999999961e-02 -1.883765141728972381e+01
1.487999999999999913e-02 -1.946224599971754543e+01
1.535999999999999865e-02 -1.971667039180759318e+01
1.583999999999999991e-02 -1.991730720984684311e+01
1.631999999999999770e-02 -2.026988712609645304e+01
1.679999999999999896e-02 -2.044815831756702096e+01
1.727999999999999675e-02 -2.089166588363875476e+01
1.775999999999999801e-02 -2.168991375589827797e+01
1.823999999999999927e-02 -2.210359653691490323e+01
1.871999999999999706e-02 -2.242044986769416326e+01
1.919999999999999832e-02 -2.248226075654192613e+01
1.967999999999999958e-02 -2.265398706611748025e+01
2.015999999999999737e-02 -2.291950230809763767e+01
2.063999999999999863e-02 -2.350700906371676169e+01
2.111999999999999988e-02 -2.427178761705717136e+01
2.159999999999999767e-02 -2.438441842930475190e+01
2.207999999999999893e-02 -2.455795244543965339e+01
2.255999999999999672e-02 -2.511613666917135390e+01
2.303999999999999798e-02 -2.542712655402045030e+01
2.351999999999999924e-02 -2.595440378371670320e+01
2.399999999999999703e-02 -2.639778210990577278e+01
2.447999999999999829e-02 -2.694958948063677440e+01
2.495999999999999608e-02 -2.731896846671680379e+01
2.543999999999999734e-02 -2.789691723212939678e+01
2.591999999999999860e-02 -2.856967573694043949e+01
2.639999999999999639e-02 -2.912734513517304080e+01
2.687999999999999765e-02 -2.961643544345467305e+01
2.735999999999999890e-02 -3.025513106639577643e+01
2.783999999999999669e-02 -3.083474802748654042e+01
2.831999999999999795e-02 -3.131030112995235370e+01
2.879999999999999921e-02 -3.175471695736486311e+01
2.927999999999999700e-02 -3.175182506286644113e+01
2.975999999999999826e-02 -3.207539940484333840e+01
3.023999999999999605e-02 -3.251764729023535949e+01
3.071999999999999731e-02 -3.298306209940737688e+01
3.119999999999999857e-02 -3.337459523473664547e+01
3.167999999999999983e-02 -3.374516390070584748e+01
3.215999999999999415e-02 -3.409840977348227398e+01
3.263999999999999541e-02 -3.417479041817640706e+01
3.311999999999999666e-02 -3.436442475035670441e+01
3.359999999999999792e-02 -3.485401971508638752e+01
3.407999999999999918e-02 -3.520268615934004686e+01
3.455999999999999350e-02 -3.549029480938924053e+01
3.503999999999999476e-02 -3.577632351377228304e+01
3.551999999999999602e-02 -3.617020095403080404e+01
3.599999999999999728e-02 -3.650849200846035814e+01
3.647999999999999854e-02 -3.677567716887067206e+01
3.695999999999999980e-02 -3.714532380290849289e+01
3.743999999999999412e-02 -3.730260202339625408e+01
3.791999999999999538e-02 -3.772666367918193941e+01
3.839999999999999664e-02 -3.818373544948727982e+01
3.887999999999999790e-02 -3.841541702931846203e+01
3.935999999999999915e-02 -3.901703615569977757e+01
3.983999999999999347e-02 -3.921359140699837553e+01
4.031999999999999473e-02 -3.940372344548778472e+01
4.079999999999999599e-02 -3.990121487501387776e+01
4.127999999999999725e-02 -4.041688702437159009e+01
4.175999999999999851e-02 -4.058877502854723929e+01
4.223999999999999977e-02 -4.065156190795630664e+01
4.271999999999999409e-02 -4.093204691115913363e+01
4.319999999999999535e-02 -4.165725363858054919e+01
4.367999999999999661e-02 -4.228686657271261851e+01
4.415999999999999787e-02 -4.247994085404033626e+01
4.463999999999999913e-02 -4.268745362042886882e+01
4.511999999999999345e-02 -4.280111385241218613e+01
4.559999999999999470e-02 -4.332527148227713099e+01
4.607999999999999596e-02 -4.339869957281453594e+01
4.655999999999999722e-02 -4.399854392838568629e+01
4.703999999999999848e-02 -4.439392424462860731e+01
4.751999999999999280e-02 -4.459742617461147063e+01
4.799999999999999406e-02 -4.458058670638348531e+01
4.847999999999999532e-02 -4.465370956298524163e+01
4.895999999999999658e-02 -4.543901760281574553e+01
4.943999999999999784e-02 -4.561291714693454225e+01
4.991999999999999216e-02 -4.584176343391921193e+01
5.039999999999999342e-02 -4.591419318722125809e+01
5.087999999999999468e-02 -4.586405158000974325e+01
5.135999999999999593e-02 -4.593843585873716506e+01
5.183999999999999719e-02 -4.637430340182847033e+01
5.231999999999999845e-02 -4.666488358068217934e+01
5.279999999999999277e-02 -4.680899908948880750e+01
5.327999999999999403e-02 -4.706518440507405643e+01
5.375999999999999529e-02 -4.741169564545156589e+01
5.423999999999999655e-02 -4.745379471544561056e+01
5.471999999999999781e-02 -4.758624114012056339e+01
5.519999999999999213e-02 -4.778326103706045558e+01
5.567999999999999339e-02 -4.818977836202883935e+01
5.615999999999999465e-02 -4.846041427819756109e+01
5.663999999999999591e-02 -4.891263833276183703e+01
5.711999999999999716e-02 -4.919475382392719354e+01
5.759999999999999842e-02 -4.902927152527659160e+01
5.807999999999999274e-02 -4.906030327625261123e+01
5.855999999999999400e-02 -4.936168739868021760e+01
5.903999999999999526e-02 -4.963533887802695688e+01
5.951999999999999652e-02 -4.967870134471254318e+01
5.999999999999999778e-02 -4.965432728859149591e+01
6.047999999999999210e-02 -4.984188926328485536e+01
6.095999999999999336e-02 -5.019157601671012259e+01
6.143999999999999462e-02 -5.036527579398619281e+01
6.191999999999999588e-02 -5.035514381536089701e+01
6.239999999999999714e-02 -5.035026290671468985e+01
6.287999999999999146e-02 -5.062500726122911487e+01
6.335999999999999965e-02 -5.090925269559883759e+01
6.383999999999999397e-02 -5.109301446423081217e+01
6.431999999999998829e-02 -5.101038595597319869e+01
6.479999999999999649e-02 -5.126520107348652999e+01
6.527999999999999081e-02 -5.171786314754896807e+01
6.575999999999999901e-02 -5.188542717725415088e+01
6.623999999999999333e-02 -5.178140780557598788e+01
6.671999999999998765e-02 -5.201055704054532214e+01
6.719999999999999585e-02 -5.221401732622921799e+01
6.767999999999999017e-02 -5.196466056184705451e+01
6.815999999999999837e-02 -5.204413745118760914e+01
6.863999999999999269e-02 -5.220381307990458453e+01
6.911999999999998701e-02 -5.225536349425099303e+01
6.959999999999999520e-02 -5.240235609320912147e+01
7.007999999999998952e-02 -5.267290669314575524e+01
7.055999999999999772e-02 -5.290365975937113063e+01
7.103999999999999204e-02 -5.322793658380920334e+01
7.152000000000000024e-02 -5.324884319404010569e+01
7.199999999999999456e-02 -5.311723957698654175e+01
7.247999999999998888e-02 -5.327316766862855957e+01
7.295999999999999708e-02 -5.347500946286098156e+01
7.343999999999999140e-02 -5.332291393834739779e+01
7.391999999999999960e-02 -5.361004471530164750e+01
7.439999999999999392e-02 -5.419652595158765962e+01
7.487999999999998824e-02 -5.404633614402680308e+01
7.535999999999999643e-02 -5.413075112755770135e+01
7.583999999999999075e-02 -5.413887563741334930e+01
7.631999999999999895e-02 -5.422844455620074200e+01
7.679999999999999327e-02 -5.459055790088142857e+01
7.727999999999998759e-02 -5.471938908526450263e+01
7.775999999999999579e-02 -5.467417026248226364e+01
7.823999999999999011e-02 -5.495346035652231365e+01
7.871999999999999831e-02 -5.513582143506161515e+01
7.919999999999999263e-02 -5.560773238030644450e+01
7.967999999999998695e-02 -5.568444186476192215e+01
8.015999999999999515e-02 -5.591249899528597211e+01
8.063999999999998947e-02 -5.617151864841514453e+01
8.111999999999999766e-02 -5.586390902757671739e+01
8.159999999999999198e-02 -5.590616092219267586e+01
8.207999999999998630e-02 -5.615873233996741476e+01
8.255999999999999450e-02 -5.629214910719090881e+01
8.303999999999998882e-02 -5.649524638710744284e+01
8.351999999999999702e-02 -5.648236741126129346e+01
8.399999999999999134e-02 -5.627743584680882094e+01
8.447999999999999954e-02 -5.641936329267232253e+01
8.495999999999999386e-02 -5.657913458531091777e+01
8.543999999999998818e-02 -5.659509547225563608e+01
8.591999999999999638e-02 -5.676544493852829731e+01
8.639999999999999070e-02 -5.714297905460988147e+01
8.687999999999999889e-02 -5.742024902579857581e+01
8.735999999999999321e-02 -5.741038079566313002e+01
8.783999999999998753e-02 -5.742239057320269069e+01
8.831999999999999573e-02 -5.758937910027601959e+01
8.879999999999999005e-02 -5.752484336878130478e+01
8.927999999999999825e-02 -5.757690645204033331e+01
8.975999999999999257e-02 -5.774938081184436101e+01
9.023999999999998689e-02 -5.800517989884966852e+01
9.071999999999999509e-02 -5.829999386526654348e+01
9.119999999999998941e-02 -5.834569219375094207e+01
9.167999999999999761e-02 -5.825085287193481776e+01
9.215999999999999193e-02 -5.815102012272403442e+01
9.263999999999998625e-02 -5.826351708262259166e+01
9.311999999999999444e-02 -5.846223091486042023e+01
9.359999999999998876e-02 -5.879122761251387175e+01
9.407999999999999696e-02 -5.874052331244755720e+01
9.455999999999999128e-02 -5.897482760338927221e+01
9.503999999999998560e-02 -5.902497098574202283e+01
9.551999999999999380e-02 -5.932487871275610303e+01
9.599999999999998812e-02 -5.937510521388467311e+01
9.647999999999999632e-02 -5.947221825611715929e+01
9.695999999999999064e-02 -5.949716988241975457e+01
9.743999999999998496e-02 -5.942155429490274798e+01
9.791999999999999316e-02 -5.975873648151500106e+01
9.839999999999998748e-02 -5.979843660510380232e+01
9.887999999999999567e-02 -5.971153853023031388e+01
9.935999999999998999e-02 -5.980502922553427680e+01
9.983999999999998431e-02 -5.985869260170534290e+01
1.003199999999999925e-01 -6.000131855518273483e+01
1.007999999999999868e-01 -6.009168978062757560e+01
1.012799999999999950e-01 -6.023125218540660342e+01
1.017599999999999894e-01 -6.059533445477924829e+01
1.022399999999999975e-01 -6.068505755947509783e+01
1.027199999999999919e-01 -6.119803925830303371e+01
1.031999999999999862e-01 -6.174662191317086979e+01
1.036799999999999944e-01 -6.196341812323323950e+01
1.041599999999999887e-01 -6.243012448441798767e+01
1.046399999999999969e-01 -6.304650868917729412e+01
1.051199999999999912e-01 -6.353945667442135914e+01
1.055999999999999855e-01 -6.403834017910612886e+01
1.060799999999999937e-01 -6.470261072720775530e+01
1.065599999999999881e-01 -6.617165327225546889e+01
1.070399999999999963e-01 -6.701983228105544299e+01
1.075199999999999906e-01 -6.756328595927419656e+01
1.079999999999999849e-01 -6.863099595449108392e+01
1.084799999999999931e-01 -6.999496679107356556e+01
1.089599999999999874e-01 -7.128976992286064274e+01
1.094399999999999956e-01 -7.222410687171543486e+01
1.099199999999999899e-01 -7.340852005141132963e+01
1.103999999999999843e-01 -7.437723327589458222e+01
1.108799999999999925e-01 -7.544583318212733047e+01
1.113599999999999868e-01 -7.679932465653367046e+01
1.118399999999999950e-01 -7.779071981430048766e+01
1.123199999999999893e-01 -7.833978142443451986e+01
1.127999999999999836e-01 -7.871230335745889306e+01
1.132799999999999918e-01 -7.912022223134746923e+01
1.137599999999999861e-01 -7.918371848290104253e+01
1.142399999999999943e-01 -7.936661927684221496e+01
1.147199999999999886e-01 -7.974389653095971653e+01
1.151999999999999968e-01 -7.961299512175057203e+01
1.156799999999999912e-01 -7.954127161313206784e+01
1.161599999999999855e-01 -7.971542865925866295e+01
1.166399999999999937e-01 -7.989889874872966402e+01
1.171199999999999880e-01 -7.978653211600580164e+01
1.175999999999999962e-01 -7.992827402328609310e+01
1.180799999999999905e-01 -7.981273989821085024e+01
1.185599999999999848e-01 -7.959829552614047543e+01
1.190399999999999930e-01 -7.943027621447009778e+01
1.195199999999999874e-01 -7.953974919570083557e+01
1.199999999999999956e-01 -7.969909991776759739e+01
1.204799999999999899e-01 -7.959162966295896524e+01
1.209599999999999842e-01 -7.949891499167415532e+01
1.214399999999999924e-01 -7.935975432376903882e+01
1.219199999999999867e-01 -7.942097368595690909e+01
1.223999999999999949e-01 -7.907067172437096758e+01
