-1.228799999999999892e-01 -7.812240033702234143e+01
-1.223999999999999949e-01 -7.912239560847679343e+01
-1.219199999999999867e-01 -7.969030804287912417e+01
-1.214399999999999924e-01 -7.981247106735344232e+01
-1.209599999999999842e-01 -8.007266457954031580e+01
-1.204799999999999899e-01 -8.027362489852873750e+01
-1.199999999999999956e-01 -8.007181959418937822e+01
-1.195199999999999874e-01 -7.996164296039906105e+01
-1.190399999999999930e-01 -7.997198952432641761e+01
-1.185599999999999848e-01 -7.994496591413155784e+01
-1.180799999999999905e-01 -7.981985105776433898e+01
-1.175999999999999962e-01 -7.981267201961497904e+01
-1.171199999999999880e-01 -7.984318871981672316e+01
-1.166399999999999937e-01 -7.989865097517332515e+01
-1.161599999999999855e-01 -7.994905125475280272e+01
-1.156799999999999912e-01 -7.983167422378490130e+01
-1.151999999999999968e-01 -7.968535159383635857e+01
-1.147199999999999886e-01 -7.965740539349557991e+01
-1.142399999999999943e-01 -7.967258019362769517e+01
-1.137599999999999861e-01 -7.980009332581273895e+01
-1.132799999999999918e-01 -7.929583195046468802e+01
-1.127999999999999836e-01 -7.875390303498653566e+01
-1.123199999999999893e-01 -7.821243815479496675e+01
-1.118399999999999950e-01 -7.739856476891938541e+01
-1.113599999999999868e-01 -7.683119696085626060e+01
-1.108799999999999925e-01 -7.574951713666239073e+01
-1.103999999999999843e-01 -7.443720809992575482e+01
-1.099199999999999899e-01 -7.292082816322262317e+01
-1.094399999999999956e-01 -7.161001345492644532e+01
-1.089599999999999874e-01 -7.053779520894345012e+01
-1.084799999999999931e-01 -6.947581503809992398e+01
-1.079999999999999849e-01 -6.805193585544093082e+01
-1.075199999999999906e-01 -6.697915982136817092e+01
-1.070399999999999963e-01 -6.610468406897571469e+01
-1.065599999999999881e-01 -6.510910866930969121e+01
-1.060799999999999937e-01 -6.437550457720547570e+01
-1.055999999999999855e-01 -6.383231048530777230e+01
-1.051199999999999912e-01 -6.311441687505676157e+01
-1.046399999999999969e-01 -6.220984256427647807e+01
-1.041599999999999887e-01 -6.165674073451221915e+01
-1.036799999999999944e-01 -6.114161263916609812e+01
-1.031999999999999862e-01 -6.056055312108867383e+01
-1.027199999999999919e-01 -6.008805480561738932e+01
-1.022399999999999975e-01 -5.992779751047115155e+01
-1.017599999999999894e-01 -5.969854353596800678e+01
-1.012799999999999950e-01 -5.938067270160377831e+01
-1.007999999999999868e-01 -5.940716726111429580e+01
-1.003199999999999925e-01 -5.924871899085022875e+01
-9.983999999999998431e-02 -5.889654321623570610e+01
-9.935999999999998999e-02 -5.861704666748704540e+01
-9.887999999999999567e-02 -5.868872783909203861e+01
-9.839999999999998748e-02 -5.860471490911087500e+01
-9.791999999999999316e-02 -5.859086682018383385e+01
-9.743999999999998496e-02 -5.858984051523587766e+01
-9.695999999999999064e-02 -5.828350820452934045e+01
-9.647999999999999632e-02 -5.809772649785938370e+01
-9.599999999999998812e-02 -5.802092026155869320e+01
-9.551999999999999380e-02 -5.765547968349734731e+01
-9.503999999999998560e-02 -5.731524258579496234e+01
-9.455999999999999128e-02 -5.724674612529724982e+01
-9.407999999999999696e-02 -5.738928162239539432e+01
-9.359999999999998876e-02 -5.753630357802066442e+01
-9.311999999999999444e-02 -5.725041502607957966e+01
-9.263999999999998625e-02 -5.662748758932211501e+01
-9.215999999999999193e-02 -5.660784094650480824e+01
-9.167999999999999761e-02 -5.653645343563081127e+01
-9.119999999999998941e-02 -5.613428930116000970e+01
-9.071999999999999509e-02 -5.597352626057567448e+01
-9.023999999999998689e-02 -5.578777381893584675e+01
-8.975999999999999257e-02 -5.569157564309497843e+01
-8.927999999999999825e-02 -5.573040377693150305e+01
-8.879999999999999005e-02 -5.566559475973704707e+01
-8.831999999999999573e-02 -5.557594697224015334e+01
-8.783999999999998753e-02 -5.530489344024489640e+01
-8.735999999999999321e-02 -5.514392229648447596e+01
-8.687999999999999889e-02 -5.523304874836852463e+01
-8.639999999999999070e-02 -5.488741511847613452e+01
-8.591999999999999638e-02 -5.449546180883862689e+01
-8.543999999999998818e-02 -5.421278578577303620e+01
-8.495999999999999386e-02 -5.396528246878639834e+01
-8.447999999999999954e-02 -5.372005130933481354e+01
-8.399999999999999134e-02 -5.381336836245380795e+01
-8.351999999999999702e-02 -5.387770735004347955e+01
-8.303999999999998882e-02 -5.380094613992666552e+01
-8.255999999999999450e-02 -5.351119902226763969e+01
-8.207999999999998630e-02 -5.330352727376837407e+01
-8.159999999999999198e-02 -5.296562635699661570e+01
-8.111999999999999766e-02 -5.300917123136153464e+01
-8.063999999999998947e-02 -5.305372491528377310e+01
-8.015999999999999515e-02 -5.319236404860804157e+01
-7.967999999999998695e-02 -5.308474587664535704e+01
-7.919999999999999263e-02 -5.266406045456217555e+01
-7.871999999999999831e-02 -5.258565848212494132e+01
-7.823999999999999011e-02 -5.251471848639737772e+01
-7.775999999999999579e-02 -5.263598728322791231e+01
-7.727999999999998759e-02 -5.254967739083919298e+01
-7.679999999999999327e-02 -5.206168296837085308e+01
-7.631999999999999895e-02 -5.203082199984994816e+01
-7.583999999999999075e-02 -5.191633329418251463e+01
-7.535999999999999643e-02 -5.188398510815087405e+01
-7.487999999999998824e-02 -5.170908965233940080e+01
-7.439999999999999392e-02 -5.142439475668737714e+01
-7.391999999999999960e-02 -5.142440914675978547e+01
-7.343999999999999140e-02 -5.131186631687253197e+01
-7.295999999999999708e-02 -5.118928609179213396e+01
-7.247999999999998888e-02 -5.109413660863395279e+01
-7.199999999999999456e-02 -5.078557912451423562e+01
-7.152000000000000024e-02 -5.070880672389386490e+01
-7.103999999999999204e-02 -5.089972639576004809e+01
-7.055999999999999772e-02 -5.078751497457290043e+01
-7.007999999999998952e-02 -5.052662312945105327e+01
-6.959999999999999520e-02 -5.035943454407637887e+01
-6.911999999999998701e-02 -5.017526427655168675e+01
-6.863999999999999269e-02 -5.013170665367682943e+01
-6.815999999999999837e-02 -5.008682299438655150e+01
-6.767999999999999017e-02 -4.989072598853632456e+01
-6.719999999999999585e-02 -4.973389456570886580e+01
-6.671999999999998765e-02 -4.965770869671968057e+01
-6.623999999999999333e-02 -4.947379217845708155e+01
-6.575999999999999901e-02 -4.943405710798026576e+01
-6.527999999999999081e-02 -4.954855871899768260e+01
-6.479999999999999649e-02 -4.940341902121620166e+01
-6.431999999999998829e-02 -4.949402490534052390e+01
-6.383999999999999397e-02 -4.913913808320496912e+01
-6.335999999999999965e-02 -4.875658206346475509e+01
-6.287999999999999146e-02 -4.871861133649991871e+01
-6.239999999999999714e-02 -4.871242745369823979e+01
-6.191999999999999588e-02 -4.857186283750463929e+01
-6.143999999999999462e-02 -4.852232479589299885e+01
-6.095999999999999336e-02 -4.851145593782416654e+01
-6.047999999999999210e-02 -4.841868493489545955e+01
-5.999999999999999778e-02 -4.840136743840158573e+01
-5.951999999999999652e-02 -4.816034107780665607e+01
-5.903999999999999526e-02 -4.808440242572227419e+01
-5.855999999999999400e-02 -4.789695483788048591e+01
-5.807999999999999274e-02 -4.764427833212000252e+01
-5.759999999999999842e-02 -4.764352732641421539e+01
-5.711999999999999716e-02 -4.741455045163220916e+01
-5.663999999999999591e-02 -4.694437332670726448e+01
-5.615999999999999465e-02 -4.670652751370651856e+01
-5.567999999999999339e-02 -4.670390121910714498e+01
-5.519999999999999213e-02 -4.660038246041220589e+01
-5.471999999999999781e-02 -4.650795214576462655e+01
-5.423999999999999655e-02 -4.645023229476813498e+01
-5.375999999999999529e-02 -4.583736842186715421e+01
-5.327999999999999403e-02 -4.546578962105539290e+01
-5.279999999999999277e-02 -4.541910045437764154e+01
-5.231999999999999845e-02 -4.581326197079572182e+01
-5.183999999999999719e-02 -4.567860552091350712e+01
-5.135999999999999593e-02 -4.541086970695953084e+01
-5.087999999999999468e-02 -4.522243509961761276e+01
-5.039999999999999342e-02 -4.483946520496360222e+01
-4.991999999999999216e-02 -4.436784065466870430e+01
-4.943999999999999784e-02 -4.410621875362672739e+01
-4.895999999999999658e-02 -4.418387118738888120e+01
-4.847999999999999532e-02 -4.403540121399789342e+01
-4.799999999999999406e-02 -4.384143144993038987e+01
-4.751999999999999280e-02 -4.359271578402221081e+01
-4.703999999999999848e-02 -4.340874294796113020e+01
-4.655999999999999722e-02 -4.315083965676021194e+01
-4.607999999999999596e-02 -4.299118701325027558e+01
-4.559999999999999470e-02 -4.277828937158141542e+01
-4.511999999999999345e-02 -4.236001933914444351e+01
-4.463999999999999913e-02 -4.209294445018712594e+01
-4.415999999999999787e-02 -4.162679016362184825e+01
-4.367999999999999661e-02 -4.127533619170367984e+01
-4.319999999999999535e-02 -4.122202761266998294e+01
-4.271999999999999409e-02 -4.106213739512412531e+01
-4.223999999999999977e-02 -4.054912893841177635e+01
-4.175999999999999851e-02 -3.990218987287502728e+01
-4.127999999999999725e-02 -3.961556844470414518e+01
-4.079999999999999599e-02 -3.957872146277247793e+01
-4.031999999999999473e-02 -3.953847982977578823e+01
-3.983999999999999347e-02 -3.946176139215566536e+01
-3.935999999999999915e-02 -3.895693280138436165e+01
-3.887999999999999790e-02 -3.818450574447383161e+01
-3.839999999999999664e-02 -3.773548112609991989e+01
-3.791999999999999538e-02 -3.754616467124569823e+01
-3.743999999999999412e-02 -3.727063961044773777e+01
-3.695999999999999980e-02 -3.698185316737814077e+01
-3.647999999999999854e-02 -3.690869306373915038e+01
-3.599999999999999728e-02 -3.665202201841144358e+01
-3.551999999999999602e-02 -3.596206424296149606e+01
-3.503999999999999476e-02 -3.540124019041913783e+01
-3.455999999999999350e-02 -3.516120294715319972e+01
-3.407999999999999918e-02 -3.489275305877283273e+01
-3.359999999999999792e-02 -3.458228157982568263e+01
-3.311999999999999666e-02 -3.443623226176130458e+01
-3.263999999999999541e-02 -3.431920034806508113e+01
-3.215999999999999415e-02 -3.388530720418226139e+01
-3.167999999999999983e-02 -3.349992437800973022e+01
-3.119999999999999857e-02 -3.312758445111109040e+01
-3.071999999999999731e-02 -3.264874408773474102e+01
-3.023999999999999605e-02 -3.225545810007068326e+01
-2.975999999999999826e-02 -3.190180971797994758e+01
-2.927999999999999700e-02 -3.158127407764252936e+01
-2.879999999999999921e-02 -3.109706322933741518e+01
-2.831999999999999795e-02 -3.072941599886178210e+01
-2.783999999999999669e-02 -3.054618875991666016e+01
-2.735999999999999890e-02 -2.994297374082844598e+01
-2.687999999999999765e-02 -2.902354047312967822e+01
-2.639999999999999639e-02 -2.831863576266805893e+01
-2.591999999999999860e-02 -2.751395611867800284e+01
-2.543999999999999734e-02 -2.692178084518555892e+01
-2.495999999999999608e-02 -2.652939502749559253e+01
-2.447999999999999829e-02 -2.613819427700629916e+01
-2.399999999999999703e-02 -2.554030671391570451e+01
-2.351999999999999924e-02 -2.509003801641476272e+01
-2.303999999999999798e-02 -2.480026298046376354e+01
-2.255999999999999672e-02 -2.429774134145871756e+01
-2.207999999999999893e-02 -2.366343016658576914e+01
-2.159999999999999767e-02 -2.319312526368430127e+01
-2.111999999999999988e-02 -2.241382627380070147e+01
-2.063999999999999863e-02 -2.197164908542893613e+01
-2.015999999999999737e-02 -2.162020694263931375e+01
-1.967999999999999958e-02 -2.123632215406814083e+01
-1.919999999999999832e-02 -2.107604677991829334e+01
-1.871999999999999706e-02 -2.094741874106916413e+01
-1.823999999999999927e-02 -2.044351736584800605e+01
-1.775999999999999801e-02 -1.979615608907800350e+01
-1.727999999999999675e-02 -1.966230641257016032e+01
-1.679999999999999896e-02 -1.963234821812578801e+01
-1.631999999999999770e-02 -1.930147469822570017e+01
-1.583999999999999991e-02 -1.893518882636823619e+01
-1.535999999999999865e-02 -1.859093447970412072e+01
-1.487999999999999913e-02 -1.841822038227174474e+01
-1.439999999999999961e-02 -1.806244273767433128e+01
-1.391999999999999835e-02 -1.756937471143876905e+01
-1.343999999999999882e-02 -1.752084725430229994e+01
-1.295999999999999930e-02 -1.726269056697390525e+01
-1.247999999999999804e-02 -1.675199547680935908e+01
-1.199999999999999852e-02 -1.663870827629308025e+01
-1.151999999999999899e-02 -1.651663575185415311e+01
-1.103999999999999947e-02 -1.618327461129439016e+01
-1.055999999999999994e-02 -1.514687135962424236e+01
-1.007999999999999868e-02 -3.826193180755506074e+00
-9.599999999999999159e-03 4.302437133714370532e+00
-9.119999999999999635e-03 6.909086114377461563e+00
-8.639999999999998376e-03 7.112126386814532353e+00
-8.159999999999998851e-03 7.111525469074504002e+00
-7.679999999999999327e-03 7.281281733717781535e+00
-7.199999999999999803e-03 7.371490273684573324e+00
-6.719999999999999411e-03 7.206755569306216636e+00
-6.239999999999999020e-03 7.245769323064851442e+00
-5.759999999999999495e-03 7.400425129858545503e+00
-5.279999999999999971e-03 7.386383153414161740e+00
-4.799999999999999580e-03 7.406658874073129617e+00
-4.319999999999999188e-03 7.218354524698140651e+00
-3.839999999999999664e-03 7.109127949278713388e+00
-3.359999999999999706e-03 7.099542554472686007e+00
-2.879999999999999748e-03 7.089189714300834666e+00
-2.399999999999999790e-03 7.189452943734854884e+00
-1.919999999999999832e-03 7.127094334757005711e+00
-1.439999999999999874e-03 7.157765535550925762e+00
-9.599999999999999159e-04 7.226856110017164880e+00
-4.799999999999999580e-04 7.101493702102157357e+00
0.000000000000000000e+00 7.051300334083608234e+00
4.799999999999999580e-04 7.283619554647332350e+00
9.599999999999999159e-04 7.650159126288414768e+00
1.439999999999999874e-03 7.280121928393981534e+00
1.919999999999999832e-03 6.915283719524328632e+00
2.399999999999999790e-03 7.136733472007388279e+00
2.879999999999999748e-03 7.310680190155842695e+00
3.359999999999999706e-03 7.468810447073267689e+00
3.839999999999999664e-03 7.222355911473789192e+00
4.319999999999999188e-03 6.905894105552653706e+00
4.799999999999999580e-03 6.956747468344008034e+00
5.279999999999999971e-03 7.083478209809830339e+00
5.759999999999999495e-03 7.064653219896527503e+00
6.239999999999999020e-03 6.951704744869131147e+00
6.719999999999999411e-03 6.996697676623995221e+00
7.199999999999999803e-03 7.112405539098471507e+00
7.679999999999999327e-03 6.910088421613085785e+00
8.159999999999998851e-03 6.940273454632630568e+00
8.639999999999998376e-03 6.994387948559312562e+00
9.119999999999999635e-03 6.639866288532924266e+00
9.599999999999999159e-03 3.955691665589097905e+00
1.007999999999999868e-02 -4.302238929739711004e+00
1.055999999999999994e-02 -1.587336798115969394e+01
1.103999999999999947e-02 -1.720093753473457809e+01
1.151999999999999899e-02 -1.736098761944596802e+01
1.199999999999999852e-02 -1.768376981749918286e+01
1.247999999999999804e-02 -1.828754845093561698e+01
1.295999999999999930e-02 -1.845532943284733918e+01
1.343999999999999882e-02 -1.854132371803632751e+01
1.391999999999999835e-02 -1.849213499224586599e+01
1.439999999999999961e-02 -1.869220957961807628e+01
1.487999999999999913e-02 -1.931896875913459510e+01
1.535999999999999865e-02 -1.958429971509567480e+01
1.583999999999999991e-02 -1.980178499900454980e+01
1.631999999999999770e-02 -2.016041329913082336e+01
1.679999999999999896e-02 -2.031914694100543528e+01
1.727999999999999675e-02 -2.075973821897552085e+01
1.775999999999999801e-02 -2.155808519768425668e+01
1.823999999999999927e-02 -2.197771854818627446e+01
1.871999999999999706e-02 -2.227762528475874504e+01
1.919999999999999832e-02 -2.232926526969420422e+01
1.967999999999999958e-02 -2.252193322797255348e+01
2.015999999999999737e-02 -2.278647436076711585e+01
2.063999999999999863e-02 -2.335648014679106410e+01
2.111999999999999988e-02 -2.412449318835808043e+01
2.159999999999999767e-02 -2.425113973410234181e+01
2.207999999999999893e-02 -2.441482432330782615e+01
2.255999999999999672e-02 -2.495863563140849450e+01
2.303999999999999798e-02 -2.525748869428710819e+01
2.351999999999999924e-02 -2.579944996172933003e+01
2.399999999999999703e-02 -2.624957718290897546e+01
2.447999999999999829e-02 -2.678538994608465629e+01
2.495999999999999608e-02 -2.713308006391023497e+01
2.543999999999999734e-02 -2.768446672525335472e+01
2.591999999999999860e-02 -2.835429463403183448e+01
2.639999999999999639e-02 -2.893274034776770165e+01
2.687999999999999765e-02 -2.938654825001147941e+01
2.735999999999999890e-02 -3.001178459809250043e+01
2.783999999999999669e-02 -3.056365269622985892e+01
2.831999999999999795e-02 -3.102451898722132029e+01
2.879999999999999921e-02 -3.148649372965596527e+01
2.927999999999999700e-02 -3.150022721928115743e+01
2.975999999999999826e-02 -3.182407651879480426e+01
3.023999999999999605e-02 -3.223767110387994705e+01
3.071999999999999731e-02 -3.266065699035144831e+01
3.119999999999999857e-02 -3.300791914984155540e+01
3.167999999999999983e-02 -3.335758860084533950e+01
3.215999999999999415e-02 -3.371601812666648357e+01
3.263999999999999541e-02 -3.378103214948095712e+01
3.311999999999999666e-02 -3.399334694468549856e+01
3.359999999999999792e-02 -3.449969043313248562e+01
3.407999999999999918e-02 -3.481624288806264644e+01
3.455999999999999350e-02 -3.508471830400934977e+01
3.503999999999999476e-02 -3.534308758553003571e+01
3.551999999999999602e-02 -3.571395498254411649e+01
3.599999999999999728e-02 -3.605738884827864155e+01
3.647999999999999854e-02 -3.633141113495659624e+01
3.695999999999999980e-02 -3.673936277944501683e+01
3.743999999999999412e-02 -3.685820054296979009e+01
3.791999999999999538e-02 -3.725173391555828317e+01
3.839999999999999664e-02 -3.771733902006543815e+01
3.887999999999999790e-02 -3.795696248190446198e+01
3.935999999999999915e-02 -3.857579938934605224e+01
3.983999999999999347e-02 -3.878132719561663322e+01
4.031999999999999473e-02 -3.892824793609598544e+01
4.079999999999999599e-02 -3.935195131711137151e+01
4.127999999999999725e-02 -3.989529288784020622e+01
4.175999999999999851e-02 -4.007220547559220591e+01
4.223999999999999977e-02 -4.011169719370045073e+01
4.271999999999999409e-02 -4.043765179278244659e+01
4.319999999999999535e-02 -4.112061436498876787e+01
4.367999999999999661e-02 -4.174813199409654629e+01
4.415999999999999787e-02 -4.191293529661587058e+01
4.463999999999999913e-02 -4.210643627662663135e+01
4.511999999999999345e-02 -4.228736678770211910e+01
4.559999999999999470e-02 -4.290841161944199200e+01
4.607999999999999596e-02 -4.296922941010733155e+01
4.655999999999999722e-02 -4.346799936789624041e+01
4.703999999999999848e-02 -4.391629945294645410e+01
4.751999999999999280e-02 -4.415132458074686639e+01
4.799999999999999406e-02 -4.412963770972510957e+01
4.847999999999999532e-02 -4.426574494001692983e+01
4.895999999999999658e-02 -4.504114440982202439e+01
4.943999999999999784e-02 -4.513231958982747472e+01
4.991999999999999216e-02 -4.533765630269131464e+01
5.039999999999999342e-02 -4.544398421775027685e+01
5.087999999999999468e-02 -4.540209657619769956e+01
5.135999999999999593e-02 -4.550710962719566055e+01
5.183999999999999719e-02 -4.591827762747725217e+01
5.231999999999999845e-02 -4.631802740439965049e+01
5.279999999999999277e-02 -4.649203070737576837e+01
5.327999999999999403e-02 -4.671534255908832023e+01
5.375999999999999529e-02 -4.712143600396190379e+01
5.423999999999999655e-02 -4.725822090022646194e+01
5.471999999999999781e-02 -4.733886992594036514e+01
5.519999999999999213e-02 -4.756588463473626405e+01
5.567999999999999339e-02 -4.794795790829789439e+01
5.615999999999999465e-02 -4.819173911524343623e+01
5.663999999999999591e-02 -4.872588605078107094e+01
5.711999999999999716e-02 -4.916035602028873797e+01
5.759999999999999842e-02 -4.897044291850696141e+01
5.807999999999999274e-02 -4.885749932182348232e+01
5.855999999999999400e-02 -4.921876155343007753e+01
5.903999999999999526e-02 -4.955582065762010302e+01
5.951999999999999652e-02 -4.965831554462194219e+01
5.999999999999999778e-02 -4.968429093030182031e+01
6.047999999999999210e-02 -4.989737051232084752e+01
6.095999999999999336e-02 -5.011479734065301272e+01
6.143999999999999462e-02 -5.032282438103140976e+01
6.191999999999999588e-02 -5.031969862006788929e+01
6.239999999999999714e-02 -5.030118139521603382e+01
6.287999999999999146e-02 -5.061246075659670396e+01
6.335999999999999965e-02 -5.093054032368267769e+01
6.383999999999999397e-02 -5.106677555017550674e+01
6.431999999999998829e-02 -5.090013686485244193e+01
6.479999999999999649e-02 -5.107079132409147348e+01
6.527999999999999081e-02 -5.142314854273020330e+01
6.575999999999999901e-02 -5.161044143260851058e+01
6.623999999999999333e-02 -5.169291500491758740e+01
6.671999999999998765e-02 -5.201782294520511840e+01
6.719999999999999585e-02 -5.211844920877987875e+01
6.767999999999999017e-02 -5.190573933371965154e+01
6.815999999999999837e-02 -5.199735424683580476e+01
6.863999999999999269e-02 -5.209309031969733894e+01
6.911999999999998701e-02 -5.223316733261958689e+01
6.959999999999999520e-02 -5.249684028432593408e+01
7.007999999999998952e-02 -5.275412498100610748e+01
7.055999999999999772e-02 -5.289343586743552095e+01
7.103999999999999204e-02 -5.294603262982434444e+01
7.152000000000000024e-02 -5.300976180570060592e+01
7.199999999999999456e-02 -5.303168450387519783e+01
7.247999999999998888e-02 -5.319398695183607373e+01
7.295999999999999708e-02 -5.341981243653219735e+01
7.343999999999999140e-02 -5.338053835939264502e+01
7.391999999999999960e-02 -5.351880700166340432e+01
7.439999999999999392e-02 -5.402987455506965375e+01
7.487999999999998824e-02 -5.401210669512553864e+01
7.535999999999999643e-02 -5.412558525069230342e+01
7.583999999999999075e-02 -5.409145872996084847e+01
7.631999999999999895e-02 -5.415545409707444691e+01
7.679999999999999327e-02 -5.455831827300911385e+01
7.727999999999998759e-02 -5.472228499437679972e+01
7.775999999999999579e-02 -5.468374727609783292e+01
7.823999999999999011e-02 -5.477186088989939350e+01
7.871999999999999831e-02 -5.480159591661141150e+01
7.919999999999999263e-02 -5.524514684464256220e+01
7.967999999999998695e-02 -5.555817525664083689e+01
8.015999999999999515e-02 -5.570567966308176722e+01
8.063999999999998947e-02 -5.588247375405149597e+01
8.111999999999999766e-02 -5.563969832072663735e+01
8.159999999999999198e-02 -5.570032735500162602e+01
8.207999999999998630e-02 -5.616114386017763138e+01
8.255999999999999450e-02 -5.622245847648545691e+01
8.303999999999998882e-02 -5.621758855628662133e+01
8.351999999999999702e-02 -5.624408483200939202e+01
8.399999999999999134e-02 -5.630640876436599740e+01
8.447999999999999954e-02 -5.651540333377188574e+01
8.495999999999999386e-02 -5.665235271128437944e+01
8.543999999999998818e-02 -5.648836138177371424e+01
8.591999999999999638e-02 -5.648565895807348625e+01
8.639999999999999070e-02 -5.673863088790827902e+01
8.687999999999999889e-02 -5.692586265150200120e+01
8.735999999999999321e-02 -5.708420197278290686e+01
8.783999999999998753e-02 -5.702575285931821725e+01
8.831999999999999573e-02 -5.711825144622549999e+01
8.879999999999999005e-02 -5.707443103607089796e+01
8.927999999999999825e-02 -5.746004902519281643e+01
8.975999999999999257e-02 -5.779798450249673181e+01
9.023999999999998689e-02 -5.785621872300546187e+01
9.071999999999999509e-02 -5.807914849892525666e+01
9.119999999999998941e-02 -5.795519075775294482e+01
9.167999999999999761e-02 -5.793678329677604921e+01
9.215999999999999193e-02 -5.793499378626670193e+01
9.263999999999998625e-02 -5.799559158153653016e+01
9.311999999999999444e-02 -5.819946489258320810e+01
9.359999999999998876e-02 -5.869452293573020540e+01
9.407999999999999696e-02 -5.873602131007943683e+01
9.455999999999999128e-02 -5.883643031496073661e+01
9.503999999999998560e-02 -5.887078325919673460e+01
9.551999999999999380e-02 -5.898017662977179043e+01
9.599999999999998812e-02 -5.894970513106662935e+01
9.647999999999999632e-02 -5.928679360246854912e+01
9.695999999999999064e-02 -5.941766781267881470e+01
9.743999999999998496e-02 -5.940790508427766525e+01
9.791999999999999316e-02 -5.950999102910179772e+01
9.839999999999998748e-02 -5.960586896357857256e+01
9.887999999999999567e-02 -5.950597632710201879e+01
9.935999999999998999e-02 -5.933695174431367292e+01
9.983999999999998431e-02 -5.964038425701934898e+01
1.003199999999999925e-01 -5.979538223263864438e+01
1.007999999999999868e-01 -6.003068224547527620e+01
1.012799999999999950e-01 -6.020513465762696370e+01
1.017599999999999894e-01 -6.042110729517532519e+01
1.022399999999999975e-01 -6.058719827053696605e+01
1.027199999999999919e-01 -6.095485604709860894e+01
1.031999999999999862e-01 -6.140893849168881502e+01
1.036799999999999944e-01 -6.192242890227825569e+01
1.041599999999999887e-01 -6.235991239866407199e+01
1.046399999999999969e-01 -6.282691898555160037e+01
1.051199999999999912e-01 -6.356072482507619270e+01
1.055999999999999855e-01 -6.407598561451780483e+01
1.060799999999999937e-01 -6.460220990618792314e+01
1.065599999999999881e-01 -6.571004597099528155e+01
1.070399999999999963e-01 -6.654896015731364400e+01
1.075199999999999906e-01 -6.731232095199553100e+01
1.079999999999999849e-01 -6.851674994577798827e+01
1.084799999999999931e-01 -6.993907409343195525e+01
1.089599999999999874e-01 -7.099029581294485070e+01
1.094399999999999956e-01 -7.216693920189511857e+01
1.099199999999999899e-01 -7.322307933480477971e+01
1.103999999999999843e-01 -7.441718742931806219e+01
1.108799999999999925e-01 -7.556400502847797895e+01
1.113599999999999868e-01 -7.672687261496542988e+01
1.118399999999999950e-01 -7.776126388185613791e+01
1.123199999999999893e-01 -7.843361685160007823e+01
1.127999999999999836e-01 -7.903193875876614527e+01
1.132799999999999918e-01 -7.937147740042208000e+01
1.137599999999999861e-01 -7.956689086906345665e+01
1.142399999999999943e-01 -7.955324065820902035e+01
1.147199999999999886e-01 -7.975570142822176933e+01
1.151999999999999968e-01 -7.997493495997440505e+01
1.156799999999999912e-01 -7.993184100876825937e+01
1.161599999999999855e-01 -7.989534985745004292e+01
1.166399999999999937e-01 -7.980367567580481136e+01
1.171199999999999880e-01 -7.953838206501465891e+01
1.175999999999999962e-01 -7.970701978187898362e+01
1.180799999999999905e-01 -8.037641336521514290e+01
1.185599999999999848e-01 -8.037354781968602424e+01
1.190399999999999930e-01 -8.021509392271697436e+01
1.195199999999999874e-01 -8.013323083133909108e+01
1.199999999999999956e-01 -7.995395131914143860e+01
1.204799999999999899e-01 -8.002335350168458206e+01
1.209599999999999842e-01 -8.008647514848063054e+01
1.214399999999999924e-01 -8.012317452514112404e+01
1.219199999999999867e-01 -7.979804417963001129e+01
1.223999999999999949e-01 -7.905222736612003587e+01
