-1.228799999999999892e-01 -7.359840063813196309e+01
-1.223999999999999949e-01 -7.698445252028369623e+01
-1.219199999999999867e-01 -8.001375359075018423e+01
-1.214399999999999924e-01 -8.013581938751943312e+01
-1.209599999999999842e-01 -8.023345468800684444e+01
-1.204799999999999899e-01 -8.008322187894651734e+01
-1.199999999999999956e-01 -7.986608062019411136e+01
-1.195199999999999874e-01 -8.000273519340751704e+01
-1.190399999999999930e-01 -8.005181528383106127e+01
-1.185599999999999848e-01 -8.017923089015218352e+01
-1.180799999999999905e-01 -8.012261478080915822e+01
-1.175999999999999962e-01 -7.986527876745630294e+01
-1.171199999999999880e-01 -7.993394556538586926e+01
-1.166399999999999937e-01 -8.004102680097403777e+01
-1.161599999999999855e-01 -7.996605448974423780e+01
-1.156799999999999912e-01 -8.020510290195544201e+01
-1.151999999999999968e-01 -8.032598172680700088e+01
-1.147199999999999886e-01 -7.988379283414089116e+01
-1.142399999999999943e-01 -7.974601341746301841e+01
-1.137599999999999861e-01 -7.973158991637207293e+01
-1.132799999999999918e-01 -7.971660432780035421e+01
-1.127999999999999836e-01 -7.922434463673958760e+01
-1.123199999999999893e-01 -7.859717857085315984e+01
-1.118399999999999950e-01 -7.787472219204458668e+01
-1.113599999999999868e-01 -7.704100075674868719e+01
-1.108799999999999925e-01 -7.565210493771921563e+01
-1.103999999999999843e-01 -7.434637250677154441e+01
-1.099199999999999899e-01 -7.280065735873799326e+01
-1.094399999999999956e-01 -7.130635607428393996e+01
-1.089599999999999874e-01 -7.009272111975531061e+01
-1.084799999999999931e-01 -6.914253336372092917e+01
-1.079999999999999849e-01 -6.804173175503908055e+01
-1.075199999999999906e-01 -6.694894009682558078e+01
-1.070399999999999963e-01 -6.582975845698554451e+01
-1.065599999999999881e-01 -6.471664345666016516e+01
-1.060799999999999937e-01 -6.386054941543464736e+01
-1.055999999999999855e-01 -6.329015677548603946e+01
-1.051199999999999912e-01 -6.262594810974313475e+01
-1.046399999999999969e-01 -6.182006834891652858e+01
-1.041599999999999887e-01 -6.121890088951658271e+01
-1.036799999999999944e-01 -6.072933334666444694e+01
-1.031999999999999862e-01 -6.008466224930232613e+01
-1.027199999999999919e-01 -5.979177041384586744e+01
-1.022399999999999975e-01 -5.965993670956143546e+01
-1.017599999999999894e-01 -5.941569894019593079e+01
-1.012799999999999950e-01 -5.916285276238085089e+01
-1.007999999999999868e-01 -5.905582068470985035e+01
-1.003199999999999925e-01 -5.877998114492800141e+01
-9.983999999999998431e-02 -5.863357633911540745e+01
-9.935999999999998999e-02 -5.853381515441556360e+01
-9.887999999999999567e-02 -5.853531714908982053e+01
-9.839999999999998748e-02 -5.849732591163972018e+01
-9.791999999999999316e-02 -5.837822025464181763e+01
-9.743999999999998496e-02 -5.821289096835918286e+01
-9.695999999999999064e-02 -5.820178861513489466e+01
-9.647999999999999632e-02 -5.788608626487436482e+01
-9.599999999999998812e-02 -5.774766220979334008e+01
-9.551999999999999380e-02 -5.756528016286553395e+01
-9.503999999999998560e-02 -5.733148655161546969e+01
-9.455999999999999128e-02 -5.728491345046968064e+01
-9.407999999999999696e-02 -5.726708244181742913e+01
-9.359999999999998876e-02 -5.709596687226328982e+01
-9.311999999999999444e-02 -5.680308917500561705e+01
-9.263999999999998625e-02 -5.652859000035327597e+01
-9.215999999999999193e-02 -5.639474992159749434e+01
-9.167999999999999761e-02 -5.634037372832861479e+01
-9.119999999999998941e-02 -5.583177311653631136e+01
-9.071999999999999509e-02 -5.566548009508465356e+01
-9.023999999999998689e-02 -5.571319283863655158e+01
-8.975999999999999257e-02 -5.582471947971609438e+01
-8.927999999999999825e-02 -5.594910453833848862e+01
-8.879999999999999005e-02 -5.583902423400847681e+01
-8.831999999999999573e-02 -5.546057405527017181e+01
-8.783999999999998753e-02 -5.508036809778690923e+01
-8.735999999999999321e-02 -5.492570006618362299e+01
-8.687999999999999889e-02 -5.492615467952892061e+01
-8.639999999999999070e-02 -5.462396008057190500e+01
-8.591999999999999638e-02 -5.425097558581458657e+01
-8.543999999999998818e-02 -5.406935295399204477e+01
-8.495999999999999386e-02 -5.390528931218999276e+01
-8.447999999999999954e-02 -5.359859559812835528e+01
-8.399999999999999134e-02 -5.371123712027120689e+01
-8.351999999999999702e-02 -5.380274252793068968e+01
-8.303999999999998882e-02 -5.364825325414621204e+01
-8.255999999999999450e-02 -5.332377617801182623e+01
-8.207999999999998630e-02 -5.310943425144787966e+01
-8.159999999999999198e-02 -5.288621357192938177e+01
-8.111999999999999766e-02 -5.287372400103281223e+01
-8.063999999999998947e-02 -5.273832408862611487e+01
-8.015999999999999515e-02 -5.300101071603280900e+01
-7.967999999999998695e-02 -5.293568836149774626e+01
-7.919999999999999263e-02 -5.251354134307926813e+01
-7.871999999999999831e-02 -5.242772322195822454e+01
-7.823999999999999011e-02 -5.232789552708862146e+01
-7.775999999999999579e-02 -5.245978028071488097e+01
-7.727999999999998759e-02 -5.246363014202650277e+01
-7.679999999999999327e-02 -5.188687540572211532e+01
-7.631999999999999895e-02 -5.177312776698846619e+01
-7.583999999999999075e-02 -5.178515571974898535e+01
-7.535999999999999643e-02 -5.183819693927870276e+01
-7.487999999999998824e-02 -5.173564207168922735e+01
-7.439999999999999392e-02 -5.139931941016715200e+01
-7.391999999999999960e-02 -5.141024049260855122e+01
-7.343999999999999140e-02 -5.141652895024611780e+01
-7.295999999999999708e-02 -5.117012108801745285e+01
-7.247999999999998888e-02 -5.107298214108701018e+01
-7.199999999999999456e-02 -5.087423016308363088e+01
-7.152000000000000024e-02 -5.075751387839260786e+01
-7.103999999999999204e-02 -5.094771837054069152e+01
-7.055999999999999772e-02 -5.088148796883518798e+01
-7.007999999999998952e-02 -5.062847009964946210e+01
-6.959999999999999520e-02 -5.039968784970752580e+01
-6.911999999999998701e-02 -5.022716377900601259e+01
-6.863999999999999269e-02 -5.012970439963083891e+01
-6.815999999999999837e-02 -5.007795908020837317e+01
-6.767999999999999017e-02 -4.998830296716462840e+01
-6.719999999999999585e-02 -4.993935632897566990e+01
-6.671999999999998765e-02 -4.971385339473508225e+01
-6.623999999999999333e-02 -4.958787380429218672e+01
-6.575999999999999901e-02 -4.953985371492507284e+01
-6.527999999999999081e-02 -4.950934772309749121e+01
-6.479999999999999649e-02 -4.927187273530198297e+01
-6.431999999999998829e-02 -4.936479606999484560e+01
-6.383999999999999397e-02 -4.915591166285637570e+01
-6.335999999999999965e-02 -4.871489797973816138e+01
-6.287999999999999146e-02 -4.857686033340398524e+01
-6.239999999999999714e-02 -4.860516256527755985e+01
-6.191999999999999588e-02 -4.854291541719123870e+01
-6.143999999999999462e-02 -4.852415228677805459e+01
-6.095999999999999336e-02 -4.851231454468031501e+01
-6.047999999999999210e-02 -4.835356969380348602e+01
-5.999999999999999778e-02 -4.833172538018102671e+01
-5.951999999999999652e-02 -4.823708701156566292e+01
-5.903999999999999526e-02 -4.816346353563070437e+01
-5.855999999999999400e-02 -4.790879824606366810e+01
-5.807999999999999274e-02 -4.755454524354072987e+01
-5.759999999999999842e-02 -4.756408411797514191e+01
-5.711999999999999716e-02 -4.737786612031220557e+01
-5.663999999999999591e-02 -4.701596909156797466e+01
-5.615999999999999465e-02 -4.683509255790089298e+01
-5.567999999999999339e-02 -4.669590159596846490e+01
-5.519999999999999213e-02 -4.659984697948747367e+01
-5.471999999999999781e-02 -4.647464301926653008e+01
-5.423999999999999655e-02 -4.638578288169055952e+01
-5.375999999999999529e-02 -4.577082794976299596e+01
-5.327999999999999403e-02 -4.553233999761508954e+01
-5.279999999999999277e-02 -4.546685713552102470e+01
-5.231999999999999845e-02 -4.568379305571142623e+01
-5.183999999999999719e-02 -4.552168888898557952e+01
-5.135999999999999593e-02 -4.526176726242229620e+01
-5.087999999999999468e-02 -4.511747661586427682e+01
-5.039999999999999342e-02 -4.476390216895369178e+01
-4.991999999999999216e-02 -4.437074553710849756e+01
-4.943999999999999784e-02 -4.399970142377624427e+01
-4.895999999999999658e-02 -4.386660481933418509e+01
-4.847999999999999532e-02 -4.371947771042901110e+01
-4.799999999999999406e-02 -4.361276566870060378e+01
-4.751999999999999280e-02 -4.336341342189263770e+01
-4.703999999999999848e-02 -4.311132004437143905e+01
-4.655999999999999722e-02 -4.282876882518533534e+01
-4.607999999999999596e-02 -4.270318569736839720e+01
-4.559999999999999470e-02 -4.255149146131045512e+01
-4.511999999999999345e-02 -4.217637991971752598e+01
-4.463999999999999913e-02 -4.183478023486296138e+01
-4.415999999999999787e-02 -4.129784568287648483e+01
-4.367999999999999661e-02 -4.091083590537154180e+01
-4.319999999999999535e-02 -4.092609903479755218e+01
-4.271999999999999409e-02 -4.080928449281843484e+01
-4.223999999999999977e-02 -4.030820706053783908e+01
-4.175999999999999851e-02 -3.960842484994773116e+01
-4.127999999999999725e-02 -3.929633664258983572e+01
-4.079999999999999599e-02 -3.928711593425520476e+01
-4.031999999999999473e-02 -3.925853291527927524e+01
-3.983999999999999347e-02 -3.922623508628397104e+01
-3.935999999999999915e-02 -3.865883327659589952e+01
-3.887999999999999790e-02 -3.784770785180917585e+01
-3.839999999999999664e-02 -3.744807161331056022e+01
-3.791999999999999538e-02 -3.728329261693730956e+01
-3.743999999999999412e-02 -3.695085535467634230e+01
-3.695999999999999980e-02 -3.662600425216104583e+01
-3.647999999999999854e-02 -3.661265772387570649e+01
-3.599999999999999728e-02 -3.633960657812984607e+01
-3.551999999999999602e-02 -3.560411628214839652e+01
-3.503999999999999476e-02 -3.507280259017513657e+01
-3.455999999999999350e-02 -3.487921697087851669e+01
-3.407999999999999918e-02 -3.460988790205512089e+01
-3.359999999999999792e-02 -3.428735767345153107e+01
-3.311999999999999666e-02 -3.414204797010797421e+01
-3.263999999999999541e-02 -3.405247800113318135e+01
-3.215999999999999415e-02 -3.360291630589881606e+01
-3.167999999999999983e-02 -3.322328908017456683e+01
-3.119999999999999857e-02 -3.287669834459616425e+01
-3.071999999999999731e-02 -3.237885266782400606e+01
-3.023999999999999605e-02 -3.197820052440395244e+01
-2.975999999999999826e-02 -3.161783520707587769e+01
-2.927999999999999700e-02 -3.128699069191707238e+01
-2.879999999999999921e-02 -3.082571620053089489e+01
-2.831999999999999795e-02 -3.047876333762648571e+01
-2.783999999999999669e-02 -3.028701181894325245e+01
-2.735999999999999890e-02 -2.968240270184307406e+01
-2.687999999999999765e-02 -2.878357186873673257e+01
-2.639999999999999639e-02 -2.810860140948378927e+01
-2.591999999999999860e-02 -2.731111456661851378e+01
-2.543999999999999734e-02 -2.671475518087085987e+01
-2.495999999999999608e-02 -2.632658315875696431e+01
-2.447999999999999829e-02 -2.593935464845149497e+01
-2.399999999999999703e-02 -2.532300447377560104e+01
-2.351999999999999924e-02 -2.486321073750067256e+01
-2.303999999999999798e-02 -2.458296483478200045e+01
-2.255999999999999672e-02 -2.411076867135122725e+01
-2.207999999999999893e-02 -2.348626889602834211e+01
-2.159999999999999767e-02 -2.300969572092644100e+01
-2.111999999999999988e-02 -2.221659466133722560e+01
-2.063999999999999863e-02 -2.177800901330321537e+01
-2.015999999999999737e-02 -2.143844282446853811e+01
-1.967999999999999958e-02 -2.104700317397614739e+01
-1.919999999999999832e-02 -2.088114388666491550e+01
-1.871999999999999706e-02 -2.075053973659313300e+01
-1.823999999999999927e-02 -2.025101661130230468e+01
-1.775999999999999801e-02 -1.959904952979687565e+01
-1.727999999999999675e-02 -1.946480004967702726e+01
-1.679999999999999896e-02 -1.943941268228110175e+01
-1.631999999999999770e-02 -1.911015118740006358e+01
-1.583999999999999991e-02 -1.874342947522807634e+01
-1.535999999999999865e-02 -1.839900289744080197e+01
-1.487999999999999913e-02 -1.823092006093995465e+01
-1.439999999999999961e-02 -1.788492888290714689e+01
-1.391999999999999835e-02 -1.739861033275980162e+01
-1.343999999999999882e-02 -1.734040186961561858e+01
-1.295999999999999930e-02 -1.708073891994191840e+01
-1.247999999999999804e-02 -1.656595993931285093e+01
-1.199999999999999852e-02 -1.645351336717826385e+01
-1.151999999999999899e-02 -1.633349283109780714e+01
-1.103999999999999947e-02 -1.600948431042345632e+01
-1.055999999999999994e-02 -1.500567241021364850e+01
-1.007999999999999868e-02 -3.824927223072879912e+00
-9.599999999999999159e-03 4.294503244120375207e+00
-9.119999999999999635e-03 6.900757582290567349e+00
-8.639999999999998376e-03 7.103201061822081108e+00
-8.159999999999998851e-03 7.102608039825542008e+00
-7.679999999999999327e-03 7.272882550112086619e+00
-7.199999999999999803e-03 7.363593776803386781e+00
-6.719999999999999411e-03 7.197917463334407628e+00
-6.239999999999999020e-03 7.236782300365868004e+00
-5.759999999999999495e-03 7.393045007953663372e+00
-5.279999999999999971e-03 7.379630241966477655e+00
-4.799999999999999580e-03 7.399838918711348690e+00
-4.319999999999999188e-03 7.212210915557937696e+00
-3.839999999999999664e-03 7.103100246368897253e+00
-3.359999999999999706e-03 7.092870056290967895e+00
-2.879999999999999748e-03 7.082950641669349068e+00
-2.399999999999999790e-03 7.183066168671922824e+00
-1.919999999999999832e-03 7.119706766835360412e+00
-1.439999999999999874e-03 7.150574969316822127e+00
-9.599999999999999159e-04 7.219599272564175330e+00
-4.799999999999999580e-04 7.094517675131534418e+00
0.000000000000000000e+00 7.045526674707703663e+00
4.799999999999999580e-04 7.278639486797101377e+00
9.599999999999999159e-04 7.645904199815126034e+00
1.439999999999999874e-03 7.276140190283980402e+00
1.919999999999999832e-03 6.910367599128996119e+00
2.399999999999999790e-03 7.131986446965424165e+00
2.879999999999999748e-03 7.307853641972973158e+00
3.359999999999999706e-03 7.466763916830511327e+00
3.839999999999999664e-03 7.219940569944977682e+00
4.319999999999999188e-03 6.902576762635269425e+00
4.799999999999999580e-03 6.953382050178241514e+00
5.279999999999999971e-03 7.080708593175893739e+00
5.759999999999999495e-03 7.061796504000249719e+00
6.239999999999999020e-03 6.949262198543024738e+00
6.719999999999999411e-03 6.994798666553818656e+00
7.199999999999999803e-03 7.111225090419049266e+00
7.679999999999999327e-03 6.909927695425328587e+00
8.159999999999998851e-03 6.939828269796843863e+00
8.639999999999998376e-03 6.993925129020805542e+00
9.119999999999999635e-03 6.639943126668947926e+00
9.599999999999999159e-03 3.956667667280144851e+00
1.007999999999999868e-02 -4.293725687913037881e+00
1.055999999999999994e-02 -1.577162207673419303e+01
1.103999999999999947e-02 -1.706607321333063609e+01
1.151999999999999899e-02 -1.722914520202853339e+01
1.199999999999999852e-02 -1.756101528397288192e+01
1.247999999999999804e-02 -1.816338650665434784e+01
1.295999999999999930e-02 -1.832256969618794429e+01
1.343999999999999882e-02 -1.841029422292120188e+01
1.391999999999999835e-02 -1.835999984747502367e+01
1.439999999999999961e-02 -1.856110893034664500e+01
1.487999999999999913e-02 -1.918398060439961483e+01
1.535999999999999865e-02 -1.945415968761923153e+01
1.583999999999999991e-02 -1.968749135369661474e+01
1.631999999999999770e-02 -2.005234362758726263e+01
1.679999999999999896e-02 -2.019468099327393418e+01
1.727999999999999675e-02 -2.063090287831389347e+01
1.775999999999999801e-02 -2.143295726622398334e+01
1.823999999999999927e-02 -2.185548196750808003e+01
1.871999999999999706e-02 -2.214749162302119601e+01
1.919999999999999832e-02 -2.219504544845309368e+01
1.967999999999999958e-02 -2.240490536351704165e+01
2.015999999999999737e-02 -2.266956911222035842e+01
2.063999999999999863e-02 -2.322607039186538458e+01
2.111999999999999988e-02 -2.400353845959898180e+01
2.159999999999999767e-02 -2.413319823665937491e+01
2.207999999999999893e-02 -2.428077077137925244e+01
2.255999999999999672e-02 -2.481768919965386289e+01
2.303999999999999798e-02 -2.511608294025516130e+01
2.351999999999999924e-02 -2.566542322873554127e+01
2.399999999999999703e-02 -2.611065457321018712e+01
2.447999999999999829e-02 -2.664765918651040622e+01
2.495999999999999608e-02 -2.698450520948830089e+01
2.543999999999999734e-02 -2.751045492653452840e+01
2.591999999999999860e-02 -2.816687252882989867e+01
2.639999999999999639e-02 -2.875403385963194225e+01
2.687999999999999765e-02 -2.918166110521842072e+01
2.735999999999999890e-02 -2.982679919422469439e+01
2.783999999999999669e-02 -3.036474149337186645e+01
2.831999999999999795e-02 -3.080424608182232404e+01
2.879999999999999921e-02 -3.126187830138855261e+01
2.927999999999999700e-02 -3.127002460851083043e+01
2.975999999999999826e-02 -3.160957163930612523e+01
3.023999999999999605e-02 -3.198176602804431212e+01
3.071999999999999731e-02 -3.236098521929017835e+01
3.119999999999999857e-02 -3.265800240779513786e+01
3.167999999999999983e-02 -3.299554150961034793e+01
3.215999999999999415e-02 -3.339155939912336635e+01
3.263999999999999541e-02 -3.345133579155185544e+01
3.311999999999999666e-02 -3.366304387702756884e+01
3.359999999999999792e-02 -3.421045462304454787e+01
3.407999999999999918e-02 -3.451168910829478165e+01
3.455999999999999350e-02 -3.476132879572769951e+01
3.503999999999999476e-02 -3.497016215342458167e+01
3.551999999999999602e-02 -3.531162139940921207e+01
3.599999999999999728e-02 -3.567343585172770304e+01
3.647999999999999854e-02 -3.592987001316685536e+01
3.695999999999999980e-02 -3.634569758166374953e+01
3.743999999999999412e-02 -3.647434216714911059e+01
3.791999999999999538e-02 -3.684398202350569562e+01
3.839999999999999664e-02 -3.733885650261328237e+01
3.887999999999999790e-02 -3.758192017264302365e+01
3.935999999999999915e-02 -3.814379026666559724e+01
3.983999999999999347e-02 -3.838297070966555680e+01
4.031999999999999473e-02 -3.855349106284764815e+01
4.079999999999999599e-02 -3.891221060513830565e+01
4.127999999999999725e-02 -3.939851310388606720e+01
4.175999999999999851e-02 -3.956801154528635323e+01
4.223999999999999977e-02 -3.960555707548427051e+01
4.271999999999999409e-02 -3.994618123312281455e+01
4.319999999999999535e-02 -4.059550646908909499e+01
4.367999999999999661e-02 -4.121464436130423792e+01
4.415999999999999787e-02 -4.136456664256613891e+01
4.463999999999999913e-02 -4.154602011168287845e+01
4.511999999999999345e-02 -4.180641552764723201e+01
4.559999999999999470e-02 -4.244352433381060052e+01
4.607999999999999596e-02 -4.247808778411680208e+01
4.655999999999999722e-02 -4.292350484913250597e+01
4.703999999999999848e-02 -4.339287503276625557e+01
4.751999999999999280e-02 -4.369660959104894715e+01
4.799999999999999406e-02 -4.365760404787319260e+01
4.847999999999999532e-02 -4.380597951250172173e+01
4.895999999999999658e-02 -4.464511715126400304e+01
4.943999999999999784e-02 -4.473938773899186572e+01
4.991999999999999216e-02 -4.494125312326126220e+01
5.039999999999999342e-02 -4.508760027010460192e+01
5.087999999999999468e-02 -4.504276656517142641e+01
5.135999999999999593e-02 -4.513758592057405394e+01
5.183999999999999719e-02 -4.556268254216207225e+01
5.231999999999999845e-02 -4.596613684165255620e+01
5.279999999999999277e-02 -4.604693873590580466e+01
5.327999999999999403e-02 -4.623881497338699376e+01
5.375999999999999529e-02 -4.665639107195006829e+01
5.423999999999999655e-02 -4.687376915167369162e+01
5.471999999999999781e-02 -4.701481730866426290e+01
5.519999999999999213e-02 -4.723861851021487723e+01
5.567999999999999339e-02 -4.759384323911271508e+01
5.615999999999999465e-02 -4.788127652959001068e+01
5.663999999999999591e-02 -4.838085150629942177e+01
5.711999999999999716e-02 -4.881929161928379557e+01
5.759999999999999842e-02 -4.873844089909901811e+01
5.807999999999999274e-02 -4.873305123732905031e+01
5.855999999999999400e-02 -4.903477469375921061e+01
5.903999999999999526e-02 -4.932813244672443886e+01
5.951999999999999652e-02 -4.951992427405944142e+01
5.999999999999999778e-02 -4.955747600952375365e+01
6.047999999999999210e-02 -4.971409134239388550e+01
6.095999999999999336e-02 -5.002072411960626397e+01
6.143999999999999462e-02 -5.029453127449617256e+01
6.191999999999999588e-02 -5.021271408751273668e+01
6.239999999999999714e-02 -5.014208262250096482e+01
6.287999999999999146e-02 -5.042493416486480839e+01
6.335999999999999965e-02 -5.076550795756851642e+01
6.383999999999999397e-02 -5.095896941893425947e+01
6.431999999999998829e-02 -5.092225605955054846e+01
6.479999999999999649e-02 -5.113215084509953812e+01
6.527999999999999081e-02 -5.127637400607444107e+01
6.575999999999999901e-02 -5.148467175786373673e+01
6.623999999999999333e-02 -5.155003966190498232e+01
6.671999999999998765e-02 -5.180670722369073644e+01
6.719999999999999585e-02 -5.206519577278605482e+01
6.767999999999999017e-02 -5.196533418936126481e+01
6.815999999999999837e-02 -5.201844188750474274e+01
6.863999999999999269e-02 -5.214489890991177390e+01
6.911999999999998701e-02 -5.225700927202871782e+01
6.959999999999999520e-02 -5.242335203684331191e+01
7.007999999999998952e-02 -5.264638948551572639e+01
7.055999999999999772e-02 -5.295141577353462736e+01
7.103999999999999204e-02 -5.305222587309512505e+01
7.152000000000000024e-02 -5.304908846569654202e+01
7.199999999999999456e-02 -5.304730083018206699e+01
7.247999999999998888e-02 -5.316267427240969567e+01
7.295999999999999708e-02 -5.330431930093213566e+01
7.343999999999999140e-02 -5.332252868647194788e+01
7.391999999999999960e-02 -5.365841689625843003e+01
7.439999999999999392e-02 -5.411844840480226537e+01
7.487999999999998824e-02 -5.406772257225707534e+01
7.535999999999999643e-02 -5.410890689448006441e+01
7.583999999999999075e-02 -5.408967463408372112e+01
7.631999999999999895e-02 -5.412564541984928468e+01
7.679999999999999327e-02 -5.441256789429178298e+01
7.727999999999998759e-02 -5.448297522230443235e+01
7.775999999999999579e-02 -5.447818202518025288e+01
7.823999999999999011e-02 -5.465844624475884928e+01
7.871999999999999831e-02 -5.470764883776641341e+01
7.919999999999999263e-02 -5.510493640897294654e+01
7.967999999999998695e-02 -5.528478800102418234e+01
8.015999999999999515e-02 -5.556383580361169550e+01
8.063999999999998947e-02 -5.592228928395451248e+01
8.111999999999999766e-02 -5.566036259040732403e+01
8.159999999999999198e-02 -5.550101304981956218e+01
8.207999999999998630e-02 -5.576930534190643129e+01
8.255999999999999450e-02 -5.594645258585241976e+01
8.303999999999998882e-02 -5.617818776941706460e+01
8.351999999999999702e-02 -5.621068300722716060e+01
8.399999999999999134e-02 -5.621734843883746180e+01
8.447999999999999954e-02 -5.642459059260319520e+01
8.495999999999999386e-02 -5.643004021516381385e+01
8.543999999999998818e-02 -5.632964806670128155e+01
8.591999999999999638e-02 -5.654364111181927655e+01
8.639999999999999070e-02 -5.684632082667229014e+01
8.687999999999999889e-02 -5.701646785540300755e+01
8.735999999999999321e-02 -5.698740686193396954e+01
8.783999999999998753e-02 -5.681411371943884348e+01
8.831999999999999573e-02 -5.683784287158136550e+01
8.879999999999999005e-02 -5.682671822698294761e+01
8.927999999999999825e-02 -5.713875061762629315e+01
8.975999999999999257e-02 -5.751012642918091444e+01
9.023999999999998689e-02 -5.757484280269868293e+01
9.071999999999999509e-02 -5.780903213379894368e+01
9.119999999999998941e-02 -5.796331648090928468e+01
9.167999999999999761e-02 -5.798532882117925169e+01
9.215999999999999193e-02 -5.785375490296146950e+01
9.263999999999998625e-02 -5.786468603306929737e+01
9.311999999999999444e-02 -5.808195289569980702e+01
9.359999999999998876e-02 -5.859353605929917563e+01
9.407999999999999696e-02 -5.865103458457284802e+01
9.455999999999999128e-02 -5.840863884515148641e+01
9.503999999999998560e-02 -5.836538912938895862e+01
9.551999999999999380e-02 -5.879983202783940044e+01
9.599999999999998812e-02 -5.890371269931567610e+01
9.647999999999999632e-02 -5.904707856153142131e+01
9.695999999999999064e-02 -5.907983313285330951e+01
9.743999999999998496e-02 -5.895224833801470510e+01
9.791999999999999316e-02 -5.909811565179219883e+01
9.839999999999998748e-02 -5.920165984454964558e+01
9.887999999999999567e-02 -5.932283093260983975e+01
9.935999999999998999e-02 -5.927071998313320478e+01
9.983999999999998431e-02 -5.936430649673563664e+01
1.003199999999999925e-01 -5.949693318582176005e+01
1.007999999999999868e-01 -5.959395853373511898e+01
1.012799999999999950e-01 -5.980813717245747796e+01
1.017599999999999894e-01 -6.022034970741341198e+01
1.022399999999999975e-01 -6.034771640032523976e+01
1.027199999999999919e-01 -6.065452808212442193e+01
1.031999999999999862e-01 -6.133920576889530452e+01
1.036799999999999944e-01 -6.209656164260758260e+01
1.041599999999999887e-01 -6.244868051768713713e+01
1.046399999999999969e-01 -6.264260409363004811e+01
1.051199999999999912e-01 -6.320341624020780813e+01
1.055999999999999855e-01 -6.364444899740756512e+01
1.060799999999999937e-01 -6.438644169909656512e+01
1.065599999999999881e-01 -6.565377640415414362e+01
1.070399999999999963e-01 -6.622096286836939782e+01
1.075199999999999906e-01 -6.713260604632725403e+01
1.079999999999999849e-01 -6.838808633847237672e+01
1.084799999999999931e-01 -6.966354115310895168e+01
1.089599999999999874e-01 -7.099290759281063856e+01
1.094399999999999956e-01 -7.228945259551889535e+01
1.099199999999999899e-01 -7.366509229676752568e+01
1.103999999999999843e-01 -7.473624400393431699e+01
1.108799999999999925e-01 -7.580861521836871475e+01
1.113599999999999868e-01 -7.716520482354931687e+01
1.118399999999999950e-01 -7.799488315680500250e+01
1.123199999999999893e-01 -7.864262880493446062e+01
1.127999999999999836e-01 -7.947064513618299486e+01
1.132799999999999918e-01 -7.973948948653553259e+01
1.137599999999999861e-01 -8.006683106559550822e+01
1.142399999999999943e-01 -8.018429935298370026e+01
1.147199999999999886e-01 -8.035778776422766612e+01
1.151999999999999968e-01 -8.010932846427566290e+01
1.156799999999999912e-01 -8.022275196476969938e+01
1.161599999999999855e-01 -8.016492732232599394e+01
1.166399999999999937e-01 -8.018993954398047208e+01
1.171199999999999880e-01 -8.049443116047490321e+01
1.175999999999999962e-01 -8.032569469472207402e+01
1.180799999999999905e-01 -8.012486682193596721e+01
1.185599999999999848e-01 -8.017541873779697426e+01
1.190399999999999930e-01 -8.003511580715972684e+01
1.195199999999999874e-01 -7.999147871250488606e+01
1.199999999999999956e-01 -8.019602221419604859e+01
1.204799999999999899e-01 -7.975521447838347910e+01
1.209599999999999842e-01 -7.974442185576154429e+01
1.214399999999999924e-01 -8.007116233767241908e+01
1.219199999999999867e-01 -7.990605339958577247e+01
1.223999999999999949e-01 -7.652014984102231665e+01
