-1.228799999999999892e-01 -7.708841422332319837e+01
-1.223999999999999949e-01 -7.884631748520591543e+01
-1.219199999999999867e-01 -8.009342717284722823e+01
-1.214399999999999924e-01 -7.982014483119313297e+01
-1.209599999999999842e-01 -7.980863023686916335e+01
-1.204799999999999899e-01 -7.991392681919136010e+01
-1.199999999999999956e-01 -7.971006767394428039e+01
-1.195199999999999874e-01 -7.974430771892697578e+01
-1.190399999999999930e-01 -7.992878588737526968e+01
-1.185599999999999848e-01 -8.027307754870138012e+01
-1.180799999999999905e-01 -8.039034359182146261e+01
-1.175999999999999962e-01 -8.023980242396403639e+01
-1.171199999999999880e-01 -8.017655416659900425e+01
-1.166399999999999937e-01 -8.031102068871919641e+01
-1.161599999999999855e-01 -8.026021357499024589e+01
-1.156799999999999912e-01 -8.009368358868142934e+01
-1.151999999999999968e-01 -8.007852147904773688e+01
-1.147199999999999886e-01 -8.023278807358012443e+01
-1.142399999999999943e-01 -8.007836218145085638e+01
-1.137599999999999861e-01 -7.979766644213286497e+01
-1.132799999999999918e-01 -7.970889088465584393e+01
-1.127999999999999836e-01 -7.939477640345161547e+01
-1.123199999999999893e-01 -7.861244641853892290e+01
-1.118399999999999950e-01 -7.789604965685877858e+01
-1.113599999999999868e-01 -7.691477037942891570e+01
-1.108799999999999925e-01 -7.548236273028300047e+01
-1.103999999999999843e-01 -7.402879601486247907e+01
-1.099199999999999899e-01 -7.249928580016158719e+01
-1.094399999999999956e-01 -7.116814158952358582e+01
-1.089599999999999874e-01 -6.988165538445049663e+01
-1.084799999999999931e-01 -6.885138695638208617e+01
-1.079999999999999849e-01 -6.791816869098872189e+01
-1.075199999999999906e-01 -6.676343202722500791e+01
-1.070399999999999963e-01 -6.601896692150691592e+01
-1.065599999999999881e-01 -6.499666944557748138e+01
-1.060799999999999937e-01 -6.388447889698066717e+01
-1.055999999999999855e-01 -6.310498980340906883e+01
-1.051199999999999912e-01 -6.238002110772879405e+01
-1.046399999999999969e-01 -6.188984736180998425e+01
-1.041599999999999887e-01 -6.148585992801815792e+01
-1.036799999999999944e-01 -6.076597969879681926e+01
-1.031999999999999862e-01 -5.994546071592922942e+01
-1.027199999999999919e-01 -5.952479674752628114e+01
-1.022399999999999975e-01 -5.936098197271058297e+01
-1.017599999999999894e-01 -5.914522603241703536e+01
-1.012799999999999950e-01 -5.869192384744567903e+01
-1.007999999999999868e-01 -5.869690714732153936e+01
-1.003199999999999925e-01 -5.858407743994028039e+01
-9.983999999999998431e-02 -5.831623295940205765e+01
-9.935999999999998999e-02 -5.837127627974595612e+01
-9.887999999999999567e-02 -5.843701648267284554e+01
-9.839999999999998748e-02 -5.840448106844547738e+01
-9.791999999999999316e-02 -5.822825826332401533e+01
-9.743999999999998496e-02 -5.800714857733632357e+01
-9.695999999999999064e-02 -5.789514471292030606e+01
-9.647999999999999632e-02 -5.770354972990672593e+01
-9.599999999999998812e-02 -5.745931155432895565e+01
-9.551999999999999380e-02 -5.725478830632062710e+01
-9.503999999999998560e-02 -5.711378923097826288e+01
-9.455999999999999128e-02 -5.701418409493945916e+01
-9.407999999999999696e-02 -5.698513720230083379e+01
-9.359999999999998876e-02 -5.684348178090908732e+01
-9.311999999999999444e-02 -5.674583275078972378e+01
-9.263999999999998625e-02 -5.640870734300494860e+01
-9.215999999999999193e-02 -5.625312839178070590e+01
-9.167999999999999761e-02 -5.624911325740303880e+01
-9.119999999999998941e-02 -5.580028016327919715e+01
-9.071999999999999509e-02 -5.541049183875999518e+01
-9.023999999999998689e-02 -5.535681642795676538e+01
-8.975999999999999257e-02 -5.544364300475628227e+01
-8.927999999999999825e-02 -5.552199975113207131e+01
-8.879999999999999005e-02 -5.562931550017981408e+01
-8.831999999999999573e-02 -5.537513814077738061e+01
-8.783999999999998753e-02 -5.481028135376863020e+01
-8.735999999999999321e-02 -5.476161049923182134e+01
-8.687999999999999889e-02 -5.485680563926196385e+01
-8.639999999999999070e-02 -5.450725571055717467e+01
-8.591999999999999638e-02 -5.421821654720152139e+01
-8.543999999999998818e-02 -5.407563194847502075e+01
-8.495999999999999386e-02 -5.394377689047927760e+01
-8.447999999999999954e-02 -5.356060734683653379e+01
-8.399999999999999134e-02 -5.342699967775085668e+01
-8.351999999999999702e-02 -5.351539477077616169e+01
-8.303999999999998882e-02 -5.339705965889824313e+01
-8.255999999999999450e-02 -5.310042152756061995e+01
-8.207999999999998630e-02 -5.309354288680862055e+01
-8.159999999999999198e-02 -5.282605766868389452e+01
-8.111999999999999766e-02 -5.276242905034525421e+01
-8.063999999999998947e-02 -5.260689347863038279e+01
-8.015999999999999515e-02 -5.290184188014833211e+01
-7.967999999999998695e-02 -5.263193478010532544e+01
-7.919999999999999263e-02 -5.231823008294887956e+01
-7.871999999999999831e-02 -5.241718510723421787e+01
-7.823999999999999011e-02 -5.216758978776631750e+01
-7.775999999999999579e-02 -5.235581551805805134e+01
-7.727999999999998759e-02 -5.248044627606834212e+01
-7.679999999999999327e-02 -5.188216133437667565e+01
-7.631999999999999895e-02 -5.175459469440441751e+01
-7.583999999999999075e-02 -5.175506628796177466e+01
-7.535999999999999643e-02 -5.177547879453446455e+01
-7.487999999999998824e-02 -5.177548772417271294e+01
-7.439999999999999392e-02 -5.151315060547075575e+01
-7.391999999999999960e-02 -5.144195651310199935e+01
-7.343999999999999140e-02 -5.144755772243767922e+01
-7.295999999999999708e-02 -5.137301388454723394e+01
-7.247999999999998888e-02 -5.120193465843782121e+01
-7.199999999999999456e-02 -5.087201498050770709e+01
-7.152000000000000024e-02 -5.083346301553362423e+01
-7.103999999999999204e-02 -5.096107486986666402e+01
-7.055999999999999772e-02 -5.073972069640643667e+01
-7.007999999999998952e-02 -5.057125539827490002e+01
-6.959999999999999520e-02 -5.043567975021083782e+01
-6.911999999999998701e-02 -5.031562863670032471e+01
-6.863999999999999269e-02 -5.024331664998268820e+01
-6.815999999999999837e-02 -5.019737521866672836e+01
-6.767999999999999017e-02 -5.011385163462009729e+01
-6.719999999999999585e-02 -4.999267824897287937e+01
-6.671999999999998765e-02 -4.984019320219906035e+01
-6.623999999999999333e-02 -4.971964711643801138e+01
-6.575999999999999901e-02 -4.969130069759542323e+01
-6.527999999999999081e-02 -4.964798421685485152e+01
-6.479999999999999649e-02 -4.936226856172392274e+01
-6.431999999999998829e-02 -4.936367985903878264e+01
-6.383999999999999397e-02 -4.910040563507526201e+01
-6.335999999999999965e-02 -4.870812097604172664e+01
-6.287999999999999146e-02 -4.854382287683817765e+01
-6.239999999999999714e-02 -4.861867397737898955e+01
-6.191999999999999588e-02 -4.860267464984381292e+01
-6.143999999999999462e-02 -4.849946061788987350e+01
-6.095999999999999336e-02 -4.841737933712086317e+01
-6.047999999999999210e-02 -4.842988295353038808e+01
-5.999999999999999778e-02 -4.843615456434066857e+01
-5.951999999999999652e-02 -4.828658631850491645e+01
-5.903999999999999526e-02 -4.823171065236869026e+01
-5.855999999999999400e-02 -4.795839459567281438e+01
-5.807999999999999274e-02 -4.751467065769939779e+01
-5.759999999999999842e-02 -4.748661174543719454e+01
-5.711999999999999716e-02 -4.730058944215058148e+01
-5.663999999999999591e-02 -4.695256385965053880e+01
-5.615999999999999465e-02 -4.684939484025728973e+01
-5.567999999999999339e-02 -4.668991519535068591e+01
-5.519999999999999213e-02 -4.662819698331389873e+01
-5.471999999999999781e-02 -4.660442749773424964e+01
-5.423999999999999655e-02 -4.641761839429797476e+01
-5.375999999999999529e-02 -4.566550844155641897e+01
-5.327999999999999403e-02 -4.546378869108672660e+01
-5.279999999999999277e-02 -4.539468634024118643e+01
-5.231999999999999845e-02 -4.555262963494235606e+01
-5.183999999999999719e-02 -4.540544572712929039e+01
-5.135999999999999593e-02 -4.518765715122967208e+01
-5.087999999999999468e-02 -4.499993772165230155e+01
-5.039999999999999342e-02 -4.460169700629415246e+01
-4.991999999999999216e-02 -4.421395050650120595e+01
-4.943999999999999784e-02 -4.375657928821056686e+01
-4.895999999999999658e-02 -4.358938280952204991e+01
-4.847999999999999532e-02 -4.347665573146382201e+01
-4.799999999999999406e-02 -4.338523512742426647e+01
-4.751999999999999280e-02 -4.312041191124610151e+01
-4.703999999999999848e-02 -4.288501657077028995e+01
-4.655999999999999722e-02 -4.267460696708418766e+01
-4.607999999999999596e-02 -4.251747395129222440e+01
-4.559999999999999470e-02 -4.236869141185812992e+01
-4.511999999999999345e-02 -4.197186162740401016e+01
-4.463999999999999913e-02 -4.161433818276086072e+01
-4.415999999999999787e-02 -4.111426860275741291e+01
-4.367999999999999661e-02 -4.067762425552792394e+01
-4.319999999999999535e-02 -4.062429849341496890e+01
-4.271999999999999409e-02 -4.051629262740318893e+01
-4.223999999999999977e-02 -4.002460688967222779e+01
-4.175999999999999851e-02 -3.932761277484740958e+01
-4.127999999999999725e-02 -3.901597766919422838e+01
-4.079999999999999599e-02 -3.903176266004915362e+01
-4.031999999999999473e-02 -3.900502752415824403e+01
-3.983999999999999347e-02 -3.896561012061035711e+01
-3.935999999999999915e-02 -3.837786961850802925e+01
-3.887999999999999790e-02 -3.761038521747173036e+01
-3.839999999999999664e-02 -3.722801380773744029e+01
-3.791999999999999538e-02 -3.705424891829067491e+01
-3.743999999999999412e-02 -3.666049801302292366e+01
-3.695999999999999980e-02 -3.632639181354772262e+01
-3.647999999999999854e-02 -3.631569157913971679e+01
-3.599999999999999728e-02 -3.602924126160928608e+01
-3.551999999999999602e-02 -3.530561549021814471e+01
-3.503999999999999476e-02 -3.481043638083497171e+01
-3.455999999999999350e-02 -3.464126647209161547e+01
-3.407999999999999918e-02 -3.437631436592451450e+01
-3.359999999999999792e-02 -3.405863966695502398e+01
-3.311999999999999666e-02 -3.390276099006737809e+01
-3.263999999999999541e-02 -3.379006791790850883e+01
-3.215999999999999415e-02 -3.334514515898293041e+01
-3.167999999999999983e-02 -3.298076069609764716e+01
-3.119999999999999857e-02 -3.266150293345545208e+01
-3.071999999999999731e-02 -3.216711053997809699e+01
-3.023999999999999605e-02 -3.176824011372302436e+01
-2.975999999999999826e-02 -3.139799475279740193e+01
-2.927999999999999700e-02 -3.103101075225573169e+01
-2.879999999999999921e-02 -3.058872390787893636e+01
-2.831999999999999795e-02 -3.025751161526684285e+01
-2.783999999999999669e-02 -3.005877026977403332e+01
-2.735999999999999890e-02 -2.945873098652441868e+01
-2.687999999999999765e-02 -2.857417821977021788e+01
-2.639999999999999639e-02 -2.790976888852741666e+01
-2.591999999999999860e-02 -2.711813946017784716e+01
-2.543999999999999734e-02 -2.652493321552412198e+01
-2.495999999999999608e-02 -2.613337379459430565e+01
-2.447999999999999829e-02 -2.574551761343917633e+01
-2.399999999999999703e-02 -2.512905778472459417e+01
-2.351999999999999924e-02 -2.465780920083057737e+01
-2.303999999999999798e-02 -2.439133967527747160e+01
-2.255999999999999672e-02 -2.394468593298625336e+01
-2.207999999999999893e-02 -2.332664252595829169e+01
-2.159999999999999767e-02 -2.285073525942653205e+01
-2.111999999999999988e-02 -2.204798005279806006e+01
-2.063999999999999863e-02 -2.160528404462029073e+01
-2.015999999999999737e-02 -2.126143862753231062e+01
-1.967999999999999958e-02 -2.086090395031884981e+01
-1.919999999999999832e-02 -2.069703018995335597e+01
-1.871999999999999706e-02 -2.056644510969356787e+01
-1.823999999999999927e-02 -2.007551798819038780e+01
-1.775999999999999801e-02 -1.942659754686610540e+01
-1.727999999999999675e-02 -1.929185693074960639e+01
-1.679999999999999896e-02 -1.926349361288999518e+01
-1.631999999999999770e-02 -1.893249811931448434e+01
-1.583999999999999991e-02 -1.856844119283911709e+01
-1.535999999999999865e-02 -1.822655989312714553e+01
-1.487999999999999913e-02 -1.806305033539219096e+01
-1.439999999999999961e-02 -1.772093981468474766e+01
-1.391999999999999835e-02 -1.723747426771162594e+01
-1.343999999999999882e-02 -1.717809327328163249e+01
-1.295999999999999930e-02 -1.691442621604721452e+01
-1.247999999999999804e-02 -1.639314160645818674e+01
-1.199999999999999852e-02 -1.628420860388528979e+01
-1.151999999999999899e-02 -1.616491535864552986e+01
-1.103999999999999947e-02 -1.584622874858654029e+01
-1.055999999999999994e-02 -1.487554013280419696e+01
-1.007999999999999868e-02 -3.823163977369012478e+00
-9.599999999999999159e-03 4.287060749554131966e+00
-9.119999999999999635e-03 6.892874330750125011e+00
-8.639999999999998376e-03 7.094967585778929831e+00
-8.159999999999998851e-03 7.094214349357469196e+00
-7.679999999999999327e-03 7.264819804722431051e+00
-7.199999999999999803e-03 7.355947369508758271e+00
-6.719999999999999411e-03 7.189412057836276126e+00
-6.239999999999999020e-03 7.228355286194810603e+00
-5.759999999999999495e-03 7.385584858762116234e+00
-5.279999999999999971e-03 7.372703120112726438e+00
-4.799999999999999580e-03 7.393152161236789865e+00
-4.319999999999999188e-03 7.206925399860430126e+00
-3.839999999999999664e-03 7.097612718791054931e+00
-3.359999999999999706e-03 7.086325245320383104e+00
-2.879999999999999748e-03 7.076763107329185232e+00
-2.399999999999999790e-03 7.176994885152501169e+00
-1.919999999999999832e-03 7.112636548724048602e+00
-1.439999999999999874e-03 7.143727056580032375e+00
-9.599999999999999159e-04 7.212886407852831638e+00
-4.799999999999999580e-04 7.087931914535006150e+00
0.000000000000000000e+00 7.039624055869304620e+00
4.799999999999999580e-04 7.273528794337432934e+00
9.599999999999999159e-04 7.641773477738728282e+00
1.439999999999999874e-03 7.272110482183969715e+00
1.919999999999999832e-03 6.905192220628075361e+00
2.399999999999999790e-03 7.127143159483280144e+00
2.879999999999999748e-03 7.304769176514666285e+00
3.359999999999999706e-03 7.464752640117082727e+00
3.839999999999999664e-03 7.217972629439429966e+00
4.319999999999999188e-03 6.899678133132306712e+00
4.799999999999999580e-03 6.949974288690236257e+00
5.279999999999999971e-03 7.077742759604747746e+00
5.759999999999999495e-03 7.058781080624464188e+00
6.239999999999999020e-03 6.946937830820335336e+00
6.719999999999999411e-03 6.992996491125427205e+00
7.199999999999999803e-03 7.109762357910952346e+00
7.679999999999999327e-03 6.909191363537383168e+00
8.159999999999998851e-03 6.938921914562763860e+00
8.639999999999998376e-03 6.993059808958728141e+00
9.119999999999999635e-03 6.639507046462979289e+00
9.599999999999999159e-03 3.957192551659991953e+00
1.007999999999999868e-02 -4.285286809728548363e+00
1.055999999999999994e-02 -1.567141309825870188e+01
1.103999999999999947e-02 -1.694133955719508577e+01
1.151999999999999899e-02 -1.710339000837873158e+01
1.199999999999999852e-02 -1.743251435997353482e+01
1.247999999999999804e-02 -1.803678961803596081e+01
1.295999999999999930e-02 -1.819362445814735807e+01
1.343999999999999882e-02 -1.828260475910192540e+01
1.391999999999999835e-02 -1.823818865281470991e+01
1.439999999999999961e-02 -1.843958587696828388e+01
1.487999999999999913e-02 -1.905557386440222345e+01
1.535999999999999865e-02 -1.932565333938815400e+01
1.583999999999999991e-02 -1.957337461512550902e+01
1.631999999999999770e-02 -1.994775278256734197e+01
1.679999999999999896e-02 -2.007824028913103831e+01
1.727999999999999675e-02 -2.050990498907977155e+01
1.775999999999999801e-02 -2.130860234779586193e+01
1.823999999999999927e-02 -2.172955946947891448e+01
1.871999999999999706e-02 -2.202048339000046440e+01
1.919999999999999832e-02 -2.207207276381958394e+01
1.967999999999999958e-02 -2.229832993109369710e+01
2.015999999999999737e-02 -2.256473538123690759e+01
2.063999999999999863e-02 -2.310781492912921919e+01
2.111999999999999988e-02 -2.388979628074108774e+01
2.159999999999999767e-02 -2.403360139553317865e+01
2.207999999999999893e-02 -2.417006075550183652e+01
2.255999999999999672e-02 -2.469180359050373852e+01
2.303999999999999798e-02 -2.498768752393916515e+01
2.351999999999999924e-02 -2.554670885377679213e+01
2.399999999999999703e-02 -2.600202562718641275e+01
2.447999999999999829e-02 -2.653112328388359842e+01
2.495999999999999608e-02 -2.685171886342643788e+01
2.543999999999999734e-02 -2.735800683286413104e+01
2.591999999999999860e-02 -2.801232961153622725e+01
2.639999999999999639e-02 -2.861745905781440058e+01
2.687999999999999765e-02 -2.902334306838062616e+01
2.735999999999999890e-02 -2.966787997324972537e+01
2.783999999999999669e-02 -3.020127542563040279e+01
2.831999999999999795e-02 -3.062377561823264216e+01
2.879999999999999921e-02 -3.107858742149424458e+01
2.927999999999999700e-02 -3.109625327029016617e+01
2.975999999999999826e-02 -3.144816683503824351e+01
3.023999999999999605e-02 -3.180197216406508787e+01
3.071999999999999731e-02 -3.212710896928002313e+01
3.119999999999999857e-02 -3.239605473855768025e+01
3.167999999999999983e-02 -3.272647189861920936e+01
3.215999999999999415e-02 -3.313559150960103494e+01
3.263999999999999541e-02 -3.318195020676105855e+01
3.311999999999999666e-02 -3.338946385932280947e+01
3.359999999999999792e-02 -3.395562018771103396e+01
3.407999999999999918e-02 -3.424041520919855941e+01
3.455999999999999350e-02 -3.447229477720681956e+01
3.503999999999999476e-02 -3.468185942104965847e+01
3.551999999999999602e-02 -3.499434877558805823e+01
3.599999999999999728e-02 -3.535791949095546727e+01
3.647999999999999854e-02 -3.561507373268539567e+01
3.695999999999999980e-02 -3.604081253402065954e+01
3.743999999999999412e-02 -3.616024501980927397e+01
3.791999999999999538e-02 -3.652910987829177714e+01
3.839999999999999664e-02 -3.702440193494584264e+01
3.887999999999999790e-02 -3.725582838394399232e+01
3.935999999999999915e-02 -3.779005823193332247e+01
3.983999999999999347e-02 -3.803477412972083016e+01
4.031999999999999473e-02 -3.817545714961744352e+01
4.079999999999999599e-02 -3.851575900696774113e+01
4.127999999999999725e-02 -3.898878272880118345e+01
4.175999999999999851e-02 -3.913823775669980165e+01
4.223999999999999977e-02 -3.920044917858921707e+01
4.271999999999999409e-02 -3.956650107998534338e+01
4.319999999999999535e-02 -4.018359282329340942e+01
4.367999999999999661e-02 -4.075905599580902106e+01
4.415999999999999787e-02 -4.086175242546612196e+01
4.463999999999999913e-02 -4.104829497874048627e+01
4.511999999999999345e-02 -4.136352391254064997e+01
4.559999999999999470e-02 -4.202683695679994003e+01
4.607999999999999596e-02 -4.207516882269675307e+01
4.655999999999999722e-02 -4.246044031709591593e+01
4.703999999999999848e-02 -4.294406134845556267e+01
4.751999999999999280e-02 -4.327236001083696237e+01
4.799999999999999406e-02 -4.322070994583520331e+01
4.847999999999999532e-02 -4.335770671962552569e+01
4.895999999999999658e-02 -4.408072945553602295e+01
4.943999999999999784e-02 -4.424365259920410409e+01
4.991999999999999216e-02 -4.454905610542175509e+01
5.039999999999999342e-02 -4.466475774808017007e+01
5.087999999999999468e-02 -4.459988069286869461e+01
5.135999999999999593e-02 -4.467631496270804092e+01
5.183999999999999719e-02 -4.511730389759658522e+01
5.231999999999999845e-02 -4.553279890892640225e+01
5.279999999999999277e-02 -4.558031241330843386e+01
5.327999999999999403e-02 -4.581798149187679314e+01
5.375999999999999529e-02 -4.624838817425945336e+01
5.423999999999999655e-02 -4.652099591763119690e+01
5.471999999999999781e-02 -4.668131288908740828e+01
5.519999999999999213e-02 -4.690686788128151363e+01
5.567999999999999339e-02 -4.724961790120272553e+01
5.615999999999999465e-02 -4.760862995220408322e+01
5.663999999999999591e-02 -4.806976750274843369e+01
5.711999999999999716e-02 -4.851844844992736938e+01
5.759999999999999842e-02 -4.855584940770433633e+01
5.807999999999999274e-02 -4.858335975745072233e+01
5.855999999999999400e-02 -4.877877882062185932e+01
5.903999999999999526e-02 -4.905865958648296044e+01
5.951999999999999652e-02 -4.919813107602210067e+01
5.999999999999999778e-02 -4.926203037240309612e+01
6.047999999999999210e-02 -4.950268815464490046e+01
6.095999999999999336e-02 -4.976084761279630442e+01
6.143999999999999462e-02 -5.004787284615981946e+01
6.191999999999999588e-02 -5.000119952822475966e+01
6.239999999999999714e-02 -5.000202583173560811e+01
6.287999999999999146e-02 -5.030819952540773699e+01
6.335999999999999965e-02 -5.060001038695604336e+01
6.383999999999999397e-02 -5.084264877796215387e+01
6.431999999999998829e-02 -5.075838299481735305e+01
6.479999999999999649e-02 -5.095260866447708992e+01
6.527999999999999081e-02 -5.112898375095686276e+01
6.575999999999999901e-02 -5.135640414397811071e+01
6.623999999999999333e-02 -5.154180566989857226e+01
6.671999999999998765e-02 -5.171198625000253912e+01
6.719999999999999585e-02 -5.180767024935003917e+01
6.767999999999999017e-02 -5.189576185931776564e+01
6.815999999999999837e-02 -5.196992089234770162e+01
6.863999999999999269e-02 -5.208989621820314397e+01
6.911999999999998701e-02 -5.224364502604119309e+01
6.959999999999999520e-02 -5.243918543652380748e+01
7.007999999999998952e-02 -5.257528541896105878e+01
7.055999999999999772e-02 -5.288079075341831015e+01
7.103999999999999204e-02 -5.290429094568843027e+01
7.152000000000000024e-02 -5.291530000673277101e+01
7.199999999999999456e-02 -5.306939608802606756e+01
7.247999999999998888e-02 -5.320600770891506670e+01
7.295999999999999708e-02 -5.341997819868390707e+01
7.343999999999999140e-02 -5.337231626671849938e+01
7.391999999999999960e-02 -5.372224567075228663e+01
7.439999999999999392e-02 -5.430155646964867344e+01
7.487999999999998824e-02 -5.407630348658589980e+01
7.535999999999999643e-02 -5.393153595179961712e+01
7.583999999999999075e-02 -5.391958596031563644e+01
7.631999999999999895e-02 -5.422815760657357487e+01
7.679999999999999327e-02 -5.445717047810954625e+01
7.727999999999998759e-02 -5.441150940807001746e+01
7.775999999999999579e-02 -5.442178470276500946e+01
7.823999999999999011e-02 -5.469604560664413384e+01
7.871999999999999831e-02 -5.479428622416425299e+01
7.919999999999999263e-02 -5.506940744127732756e+01
7.967999999999998695e-02 -5.520723997211454304e+01
8.015999999999999515e-02 -5.543517552675333349e+01
8.063999999999998947e-02 -5.571691165053892547e+01
8.111999999999999766e-02 -5.557990155650708175e+01
8.159999999999999198e-02 -5.555993686736253778e+01
8.207999999999998630e-02 -5.578555828818623752e+01
8.255999999999999450e-02 -5.598026776157575313e+01
8.303999999999998882e-02 -5.630345065569165541e+01
8.351999999999999702e-02 -5.611684464817472673e+01
8.399999999999999134e-02 -5.587518581526981620e+01
8.447999999999999954e-02 -5.619429968850721480e+01
8.495999999999999386e-02 -5.643616642354184876e+01
8.543999999999998818e-02 -5.640354710378289127e+01
8.591999999999999638e-02 -5.639698720017548794e+01
8.639999999999999070e-02 -5.659416751975125948e+01
8.687999999999999889e-02 -5.666797432091706099e+01
8.735999999999999321e-02 -5.664405690406517380e+01
8.783999999999998753e-02 -5.676579460252262521e+01
8.831999999999999573e-02 -5.676127154693338639e+01
8.879999999999999005e-02 -5.674007381411250606e+01
8.927999999999999825e-02 -5.705679980178523891e+01
8.975999999999999257e-02 -5.736838446800671676e+01
9.023999999999998689e-02 -5.731550529357215140e+01
9.071999999999999509e-02 -5.744336139419233689e+01
9.119999999999998941e-02 -5.776776356781459754e+01
9.167999999999999761e-02 -5.773947211095870102e+01
9.215999999999999193e-02 -5.753200940797812279e+01
9.263999999999998625e-02 -5.763346236324954930e+01
9.311999999999999444e-02 -5.804928139537605603e+01
9.359999999999998876e-02 -5.855448253668523506e+01
9.407999999999999696e-02 -5.850128039122645163e+01
9.455999999999999128e-02 -5.839608528337601001e+01
9.503999999999998560e-02 -5.837315236763936355e+01
9.551999999999999380e-02 -5.860799037810225087e+01
9.599999999999998812e-02 -5.873359062185726032e+01
9.647999999999999632e-02 -5.888221384615931697e+01
9.695999999999999064e-02 -5.896341460055813855e+01
9.743999999999998496e-02 -5.904059402308499216e+01
9.791999999999999316e-02 -5.926366276673837774e+01
9.839999999999998748e-02 -5.920675376387529099e+01
9.887999999999999567e-02 -5.909903427046199198e+01
9.935999999999998999e-02 -5.895265272239731758e+01
9.983999999999998431e-02 -5.896853869205340715e+01
1.003199999999999925e-01 -5.911229783169261509e+01
1.007999999999999868e-01 -5.949596310078479178e+01
1.012799999999999950e-01 -5.996601546499529434e+01
1.017599999999999894e-01 -6.029958581654229022e+01
1.022399999999999975e-01 -6.033249179925412875e+01
1.027199999999999919e-01 -6.040049636474564210e+01
1.031999999999999862e-01 -6.073997085672252183e+01
1.036799999999999944e-01 -6.135364909788204102e+01
1.041599999999999887e-01 -6.216786467740406863e+01
1.046399999999999969e-01 -6.284467583357081111e+01
1.051199999999999912e-01 -6.323891101395904712e+01
1.055999999999999855e-01 -6.361201592824991735e+01
1.060799999999999937e-01 -6.424374417501478263e+01
1.065599999999999881e-01 -6.540631038824304255e+01
1.070399999999999963e-01 -6.628527037149180501e+01
1.075199999999999906e-01 -6.708251639055256987e+01
1.079999999999999849e-01 -6.806605149246928477e+01
1.084799999999999931e-01 -6.929193038904311663e+01
1.089599999999999874e-01 -7.075696119241857218e+01
1.094399999999999956e-01 -7.189174504558545209e+01
1.099199999999999899e-01 -7.297773530079297188e+01
1.103999999999999843e-01 -7.416970202506037424e+01
1.108799999999999925e-01 -7.553945275332051779e+01
1.113599999999999868e-01 -7.669435014005394180e+01
1.118399999999999950e-01 -7.765813812266338800e+01
1.123199999999999893e-01 -7.865288302687142163e+01
1.127999999999999836e-01 -7.936447405717692050e+01
1.132799999999999918e-01 -7.951425626989509965e+01
1.137599999999999861e-01 -7.944663164060801819e+01
1.142399999999999943e-01 -7.966210768174346413e+01
1.147199999999999886e-01 -7.988800554605190030e+01
1.151999999999999968e-01 -8.011341906860117490e+01
1.156799999999999912e-01 -7.988733699132436072e+01
1.161599999999999855e-01 -7.985386706073211371e+01
1.166399999999999937e-01 -7.984816505058435609e+01
1.171199999999999880e-01 -8.003283725961843231e+01
1.175999999999999962e-01 -8.014508352660962487e+01
1.180799999999999905e-01 -7.991374536047358390e+01
1.185599999999999848e-01 -7.976707104982865815e+01
1.190399999999999930e-01 -7.987486165627981904e+01
1.195199999999999874e-01 -7.993754827622119308e+01
1.199999999999999956e-01 -7.994798323164614828e+01
1.204799999999999899e-01 -7.995737840131972973e+01
1.209599999999999842e-01 -8.002604447440084812e+01
1.214399999999999924e-01 -8.007395588200502345e+01
1.219199999999999867e-01 -8.004040881812497332e+01
1.223999999999999949e-01 -7.884465595683573724e+01
