-1.228799999999999955e+02 -1.015717901635471776e+02
-1.223999999999999915e+02 -1.033296535235147928e+02
-1.219200000000000017e+02 -1.045767708625845813e+02
-1.214399999999999977e+02 -1.043034516804314649e+02
-1.209599999999999937e+02 -1.042919764078104947e+02
-1.204799999999999898e+02 -1.043972863497243964e+02
-1.200000000000000000e+02 -1.041934048780317710e+02
-1.195199999999999960e+02 -1.042276145087686530e+02
-1.190399999999999920e+02 -1.044121393662087627e+02
-1.185600000000000023e+02 -1.047564241941360876e+02
-1.180799999999999983e+02 -1.048736645363726296e+02
-1.175999999999999943e+02 -1.047231578575154458e+02
-1.171199999999999903e+02 -1.046598502947105658e+02
-1.166400000000000006e+02 -1.047944093913755239e+02
-1.161599999999999966e+02 -1.047435470017292403e+02
-1.156799999999999926e+02 -1.045769943464640193e+02
-1.151999999999999886e+02 -1.045618389013958449e+02
-1.147199999999999989e+02 -1.047162076087999480e+02
-1.142399999999999949e+02 -1.045616302711039509e+02
-1.137599999999999909e+02 -1.042809864381762139e+02
-1.132800000000000011e+02 -1.041922952944751728e+02
-1.127999999999999972e+02 -1.038780912558164715e+02
-1.123199999999999932e+02 -1.030958063248633749e+02
-1.118399999999999892e+02 -1.023793208675583628e+02
-1.113599999999999994e+02 -1.013981789373485611e+02
-1.108799999999999955e+02 -9.996565210698051374e+01
-1.103999999999999915e+02 -9.851214789339394429e+01
-1.099200000000000017e+02 -9.698263491797976599e+01
-1.094399999999999977e+02 -9.565144743038041497e+01
-1.089599999999999937e+02 -9.436502230848979877e+01
-1.084799999999999898e+02 -9.333470997857276075e+01
-1.080000000000000000e+02 -9.240151454406785092e+01
-1.075199999999999960e+02 -9.124675836895403336e+01
-1.070399999999999920e+02 -9.050231513067572564e+01
-1.065600000000000023e+02 -8.948000016256735023e+01
-1.060799999999999983e+02 -8.836781828123626781e+01
-1.055999999999999943e+02 -8.758831667870411763e+01
-1.051199999999999903e+02 -8.686337285199527969e+01
-1.046400000000000006e+02 -8.637317202861140686e+01
-1.041599999999999966e+02 -8.596920818232501915e+01
-1.036799999999999926e+02 -8.524930632893025972e+01
-1.032000000000000028e+02 -8.442880678342909562e+01
-1.027199999999999989e+02 -8.400812617773584634e+01
-1.022399999999999949e+02 -8.384432748763737209e+01
-1.017599999999999909e+02 -8.362854941583552204e+01
-1.012800000000000011e+02 -8.317527859225124587e+01
-1.007999999999999972e+02 -8.318022532311263717e+01
-1.003199999999999932e+02 -8.306742346313967573e+01
-9.984000000000000341e+01 -8.279957289746027982e+01
-9.935999999999999943e+01 -8.285460877758369236e+01
-9.887999999999999545e+01 -8.292035152230765505e+01
-9.839999999999999147e+01 -8.288782024632266143e+01
-9.792000000000000171e+01 -8.271159781854917981e+01
-9.743999999999999773e+01 -8.249048043098309790e+01
-9.695999999999999375e+01 -8.237848550436930850e+01
-9.647999999999998977e+01 -8.218688861114563338e+01
-9.600000000000000000e+01 -8.194264556704035840e+01
-9.551999999999999602e+01 -8.173812322774763572e+01
-9.503999999999999204e+01 -8.159712731612586367e+01
-9.456000000000000227e+01 -8.149752281927838737e+01
-9.407999999999999829e+01 -8.146847349684992423e+01
-9.359999999999999432e+01 -8.132682084521668742e+01
-9.311999999999999034e+01 -8.122916433412710546e+01
-9.264000000000000057e+01 -8.089205091710010720e+01
-9.215999999999999659e+01 -8.073646451778395772e+01
-9.167999999999999261e+01 -8.073244530803088992e+01
-9.120000000000000284e+01 -8.028361759907292594e+01
-9.071999999999999886e+01 -7.989383270220029942e+01
-9.023999999999999488e+01 -7.984015020249323413e+01
-8.975999999999999091e+01 -7.992698270432198626e+01
-8.928000000000000114e+01 -8.000532010534271876e+01
-8.879999999999999716e+01 -8.011268749017122559e+01
-8.831999999999999318e+01 -7.985844659803832712e+01
-8.784000000000000341e+01 -7.929362034912641377e+01
-8.735999999999999943e+01 -7.924495970430209013e+01
-8.687999999999999545e+01 -7.934014289768886385e+01
-8.639999999999999147e+01 -7.899057455137585748e+01
-8.592000000000000171e+01 -7.870157242170786560e+01
-8.543999999999999773e+01 -7.855896484731425744e+01
-8.495999999999999375e+01 -7.842710845567100364e+01
-8.447999999999998977e+01 -7.804393779740269110e+01
-8.400000000000000000e+01 -7.791035722954920573e+01
-8.351999999999999602e+01 -7.799870996633896425e+01
-8.303999999999999204e+01 -7.788040045380645893e+01
-8.256000000000000227e+01 -7.758376791918738036e+01
-8.207999999999999829e+01 -7.757688035733005449e+01
-8.159999999999999432e+01 -7.730939083951129476e+01
-8.111999999999999034e+01 -7.724575517093074950e+01
-8.064000000000000057e+01 -7.709024250809996204e+01
-8.015999999999999659e+01 -7.738517721963410168e+01
-7.967999999999999261e+01 -7.711527764960510467e+01
-7.920000000000000284e+01 -7.680154790019761890e+01
-7.871999999999999886e+01 -7.690052841603188938e+01
-7.823999999999999488e+01 -7.665094181152619512e+01
-7.775999999999999091e+01 -7.683913922957717091e+01
-7.728000000000000114e+01 -7.696377637335250199e+01
-7.679999999999999716e+01 -7.636551449998925989e+01
-7.631999999999999318e+01 -7.623791443113331923e+01
-7.584000000000000341e+01 -7.623842177695739508e+01
-7.535999999999999943e+01 -7.625879649209871047e+01
-7.487999999999999545e+01 -7.625883552120983211e+01
-7.439999999999999147e+01 -7.599648682713305448e+01
-7.392000000000000171e+01 -7.592529302736372188e+01
-7.343999999999999773e+01 -7.593089115484738727e+01
-7.295999999999999375e+01 -7.585633776623593860e+01
-7.248000000000000398e+01 -7.568530960830858589e+01
-7.200000000000000000e+01 -7.535531672005356540e+01
-7.151999999999999602e+01 -7.531681937974835250e+01
-7.103999999999999204e+01 -7.544440886385929446e+01
-7.056000000000000227e+01 -7.522305736700012346e+01
-7.007999999999999829e+01 -7.505459684457213143e+01
-6.959999999999999432e+01 -7.491901148114908437e+01
-6.912000000000000455e+01 -7.479897029268143172e+01
-6.864000000000000057e+01 -7.472665391019194203e+01
-6.815999999999999659e+01 -7.468069923566019952e+01
-6.767999999999999261e+01 -7.459719594086702443e+01
-6.720000000000000284e+01 -7.447601851812277118e+01
-6.671999999999999886e+01 -7.432353864895668494e+01
-6.623999999999999488e+01 -7.420297288871067565e+01
-6.575999999999999091e+01 -7.417463329383728876e+01
-6.528000000000000114e+01 -7.413133815923359293e+01
-6.479999999999999716e+01 -7.384558670688059578e+01
-6.431999999999999318e+01 -7.384703229874889985e+01
-6.383999999999999631e+01 -7.358373250682571154e+01
-6.335999999999999943e+01 -7.319145859831542111e+01
-6.287999999999999545e+01 -7.302716177789328356e+01
-6.239999999999999858e+01 -7.310201376955592423e+01
-6.191999999999999460e+01 -7.308600642815622450e+01
-6.143999999999999773e+01 -7.298279948462821665e+01
-6.096000000000000085e+01 -7.290070643447135978e+01
-6.047999999999999687e+01 -7.291322485693457622e+01
-6.000000000000000000e+01 -7.291951214701522588e+01
-5.951999999999999602e+01 -7.276988706098096316e+01
-5.903999999999999915e+01 -7.271508488650927404e+01
-5.855999999999999517e+01 -7.244168462766110395e+01
-5.807999999999999829e+01 -7.199807172580156589e+01
-5.759999999999999432e+01 -7.196989115880428756e+01
-5.711999999999999744e+01 -7.178394049250815101e+01
-5.664000000000000057e+01 -7.143591454960342446e+01
-5.615999999999999659e+01 -7.133272013712011983e+01
-5.567999999999999972e+01 -7.117323395675040842e+01
-5.519999999999999574e+01 -7.111157157528194261e+01
-5.471999999999999886e+01 -7.108774287901329103e+01
-5.423999999999999488e+01 -7.090095813631239707e+01
-5.375999999999999801e+01 -7.014884314256738662e+01
-5.328000000000000114e+01 -6.994712446650048321e+01
-5.279999999999999716e+01 -6.987803284307494778e+01
-5.232000000000000028e+01 -7.003595497904854028e+01
-5.183999999999999631e+01 -6.988880034011494047e+01
-5.135999999999999943e+01 -6.967098246710133935e+01
-5.087999999999999545e+01 -6.948325966949194310e+01
-5.039999999999999858e+01 -6.908507001293050109e+01
-4.992000000000000171e+01 -6.869724714961247969e+01
-4.943999999999999773e+01 -6.823996409379245165e+01
-4.896000000000000085e+01 -6.807268538606346908e+01
-4.847999999999999687e+01 -6.796000488862092936e+01
-4.800000000000000000e+01 -6.786855703717975530e+01
-4.751999999999999602e+01 -6.760377651963160872e+01
-4.703999999999999915e+01 -6.736832251545601480e+01
-4.655999999999999517e+01 -6.715798042579760363e+01
-4.607999999999999829e+01 -6.700074726191621721e+01
-4.560000000000000142e+01 -6.685208651679540992e+01
-4.511999999999999744e+01 -6.645518865985606283e+01
-4.464000000000000057e+01 -6.609765653488318549e+01
-4.415999999999999659e+01 -6.559762371410478465e+01
-4.367999999999999972e+01 -6.516093931701925612e+01
-4.319999999999999574e+01 -6.510766636012266417e+01
-4.271999999999999886e+01 -6.499960268988863277e+01
-4.223999999999999488e+01 -6.450797474379933760e+01
-4.175999999999999801e+01 -6.381091795597222216e+01
-4.128000000000000114e+01 -6.349932976690613629e+01
-4.079999999999999716e+01 -6.351509920651410113e+01
-4.032000000000000028e+01 -6.348835930707721786e+01
-3.983999999999999631e+01 -6.344896059527420107e+01
-3.935999999999999943e+01 -6.286119477522361620e+01
-3.887999999999999545e+01 -6.209372552606729556e+01
-3.839999999999999858e+01 -6.171136282330624567e+01
-3.792000000000000171e+01 -6.153754924929140202e+01
-3.743999999999999773e+01 -6.114386810934750116e+01
-3.696000000000000085e+01 -6.080972451873873297e+01
-3.647999999999999687e+01 -6.079902574167262230e+01
-3.600000000000000000e+01 -6.051257470856906906e+01
-3.551999999999999602e+01 -5.978894716217833150e+01
-3.503999999999999915e+01 -5.929379720404008225e+01
-3.456000000000000227e+01 -5.912456199556125824e+01
-3.407999999999999829e+01 -5.885967700155874383e+01
-3.360000000000000142e+01 -5.854197600979031790e+01
-3.311999999999999744e+01 -5.838611491647612439e+01
-3.264000000000000057e+01 -5.827340301784647636e+01
-3.215999999999999659e+01 -5.782840324627643724e+01
-3.167999999999999972e+01 -5.746407735084964230e+01
-3.119999999999999929e+01 -5.714488422652452471e+01
-3.071999999999999886e+01 -5.665046101213636831e+01
-3.023999999999999844e+01 -5.625178332880000909e+01
-2.975999999999999801e+01 -5.588162850760247835e+01
-2.927999999999999758e+01 -5.551416039517533818e+01
-2.879999999999999716e+01 -5.507150846460231719e+01
-2.832000000000000028e+01 -5.474032531510794541e+01
-2.783999999999999986e+01 -5.454173962170707313e+01
-2.735999999999999943e+01 -5.394204378043571779e+01
-2.687999999999999901e+01 -5.305763438544892807e+01
-2.639999999999999858e+01 -5.239300536470773295e+01
-2.591999999999999815e+01 -5.160118872290030367e+01
-2.543999999999999773e+01 -5.100822752664151238e+01
-2.496000000000000085e+01 -5.061692659341218814e+01
-2.448000000000000043e+01 -5.022881549210816843e+01
-2.400000000000000000e+01 -4.961224536447807765e+01
-2.351999999999999957e+01 -4.914112066709981264e+01
-2.303999999999999915e+01 -4.887475322024546642e+01
-2.255999999999999872e+01 -4.842809062317509472e+01
-2.207999999999999829e+01 -4.780983225149108051e+01
-2.159999999999999787e+01 -4.733405757462831787e+01
-2.111999999999999744e+01 -4.653104644845105042e+01
-2.064000000000000057e+01 -4.608859677691523160e+01
-2.016000000000000014e+01 -4.574463148478283614e+01
-1.967999999999999972e+01 -4.534400585062795130e+01
-1.919999999999999929e+01 -4.517960422742481796e+01
-1.871999999999999886e+01 -4.504898085108155925e+01
-1.823999999999999844e+01 -4.455567250564406834e+01
-1.775999999999999801e+01 -4.390643065629735986e+01
-1.728000000000000114e+01 -4.377248488283975547e+01
-1.680000000000000071e+01 -4.374427417006394592e+01
-1.632000000000000028e+01 -4.341348912117487657e+01
-1.583999999999999986e+01 -4.304393950518431211e+01
-1.535999999999999943e+01 -4.269834555321644842e+01
-1.487999999999999901e+01 -4.253466047145535356e+01
-1.439999999999999858e+01 -4.219563965630229063e+01
-1.391999999999999993e+01 -4.171669541057112696e+01
-1.343999999999999950e+01 -4.165508285404068545e+01
-1.295999999999999908e+01 -4.138583457576408620e+01
-1.248000000000000043e+01 -4.087037795738694967e+01
-1.200000000000000000e+01 -4.077504388529341384e+01
-1.151999999999999957e+01 -4.066162845533197867e+01
-1.103999999999999915e+01 -4.036893805352690379e+01
-1.055999999999999872e+01 -4.001053666065607217e+01
-1.008000000000000007e+01 -3.321186145565660297e+01
-9.599999999999999645e+00 -2.564273250274496618e+01
-9.119999999999999218e+00 -2.306930071647703073e+01
-8.640000000000000568e+00 -2.287635160098430021e+01
-8.160000000000000142e+00 -2.289240366588920850e+01
-7.679999999999999716e+00 -2.273534371287417954e+01
-7.199999999999999289e+00 -2.265291110609006608e+01
-6.719999999999999751e+00 -2.283024348951465754e+01
-6.240000000000000213e+00 -2.280242479290998858e+01
-5.759999999999999787e+00 -2.264823253396737357e+01
-5.279999999999999361e+00 -2.265666082401582315e+01
-4.799999999999999822e+00 -2.264316756697634503e+01
-4.320000000000000284e+00 -2.280554003577332267e+01
-3.839999999999999858e+00 -2.291966918822884836e+01
-3.359999999999999876e+00 -2.294563045897168863e+01
-2.879999999999999893e+00 -2.295281488988321072e+01
-2.399999999999999911e+00 -2.287813901942710970e+01
-1.919999999999999929e+00 -2.299199938044276337e+01
-1.439999999999999947e+00 -2.293717591366533171e+01
-9.599999999999999645e-01 -2.285209552988876425e+01
-4.799999999999999822e-01 -2.299242776952292289e+01
0.000000000000000000e+00 -2.302865147352109787e+01
4.799999999999999822e-01 -2.277899054391262368e+01
9.599999999999999645e-01 -2.243170623818065224e+01
1.439999999999999947e+00 -2.282274152152871238e+01
1.919999999999999929e+00 -2.320232277117722219e+01
2.399999999999999911e+00 -2.297948437339154637e+01
2.879999999999999893e+00 -2.278906165477405921e+01
3.359999999999999876e+00 -2.263585012401124530e+01
3.839999999999999858e+00 -2.289232896717297550e+01
4.320000000000000284e+00 -2.322288529829409143e+01
4.799999999999999822e+00 -2.317924793180243626e+01
5.279999999999999361e+00 -2.301858548997818943e+01
5.759999999999999787e+00 -2.305937021676768950e+01
6.240000000000000213e+00 -2.319384560357571701e+01
6.719999999999999751e+00 -2.315306962015498726e+01
7.199999999999999289e+00 -2.303675248434540279e+01
7.679999999999999716e+00 -2.322585603787631925e+01
8.160000000000000142e+00 -2.321603104164370279e+01
8.640000000000000568e+00 -2.319218314745268827e+01
9.119999999999999218e+00 -2.356774014383414695e+01
9.599999999999999645e+00 -2.617813296160706216e+01
1.008000000000000007e+01 -3.383624852219166002e+01
1.055999999999999872e+01 -4.088691213640450428e+01
1.103999999999999915e+01 -4.150821538538815503e+01
1.151999999999999957e+01 -4.160731593681695983e+01
1.200000000000000000e+01 -4.191323447737264729e+01
1.248000000000000043e+01 -4.251130028442122466e+01
1.295999999999999908e+01 -4.266750194012360708e+01
1.343999999999999950e+01 -4.275712981884535679e+01
1.391999999999999993e+01 -4.271622602488684350e+01
1.439999999999999858e+01 -4.291326388153348148e+01
1.487999999999999901e+01 -4.352365647826794515e+01
1.535999999999999943e+01 -4.379983226466688251e+01
1.583999999999999986e+01 -4.404434217843552091e+01
1.632000000000000028e+01 -4.441953170063274570e+01
1.680000000000000071e+01 -4.455337238169774139e+01
1.728000000000000114e+01 -4.498836988186895525e+01
1.775999999999999801e+01 -4.578956118288566302e+01
1.823999999999999844e+01 -4.621077818600504372e+01
1.871999999999999886e+01 -4.650153883770354923e+01
1.919999999999999929e+01 -4.655390966355569304e+01
1.967999999999999972e+01 -4.678112218005772149e+01
2.016000000000000014e+01 -4.704798781724520040e+01
2.064000000000000057e+01 -4.759121147507006810e+01
2.111999999999999744e+01 -4.837306495595561984e+01
2.159999999999999787e+01 -4.851707984677427987e+01
2.207999999999999829e+01 -4.865350305601700853e+01
2.255999999999999872e+01 -4.917530512259047981e+01
2.303999999999999915e+01 -4.947114392306117736e+01
2.351999999999999957e+01 -5.003000017879715244e+01
2.400000000000000000e+01 -5.048527229754527923e+01
2.448000000000000043e+01 -5.101452389900278206e+01
2.496000000000000085e+01 -5.133503023826683886e+01
2.543999999999999773e+01 -5.184125990555466501e+01
2.591999999999999815e+01 -5.249553264806894504e+01
2.639999999999999858e+01 -5.310068472381909999e+01
2.687999999999999901e+01 -5.350635832439046879e+01
2.735999999999999943e+01 -5.415108061689470276e+01
2.783999999999999986e+01 -5.468444800669789174e+01
2.832000000000000028e+01 -5.510706844806595939e+01
2.879999999999999716e+01 -5.556176464590319597e+01
2.927999999999999758e+01 -5.557988420947236108e+01
2.975999999999999801e+01 -5.593161608429674914e+01
3.023999999999999844e+01 -5.628533212268603592e+01
3.071999999999999886e+01 -5.661042880091889629e+01
3.119999999999999929e+01 -5.687942626303861005e+01
3.167999999999999972e+01 -5.720978424331217838e+01
3.215999999999999659e+01 -5.761887003418834041e+01
3.264000000000000057e+01 -5.766529155566243503e+01
3.311999999999999744e+01 -5.787276381897216027e+01
3.360000000000000142e+01 -5.843895088219295531e+01
3.407999999999999829e+01 -5.872373223445467971e+01
3.456000000000000227e+01 -5.895565128999902527e+01
3.503999999999999915e+01 -5.916520510456436455e+01
3.551999999999999602e+01 -5.947767256888148779e+01
3.600000000000000000e+01 -5.984127054735396456e+01
3.647999999999999687e+01 -6.009839275096906874e+01
3.696000000000000085e+01 -6.052414447653919183e+01
3.743999999999999773e+01 -6.064359891211576326e+01
3.792000000000000171e+01 -6.101245044706074339e+01
3.839999999999999858e+01 -6.150772839945923920e+01
3.887999999999999545e+01 -6.173917536933512906e+01
3.935999999999999943e+01 -6.227338413805829020e+01
3.983999999999999631e+01 -6.251809962251051189e+01
4.032000000000000028e+01 -6.265882286052075756e+01
4.079999999999999716e+01 -6.299908022559954901e+01
4.128000000000000114e+01 -6.347211408644994890e+01
4.175999999999999801e+01 -6.362157988704510103e+01
4.223999999999999488e+01 -6.368377998402170448e+01
4.271999999999999886e+01 -6.404984618461969603e+01
4.319999999999999574e+01 -6.466692236668079374e+01
4.367999999999999972e+01 -6.524240682775786127e+01
4.415999999999999659e+01 -6.534507375701154785e+01
4.464000000000000057e+01 -6.553162695412130745e+01
4.511999999999999744e+01 -6.584689123337768990e+01
4.560000000000000142e+01 -6.651015147579015263e+01
4.607999999999999829e+01 -6.655850685267230915e+01
4.655999999999999517e+01 -6.694377224109086910e+01
4.703999999999999915e+01 -6.742741696661950357e+01
4.751999999999999602e+01 -6.775566733008719211e+01
4.800000000000000000e+01 -6.770405624848328330e+01
4.847999999999999687e+01 -6.784105337017240345e+01
4.896000000000000085e+01 -6.856406408675533726e+01
4.943999999999999773e+01 -6.872699546358052203e+01
4.992000000000000171e+01 -6.903237785914188862e+01
5.039999999999999858e+01 -6.914810529288722307e+01
5.087999999999999545e+01 -6.908323080641164893e+01
5.135999999999999943e+01 -6.915961813768247168e+01
5.183999999999999631e+01 -6.960065259786594538e+01
5.232000000000000028e+01 -7.001617145102720485e+01
5.279999999999999716e+01 -7.006362867326602384e+01
5.328000000000000114e+01 -7.030130023658119853e+01
5.375999999999999801e+01 -7.073174655757563301e+01
5.423999999999999488e+01 -7.100430818942056987e+01
5.471999999999999886e+01 -7.116468492158828951e+01
5.519999999999999574e+01 -7.139017020595080965e+01
5.567999999999999972e+01 -7.173297027973991646e+01
5.615999999999999659e+01 -7.209194910567433112e+01
5.664000000000000057e+01 -7.255314305615415549e+01
5.711999999999999744e+01 -7.300176590360447904e+01
5.759999999999999432e+01 -7.303917386073754869e+01
5.807999999999999829e+01 -7.306670710398016411e+01
5.855999999999999517e+01 -7.326210926346587371e+01
5.903999999999999915e+01 -7.354201386547750019e+01
5.951999999999999602e+01 -7.368144780940878036e+01
6.000000000000000000e+01 -7.374538488738510011e+01
6.047999999999999687e+01 -7.398598231026451799e+01
6.096000000000000085e+01 -7.424425426017381824e+01
6.143999999999999773e+01 -7.453115960034654108e+01
6.191999999999999460e+01 -7.448455101475543927e+01
6.239999999999999858e+01 -7.448534526886612639e+01
6.287999999999999545e+01 -7.479155261198266658e+01
6.335999999999999943e+01 -7.508335328564392341e+01
6.383999999999999631e+01 -7.532597260867147781e+01
6.431999999999999318e+01 -7.524172809356743130e+01
6.479999999999999716e+01 -7.543593853431042362e+01
6.528000000000000114e+01 -7.561233011532911519e+01
6.575999999999999091e+01 -7.583972807225310930e+01
6.623999999999999488e+01 -7.602516809187839897e+01
6.671999999999999886e+01 -7.619529201854680878e+01
6.720000000000000284e+01 -7.629102174631907474e+01
6.767999999999999261e+01 -7.637909116705938573e+01
6.815999999999999659e+01 -7.645326919772024610e+01
6.864000000000000057e+01 -7.657323263112917289e+01
6.912000000000000455e+01 -7.672698676107265214e+01
6.959999999999999432e+01 -7.692250013308640177e+01
7.007999999999999829e+01 -7.705863289287134421e+01
7.056000000000000227e+01 -7.736414204703021369e+01
7.103999999999999204e+01 -7.738760134334117424e+01
7.151999999999999602e+01 -7.739866435464119832e+01
7.200000000000000000e+01 -7.755271614066545283e+01
7.248000000000000398e+01 -7.768934175464875125e+01
7.295999999999999375e+01 -7.790333486281259923e+01
7.343999999999999773e+01 -7.785564031971138377e+01
7.392000000000000171e+01 -7.820557843821505628e+01
7.439999999999999147e+01 -7.878490068896948628e+01
7.487999999999999545e+01 -7.855964279904580394e+01
7.535999999999999943e+01 -7.841486349316407711e+01
7.584000000000000341e+01 -7.840291667489771044e+01
7.631999999999999318e+01 -7.871151987766339175e+01
7.679999999999999716e+01 -7.894048101372464998e+01
7.728000000000000114e+01 -7.889485084990070618e+01
7.775999999999999091e+01 -7.890514213694811474e+01
7.823999999999999488e+01 -7.917935828549605048e+01
7.871999999999999886e+01 -7.927762838494432174e+01
7.920000000000000284e+01 -7.955276003449581879e+01
7.967999999999999261e+01 -7.969055877387557985e+01
8.015999999999999659e+01 -7.991852720092536799e+01
8.064000000000000057e+01 -8.020023602311661648e+01
8.111999999999999034e+01 -8.006324406875884847e+01
8.159999999999999432e+01 -8.004326865248940237e+01
8.207999999999999829e+01 -8.026890696953432780e+01
8.256000000000000227e+01 -8.046358681493190090e+01
8.303999999999999204e+01 -8.078680627126452407e+01
8.351999999999999602e+01 -8.060016257867738432e+01
8.400000000000000000e+01 -8.035853604184622156e+01
8.447999999999998977e+01 -8.067763430862966345e+01
8.495999999999999375e+01 -8.091949774118592131e+01
8.543999999999999773e+01 -8.088688739293212393e+01
8.592000000000000171e+01 -8.088032716561714608e+01
8.639999999999999147e+01 -8.107750364277551114e+01
8.687999999999999545e+01 -8.115131345474324576e+01
8.735999999999999943e+01 -8.112737617282860469e+01
8.784000000000000341e+01 -8.124915074661515746e+01
8.831999999999999318e+01 -8.124460572999214492e+01
8.879999999999999716e+01 -8.122340854672432897e+01
8.928000000000000114e+01 -8.154013368075298729e+01
8.975999999999999091e+01 -8.185172814954258058e+01
9.023999999999999488e+01 -8.179883440290913654e+01
9.071999999999999886e+01 -8.192669786004489652e+01
9.120000000000000284e+01 -8.225110775712377631e+01
9.167999999999999261e+01 -8.222281176013896697e+01
9.215999999999999659e+01 -8.201533415013335571e+01
9.264000000000000057e+01 -8.211680736515903334e+01
9.311999999999999034e+01 -8.253261528777491662e+01
9.359999999999999432e+01 -8.303782527918019696e+01
9.407999999999999829e+01 -8.298460798256904525e+01
9.456000000000000227e+01 -8.287942433366025341e+01
9.503999999999999204e+01 -8.285649456827279380e+01
9.551999999999999602e+01 -8.309132326195697260e+01
9.600000000000000000e+01 -8.321693678047108733e+01
9.647999999999998977e+01 -8.336553055347246755e+01
9.695999999999999375e+01 -8.344677159666075283e+01
9.743999999999999773e+01 -8.352392288271433074e+01
9.792000000000000171e+01 -8.374699825664168884e+01
9.839999999999999147e+01 -8.369008709830568193e+01
9.887999999999999545e+01 -8.358237991873664896e+01
9.935999999999999943e+01 -8.343598332098012804e+01
9.984000000000000341e+01 -8.345187747193955374e+01
1.003199999999999932e+02 -8.359563624096398371e+01
1.007999999999999972e+02 -8.397929934590854373e+01
1.012800000000000011e+02 -8.444935616649090093e+01
1.017599999999999909e+02 -8.478291348742082789e+01
1.022399999999999949e+02 -8.481583093301983922e+01
1.027199999999999989e+02 -8.488384237588194026e+01
1.032000000000000028e+02 -8.522330071572318388e+01
1.036799999999999926e+02 -8.583698724096832677e+01
1.041599999999999966e+02 -8.665119602080977756e+01
1.046400000000000006e+02 -8.732801906754387744e+01
1.051199999999999903e+02 -8.772225854531984623e+01
1.055999999999999943e+02 -8.809532687191276068e+01
1.060799999999999983e+02 -8.872710298831734121e+01
1.065600000000000023e+02 -8.988964523205731894e+01
1.070399999999999920e+02 -9.076859917965718694e+01
1.075199999999999960e+02 -9.156586495111710633e+01
1.080000000000000000e+02 -9.254935932797098985e+01
1.084799999999999898e+02 -9.377530969275852613e+01
1.089599999999999937e+02 -9.524026364566657321e+01
1.094399999999999977e+02 -9.637509878036014754e+01
1.099200000000000017e+02 -9.746108337437658520e+01
1.103999999999999915e+02 -9.865301282587937237e+01
1.108799999999999955e+02 -1.000227992171952280e+02
1.113599999999999994e+02 -1.011776973485818303e+02
1.118399999999999892e+02 -1.021414530737848594e+02
1.123199999999999932e+02 -1.031362622635522683e+02
1.127999999999999972e+02 -1.038477576986510229e+02
1.132800000000000011e+02 -1.039976186418330997e+02
1.137599999999999909e+02 -1.039300078058494847e+02
1.142399999999999949e+02 -1.041453684751658102e+02
1.147199999999999989e+02 -1.043714165735980259e+02
1.151999999999999886e+02 -1.045966727545823716e+02
1.156799999999999926e+02 -1.043707550077001258e+02
1.161599999999999966e+02 -1.043371442387618089e+02
1.166400000000000006e+02 -1.043315567921127069e+02
1.171199999999999903e+02 -1.045161370395435085e+02
1.175999999999999943e+02 -1.046284191314241809e+02
1.180799999999999983e+02 -1.043970851842581027e+02
1.185600000000000023e+02 -1.042504142920402046e+02
1.190399999999999920e+02 -1.043582065205111746e+02
1.195199999999999960e+02 -1.044208694809369575e+02
1.200000000000000000e+02 -1.044313502909610065e+02
1.204799999999999898e+02 -1.044406657454608620e+02
1.209599999999999937e+02 -1.045094225622516291e+02
1.214399999999999977e+02 -1.045572696510097330e+02
1.219200000000000017e+02 -1.045237611707729997e+02
1.223999999999999915e+02 -1.033279908104429268e+02
