-1.228799999999999892e-01 -7.868849881073305141e+01
-1.223999999999999949e-01 -7.958089914100537499e+01
-1.219199999999999867e-01 -8.006225937141194038e+01
-1.214399999999999924e-01 -8.021673877217273230e+01
-1.209599999999999842e-01 -8.022631589075930947e+01
-1.204799999999999899e-01 -8.028753017030939532e+01
-1.199999999999999956e-01 -8.000494792708616387e+01
-1.195199999999999874e-01 -8.002718864087387374e+01
-1.190399999999999930e-01 -8.054756521354232746e+01
-1.185599999999999848e-01 -8.057131240474090816e+01
-1.180799999999999905e-01 -8.014239850897550355e+01
-1.175999999999999962e-01 -8.003623360421214272e+01
-1.171199999999999880e-01 -8.030246919981487963e+01
-1.166399999999999937e-01 -8.011742372740199869e+01
-1.161599999999999855e-01 -8.029030879319535075e+01
-1.156799999999999912e-01 -8.044592778651711740e+01
-1.151999999999999968e-01 -8.044820261233064684e+01
-1.147199999999999886e-01 -8.037133021366658170e+01
-1.142399999999999943e-01 -8.028221416562229251e+01
-1.137599999999999861e-01 -8.008570530192258730e+01
-1.132799999999999918e-01 -7.973912688346035793e+01
-1.127999999999999836e-01 -7.918381046582842941e+01
-1.123199999999999893e-01 -7.875762029182223500e+01
-1.118399999999999950e-01 -7.767205935546901685e+01
-1.113599999999999868e-01 -7.656759717946054877e+01
-1.108799999999999925e-01 -7.546976872316305673e+01
-1.103999999999999843e-01 -7.386334367168873882e+01
-1.099199999999999899e-01 -7.223827644554285143e+01
-1.094399999999999956e-01 -7.114389676762560555e+01
-1.089599999999999874e-01 -6.985631267420205859e+01
-1.084799999999999931e-01 -6.879871192859357620e+01
-1.079999999999999849e-01 -6.764965149912123366e+01
-1.075199999999999906e-01 -6.637999067366931172e+01
-1.070399999999999963e-01 -6.538009968010902639e+01
-1.065599999999999881e-01 -6.438570265648237978e+01
-1.060799999999999937e-01 -6.383022741490459850e+01
-1.055999999999999855e-01 -6.309496943615427966e+01
-1.051199999999999912e-01 -6.246657501456095929e+01
-1.046399999999999969e-01 -6.179963928665667083e+01
-1.041599999999999887e-01 -6.125303338265241138e+01
-1.036799999999999944e-01 -6.060254900360519059e+01
-1.031999999999999862e-01 -5.975832459387395090e+01
-1.027199999999999919e-01 -5.927129404151298075e+01
-1.022399999999999975e-01 -5.909794751893713993e+01
-1.017599999999999894e-01 -5.904414470029345807e+01
-1.012799999999999950e-01 -5.895798358582099041e+01
-1.007999999999999868e-01 -5.895420497467760867e+01
-1.003199999999999925e-01 -5.856708403226097204e+01
-9.983999999999998431e-02 -5.822808478618838990e+01
-9.935999999999998999e-02 -5.813244338914628884e+01
-9.887999999999999567e-02 -5.831039514532989898e+01
-9.839999999999998748e-02 -5.826938343582827429e+01
-9.791999999999999316e-02 -5.806626397359381997e+01
-9.743999999999998496e-02 -5.781606589706435528e+01
-9.695999999999999064e-02 -5.780537529270922903e+01
-9.647999999999999632e-02 -5.749934522260376468e+01
-9.599999999999998812e-02 -5.723852240701032201e+01
-9.551999999999999380e-02 -5.713532441958817998e+01
-9.503999999999998560e-02 -5.699754056764309951e+01
-9.455999999999999128e-02 -5.700314797631115482e+01
-9.407999999999999696e-02 -5.693527132512973310e+01
-9.359999999999998876e-02 -5.673828420727019761e+01
-9.311999999999999444e-02 -5.657786998183711091e+01
-9.263999999999998625e-02 -5.637924262910321715e+01
-9.215999999999999193e-02 -5.626905917817268232e+01
-9.167999999999999761e-02 -5.605500078491404281e+01
-9.119999999999998941e-02 -5.549820717498799638e+01
-9.071999999999999509e-02 -5.526659804279309185e+01
-9.023999999999998689e-02 -5.541553067544604971e+01
-8.975999999999999257e-02 -5.542364388094508598e+01
-8.927999999999999825e-02 -5.542904235829747961e+01
-8.879999999999999005e-02 -5.539480515186270537e+01
-8.831999999999999573e-02 -5.513415402185082570e+01
-8.783999999999998753e-02 -5.475833910399272497e+01
-8.735999999999999321e-02 -5.466682491830336232e+01
-8.687999999999999889e-02 -5.460522973629852572e+01
-8.639999999999999070e-02 -5.431211943582871982e+01
-8.591999999999999638e-02 -5.402701860899227171e+01
-8.543999999999998818e-02 -5.394977884721296135e+01
-8.495999999999999386e-02 -5.383765788632941707e+01
-8.447999999999999954e-02 -5.342636517347722247e+01
-8.399999999999999134e-02 -5.333997957058839745e+01
-8.351999999999999702e-02 -5.340871694419844573e+01
-8.303999999999998882e-02 -5.328554040809721926e+01
-8.255999999999999450e-02 -5.304932185189031202e+01
-8.207999999999998630e-02 -5.303109181189792309e+01
-8.159999999999999198e-02 -5.293557875118538902e+01
-8.111999999999999766e-02 -5.288225851857228577e+01
-8.063999999999998947e-02 -5.261284633967984803e+01
-8.015999999999999515e-02 -5.288585761109085581e+01
-7.967999999999998695e-02 -5.252384442345521620e+01
-7.919999999999999263e-02 -5.225059964966548165e+01
-7.871999999999999831e-02 -5.239372702565826501e+01
-7.823999999999999011e-02 -5.220917122161097268e+01
-7.775999999999999579e-02 -5.225333272153473985e+01
-7.727999999999998759e-02 -5.227904155330762848e+01
-7.679999999999999327e-02 -5.185908860701828615e+01
-7.631999999999999895e-02 -5.174727826766953598e+01
-7.583999999999999075e-02 -5.159895714542352607e+01
-7.535999999999999643e-02 -5.166154242994891632e+01
-7.487999999999998824e-02 -5.170500242253695689e+01
-7.439999999999999392e-02 -5.148310936412050864e+01
-7.391999999999999960e-02 -5.135565295254221496e+01
-7.343999999999999140e-02 -5.146976745745022441e+01
-7.295999999999999708e-02 -5.129526695053431951e+01
-7.247999999999998888e-02 -5.107687193291852878e+01
-7.199999999999999456e-02 -5.101642667931202624e+01
-7.152000000000000024e-02 -5.105431639446871372e+01
-7.103999999999999204e-02 -5.114327734490416333e+01
-7.055999999999999772e-02 -5.096162019377501906e+01
-7.007999999999998952e-02 -5.078090452517821518e+01
-6.959999999999999520e-02 -5.049261831905567988e+01
-6.911999999999998701e-02 -5.032246790059706143e+01
-6.863999999999999269e-02 -5.029854943761448993e+01
-6.815999999999999837e-02 -5.013591752728262918e+01
-6.767999999999999017e-02 -5.010183170900818084e+01
-6.719999999999999585e-02 -5.013969038739523398e+01
-6.671999999999998765e-02 -4.987290119384164200e+01
-6.623999999999999333e-02 -4.973467581913421043e+01
-6.575999999999999901e-02 -4.976989623437453503e+01
-6.527999999999999081e-02 -4.966150432991803143e+01
-6.479999999999999649e-02 -4.941494905446830188e+01
-6.431999999999998829e-02 -4.932557128322095252e+01
-6.383999999999999397e-02 -4.899761593792810999e+01
-6.335999999999999965e-02 -4.873212138207691879e+01
-6.287999999999999146e-02 -4.867048507703630378e+01
-6.239999999999999714e-02 -4.873595511950104253e+01
-6.191999999999999588e-02 -4.871961923104634451e+01
-6.143999999999999462e-02 -4.846990992951479882e+01
-6.095999999999999336e-02 -4.829180235797640108e+01
-6.047999999999999210e-02 -4.829877750161752914e+01
-5.999999999999999778e-02 -4.831618266355516056e+01
-5.951999999999999652e-02 -4.825386683864121551e+01
-5.903999999999999526e-02 -4.821158215511456291e+01
-5.855999999999999400e-02 -4.788250869835601975e+01
-5.807999999999999274e-02 -4.744356838856988645e+01
-5.759999999999999842e-02 -4.738836812001409271e+01
-5.711999999999999716e-02 -4.716353458902672457e+01
-5.663999999999999591e-02 -4.694129102237621964e+01
-5.615999999999999465e-02 -4.682606957068301057e+01
-5.567999999999999339e-02 -4.662310257344625342e+01
-5.519999999999999213e-02 -4.653638668173829984e+01
-5.471999999999999781e-02 -4.652899641840937761e+01
-5.423999999999999655e-02 -4.623812350684264061e+01
-5.375999999999999529e-02 -4.553687546383247309e+01
-5.327999999999999403e-02 -4.538700133223550637e+01
-5.279999999999999277e-02 -4.531878686452529337e+01
-5.231999999999999845e-02 -4.538436830728922189e+01
-5.183999999999999719e-02 -4.521190576061322020e+01
-5.135999999999999593e-02 -4.501117936990227264e+01
-5.087999999999999468e-02 -4.476565355711544214e+01
-5.039999999999999342e-02 -4.437696402228523596e+01
-4.991999999999999216e-02 -4.408771852036026218e+01
-4.943999999999999784e-02 -4.358607120759329234e+01
-4.895999999999999658e-02 -4.333872970592814511e+01
-4.847999999999999532e-02 -4.321863244690398886e+01
-4.799999999999999406e-02 -4.322204443400601548e+01
-4.751999999999999280e-02 -4.295894868297001068e+01
-4.703999999999999848e-02 -4.263919789307319519e+01
-4.655999999999999722e-02 -4.245804031734024164e+01
-4.607999999999999596e-02 -4.234292353229452743e+01
-4.559999999999999470e-02 -4.219156351946823236e+01
-4.511999999999999345e-02 -4.178701318600263903e+01
-4.463999999999999913e-02 -4.141316835391751283e+01
-4.415999999999999787e-02 -4.092784409721887329e+01
-4.367999999999999661e-02 -4.045832846792698234e+01
-4.319999999999999535e-02 -4.037137102819873746e+01
-4.271999999999999409e-02 -4.029180139413913508e+01
-4.223999999999999977e-02 -3.981086396465986610e+01
-4.175999999999999851e-02 -3.910128625487586618e+01
-4.127999999999999725e-02 -3.881524698821677788e+01
-4.079999999999999599e-02 -3.882778367036800660e+01
-4.031999999999999473e-02 -3.879290305355208091e+01
-3.983999999999999347e-02 -3.875233916200244977e+01
-3.935999999999999915e-02 -3.813612356289454652e+01
-3.887999999999999790e-02 -3.735562626983178092e+01
-3.839999999999999664e-02 -3.699574534203235743e+01
-3.791999999999999538e-02 -3.682641841191460230e+01
-3.743999999999999412e-02 -3.641479406586973511e+01
-3.695999999999999980e-02 -3.606910466574390739e+01
-3.647999999999999854e-02 -3.606456445592882432e+01
-3.599999999999999728e-02 -3.575656996625447448e+01
-3.551999999999999602e-02 -3.503705156346705252e+01
-3.503999999999999476e-02 -3.458130315132662957e+01
-3.455999999999999350e-02 -3.443527505661000987e+01
-3.407999999999999918e-02 -3.415598242251653716e+01
-3.359999999999999792e-02 -3.383197354626392439e+01
-3.311999999999999666e-02 -3.366775883260214641e+01
-3.263999999999999541e-02 -3.357217728081255359e+01
-3.215999999999999415e-02 -3.313235965207246636e+01
-3.167999999999999983e-02 -3.276748193128166520e+01
-3.119999999999999857e-02 -3.246116096860672684e+01
-3.071999999999999731e-02 -3.195584239173901864e+01
-3.023999999999999605e-02 -3.153622995919435112e+01
-2.975999999999999826e-02 -3.118235490395260712e+01
-2.927999999999999700e-02 -3.081622929079519935e+01
-2.879999999999999921e-02 -3.037966937371783871e+01
-2.831999999999999795e-02 -3.007170749848360458e+01
-2.783999999999999669e-02 -2.985600605655480422e+01
-2.735999999999999890e-02 -2.925277197437299392e+01
-2.687999999999999765e-02 -2.839030876544426008e+01
-2.639999999999999639e-02 -2.774830923883648026e+01
-2.591999999999999860e-02 -2.695538905715807587e+01
-2.543999999999999734e-02 -2.634604149637380033e+01
-2.495999999999999608e-02 -2.595547974822399340e+01
-2.447999999999999829e-02 -2.559155200827330034e+01
-2.399999999999999703e-02 -2.496617529573627792e+01
-2.351999999999999924e-02 -2.447324767361627096e+01
-2.303999999999999798e-02 -2.420833215897718560e+01
-2.255999999999999672e-02 -2.378572649562436325e+01
-2.207999999999999893e-02 -2.318072915704611958e+01
-2.159999999999999767e-02 -2.271111914344652405e+01
-2.111999999999999988e-02 -2.189271500112586111e+01
-2.063999999999999863e-02 -2.144102821761320854e+01
-2.015999999999999737e-02 -2.109354480962467804e+01
-1.967999999999999958e-02 -2.068787733893866232e+01
-1.919999999999999832e-02 -2.053234392151799170e+01
-1.871999999999999706e-02 -2.039643889981234892e+01
-1.823999999999999927e-02 -1.990922305749046117e+01
-1.775999999999999801e-02 -1.926107769559861538e+01
-1.727999999999999675e-02 -1.912617832118321459e+01
-1.679999999999999896e-02 -1.909888374847948356e+01
-1.631999999999999770e-02 -1.876562048155576434e+01
-1.583999999999999991e-02 -1.840479111294596137e+01
-1.535999999999999865e-02 -1.806339831614145197e+01
-1.487999999999999913e-02 -1.790486288687773353e+01
-1.439999999999999961e-02 -1.757151793069976975e+01
-1.391999999999999835e-02 -1.708653722992394464e+01
-1.343999999999999882e-02 -1.701836474019921752e+01
-1.295999999999999930e-02 -1.675322024362415618e+01
-1.247999999999999804e-02 -1.622854802855354706e+01
-1.199999999999999852e-02 -1.612288232252229037e+01
-1.151999999999999899e-02 -1.600525712716225257e+01
-1.103999999999999947e-02 -1.569702388479346844e+01
-1.055999999999999994e-02 -1.475404578788277377e+01
-1.007999999999999868e-02 -3.821452222997074433e+00
-9.599999999999999159e-03 4.279803337984238176e+00
-9.119999999999999635e-03 6.884955323939077054e+00
-8.639999999999998376e-03 7.086691071484124471e+00
-8.159999999999998851e-03 7.085970028015235123e+00
-7.679999999999999327e-03 7.256687047378326483e+00
-7.199999999999999803e-03 7.348263138719955734e+00
-6.719999999999999411e-03 7.180782521564114340e+00
-6.239999999999999020e-03 7.219714581459717451e+00
-5.759999999999999495e-03 7.378110476532706130e+00
-5.279999999999999971e-03 7.365764889136993787e+00
-4.799999999999999580e-03 7.386336019926185159e+00
-4.319999999999999188e-03 7.201241173378354787e+00
-3.839999999999999664e-03 7.091990292935000717e+00
-3.359999999999999706e-03 7.079681714123005953e+00
-2.879999999999999748e-03 7.070561901019000395e+00
-2.399999999999999790e-03 7.171090281690086776e+00
-1.919999999999999832e-03 7.105571771994977581e+00
-1.439999999999999874e-03 7.136720942402932089e+00
-9.599999999999999159e-04 7.206056190669595019e+00
-4.799999999999999580e-04 7.081677000736456229e+00
0.000000000000000000e+00 7.034224368890341417e+00
4.799999999999999580e-04 7.268819113487139383e+00
9.599999999999999159e-04 7.637820547771132951e+00
1.439999999999999874e-03 7.268236574014492746e+00
1.919999999999999832e-03 6.900151148584638072e+00
2.399999999999999790e-03 7.122284180313751989e+00
2.879999999999999748e-03 7.301559056593417196e+00
3.359999999999999706e-03 7.462384675993661176e+00
3.839999999999999664e-03 7.215805236935306510e+00
4.319999999999999188e-03 6.896674442532434668e+00
4.799999999999999580e-03 6.946406289978406257e+00
5.279999999999999971e-03 7.074907646535076644e+00
5.759999999999999495e-03 7.055726997248516597e+00
6.239999999999999020e-03 6.944268256278636642e+00
6.719999999999999411e-03 6.990811222701525551e+00
7.199999999999999803e-03 7.108153314375236675e+00
7.679999999999999327e-03 6.908427675072898566e+00
8.159999999999998851e-03 6.938058522772685421e+00
8.639999999999998376e-03 6.992184688052550001e+00
9.119999999999999635e-03 6.639165586747520109e+00
9.599999999999999159e-03 3.958010074173889503e+00
1.007999999999999868e-02 -4.276430537025478706e+00
1.055999999999999994e-02 -1.556976769978858854e+01
1.103999999999999947e-02 -1.681219967341993993e+01
1.151999999999999899e-02 -1.697507498184178587e+01
1.199999999999999852e-02 -1.730432791280435367e+01
1.247999999999999804e-02 -1.790962938046766695e+01
1.295999999999999930e-02 -1.806650635121575021e+01
1.343999999999999882e-02 -1.815674121009875464e+01
1.391999999999999835e-02 -1.811477871992154220e+01
1.439999999999999961e-02 -1.832043953547024628e+01
1.487999999999999913e-02 -1.893773671415288717e+01
1.535999999999999865e-02 -1.920545578403619658e+01
1.583999999999999991e-02 -1.946364353279015091e+01
1.631999999999999770e-02 -1.984394332343529044e+01
1.679999999999999896e-02 -1.996090056481714470e+01
1.727999999999999675e-02 -2.039246838232964620e+01
1.775999999999999801e-02 -2.119244671824512594e+01
1.823999999999999927e-02 -2.161386127554113301e+01
1.871999999999999706e-02 -2.190129653374657437e+01
1.919999999999999832e-02 -2.195865844611791928e+01
1.967999999999999958e-02 -2.220169313019055934e+01
2.015999999999999737e-02 -2.246685415826195609e+01
2.063999999999999863e-02 -2.299717453400860023e+01
2.111999999999999988e-02 -2.378296645136611431e+01
2.159999999999999767e-02 -2.392417431252866677e+01
2.207999999999999893e-02 -2.404435862302891636e+01
2.255999999999999672e-02 -2.457001534051569536e+01
2.303999999999999798e-02 -2.487246598522842334e+01
2.351999999999999924e-02 -2.543908452550549626e+01
2.399999999999999703e-02 -2.590055724543845272e+01
2.447999999999999829e-02 -2.642465708197184426e+01
2.495999999999999608e-02 -2.674458977355852340e+01
2.543999999999999734e-02 -2.724319370931805295e+01
2.591999999999999860e-02 -2.788955640746970488e+01
2.639999999999999639e-02 -2.850325134269411009e+01
2.687999999999999765e-02 -2.890888623524748979e+01
2.735999999999999890e-02 -2.954141782096766278e+01
2.783999999999999669e-02 -3.005739461953778857e+01
2.831999999999999795e-02 -3.047810848328839484e+01
2.879999999999999921e-02 -3.092985992889031621e+01
2.927999999999999700e-02 -3.095205552979980723e+01
2.975999999999999826e-02 -3.131016150918051721e+01
3.023999999999999605e-02 -3.163840267545762686e+01
3.071999999999999731e-02 -3.194978273704084160e+01
3.119999999999999857e-02 -3.220984087831190124e+01
3.167999999999999983e-02 -3.250726637541501418e+01
3.215999999999999415e-02 -3.289206783059589867e+01
3.263999999999999541e-02 -3.292875659411404143e+01
3.311999999999999666e-02 -3.314679529829321325e+01
3.359999999999999792e-02 -3.373473901308536682e+01
3.407999999999999918e-02 -3.402189799244227686e+01
3.455999999999999350e-02 -3.424646948363663768e+01
3.503999999999999476e-02 -3.440597823925632071e+01
3.551999999999999602e-02 -3.470153012726559894e+01
3.599999999999999728e-02 -3.505399089705662874e+01
3.647999999999999854e-02 -3.528720062348972419e+01
3.695999999999999980e-02 -3.574447060082194838e+01
3.743999999999999412e-02 -3.589729373429202752e+01
3.791999999999999538e-02 -3.622420812977613025e+01
3.839999999999999664e-02 -3.671821990959192306e+01
3.887999999999999790e-02 -3.695928790173700662e+01
3.935999999999999915e-02 -3.747686177055900458e+01
3.983999999999999347e-02 -3.775469064897880855e+01
4.031999999999999473e-02 -3.787986848803289064e+01
4.079999999999999599e-02 -3.816134425647872774e+01
4.127999999999999725e-02 -3.860949545038229758e+01
4.175999999999999851e-02 -3.874977787410903574e+01
4.223999999999999977e-02 -3.881382814305855788e+01
4.271999999999999409e-02 -3.920643489432441697e+01
4.319999999999999535e-02 -3.980484867908569413e+01
4.367999999999999661e-02 -4.033015969685850166e+01
4.415999999999999787e-02 -4.041034495162121942e+01
4.463999999999999913e-02 -4.063802477056604090e+01
4.511999999999999345e-02 -4.098555986078368107e+01
4.559999999999999470e-02 -4.160543748355855342e+01
4.607999999999999596e-02 -4.165710803551477426e+01
4.655999999999999722e-02 -4.201471634647716513e+01
4.703999999999999848e-02 -4.245386792176085322e+01
4.751999999999999280e-02 -4.280940968680523895e+01
4.799999999999999406e-02 -4.276605898877748757e+01
4.847999999999999532e-02 -4.294108843419543575e+01
4.895999999999999658e-02 -4.365015497877842421e+01
4.943999999999999784e-02 -4.381109953160376591e+01
4.991999999999999216e-02 -4.410173932174234324e+01
5.039999999999999342e-02 -4.432028594691836787e+01
5.087999999999999468e-02 -4.429019798441660782e+01
5.135999999999999593e-02 -4.440134010998399816e+01
5.183999999999999719e-02 -4.478585968824826580e+01
5.231999999999999845e-02 -4.519965113698220449e+01
5.279999999999999277e-02 -4.523855156027673274e+01
5.327999999999999403e-02 -4.544756398819851029e+01
5.375999999999999529e-02 -4.591057302489896585e+01
5.423999999999999655e-02 -4.621937368122105028e+01
5.471999999999999781e-02 -4.629819938193094941e+01
5.519999999999999213e-02 -4.654246743961132182e+01
5.567999999999999339e-02 -4.695323271523125896e+01
5.615999999999999465e-02 -4.727650643607724845e+01
5.663999999999999591e-02 -4.760952058079805482e+01
5.711999999999999716e-02 -4.802661745173342212e+01
5.759999999999999842e-02 -4.820925924308496491e+01
5.807999999999999274e-02 -4.835624233286992535e+01
5.855999999999999400e-02 -4.856117781425729873e+01
5.903999999999999526e-02 -4.883642585201678088e+01
5.951999999999999652e-02 -4.904070402218149383e+01
5.999999999999999778e-02 -4.918819008450027752e+01
6.047999999999999210e-02 -4.935454029023478029e+01
6.095999999999999336e-02 -4.952693469119424208e+01
6.143999999999999462e-02 -4.978766412700171173e+01
6.191999999999999588e-02 -4.983659958808380708e+01
6.239999999999999714e-02 -4.990454335889847215e+01
6.287999999999999146e-02 -5.021267995711411913e+01
6.335999999999999965e-02 -5.052522470376079866e+01
6.383999999999999397e-02 -5.071245105661340347e+01
6.431999999999998829e-02 -5.066631488738752864e+01
6.479999999999999649e-02 -5.094745406893332529e+01
6.527999999999999081e-02 -5.099656397501568250e+01
6.575999999999999901e-02 -5.120563630449824188e+01
6.623999999999999333e-02 -5.144273982451467475e+01
6.671999999999998765e-02 -5.151079952450348287e+01
6.719999999999999585e-02 -5.166206481838892017e+01
6.767999999999999017e-02 -5.180758391000558305e+01
6.815999999999999837e-02 -5.182011797556332056e+01
6.863999999999999269e-02 -5.199364016446183712e+01
6.911999999999998701e-02 -5.224334515896835995e+01
6.959999999999999520e-02 -5.241267696248058883e+01
7.007999999999998952e-02 -5.245165639036183336e+01
7.055999999999999772e-02 -5.289617769943306058e+01
7.103999999999999204e-02 -5.297084881095167219e+01
7.152000000000000024e-02 -5.289585573597838675e+01
7.199999999999999456e-02 -5.305968331213200173e+01
7.247999999999998888e-02 -5.320097324190464860e+01
7.295999999999999708e-02 -5.347915630440511592e+01
7.343999999999999140e-02 -5.349370826313707994e+01
7.391999999999999960e-02 -5.364491048849731669e+01
7.439999999999999392e-02 -5.412044058949771141e+01
7.487999999999998824e-02 -5.402546035422177084e+01
7.535999999999999643e-02 -5.389736856437715318e+01
7.583999999999999075e-02 -5.389435396532724099e+01
7.631999999999999895e-02 -5.411617533897762655e+01
7.679999999999999327e-02 -5.446316393207003159e+01
7.727999999999998759e-02 -5.465598054387566407e+01
7.775999999999999579e-02 -5.465157515816686384e+01
7.823999999999999011e-02 -5.485349368721114161e+01
7.871999999999999831e-02 -5.477371345237128253e+01
7.919999999999999263e-02 -5.488989474875122454e+01
7.967999999999998695e-02 -5.504868999018292897e+01
8.015999999999999515e-02 -5.526357267967546960e+01
8.063999999999998947e-02 -5.550024658468984029e+01
8.111999999999999766e-02 -5.547733580622984562e+01
8.159999999999999198e-02 -5.537630932563548214e+01
8.207999999999998630e-02 -5.557122454279337376e+01
8.255999999999999450e-02 -5.581861598376434586e+01
8.303999999999998882e-02 -5.611331689311285231e+01
8.351999999999999702e-02 -5.605537254006230796e+01
8.399999999999999134e-02 -5.595018580790285512e+01
8.447999999999999954e-02 -5.622341978513338745e+01
8.495999999999999386e-02 -5.636386186184117264e+01
8.543999999999998818e-02 -5.637539461560241705e+01
8.591999999999999638e-02 -5.641894034010826431e+01
8.639999999999999070e-02 -5.664823520156458869e+01
8.687999999999999889e-02 -5.692960654530017450e+01
8.735999999999999321e-02 -5.684759660464463593e+01
8.783999999999998753e-02 -5.680522362030939121e+01
8.831999999999999573e-02 -5.674125309307798659e+01
8.879999999999999005e-02 -5.681419810633465062e+01
8.927999999999999825e-02 -5.730713933861673581e+01
8.975999999999999257e-02 -5.752716617162956680e+01
9.023999999999998689e-02 -5.725930876201229580e+01
9.071999999999999509e-02 -5.727302323720874710e+01
9.119999999999998941e-02 -5.746178667004699037e+01
9.167999999999999761e-02 -5.756843349230819484e+01
9.215999999999999193e-02 -5.754908184088654366e+01
9.263999999999998625e-02 -5.746358898858679254e+01
9.311999999999999444e-02 -5.769083278165474837e+01
9.359999999999998876e-02 -5.819189298953801881e+01
9.407999999999999696e-02 -5.821442738971739317e+01
9.455999999999999128e-02 -5.801671323098127431e+01
9.503999999999998560e-02 -5.811152583293454654e+01
9.551999999999999380e-02 -5.824622587648987349e+01
9.599999999999998812e-02 -5.827123126761181027e+01
9.647999999999999632e-02 -5.865316509518675048e+01
9.695999999999999064e-02 -5.877284765941536193e+01
9.743999999999998496e-02 -5.885420563994494358e+01
9.791999999999999316e-02 -5.919911597740765785e+01
9.839999999999998748e-02 -5.912940522875906879e+01
9.887999999999999567e-02 -5.908362784442936544e+01
9.935999999999998999e-02 -5.894619806893984304e+01
9.983999999999998431e-02 -5.892986376705805895e+01
1.003199999999999925e-01 -5.907784380619685294e+01
1.007999999999999868e-01 -5.953127610529413971e+01
1.012799999999999950e-01 -5.964719265631033096e+01
1.017599999999999894e-01 -5.977813627332202628e+01
1.022399999999999975e-01 -6.013991389317613567e+01
1.027199999999999919e-01 -6.051625144541917223e+01
1.031999999999999862e-01 -6.080592859099546388e+01
1.036799999999999944e-01 -6.122477665972184724e+01
1.041599999999999887e-01 -6.188467188891105764e+01
1.046399999999999969e-01 -6.234197044584161063e+01
1.051199999999999912e-01 -6.271702939314759817e+01
1.055999999999999855e-01 -6.327101414516448585e+01
1.060799999999999937e-01 -6.400259805990816631e+01
1.065599999999999881e-01 -6.504488151462572887e+01
1.070399999999999963e-01 -6.600996874513559476e+01
1.075199999999999906e-01 -6.698025287937909411e+01
1.079999999999999849e-01 -6.821114295527719662e+01
1.084799999999999931e-01 -6.952212668325555001e+01
1.089599999999999874e-01 -7.050480555910047542e+01
1.094399999999999956e-01 -7.149470445430212351e+01
1.099199999999999899e-01 -7.252343665044041643e+01
1.103999999999999843e-01 -7.384720231480660857e+01
1.108799999999999925e-01 -7.554073981139021043e+01
1.113599999999999868e-01 -7.665931883342780395e+01
1.118399999999999950e-01 -7.767725339155221320e+01
1.123199999999999893e-01 -7.890966911758587798e+01
1.127999999999999836e-01 -7.931737696670364812e+01
1.132799999999999918e-01 -7.940923886266230625e+01
1.137599999999999861e-01 -7.966096268343582665e+01
1.142399999999999943e-01 -7.974608764323990329e+01
1.147199999999999886e-01 -8.001911560257860856e+01
1.151999999999999968e-01 -8.030980540465314732e+01
1.156799999999999912e-01 -8.042647456294281483e+01
1.161599999999999855e-01 -8.064148255161103407e+01
1.166399999999999937e-01 -8.045985391247074858e+01
1.171199999999999880e-01 -8.024065952761011999e+01
1.175999999999999962e-01 -8.015268940834495481e+01
1.180799999999999905e-01 -8.038049012948597749e+01
1.185599999999999848e-01 -8.041536647877023825e+01
1.190399999999999930e-01 -7.999748898450332035e+01
1.195199999999999874e-01 -8.027213768281336570e+01
1.199999999999999956e-01 -8.029720792578373789e+01
1.204799999999999899e-01 -8.009308184141367803e+01
1.209599999999999842e-01 -8.029431515892147786e+01
1.214399999999999924e-01 -8.028029825128669472e+01
1.219199999999999867e-01 -8.046776207725606866e+01
1.223999999999999949e-01 -7.992619836298489133e+01
