-1.228799999999999892e-01 -8.034215344544537629e+01
-1.223999999999999949e-01 -8.035104255678000129e+01
-1.219199999999999867e-01 -8.050328462258872264e+01
-1.214399999999999924e-01 -8.069590112236571144e+01
-1.209599999999999842e-01 -8.078386152172299717e+01
-1.204799999999999899e-01 -8.086229790658192940e+01
-1.199999999999999956e-01 -8.077380469374429595e+01
-1.195199999999999874e-01 -8.047295424547638731e+01
-1.190399999999999930e-01 -8.049171623252797758e+01
-1.185599999999999848e-01 -8.072500277910334887e+01
-1.180799999999999905e-01 -8.078195609191504900e+01
-1.175999999999999962e-01 -8.076097833727513375e+01
-1.171199999999999880e-01 -8.100944103862357792e+01
-1.166399999999999937e-01 -8.088604305439028508e+01
-1.161599999999999855e-01 -8.063895053979182137e+01
-1.156799999999999912e-01 -8.048828840936977258e+01
-1.151999999999999968e-01 -8.054081153216057487e+01
-1.147199999999999886e-01 -8.077593561546414946e+01
-1.142399999999999943e-01 -8.038736220948875655e+01
-1.137599999999999861e-01 -8.049005142427182591e+01
-1.132799999999999918e-01 -8.012074992580966182e+01
-1.127999999999999836e-01 -7.942719937826718990e+01
-1.123199999999999893e-01 -7.864809719147476130e+01
-1.118399999999999950e-01 -7.771698102625818194e+01
-1.113599999999999868e-01 -7.639199932177052688e+01
-1.108799999999999925e-01 -7.488059009562506674e+01
-1.103999999999999843e-01 -7.367922545329874140e+01
-1.099199999999999899e-01 -7.213021257935997710e+01
-1.094399999999999956e-01 -7.074985859875033611e+01
-1.089599999999999874e-01 -6.966549854089272742e+01
-1.084799999999999931e-01 -6.859543918069738311e+01
-1.079999999999999849e-01 -6.711204581902492805e+01
-1.075199999999999906e-01 -6.600753369595997810e+01
-1.070399999999999963e-01 -6.511696589369839216e+01
-1.065599999999999881e-01 -6.429049865038949463e+01
-1.060799999999999937e-01 -6.369365157429310642e+01
-1.055999999999999855e-01 -6.274675889759711822e+01
-1.051199999999999912e-01 -6.194813372167558185e+01
-1.046399999999999969e-01 -6.133733535074591714e+01
-1.041599999999999887e-01 -6.094059331313835770e+01
-1.036799999999999944e-01 -6.044287372696349081e+01
-1.031999999999999862e-01 -5.968334485005348711e+01
-1.027199999999999919e-01 -5.917877411263298626e+01
-1.022399999999999975e-01 -5.881452513896984868e+01
-1.017599999999999894e-01 -5.882962498919980021e+01
-1.012799999999999950e-01 -5.869554654841173402e+01
-1.007999999999999868e-01 -5.852504110865939424e+01
-1.003199999999999925e-01 -5.831028874816287555e+01
-9.983999999999998431e-02 -5.807555476001670058e+01
-9.935999999999998999e-02 -5.810501908091651302e+01
-9.887999999999999567e-02 -5.798625458728721327e+01
-9.839999999999998748e-02 -5.771954096764438447e+01
-9.791999999999999316e-02 -5.766408723273435299e+01
-9.743999999999998496e-02 -5.741396316326061822e+01
-9.695999999999999064e-02 -5.738677076553806700e+01
-9.647999999999999632e-02 -5.723033631924279518e+01
-9.599999999999998812e-02 -5.719884019926396235e+01
-9.551999999999999380e-02 -5.700614481111490051e+01
-9.503999999999998560e-02 -5.683605741088571506e+01
-9.455999999999999128e-02 -5.689226483032448556e+01
-9.407999999999999696e-02 -5.678548004524963488e+01
-9.359999999999998876e-02 -5.637987908628693390e+01
-9.311999999999999444e-02 -5.614824027645625648e+01
-9.263999999999998625e-02 -5.609414364511351181e+01
-9.215999999999999193e-02 -5.591834604533454467e+01
-9.167999999999999761e-02 -5.569446020413111142e+01
-9.119999999999998941e-02 -5.529950439320430178e+01
-9.071999999999999509e-02 -5.517586032886379144e+01
-9.023999999999998689e-02 -5.517973299515379892e+01
-8.975999999999999257e-02 -5.521763768796948568e+01
-8.927999999999999825e-02 -5.540389924211555694e+01
-8.879999999999999005e-02 -5.534828616185698280e+01
-8.831999999999999573e-02 -5.487550140744838245e+01
-8.783999999999998753e-02 -5.446762644473611914e+01
-8.735999999999999321e-02 -5.443016279944927049e+01
-8.687999999999999889e-02 -5.443058562161651537e+01
-8.639999999999999070e-02 -5.413748523603907614e+01
-8.591999999999999638e-02 -5.404257650441465444e+01
-8.543999999999998818e-02 -5.393875664203952169e+01
-8.495999999999999386e-02 -5.379592174881167921e+01
-8.447999999999999954e-02 -5.355504808147385631e+01
-8.399999999999999134e-02 -5.346348933241002754e+01
-8.351999999999999702e-02 -5.346109047728204899e+01
-8.303999999999998882e-02 -5.327835057447891387e+01
-8.255999999999999450e-02 -5.283802515107723963e+01
-8.207999999999998630e-02 -5.290182651527801028e+01
-8.159999999999999198e-02 -5.296001176336341132e+01
-8.111999999999999766e-02 -5.299861743135238612e+01
-8.063999999999998947e-02 -5.271551475776983864e+01
-8.015999999999999515e-02 -5.290304608588919422e+01
-7.967999999999998695e-02 -5.254342115087364107e+01
-7.919999999999999263e-02 -5.215980163004886094e+01
-7.871999999999999831e-02 -5.223049895898400052e+01
-7.823999999999999011e-02 -5.215362000762450378e+01
-7.775999999999999579e-02 -5.232580912241242999e+01
-7.727999999999998759e-02 -5.241143910665684302e+01
-7.679999999999999327e-02 -5.190706412422565563e+01
-7.631999999999999895e-02 -5.173156747308294001e+01
-7.583999999999999075e-02 -5.175606158846329663e+01
-7.535999999999999643e-02 -5.182153977957335655e+01
-7.487999999999998824e-02 -5.181870857915802731e+01
-7.439999999999999392e-02 -5.156734339417869961e+01
-7.391999999999999960e-02 -5.157643125740022327e+01
-7.343999999999999140e-02 -5.177836862452024747e+01
-7.295999999999999708e-02 -5.146286453296145424e+01
-7.247999999999998888e-02 -5.123706154865622153e+01
-7.199999999999999456e-02 -5.111247014322741222e+01
-7.152000000000000024e-02 -5.113173603209553875e+01
-7.103999999999999204e-02 -5.112943320422000681e+01
-7.055999999999999772e-02 -5.101113721899942988e+01
-7.007999999999998952e-02 -5.090068168258872561e+01
-6.959999999999999520e-02 -5.063187314650100035e+01
-6.911999999999998701e-02 -5.043687883391871907e+01
-6.863999999999999269e-02 -5.040379241097025442e+01
-6.815999999999999837e-02 -5.026123203227108860e+01
-6.767999999999999017e-02 -5.035648497704336535e+01
-6.719999999999999585e-02 -5.026327859655559394e+01
-6.671999999999998765e-02 -4.996360972471411799e+01
-6.623999999999999333e-02 -4.992245573062623976e+01
-6.575999999999999901e-02 -4.986276276796565554e+01
-6.527999999999999081e-02 -4.968791187034237566e+01
-6.479999999999999649e-02 -4.956967566655558244e+01
-6.431999999999998829e-02 -4.948062765830583487e+01
-6.383999999999999397e-02 -4.915333519023266717e+01
-6.335999999999999965e-02 -4.892612335286852243e+01
-6.287999999999999146e-02 -4.871336358574814085e+01
-6.239999999999999714e-02 -4.867560125758853928e+01
-6.191999999999999588e-02 -4.871845423887928916e+01
-6.143999999999999462e-02 -4.843878276380911529e+01
-6.095999999999999336e-02 -4.825580388163415080e+01
-6.047999999999999210e-02 -4.831617616814718019e+01
-5.999999999999999778e-02 -4.833394440222783572e+01
-5.951999999999999652e-02 -4.818230374913375869e+01
-5.903999999999999526e-02 -4.802764422786894016e+01
-5.855999999999999400e-02 -4.763486491125219402e+01
-5.807999999999999274e-02 -4.711836096977438615e+01
-5.759999999999999842e-02 -4.724464566162943413e+01
-5.711999999999999716e-02 -4.704885348423551505e+01
-5.663999999999999591e-02 -4.676147904658130727e+01
-5.615999999999999465e-02 -4.675618177613331738e+01
-5.567999999999999339e-02 -4.651505162629150902e+01
-5.519999999999999213e-02 -4.636331970741569108e+01
-5.471999999999999781e-02 -4.637543480638707649e+01
-5.423999999999999655e-02 -4.607429466569200827e+01
-5.375999999999999529e-02 -4.542778950496920487e+01
-5.327999999999999403e-02 -4.527125330884853582e+01
-5.279999999999999277e-02 -4.510575868943686828e+01
-5.231999999999999845e-02 -4.507020122875814394e+01
-5.183999999999999719e-02 -4.494438401764025315e+01
-5.135999999999999593e-02 -4.474750641526461692e+01
-5.087999999999999468e-02 -4.446375601040524828e+01
-5.039999999999999342e-02 -4.406547956127276677e+01
-4.991999999999999216e-02 -4.379896128788879395e+01
-4.943999999999999784e-02 -4.324813873991145385e+01
-4.895999999999999658e-02 -4.289958094205437789e+01
-4.847999999999999532e-02 -4.284347953240725815e+01
-4.799999999999999406e-02 -4.286798898341969277e+01
-4.751999999999999280e-02 -4.259512651786869952e+01
-4.703999999999999848e-02 -4.227657128819292609e+01
-4.655999999999999722e-02 -4.208847048619684017e+01
-4.607999999999999596e-02 -4.191939391988677244e+01
-4.559999999999999470e-02 -4.179221868695453423e+01
-4.511999999999999345e-02 -4.138875880637829852e+01
-4.463999999999999913e-02 -4.095761819379547575e+01
-4.415999999999999787e-02 -4.059337297172792347e+01
-4.367999999999999661e-02 -4.013190037395024490e+01
-4.319999999999999535e-02 -3.995567748816610987e+01
-4.271999999999999409e-02 -3.982601271633902229e+01
-4.223999999999999977e-02 -3.938956640925655250e+01
-4.175999999999999851e-02 -3.874223428608683406e+01
-4.127999999999999725e-02 -3.840093203757166407e+01
-4.079999999999999599e-02 -3.841975985392654991e+01
-4.031999999999999473e-02 -3.837784546645324468e+01
-3.983999999999999347e-02 -3.830971590420958250e+01
-3.935999999999999915e-02 -3.772100254221174254e+01
-3.887999999999999790e-02 -3.701987676222246648e+01
-3.839999999999999664e-02 -3.668490621990499534e+01
-3.791999999999999538e-02 -3.647903566619541493e+01
-3.743999999999999412e-02 -3.597738500685878904e+01
-3.695999999999999980e-02 -3.559733498988673261e+01
-3.647999999999999854e-02 -3.561017792448583918e+01
-3.599999999999999728e-02 -3.530493803037697376e+01
-3.551999999999999602e-02 -3.459265789700718585e+01
-3.503999999999999476e-02 -3.417777955506630150e+01
-3.455999999999999350e-02 -3.407477237538274295e+01
-3.407999999999999918e-02 -3.380588490801190460e+01
-3.359999999999999792e-02 -3.345603493422695607e+01
-3.311999999999999666e-02 -3.327435145348412249e+01
-3.263999999999999541e-02 -3.318650007877450037e+01
-3.215999999999999415e-02 -3.273430423695350555e+01
-3.167999999999999983e-02 -3.236411463294863466e+01
-3.119999999999999857e-02 -3.211178370978262109e+01
-3.071999999999999731e-02 -3.163897904696384700e+01
-3.023999999999999605e-02 -3.121117563102218639e+01
-2.975999999999999826e-02 -3.085689765448830357e+01
-2.927999999999999700e-02 -3.044935704576942825e+01
-2.879999999999999921e-02 -3.003001420639525065e+01
-2.831999999999999795e-02 -2.973837831916677032e+01
-2.783999999999999669e-02 -2.949473901262111752e+01
-2.735999999999999890e-02 -2.890440149591885088e+01
-2.687999999999999765e-02 -2.807734504692723476e+01
-2.639999999999999639e-02 -2.747720589850544215e+01
-2.591999999999999860e-02 -2.668081799668571108e+01
-2.543999999999999734e-02 -2.605275577193884473e+01
-2.495999999999999608e-02 -2.565332873223029253e+01
-2.447999999999999829e-02 -2.529658363237116347e+01
-2.399999999999999703e-02 -2.466119667713265073e+01
-2.351999999999999924e-02 -2.415338791411988595e+01
-2.303999999999999798e-02 -2.389714389720931109e+01
-2.255999999999999672e-02 -2.351154440874408635e+01
-2.207999999999999893e-02 -2.291805669047806049e+01
-2.159999999999999767e-02 -2.245410176869405205e+01
-2.111999999999999988e-02 -2.161541158753123781e+01
-2.063999999999999863e-02 -2.115090191567513855e+01
-2.015999999999999737e-02 -2.079762815833720779e+01
-1.967999999999999958e-02 -2.037508156782889657e+01
-1.919999999999999832e-02 -2.023233975608108182e+01
-1.871999999999999706e-02 -2.010267476080910498e+01
-1.823999999999999927e-02 -1.962463735011414201e+01
-1.775999999999999801e-02 -1.897135912387754431e+01
-1.727999999999999675e-02 -1.882856451413759657e+01
-1.679999999999999896e-02 -1.879902098754237016e+01
-1.631999999999999770e-02 -1.846664466922456072e+01
-1.583999999999999991e-02 -1.810936294204454811e+01
-1.535999999999999865e-02 -1.777663933423563947e+01
-1.487999999999999913e-02 -1.762471299300719707e+01
-1.439999999999999961e-02 -1.728923876162045659e+01
-1.391999999999999835e-02 -1.680557778567179383e+01
-1.343999999999999882e-02 -1.673767220082052276e+01
-1.295999999999999930e-02 -1.646954868066589839e+01
-1.247999999999999804e-02 -1.594310471239912097e+01
-1.199999999999999852e-02 -1.584068463701768970e+01
-1.151999999999999899e-02 -1.571757324643237297e+01
-1.103999999999999947e-02 -1.541831778150038090e+01
-1.055999999999999994e-02 -1.452676046889407147e+01
-1.007999999999999868e-02 -3.818330662087088712e+00
-9.599999999999999159e-03 4.265061939660582446e+00
-9.119999999999999635e-03 6.869676636775663425e+00
-8.639999999999998376e-03 7.071335298417689152e+00
-8.159999999999998851e-03 7.070619047603417862e+00
-7.679999999999999327e-03 7.241663118701938906e+00
-7.199999999999999803e-03 7.333728618164653490e+00
-6.719999999999999411e-03 7.164743189092891207e+00
-6.239999999999999020e-03 7.203435368082967472e+00
-5.759999999999999495e-03 7.363419966699590091e+00
-5.279999999999999971e-03 7.352304708426359525e+00
-4.799999999999999580e-03 7.373609141152885016e+00
-4.319999999999999188e-03 7.190701972709149459e+00
-3.839999999999999664e-03 7.081211332817272996e+00
-3.359999999999999706e-03 7.067401919858441239e+00
-2.879999999999999748e-03 7.058623856318483547e+00
-2.399999999999999790e-03 7.159093916311578099e+00
-1.919999999999999832e-03 7.091851235549361476e+00
-1.439999999999999874e-03 7.123594897209746257e+00
-9.599999999999999159e-04 7.193548406745849277e+00
-4.799999999999999580e-04 7.069991697365455963e+00
0.000000000000000000e+00 7.023369347218688219e+00
4.799999999999999580e-04 7.259101167072355310e+00
9.599999999999999159e-04 7.629939077102685374e+00
1.439999999999999874e-03 7.260319245202148331e+00
1.919999999999999832e-03 6.890051711453402561e+00
2.399999999999999790e-03 7.112829508748580665e+00
2.879999999999999748e-03 7.295534303882820204e+00
3.359999999999999706e-03 7.458139921263432726e+00
3.839999999999999664e-03 7.211774442600669133e+00
4.319999999999999188e-03 6.890801801711204710e+00
4.799999999999999580e-03 6.939683437594352355e+00
5.279999999999999971e-03 7.069342635548256482e+00
5.759999999999999495e-03 7.049705531856852225e+00
6.239999999999999020e-03 6.939268954582498594e+00
6.719999999999999411e-03 6.986401677076745642e+00
7.199999999999999803e-03 7.104396775900623240e+00
7.679999999999999327e-03 6.906240948252230893e+00
8.159999999999998851e-03 6.936209876027152887e+00
8.639999999999998376e-03 6.990561909288446785e+00
9.119999999999999635e-03 6.637894627531480296e+00
9.599999999999999159e-03 3.959010150928355287e+00
1.007999999999999868e-02 -4.259286588528241602e+00
1.055999999999999994e-02 -1.537295871364045041e+01
1.103999999999999947e-02 -1.657029770778690647e+01
1.151999999999999899e-02 -1.673361576772587256e+01
1.199999999999999852e-02 -1.705705228344648816e+01
1.247999999999999804e-02 -1.766768911843880119e+01
1.295999999999999930e-02 -1.782173214913646575e+01
1.343999999999999882e-02 -1.791038369216236958e+01
1.391999999999999835e-02 -1.788059265804455578e+01
1.439999999999999961e-02 -1.810008818360262950e+01
1.487999999999999913e-02 -1.871133825979164911e+01
1.535999999999999865e-02 -1.897176515458092183e+01
1.583999999999999991e-02 -1.924908396551083456e+01
1.631999999999999770e-02 -1.963699415503714718e+01
1.679999999999999896e-02 -1.974513250849482660e+01
1.727999999999999675e-02 -2.017410723351127189e+01
1.775999999999999801e-02 -2.096992542226278289e+01
1.823999999999999927e-02 -2.138892529954752675e+01
1.871999999999999706e-02 -2.167543198967818796e+01
1.919999999999999832e-02 -2.175374996106126702e+01
1.967999999999999958e-02 -2.201903535862308914e+01
2.015999999999999737e-02 -2.228941546456567835e+01
2.063999999999999863e-02 -2.279714850043806251e+01
2.111999999999999988e-02 -2.358152405061023060e+01
2.159999999999999767e-02 -2.372813417651802226e+01
2.207999999999999893e-02 -2.383520616917295243e+01
2.255999999999999672e-02 -2.435397340317699744e+01
2.303999999999999798e-02 -2.466574591713663978e+01
2.351999999999999924e-02 -2.524590561675283951e+01
2.399999999999999703e-02 -2.571763069348242681e+01
2.447999999999999829e-02 -2.624725412045834361e+01
2.495999999999999608e-02 -2.657135997354499324e+01
2.543999999999999734e-02 -2.704560191359922072e+01
2.591999999999999860e-02 -2.768948146516066444e+01
2.639999999999999639e-02 -2.832378433004269169e+01
2.687999999999999765e-02 -2.872003969199672824e+01
2.735999999999999890e-02 -2.936574286780781762e+01
2.783999999999999669e-02 -2.986655390927562337e+01
2.831999999999999795e-02 -3.026283590282749714e+01
2.879999999999999921e-02 -3.071665039391529461e+01
2.927999999999999700e-02 -3.075127215183171359e+01
2.975999999999999826e-02 -3.111657352015135558e+01
3.023999999999999605e-02 -3.139826120776791996e+01
3.071999999999999731e-02 -3.165266442318643669e+01
3.119999999999999857e-02 -3.190684747608310445e+01
3.167999999999999983e-02 -3.218552750250020011e+01
3.215999999999999415e-02 -3.254716211047971797e+01
3.263999999999999541e-02 -3.257385546533433995e+01
3.311999999999999666e-02 -3.281863177266681220e+01
3.359999999999999792e-02 -3.341739593538383701e+01
3.407999999999999918e-02 -3.364804932230379109e+01
3.455999999999999350e-02 -3.388533796964617295e+01
3.503999999999999476e-02 -3.403053438274321252e+01
3.551999999999999602e-02 -3.428350956007379580e+01
3.599999999999999728e-02 -3.462747240750130118e+01
3.647999999999999854e-02 -3.481470724555890683e+01
3.695999999999999980e-02 -3.529624840364351002e+01
3.743999999999999412e-02 -3.547613105818366819e+01
3.791999999999999538e-02 -3.577385087962804988e+01
3.839999999999999664e-02 -3.627771014867904142e+01
3.887999999999999790e-02 -3.652764891509770706e+01
3.935999999999999915e-02 -3.697756562876065090e+01
3.983999999999999347e-02 -3.729494835685117238e+01
4.031999999999999473e-02 -3.739862838959996338e+01
4.079999999999999599e-02 -3.765675530898020185e+01
4.127999999999999725e-02 -3.807436265020296418e+01
4.175999999999999851e-02 -3.813995861794474251e+01
4.223999999999999977e-02 -3.818275972461928802e+01
4.271999999999999409e-02 -3.856964385460086220e+01
4.319999999999999535e-02 -3.911643305727151443e+01
4.367999999999999661e-02 -3.963763776608057299e+01
4.415999999999999787e-02 -3.974588150791778673e+01
4.463999999999999913e-02 -3.994800121233437551e+01
4.511999999999999345e-02 -4.031238612572578006e+01
4.559999999999999470e-02 -4.096269234900730538e+01
4.607999999999999596e-02 -4.097500976513174464e+01
4.655999999999999722e-02 -4.118138345297670355e+01
4.703999999999999848e-02 -4.163809483067553430e+01
4.751999999999999280e-02 -4.208193242424059832e+01
4.799999999999999406e-02 -4.201606849239507113e+01
4.847999999999999532e-02 -4.217588010720678682e+01
4.895999999999999658e-02 -4.282979546902471668e+01
4.943999999999999784e-02 -4.307350135144922376e+01
4.991999999999999216e-02 -4.336666949851491637e+01
5.039999999999999342e-02 -4.359518836165688072e+01
5.087999999999999468e-02 -4.356229620764413824e+01
5.135999999999999593e-02 -4.370833888820807545e+01
5.183999999999999719e-02 -4.415025612043686465e+01
5.231999999999999845e-02 -4.456433732227165478e+01
5.279999999999999277e-02 -4.450641268899683212e+01
5.327999999999999403e-02 -4.464774173732818952e+01
5.375999999999999529e-02 -4.508732650420380139e+01
5.423999999999999655e-02 -4.540753869052841907e+01
5.471999999999999781e-02 -4.561442332282821610e+01
5.519999999999999213e-02 -4.592953081522751546e+01
5.567999999999999339e-02 -4.634471852391733648e+01
5.615999999999999465e-02 -4.665933019526625003e+01
5.663999999999999591e-02 -4.686504875397951508e+01
5.711999999999999716e-02 -4.723572495440411245e+01
5.759999999999999842e-02 -4.753495956817774015e+01
5.807999999999999274e-02 -4.770121891909476375e+01
5.855999999999999400e-02 -4.791562888578587831e+01
5.903999999999999526e-02 -4.821559031091507563e+01
5.951999999999999652e-02 -4.836966402361057504e+01
5.999999999999999778e-02 -4.850256652114943279e+01
6.047999999999999210e-02 -4.871238013547066714e+01
6.095999999999999336e-02 -4.896841481340231894e+01
6.143999999999999462e-02 -4.936306942011830756e+01
6.191999999999999588e-02 -4.933761073364074434e+01
6.239999999999999714e-02 -4.940356477910189170e+01
6.287999999999999146e-02 -4.986578632482010676e+01
6.335999999999999965e-02 -5.009525110266636005e+01
6.383999999999999397e-02 -5.030237297981572908e+01
6.431999999999998829e-02 -5.039035956360350355e+01
6.479999999999999649e-02 -5.055248351939378892e+01
6.527999999999999081e-02 -5.053907948657889904e+01
6.575999999999999901e-02 -5.093079910903486507e+01
6.623999999999999333e-02 -5.131641871102842600e+01
6.671999999999998765e-02 -5.125422908062306249e+01
6.719999999999999585e-02 -5.133167395617599027e+01
6.767999999999999017e-02 -5.166954941097978349e+01
6.815999999999999837e-02 -5.174423646119737441e+01
6.863999999999999269e-02 -5.188129088261952404e+01
6.911999999999998701e-02 -5.210718214044081975e+01
6.959999999999999520e-02 -5.221218594602618879e+01
7.007999999999998952e-02 -5.233121745654785428e+01
7.055999999999999772e-02 -5.283211244960496344e+01
7.103999999999999204e-02 -5.275574160039101912e+01
7.152000000000000024e-02 -5.276865431574655219e+01
7.199999999999999456e-02 -5.303804465243259614e+01
7.247999999999998888e-02 -5.305518323364861999e+01
7.295999999999999708e-02 -5.344648707701683321e+01
7.343999999999999140e-02 -5.352599202500699960e+01
7.391999999999999960e-02 -5.359842665656650240e+01
7.439999999999999392e-02 -5.380101863106386162e+01
7.487999999999998824e-02 -5.371943979727145546e+01
7.535999999999999643e-02 -5.377802400422588391e+01
7.583999999999999075e-02 -5.389435282873745336e+01
7.631999999999999895e-02 -5.426625149429075634e+01
7.679999999999999327e-02 -5.456696206087336520e+01
7.727999999999998759e-02 -5.454901846860785497e+01
7.775999999999999579e-02 -5.463223513652815200e+01
7.823999999999999011e-02 -5.496886862742783819e+01
7.871999999999999831e-02 -5.481954702265579726e+01
7.919999999999999263e-02 -5.474985180748701907e+01
7.967999999999998695e-02 -5.478896882954110481e+01
8.015999999999999515e-02 -5.491907845108137565e+01
8.063999999999998947e-02 -5.509446557890786522e+01
8.111999999999999766e-02 -5.545390030518917257e+01
8.159999999999999198e-02 -5.560523107607018289e+01
8.207999999999998630e-02 -5.558235136677030397e+01
8.255999999999999450e-02 -5.562735413412561769e+01
8.303999999999998882e-02 -5.591193612821154346e+01
8.351999999999999702e-02 -5.586257573838148005e+01
8.399999999999999134e-02 -5.597685806685529286e+01
8.447999999999999954e-02 -5.619901412689343090e+01
8.495999999999999386e-02 -5.624017789220032171e+01
8.543999999999998818e-02 -5.641526790088729371e+01
8.591999999999999638e-02 -5.641002103437584481e+01
8.639999999999999070e-02 -5.652902539680307825e+01
8.687999999999999889e-02 -5.665737547215465497e+01
8.735999999999999321e-02 -5.669978356816894660e+01
8.783999999999998753e-02 -5.672806515470895050e+01
8.831999999999999573e-02 -5.659516908762851983e+01
8.879999999999999005e-02 -5.674204231438891100e+01
8.927999999999999825e-02 -5.708825159751626188e+01
8.975999999999999257e-02 -5.727063655789856966e+01
9.023999999999998689e-02 -5.723066611198424880e+01
9.071999999999999509e-02 -5.739061572436877157e+01
9.119999999999998941e-02 -5.764142289941504060e+01
9.167999999999999761e-02 -5.761593610020283052e+01
9.215999999999999193e-02 -5.763258628257509031e+01
9.263999999999998625e-02 -5.775327708413942673e+01
9.311999999999999444e-02 -5.792001783032682738e+01
9.359999999999998876e-02 -5.818972598454776346e+01
9.407999999999999696e-02 -5.820519979685388989e+01
9.455999999999999128e-02 -5.795710638316580798e+01
9.503999999999998560e-02 -5.802261263631231003e+01
9.551999999999999380e-02 -5.815874849985554107e+01
9.599999999999998812e-02 -5.826621740235518132e+01
9.647999999999999632e-02 -5.842806835344721605e+01
9.695999999999999064e-02 -5.865915388804410213e+01
9.743999999999998496e-02 -5.883288723201688697e+01
9.791999999999999316e-02 -5.904135719348046507e+01
9.839999999999998748e-02 -5.875079978326661490e+01
9.887999999999999567e-02 -5.867907436747756833e+01
9.935999999999998999e-02 -5.887251980397482498e+01
9.983999999999998431e-02 -5.893237811414309846e+01
1.003199999999999925e-01 -5.894578647143198680e+01
1.007999999999999868e-01 -5.928629019839689818e+01
1.012799999999999950e-01 -5.944423060464465891e+01
1.017599999999999894e-01 -5.962091914581912278e+01
1.022399999999999975e-01 -6.003353730137450839e+01
1.027199999999999919e-01 -6.022213126413362971e+01
1.031999999999999862e-01 -6.045100166539243958e+01
1.036799999999999944e-01 -6.095785564441509052e+01
1.041599999999999887e-01 -6.168216002879371729e+01
1.046399999999999969e-01 -6.223337857827595343e+01
1.051199999999999912e-01 -6.281283607587158713e+01
1.055999999999999855e-01 -6.325374088177974841e+01
1.060799999999999937e-01 -6.386591045491501006e+01
1.065599999999999881e-01 -6.489036561265888281e+01
1.070399999999999963e-01 -6.589923764365634895e+01
1.075199999999999906e-01 -6.680935656427433855e+01
1.079999999999999849e-01 -6.792446243450211796e+01
1.084799999999999931e-01 -6.917650588644247023e+01
1.089599999999999874e-01 -7.033234623089350634e+01
1.094399999999999956e-01 -7.122070367373031274e+01
1.099199999999999899e-01 -7.226418855920942974e+01
1.103999999999999843e-01 -7.357583129921637521e+01
1.108799999999999925e-01 -7.506860077846485524e+01
1.113599999999999868e-01 -7.653105872648539787e+01
1.118399999999999950e-01 -7.783098281349862191e+01
1.123199999999999893e-01 -7.869248596583717870e+01
1.127999999999999836e-01 -7.926313859184460853e+01
1.132799999999999918e-01 -7.993013889081422008e+01
1.137599999999999861e-01 -8.033271401546569734e+01
1.142399999999999943e-01 -8.047989856708412049e+01
1.147199999999999886e-01 -8.031705282116008959e+01
1.151999999999999968e-01 -8.019114953726028716e+01
1.156799999999999912e-01 -8.031370865576337792e+01
1.161599999999999855e-01 -8.020949848424973538e+01
1.166399999999999937e-01 -8.035011198898590123e+01
1.171199999999999880e-01 -8.072100892172110775e+01
1.175999999999999962e-01 -8.093812912498810874e+01
1.180799999999999905e-01 -8.086156527619991152e+01
1.185599999999999848e-01 -8.061008802545453023e+01
1.190399999999999930e-01 -8.053855956443980801e+01
1.195199999999999874e-01 -8.058726289652666708e+01
1.199999999999999956e-01 -8.074431073354500654e+01
1.204799999999999899e-01 -8.046984566569422270e+01
1.209599999999999842e-01 -8.047595757539181704e+01
1.214399999999999924e-01 -8.073969455511718252e+01
1.219199999999999867e-01 -8.064310098380732938e+01
1.223999999999999949e-01 -8.054386833231141907e+01
