-1.228799999999999955e+02 -1.048254870959668352e+02
-1.223999999999999915e+02 -1.048343682373644015e+02
-1.219200000000000017e+02 -1.049866310483158998e+02
-1.214399999999999977e+02 -1.051792315211162645e+02
-1.209599999999999937e+02 -1.052672136713789257e+02
-1.204799999999999898e+02 -1.053456284901910749e+02
-1.200000000000000000e+02 -1.052571260419397277e+02
-1.195199999999999960e+02 -1.049563200312648661e+02
-1.190399999999999920e+02 -1.049750083545735180e+02
-1.185600000000000023e+02 -1.052084066251966021e+02
-1.180799999999999983e+02 -1.052652408450572352e+02
-1.175999999999999943e+02 -1.052443318278079545e+02
-1.171199999999999903e+02 -1.054927877840814858e+02
-1.166400000000000006e+02 -1.053693723509013296e+02
-1.161599999999999966e+02 -1.051222680579073057e+02
-1.156799999999999926e+02 -1.049716773471029114e+02
-1.151999999999999886e+02 -1.050240981038955965e+02
-1.147199999999999989e+02 -1.052592895867671245e+02
-1.142399999999999949e+02 -1.048706890378635279e+02
-1.137599999999999909e+02 -1.049734432801859612e+02
-1.132800000000000011e+02 -1.046040058324707189e+02
-1.127999999999999972e+02 -1.039105623167475443e+02
-1.123199999999999932e+02 -1.031314996442836360e+02
-1.118399999999999892e+02 -1.022002572113171937e+02
-1.113599999999999994e+02 -1.008753247503634611e+02
-1.108799999999999955e+02 -9.936394143848021088e+01
-1.103999999999999915e+02 -9.816257397414902641e+01
-1.099200000000000017e+02 -9.661354499930155271e+01
-1.094399999999999977e+02 -9.523318836720768843e+01
-1.089599999999999937e+02 -9.414884263148051957e+01
-1.084799999999999898e+02 -9.307878048220082690e+01
-1.080000000000000000e+02 -9.159537802097273129e+01
-1.075199999999999960e+02 -9.049086827076254735e+01
-1.070399999999999920e+02 -8.960030439771892929e+01
-1.065600000000000023e+02 -8.877383817813995392e+01
-1.060799999999999983e+02 -8.817698648929832927e+01
-1.055999999999999943e+02 -8.723009049164802775e+01
-1.051199999999999903e+02 -8.643147872171067547e+01
-1.046400000000000006e+02 -8.582066895697747100e+01
-1.041599999999999966e+02 -8.542393326185663227e+01
-1.036799999999999926e+02 -8.492620742380069032e+01
-1.032000000000000028e+02 -8.416668129597972836e+01
-1.027199999999999989e+02 -8.366211065710707828e+01
-1.022399999999999949e+02 -8.329786944501960022e+01
-1.017599999999999909e+02 -8.331294327767719210e+01
-1.012800000000000011e+02 -8.317891034119338656e+01
-1.007999999999999972e+02 -8.300835605722626553e+01
-1.003199999999999932e+02 -8.279363584948544030e+01
-9.984000000000000341e+01 -8.255889054978254649e+01
-9.935999999999999943e+01 -8.258835544025603781e+01
-9.887999999999999545e+01 -8.246958117010851197e+01
-9.839999999999999147e+01 -8.220289332444933450e+01
-9.792000000000000171e+01 -8.214742150945974686e+01
-9.743999999999999773e+01 -8.189728773713363807e+01
-9.695999999999999375e+01 -8.187012010803094597e+01
-9.647999999999998977e+01 -8.171367401220902593e+01
-9.600000000000000000e+01 -8.168217353416453363e+01
-9.551999999999999602e+01 -8.148947536880258724e+01
-9.503999999999999204e+01 -8.131940531801703287e+01
-9.456000000000000227e+01 -8.137558978353840189e+01
-9.407999999999999829e+01 -8.126882753746571098e+01
-9.359999999999999432e+01 -8.086321417599266681e+01
-9.311999999999999034e+01 -8.063157655800942791e+01
-9.264000000000000057e+01 -8.057748076195629494e+01
-9.215999999999999659e+01 -8.040168052302493606e+01
-9.167999999999999261e+01 -8.017780054243451104e+01
-9.120000000000000284e+01 -7.978283613990940637e+01
-9.071999999999999886e+01 -7.965920225250316378e+01
-9.023999999999999488e+01 -7.966307163914395062e+01
-8.975999999999999091e+01 -7.970097224522676527e+01
-8.928000000000000114e+01 -7.988721980702770509e+01
-8.879999999999999716e+01 -7.983165627285238486e+01
-8.831999999999999318e+01 -7.935881332956518008e+01
-8.784000000000000341e+01 -7.895097094933313997e+01
-8.735999999999999943e+01 -7.891350087123994683e+01
-8.687999999999999545e+01 -7.891393429567466455e+01
-8.639999999999999147e+01 -7.862079511041423530e+01
-8.592000000000000171e+01 -7.852593843130476614e+01
-8.543999999999999773e+01 -7.842208318819263013e+01
-8.495999999999999375e+01 -7.827925981073104822e+01
-8.447999999999998977e+01 -7.803837829211065014e+01
-8.400000000000000000e+01 -7.794684031573581251e+01
-8.351999999999999602e+01 -7.794442014933092366e+01
-8.303999999999999204e+01 -7.776168387190844555e+01
-8.256000000000000227e+01 -7.732136578984633957e+01
-8.207999999999999829e+01 -7.738516483723182660e+01
-8.159999999999999432e+01 -7.744335678674096357e+01
-8.111999999999999034e+01 -7.748193507818845660e+01
-8.064000000000000057e+01 -7.719885914307613461e+01
-8.015999999999999659e+01 -7.738639012933461458e+01
-7.967999999999999261e+01 -7.702676040590726814e+01
-7.920000000000000284e+01 -7.664312295942694675e+01
-7.871999999999999886e+01 -7.671384054189309154e+01
-7.823999999999999488e+01 -7.663697119868815832e+01
-7.775999999999999091e+01 -7.680912886278733254e+01
-7.728000000000000114e+01 -7.689478609704062251e+01
-7.679999999999999716e+01 -7.639039432965689969e+01
-7.631999999999999318e+01 -7.621490823367314249e+01
-7.584000000000000341e+01 -7.623940012301400770e+01
-7.535999999999999943e+01 -7.630487094529487990e+01
-7.487999999999999545e+01 -7.630204673201708943e+01
-7.439999999999999147e+01 -7.605068637715437774e+01
-7.392000000000000171e+01 -7.605975940117146195e+01
-7.343999999999999773e+01 -7.626171165989686074e+01
-7.295999999999999375e+01 -7.594618403145025809e+01
-7.248000000000000398e+01 -7.572043296520351419e+01
-7.200000000000000000e+01 -7.559578024645604444e+01
-7.151999999999999602e+01 -7.561508245926927430e+01
-7.103999999999999204e+01 -7.561277713936520684e+01
-7.056000000000000227e+01 -7.549447023984512839e+01
-7.007999999999999829e+01 -7.538401786573660956e+01
-6.959999999999999432e+01 -7.511520863606237697e+01
-6.912000000000000455e+01 -7.492022255829986932e+01
-6.864000000000000057e+01 -7.488713442327210146e+01
-6.815999999999999659e+01 -7.474454786278853646e+01
-6.767999999999999261e+01 -7.483982480436804963e+01
-6.720000000000000284e+01 -7.474663438546265581e+01
-6.671999999999999886e+01 -7.444693934709503935e+01
-6.623999999999999488e+01 -7.440579715884575762e+01
-6.575999999999999091e+01 -7.434608854581097148e+01
-6.528000000000000114e+01 -7.417125198217063087e+01
-6.479999999999999716e+01 -7.405301853454500360e+01
-6.431999999999999318e+01 -7.396396691451352012e+01
-6.383999999999999631e+01 -7.363666147019280572e+01
-6.335999999999999943e+01 -7.340945786747069235e+01
-6.287999999999999545e+01 -7.319671770834456481e+01
-6.239999999999999858e+01 -7.315892782667833671e+01
-6.191999999999999460e+01 -7.320179300162723735e+01
-6.143999999999999773e+01 -7.292211426954293074e+01
-6.096000000000000085e+01 -7.273913566779935991e+01
-6.047999999999999687e+01 -7.279951769844494436e+01
-6.000000000000000000e+01 -7.281730618350145789e+01
-5.951999999999999602e+01 -7.266559171474099799e+01
-5.903999999999999915e+01 -7.251103598926546567e+01
-5.855999999999999517e+01 -7.211814337332968705e+01
-5.807999999999999829e+01 -7.160176275504552734e+01
-5.759999999999999432e+01 -7.172791949739131212e+01
-5.711999999999999744e+01 -7.153221584026292135e+01
-5.664000000000000057e+01 -7.124482341465547108e+01
-5.615999999999999659e+01 -7.123950523350023900e+01
-5.567999999999999972e+01 -7.099836991438378675e+01
-5.519999999999999574e+01 -7.084669861875259755e+01
-5.471999999999999886e+01 -7.085874494429590698e+01
-5.423999999999999488e+01 -7.055763213337998252e+01
-5.375999999999999801e+01 -6.991113380640665298e+01
-5.328000000000000114e+01 -6.975458076200726509e+01
-5.279999999999999716e+01 -6.958910681672732323e+01
-5.232000000000000028e+01 -6.955352703291084993e+01
-5.183999999999999631e+01 -6.942774351885411477e+01
-5.135999999999999943e+01 -6.923082209992921321e+01
-5.087999999999999545e+01 -6.894708619472180544e+01
-5.039999999999999858e+01 -6.854885394630548490e+01
-4.992000000000000171e+01 -6.828225354786958690e+01
-4.943999999999999773e+01 -6.773151737381174087e+01
-4.896000000000000085e+01 -6.738289551089502538e+01
-4.847999999999999687e+01 -6.732682745790475565e+01
-4.800000000000000000e+01 -6.735129965968900478e+01
-4.751999999999999602e+01 -6.707849774438285806e+01
-4.703999999999999915e+01 -6.675987997497287552e+01
-4.655999999999999517e+01 -6.657184029303759587e+01
-4.607999999999999829e+01 -6.640266606878793709e+01
-4.560000000000000142e+01 -6.627562087672461644e+01
-4.511999999999999744e+01 -6.587207590833503446e+01
-4.464000000000000057e+01 -6.544094085356965707e+01
-4.415999999999999659e+01 -6.507673162525830435e+01
-4.367999999999999972e+01 -6.461521247073967800e+01
-4.319999999999999574e+01 -6.443904343778780230e+01
-4.271999999999999886e+01 -6.430932525741353345e+01
-4.223999999999999488e+01 -6.387293163491658277e+01
-4.175999999999999801e+01 -6.322554430828848382e+01
-4.128000000000000114e+01 -6.288427633477812861e+01
-4.079999999999999716e+01 -6.290310106184403338e+01
-4.032000000000000028e+01 -6.286118023562467272e+01
-3.983999999999999631e+01 -6.279306055564784117e+01
-3.935999999999999943e+01 -6.220432813495813207e+01
-3.887999999999999545e+01 -6.150322094834425002e+01
-3.839999999999999858e+01 -6.116825108659453747e+01
-3.792000000000000171e+01 -6.096233911252574700e+01
-3.743999999999999773e+01 -6.046075581694479695e+01
-3.696000000000000085e+01 -6.008066341179511483e+01
-3.647999999999999687e+01 -6.009351437411635288e+01
-3.600000000000000000e+01 -5.978827400564433958e+01
-3.551999999999999602e+01 -5.907598424630218403e+01
-3.503999999999999915e+01 -5.866114806763357592e+01
-3.456000000000000227e+01 -5.855805955831029053e+01
-3.407999999999999829e+01 -5.828925170642501996e+01
-3.360000000000000142e+01 -5.793936905669130510e+01
-3.311999999999999744e+01 -5.775770606444613975e+01
-3.264000000000000057e+01 -5.766982803522861190e+01
-3.215999999999999659e+01 -5.721755298543464363e+01
-3.167999999999999972e+01 -5.684740590821606077e+01
-3.119999999999999929e+01 -5.659514998898381322e+01
-3.071999999999999886e+01 -5.612231116962392719e+01
-3.023999999999999844e+01 -5.569467612190795336e+01
-2.975999999999999801e+01 -5.534050469243507564e+01
-2.927999999999999758e+01 -5.493253647086585545e+01
-2.879999999999999716e+01 -5.451284377680487125e+01
-2.832000000000000028e+01 -5.422119707669138222e+01
-2.783999999999999986e+01 -5.397770430627875982e+01
-2.735999999999999943e+01 -5.338768098464935719e+01
-2.687999999999999901e+01 -5.256075010120112978e+01
-2.639999999999999858e+01 -5.196040696869710018e+01
-2.591999999999999815e+01 -5.116388594569861681e+01
-2.543999999999999773e+01 -5.053607754007798292e+01
-2.496000000000000085e+01 -5.013691185204294953e+01
-2.448000000000000043e+01 -4.977989867209153374e+01
-2.400000000000000000e+01 -4.914438723804089193e+01
-2.351999999999999957e+01 -4.863667294575619593e+01
-2.303999999999999915e+01 -4.838053758296781126e+01
-2.255999999999999872e+01 -4.799495730415799954e+01
-2.207999999999999829e+01 -4.740125893953749170e+01
-2.159999999999999787e+01 -4.693743248121946721e+01
-2.111999999999999744e+01 -4.609848743115348668e+01
-2.064000000000000057e+01 -4.563421737245874965e+01
-2.016000000000000014e+01 -4.528082546694693633e+01
-1.967999999999999972e+01 -4.485819636147886769e+01
-1.919999999999999929e+01 -4.471495942594337691e+01
-1.871999999999999886e+01 -4.458527215417061029e+01
-1.823999999999999844e+01 -4.410493225326271727e+01
-1.775999999999999801e+01 -4.345136156607095756e+01
-1.728000000000000114e+01 -4.330933090057206414e+01
-1.680000000000000071e+01 -4.327994662022096151e+01
-1.632000000000000028e+01 -4.294769254120231494e+01
-1.583999999999999986e+01 -4.258507663855108660e+01
-1.535999999999999943e+01 -4.224890266301270003e+01
-1.487999999999999901e+01 -4.209690090996031131e+01
-1.439999999999999858e+01 -4.176455939424346298e+01
-1.391999999999999993e+01 -4.128522557785247216e+01
-1.343999999999999950e+01 -4.121526364579960955e+01
-1.295999999999999908e+01 -4.094205650149220332e+01
-1.248000000000000043e+01 -4.042106416242547340e+01
-1.200000000000000000e+01 -4.033103587959848824e+01
-1.151999999999999957e+01 -4.021338444530820766e+01
-1.103999999999999915e+01 -3.993748310066512630e+01
-1.055999999999999872e+01 -3.960705052039226359e+01
-1.008000000000000007e+01 -3.316214664556886760e+01
-9.599999999999999645e+00 -2.567607828599367892e+01
-9.119999999999999218e+00 -2.310816457998897988e+01
-8.640000000000000568e+00 -2.291594614626915671e+01
-8.160000000000000142e+00 -2.293212214821878803e+01
-7.679999999999999716e+00 -2.277430658188277590e+01
-7.199999999999999289e+00 -2.268981381115628082e+01
-6.719999999999999751e+00 -2.287132141297452037e+01
-6.240000000000000213e+00 -2.284450423829974142e+01
-5.759999999999999787e+00 -2.268529320850041842e+01
-5.279999999999999361e+00 -2.269037379442259450e+01
-4.799999999999999822e+00 -2.267529969327970818e+01
-4.320000000000000284e+00 -2.283067908298010451e+01
-3.839999999999999858e+00 -2.294473881614581856e+01
-3.359999999999999876e+00 -2.297548019072951320e+01
-2.879999999999999893e+00 -2.298120648815108780e+01
-2.399999999999999911e+00 -2.290652334269327994e+01
-1.919999999999999929e+00 -2.302557559505096307e+01
-1.439999999999999947e+00 -2.296921437512012432e+01
-9.599999999999999645e-01 -2.288253257705205712e+01
-4.799999999999999822e-01 -2.302031029362117920e+01
0.000000000000000000e+00 -2.305377246578552075e+01
4.799999999999999822e-01 -2.280111977728432748e+01
9.599999999999999645e-01 -2.244932830475000429e+01
1.439999999999999947e+00 -2.283954052702056714e+01
1.919999999999999929e+00 -2.322501043480837524e+01
2.399999999999999911e+00 -2.300103310187684968e+01
2.879999999999999893e+00 -2.280131643404657638e+01
3.359999999999999876e+00 -2.264400400253185808e+01
3.839999999999999858e+00 -2.289986842749976859e+01
4.320000000000000284e+00 -2.323519136836599586e+01
4.799999999999999822e+00 -2.319427159623415946e+01
5.279999999999999361e+00 -2.302969174152128673e+01
5.759999999999999787e+00 -2.307197787169310033e+01
6.240000000000000213e+00 -2.320399169923762628e+01
6.719999999999999751e+00 -2.316139862010992800e+01
7.199999999999999289e+00 -2.304309252668354091e+01
7.679999999999999716e+00 -2.322750142853603350e+01
8.160000000000000142e+00 -2.321739579860730984e+01
8.640000000000000568e+00 -2.319331091109590659e+01
9.119999999999999218e+00 -2.356702624857102535e+01
9.599999999999999645e+00 -2.616829852338589646e+01
1.008000000000000007e+01 -3.375920330655245749e+01
1.055999999999999872e+01 -4.054176236163209524e+01
1.103999999999999915e+01 -4.113058365740332789e+01
1.151999999999999957e+01 -4.123455272233952940e+01
1.200000000000000000e+01 -4.153692880426875433e+01
1.248000000000000043e+01 -4.214265962680615019e+01
1.295999999999999908e+01 -4.229640250203647156e+01
1.343999999999999950e+01 -4.238579391339580837e+01
1.391999999999999993e+01 -4.235925042635393112e+01
1.439999999999999858e+01 -4.257399629520794093e+01
1.487999999999999901e+01 -4.317997994911397086e+01
1.535999999999999943e+01 -4.344676604616114446e+01
1.583999999999999986e+01 -4.372098842131225638e+01
1.632000000000000028e+01 -4.410959523123662507e+01
1.680000000000000071e+01 -4.422072686029597577e+01
1.728000000000000114e+01 -4.465304010050688532e+01
1.775999999999999801e+01 -4.545133548678028035e+01
1.823999999999999844e+01 -4.587052697614072372e+01
1.871999999999999886e+01 -4.615672436562302039e+01
1.919999999999999929e+01 -4.623566229276732287e+01
1.967999999999999972e+01 -4.650185419943177578e+01
2.016000000000000014e+01 -4.677266533456769082e+01
2.064000000000000057e+01 -4.728054262187204415e+01
2.111999999999999744e+01 -4.806480495656959562e+01
2.159999999999999787e+01 -4.821163402696791422e+01
2.207999999999999829e+01 -4.831867544218048494e+01
2.255999999999999872e+01 -4.883748040972663773e+01
2.303999999999999915e+01 -4.914920814544892380e+01
2.351999999999999957e+01 -4.972918606821316700e+01
2.400000000000000000e+01 -5.020087599026371805e+01
2.448000000000000043e+01 -5.073063935236736199e+01
2.496000000000000085e+01 -5.105468295880388041e+01
2.543999999999999773e+01 -5.152888271479081794e+01
2.591999999999999815e+01 -5.217267543207561431e+01
2.639999999999999858e+01 -5.280699577173400883e+01
2.687999999999999901e+01 -5.320305070309522932e+01
2.735999999999999943e+01 -5.384888883626431522e+01
2.783999999999999986e+01 -5.434965559584590977e+01
2.832000000000000028e+01 -5.474601493405407382e+01
2.879999999999999716e+01 -5.519975767427937541e+01
2.927999999999999758e+01 -5.523488417644617954e+01
2.975999999999999801e+01 -5.560005326162962547e+01
3.023999999999999844e+01 -5.588165717405839672e+01
3.071999999999999886e+01 -5.613601495298537714e+01
3.119999999999999929e+01 -5.639019730198559444e+01
3.167999999999999972e+01 -5.666882002387032458e+01
3.215999999999999659e+01 -5.703045466637679795e+01
3.264000000000000057e+01 -5.705719680993178144e+01
3.311999999999999744e+01 -5.730194730927653524e+01
3.360000000000000142e+01 -5.790072098820451174e+01
3.407999999999999829e+01 -5.813137564843530214e+01
3.456000000000000227e+01 -5.836868082586654793e+01
3.503999999999999915e+01 -5.851388641527140777e+01
3.551999999999999602e+01 -5.876683562870638866e+01
3.600000000000000000e+01 -5.911081924504330942e+01
3.647999999999999687e+01 -5.929802788519751999e+01
3.696000000000000085e+01 -5.977958256537866077e+01
3.743999999999999773e+01 -5.995948553591807695e+01
3.792000000000000171e+01 -6.025718746377691559e+01
3.839999999999999858e+01 -6.076103896063676757e+01
3.887999999999999545e+01 -6.101099219837139032e+01
3.935999999999999943e+01 -6.146089980609492187e+01
3.983999999999999631e+01 -6.177826834332010009e+01
4.032000000000000028e+01 -6.188199377416543712e+01
4.079999999999999716e+01 -6.214007562791571360e+01
4.128000000000000114e+01 -6.255769933466497434e+01
4.175999999999999801e+01 -6.262329570458275896e+01
4.223999999999999488e+01 -6.266609473349899417e+01
4.271999999999999886e+01 -6.305298322217272755e+01
4.319999999999999574e+01 -6.359976941104945780e+01
4.367999999999999972e+01 -6.412098556825529272e+01
4.415999999999999659e+01 -6.422919934379439155e+01
4.464000000000000057e+01 -6.443134195468365988e+01
4.511999999999999744e+01 -6.479574009670123758e+01
4.560000000000000142e+01 -6.544601832568679356e+01
4.607999999999999829e+01 -6.545834074337244601e+01
4.655999999999999517e+01 -6.566472207648921255e+01
4.703999999999999915e+01 -6.612144289325684099e+01
4.751999999999999602e+01 -6.656525454079367421e+01
4.800000000000000000e+01 -6.649939886269477540e+01
4.847999999999999687e+01 -6.665923127573873330e+01
4.896000000000000085e+01 -6.731313665883678254e+01
4.943999999999999773e+01 -6.755683233073655458e+01
4.992000000000000171e+01 -6.785000106174982193e+01
5.039999999999999858e+01 -6.807853027286158465e+01
5.087999999999999545e+01 -6.804564821471390701e+01
5.135999999999999943e+01 -6.819164593806823405e+01
5.183999999999999631e+01 -6.863359627097479176e+01
5.232000000000000028e+01 -6.904771316125081171e+01
5.279999999999999716e+01 -6.898973074356734969e+01
5.328000000000000114e+01 -6.913105983693549206e+01
5.375999999999999801e+01 -6.957068547637963718e+01
5.423999999999999488e+01 -6.989085362906897103e+01
5.471999999999999886e+01 -7.009778828704676812e+01
5.519999999999999574e+01 -7.041283994944029700e+01
5.567999999999999972e+01 -7.082806516232412264e+01
5.615999999999999659e+01 -7.114265800238163706e+01
5.664000000000000057e+01 -7.134840978120968202e+01
5.711999999999999744e+01 -7.171905983932715856e+01
5.759999999999999432e+01 -7.201826909661318155e+01
5.807999999999999829e+01 -7.218458086518322148e+01
5.855999999999999517e+01 -7.239893800959598025e+01
5.903999999999999915e+01 -7.269897108037766031e+01
5.951999999999999602e+01 -7.285295893369469411e+01
6.000000000000000000e+01 -7.298593616248459170e+01
6.047999999999999687e+01 -7.319566871697176680e+01
6.096000000000000085e+01 -7.345182036448311180e+01
6.143999999999999773e+01 -7.384635792603160098e+01
6.191999999999999460e+01 -7.382095865061586437e+01
6.239999999999999858e+01 -7.388689276126081040e+01
6.287999999999999545e+01 -7.434912575304868199e+01
6.335999999999999943e+01 -7.457860739978724496e+01
6.383999999999999631e+01 -7.478568604276273390e+01
6.431999999999999318e+01 -7.487371324996809108e+01
6.479999999999999716e+01 -7.503580498252965469e+01
6.528000000000000114e+01 -7.502243330395336329e+01
6.575999999999999091e+01 -7.541411702735342715e+01
6.623999999999999488e+01 -7.579978465427564061e+01
6.671999999999999886e+01 -7.573753611169119893e+01
6.720000000000000284e+01 -7.581502675092369259e+01
6.767999999999999261e+01 -7.615286796977939332e+01
6.815999999999999659e+01 -7.622759755344216615e+01
6.864000000000000057e+01 -7.636462340863076292e+01
6.912000000000000455e+01 -7.659052220655533461e+01
6.959999999999999432e+01 -7.669550470323669344e+01
7.007999999999999829e+01 -7.681455440505612842e+01
7.056000000000000227e+01 -7.731547144424344253e+01
7.103999999999999204e+01 -7.723905640855845434e+01
7.151999999999999602e+01 -7.725200803347524925e+01
7.200000000000000000e+01 -7.752138380155611230e+01
7.248000000000000398e+01 -7.753849984515423444e+01
7.295999999999999375e+01 -7.792984684593909606e+01
7.343999999999999773e+01 -7.800932924727089812e+01
7.392000000000000171e+01 -7.808173886812340925e+01
7.439999999999999147e+01 -7.828437556015529708e+01
7.487999999999999545e+01 -7.820277328257853355e+01
7.535999999999999943e+01 -7.826135558312353169e+01
7.584000000000000341e+01 -7.837768757891056737e+01
7.631999999999999318e+01 -7.874960066621542865e+01
7.679999999999999716e+01 -7.905028432401282146e+01
7.728000000000000114e+01 -7.903236245790837700e+01
7.775999999999999091e+01 -7.911557800163217280e+01
7.823999999999999488e+01 -7.945219189877730059e+01
7.871999999999999886e+01 -7.930289338072655880e+01
7.920000000000000284e+01 -7.923319161341711947e+01
7.967999999999999261e+01 -7.927229922707800824e+01
8.015999999999999659e+01 -7.940241867569518774e+01
8.064000000000000057e+01 -7.957779522034235242e+01
8.111999999999999034e+01 -7.993724288642474107e+01
8.159999999999999432e+01 -8.008856313529503268e+01
8.207999999999999829e+01 -8.006569981868857155e+01
8.256000000000000227e+01 -8.011067091050149713e+01
8.303999999999999204e+01 -8.039529934330272454e+01
8.351999999999999602e+01 -8.034588403328923789e+01
8.400000000000000000e+01 -8.046021757102107586e+01
8.447999999999998977e+01 -8.068233978584595434e+01
8.495999999999999375e+01 -8.072351315659174986e+01
8.543999999999999773e+01 -8.089861005607588140e+01
8.592000000000000171e+01 -8.089335697583676676e+01
8.639999999999999147e+01 -8.101236369896426481e+01
8.687999999999999545e+01 -8.114071741648693603e+01
8.735999999999999943e+01 -8.118310043052609615e+01
8.784000000000000341e+01 -8.121142557603788248e+01
8.831999999999999318e+01 -8.107849405588360980e+01
8.879999999999999716e+01 -8.122538325311415974e+01
8.928000000000000114e+01 -8.157158487342914555e+01
8.975999999999999091e+01 -8.175397976425765023e+01
9.023999999999999488e+01 -8.171399583082676088e+01
9.071999999999999886e+01 -8.187395172610200689e+01
9.120000000000000284e+01 -8.212476772050580109e+01
9.167999999999999261e+01 -8.209927115335040071e+01
9.215999999999999659e+01 -8.211591277312051318e+01
9.264000000000000057e+01 -8.223663158343718749e+01
9.311999999999999034e+01 -8.240334200849545709e+01
9.359999999999999432e+01 -8.267306680015508391e+01
9.407999999999999829e+01 -8.268853574690594144e+01
9.456000000000000227e+01 -8.244043848990179413e+01
9.503999999999999204e+01 -8.250596294967765232e+01
9.551999999999999602e+01 -8.264206792143770031e+01
9.600000000000000000e+01 -8.274957812438128713e+01
9.647999999999998977e+01 -8.291137502236161083e+01
9.695999999999999375e+01 -8.314251289673714496e+01
9.743999999999999773e+01 -8.331622081574776928e+01
9.792000000000000171e+01 -8.352468482250692716e+01
9.839999999999999147e+01 -8.323414601994704753e+01
9.887999999999999545e+01 -8.316240574978961320e+01
9.935999999999999943e+01 -8.335585798256417434e+01
9.984000000000000341e+01 -8.341571924497651480e+01
1.003199999999999932e+02 -8.342911460822850245e+01
1.007999999999999972e+02 -8.376963440494365898e+01
1.012800000000000011e+02 -8.392756765805677333e+01
1.017599999999999909e+02 -8.410425446069774580e+01
1.022399999999999949e+02 -8.451687435821894212e+01
1.027199999999999989e+02 -8.470546570275658382e+01
1.032000000000000028e+02 -8.493434428784878776e+01
1.036799999999999926e+02 -8.544119639783909292e+01
1.041599999999999966e+02 -8.616547524867156937e+01
1.046400000000000006e+02 -8.671673531892778897e+01
1.051199999999999903e+02 -8.729617555930047956e+01
1.055999999999999943e+02 -8.773705699376215250e+01
1.060799999999999983e+02 -8.834926674023395776e+01
1.065600000000000023e+02 -8.937370241730022258e+01
1.070399999999999920e+02 -9.038256029625030408e+01
1.075199999999999960e+02 -9.129271045026854381e+01
1.080000000000000000e+02 -9.240778523190914484e+01
1.084799999999999898e+02 -9.365984113739551731e+01
1.089599999999999937e+02 -9.481569866315579986e+01
1.094399999999999977e+02 -9.570402897713925938e+01
1.099200000000000017e+02 -9.674754033154606248e+01
1.103999999999999915e+02 -9.805914196022015972e+01
1.108799999999999955e+02 -9.955195831464007483e+01
1.113599999999999994e+02 -1.010143938529865295e+02
1.118399999999999892e+02 -1.023143394302162505e+02
1.123199999999999932e+02 -1.031758114280694514e+02
1.127999999999999972e+02 -1.037464264661966808e+02
1.132800000000000011e+02 -1.044135375187228476e+02
1.137599999999999909e+02 -1.048160303357128811e+02
1.142399999999999949e+02 -1.049632099413482820e+02
1.147199999999999989e+02 -1.048004391416745307e+02
1.151999999999999886e+02 -1.046744713456743625e+02
1.156799999999999926e+02 -1.047970400670845805e+02
1.161599999999999966e+02 -1.046928334010663662e+02
1.166400000000000006e+02 -1.048334440084333465e+02
1.171199999999999903e+02 -1.052043393502600850e+02
1.175999999999999943e+02 -1.054214956868202648e+02
1.180799999999999983e+02 -1.053449044424036742e+02
1.185600000000000023e+02 -1.050934044903174822e+02
1.190399999999999920e+02 -1.050218913014721807e+02
1.195199999999999960e+02 -1.050706209337668184e+02
1.200000000000000000e+02 -1.052276334683965473e+02
1.204799999999999898e+02 -1.049531988397280458e+02
1.209599999999999937e+02 -1.049592620893749881e+02
1.214399999999999977e+02 -1.052230558267453375e+02
1.219200000000000017e+02 -1.051264481927742764e+02
1.223999999999999915e+02 -1.050271700943244326e+02
