-1.228799999999999955e+02 -1.003667888587944219e+02
-1.223999999999999915e+02 -1.006249366579578464e+02
-1.219200000000000017e+02 -1.009104034512594126e+02
-1.214399999999999977e+02 -1.007020903714943358e+02
-1.209599999999999937e+02 -1.009748971805847475e+02
-1.204799999999999898e+02 -1.008911858610448888e+02
-1.200000000000000000e+02 -1.006622970743863448e+02
-1.195199999999999960e+02 -1.008817759324210073e+02
-1.190399999999999920e+02 -1.008357209079566275e+02
-1.185600000000000023e+02 -1.006292840477004518e+02
-1.180799999999999983e+02 -1.005131445624420081e+02
-1.175999999999999943e+02 -1.006940937209373601e+02
-1.171199999999999903e+02 -1.009264742328466866e+02
-1.166400000000000006e+02 -1.006872515071962937e+02
-1.161599999999999966e+02 -1.007787251408692697e+02
-1.156799999999999926e+02 -1.011143335437199937e+02
-1.151999999999999886e+02 -1.010022491816629611e+02
-1.147199999999999989e+02 -1.008595043401264206e+02
-1.142399999999999949e+02 -1.007281080332561629e+02
-1.137599999999999909e+02 -1.006812918146367366e+02
-1.132800000000000011e+02 -1.006028954120764070e+02
-1.127999999999999972e+02 -1.004537398852546772e+02
-1.123199999999999932e+02 -1.002131286994973891e+02
-1.118399999999999892e+02 -1.001726203266212281e+02
-1.113599999999999994e+02 -9.972929336829858471e+01
-1.108799999999999955e+02 -9.905168796941198650e+01
-1.103999999999999915e+02 -9.859849037107566971e+01
-1.099200000000000017e+02 -9.792512814609060001e+01
-1.094399999999999977e+02 -9.712462804871097433e+01
-1.089599999999999937e+02 -9.637237384835697185e+01
-1.084799999999999898e+02 -9.544156023695941826e+01
-1.080000000000000000e+02 -9.434689420061916110e+01
-1.075199999999999960e+02 -9.333024579960856215e+01
-1.070399999999999920e+02 -9.268625705074045129e+01
-1.065600000000000023e+02 -9.204392295641362409e+01
-1.060799999999999983e+02 -9.133380281786891430e+01
-1.055999999999999943e+02 -9.074969264789271506e+01
-1.051199999999999903e+02 -8.998593308756650799e+01
-1.046400000000000006e+02 -8.944015112393242362e+01
-1.041599999999999966e+02 -8.896565862598785657e+01
-1.036799999999999926e+02 -8.851681168432895674e+01
-1.032000000000000028e+02 -8.850840591912651689e+01
-1.027199999999999989e+02 -8.822490209267266437e+01
-1.022399999999999949e+02 -8.780303396181837172e+01
-1.017599999999999909e+02 -8.750650335219626186e+01
-1.012800000000000011e+02 -8.726883930734898343e+01
-1.007999999999999972e+02 -8.715707657714520451e+01
-1.003199999999999932e+02 -8.719196801934023711e+01
-9.984000000000000341e+01 -8.704793163803570621e+01
-9.935999999999999943e+01 -8.690938056334647399e+01
-9.887999999999999545e+01 -8.678183035581112392e+01
-9.839999999999999147e+01 -8.683574518554395638e+01
-9.792000000000000171e+01 -8.684539081131924831e+01
-9.743999999999999773e+01 -8.688331901113107847e+01
-9.695999999999999375e+01 -8.684901298427776339e+01
-9.647999999999998977e+01 -8.683808313253152278e+01
-9.600000000000000000e+01 -8.667876191012587128e+01
-9.551999999999999602e+01 -8.620407105036575501e+01
-9.503999999999999204e+01 -8.614185741850370448e+01
-9.456000000000000227e+01 -8.613151347978620720e+01
-9.407999999999999829e+01 -8.622605815531159124e+01
-9.359999999999999432e+01 -8.645775027916738509e+01
-9.311999999999999034e+01 -8.634843372620962043e+01
-9.264000000000000057e+01 -8.647812911309812023e+01
-9.215999999999999659e+01 -8.640027154315801283e+01
-9.167999999999999261e+01 -8.603245322247190074e+01
-9.120000000000000284e+01 -8.584518378037563480e+01
-9.071999999999999886e+01 -8.591994034068977726e+01
-9.023999999999999488e+01 -8.581631885616073419e+01
-8.975999999999999091e+01 -8.565460390863603379e+01
-8.928000000000000114e+01 -8.540067627291854535e+01
-8.879999999999999716e+01 -8.535144547844114982e+01
-8.831999999999999318e+01 -8.546234745553142886e+01
-8.784000000000000341e+01 -8.575638074741577555e+01
-8.735999999999999943e+01 -8.577356932966424097e+01
-8.687999999999999545e+01 -8.544393012714834867e+01
-8.639999999999999147e+01 -8.529309485345932274e+01
-8.592000000000000171e+01 -8.537116872186716421e+01
-8.543999999999999773e+01 -8.511906931488526595e+01
-8.495999999999999375e+01 -8.479767041089660040e+01
-8.447999999999998977e+01 -8.450298132812247331e+01
-8.400000000000000000e+01 -8.450692120636647076e+01
-8.351999999999999602e+01 -8.446244644925380385e+01
-8.303999999999999204e+01 -8.440535817161821797e+01
-8.256000000000000227e+01 -8.430344987023646297e+01
-8.207999999999999829e+01 -8.402623854547724136e+01
-8.159999999999999432e+01 -8.359056298978455857e+01
-8.111999999999999034e+01 -8.372556676585908519e+01
-8.064000000000000057e+01 -8.388700081266519248e+01
-8.015999999999999659e+01 -8.365010147048677425e+01
-7.967999999999999261e+01 -8.344849393533596071e+01
-7.920000000000000284e+01 -8.317523039503315374e+01
-7.871999999999999886e+01 -8.280560830727108623e+01
-7.823999999999999488e+01 -8.257638067085188993e+01
-7.775999999999999091e+01 -8.252027827113876413e+01
-7.728000000000000114e+01 -8.246337448484233335e+01
-7.679999999999999716e+01 -8.269852059751235629e+01
-7.631999999999999318e+01 -8.244830563418676661e+01
-7.584000000000000341e+01 -8.185362178761529606e+01
-7.535999999999999943e+01 -8.183292910774711970e+01
-7.487999999999999545e+01 -8.185567342078904574e+01
-7.439999999999999147e+01 -8.159936549688735852e+01
-7.392000000000000171e+01 -8.154803339364455894e+01
-7.343999999999999773e+01 -8.142725714348247834e+01
-7.295999999999999375e+01 -8.137455852174736037e+01
-7.248000000000000398e+01 -8.114417609043151458e+01
-7.200000000000000000e+01 -8.075636376861154986e+01
-7.151999999999999602e+01 -8.058407924282880685e+01
-7.103999999999999204e+01 -8.048702193906382263e+01
-7.056000000000000227e+01 -8.024264069712955916e+01
-7.007999999999999829e+01 -7.990809425303126545e+01
-6.959999999999999432e+01 -7.991839546289091345e+01
-6.912000000000000455e+01 -8.000662254531087569e+01
-6.864000000000000057e+01 -7.969192727785701891e+01
-6.815999999999999659e+01 -7.913181000765348472e+01
-6.767999999999999261e+01 -7.881853492502355607e+01
-6.720000000000000284e+01 -7.884075123888229086e+01
-6.671999999999999886e+01 -7.867262006803179020e+01
-6.623999999999999488e+01 -7.859928630032921149e+01
-6.575999999999999091e+01 -7.839921720336224098e+01
-6.528000000000000114e+01 -7.836224396949913285e+01
-6.479999999999999716e+01 -7.814477198366013511e+01
-6.431999999999999318e+01 -7.782837199498973746e+01
-6.383999999999999631e+01 -7.726456649378847885e+01
-6.335999999999999943e+01 -7.710048148523617328e+01
-6.287999999999999545e+01 -7.713885228854597642e+01
-6.239999999999999858e+01 -7.679726131192317951e+01
-6.191999999999999460e+01 -7.638280972313499717e+01
-6.143999999999999773e+01 -7.631308822669532788e+01
-6.096000000000000085e+01 -7.660204871998746512e+01
-6.047999999999999687e+01 -7.630261178123818411e+01
-6.000000000000000000e+01 -7.594564680289457215e+01
-5.951999999999999602e+01 -7.569450775970400969e+01
-5.903999999999999915e+01 -7.537919373993423733e+01
-5.855999999999999517e+01 -7.504033526567701529e+01
-5.807999999999999829e+01 -7.496996612066570265e+01
-5.759999999999999432e+01 -7.469975726580190667e+01
-5.711999999999999744e+01 -7.445970828971377387e+01
-5.664000000000000057e+01 -7.424710929607778098e+01
-5.615999999999999659e+01 -7.388502667359796305e+01
-5.567999999999999972e+01 -7.346306058929572202e+01
-5.519999999999999574e+01 -7.316795820419444851e+01
-5.471999999999999886e+01 -7.306949798454465395e+01
-5.423999999999999488e+01 -7.298211006022883396e+01
-5.375999999999999801e+01 -7.258892140320097042e+01
-5.328000000000000114e+01 -7.220604492938392127e+01
-5.279999999999999716e+01 -7.175061403029013718e+01
-5.232000000000000028e+01 -7.167953932722309673e+01
-5.183999999999999631e+01 -7.175755380427770547e+01
-5.135999999999999943e+01 -7.129589783697812777e+01
-5.087999999999999545e+01 -7.101500815870680583e+01
-5.039999999999999858e+01 -7.082792781472863908e+01
-4.992000000000000171e+01 -7.065355259890114326e+01
-4.943999999999999773e+01 -7.030613072213023429e+01
-4.896000000000000085e+01 -6.989360175146553900e+01
-4.847999999999999687e+01 -6.971982667824825342e+01
-4.800000000000000000e+01 -6.954075066204680411e+01
-4.751999999999999602e+01 -6.913708676831758737e+01
-4.703999999999999915e+01 -6.906768603926109051e+01
-4.655999999999999517e+01 -6.893375167073475041e+01
-4.607999999999999829e+01 -6.885067345411914630e+01
-4.560000000000000142e+01 -6.851350203444323483e+01
-4.511999999999999744e+01 -6.820465604306787100e+01
-4.464000000000000057e+01 -6.814515851179577055e+01
-4.415999999999999659e+01 -6.788264525923068504e+01
-4.367999999999999972e+01 -6.754258319739393812e+01
-4.319999999999999574e+01 -6.718294517361285045e+01
-4.271999999999999886e+01 -6.694157793835006487e+01
-4.223999999999999488e+01 -6.677023445110089028e+01
-4.175999999999999801e+01 -6.638310848788586327e+01
-4.128000000000000114e+01 -6.622138464978446848e+01
-4.079999999999999716e+01 -6.623474298851152753e+01
-4.032000000000000028e+01 -6.610608605593802167e+01
-3.983999999999999631e+01 -6.603988703508582603e+01
-3.935999999999999943e+01 -6.569891455360041732e+01
-3.887999999999999545e+01 -6.519981259497174619e+01
-3.839999999999999858e+01 -6.481715646782322438e+01
-3.792000000000000171e+01 -6.481985443388673218e+01
-3.743999999999999773e+01 -6.471960832760116489e+01
-3.696000000000000085e+01 -6.456771049081106639e+01
-3.647999999999999687e+01 -6.448105701038559801e+01
-3.600000000000000000e+01 -6.423424871415291193e+01
-3.551999999999999602e+01 -6.355366682882988982e+01
-3.503999999999999915e+01 -6.327022127106903326e+01
-3.456000000000000227e+01 -6.351048439567135517e+01
-3.407999999999999829e+01 -6.348825184951606815e+01
-3.360000000000000142e+01 -6.301174764128569450e+01
-3.311999999999999744e+01 -6.263509769234192959e+01
-3.264000000000000057e+01 -6.238541607164850689e+01
-3.215999999999999659e+01 -6.214829353627819586e+01
-3.167999999999999972e+01 -6.220544754224653872e+01
-3.119999999999999929e+01 -6.199497761067292601e+01
-3.071999999999999886e+01 -6.195829364463114075e+01
-3.023999999999999844e+01 -6.179900546959473928e+01
-2.975999999999999801e+01 -6.138190012064310963e+01
-2.927999999999999758e+01 -6.096371912818318606e+01
-2.879999999999999716e+01 -6.082082911042957107e+01
-2.832000000000000028e+01 -6.045667645514932786e+01
-2.783999999999999986e+01 -6.030259334077819489e+01
-2.735999999999999943e+01 -5.995647078841187749e+01
-2.687999999999999901e+01 -5.912677918365031360e+01
-2.639999999999999858e+01 -5.822450768939623345e+01
-2.591999999999999815e+01 -5.762989611198712936e+01
-2.543999999999999773e+01 -5.706442279290329367e+01
-2.496000000000000085e+01 -5.636101316060072008e+01
-2.448000000000000043e+01 -5.572681238148508953e+01
-2.400000000000000000e+01 -5.525434295070381552e+01
-2.351999999999999957e+01 -5.487013295688446135e+01
-2.303999999999999915e+01 -5.440063960657693087e+01
-2.255999999999999872e+01 -5.392016603374555928e+01
-2.207999999999999829e+01 -5.355026707455468227e+01
-2.159999999999999787e+01 -5.296778779614073329e+01
-2.111999999999999744e+01 -5.206996141806271083e+01
-2.064000000000000057e+01 -5.154111785269737567e+01
-2.016000000000000014e+01 -5.107386528389679370e+01
-1.967999999999999972e+01 -5.062611986684321153e+01
-1.919999999999999929e+01 -5.064649742138742283e+01
-1.871999999999999886e+01 -5.038123748114366407e+01
-1.823999999999999844e+01 -5.025515415966451371e+01
-1.775999999999999801e+01 -4.970322006685587723e+01
-1.728000000000000114e+01 -4.910582611266071495e+01
-1.680000000000000071e+01 -4.867734901727764907e+01
-1.632000000000000028e+01 -4.832504959003139788e+01
-1.583999999999999986e+01 -4.801168847705049814e+01
-1.535999999999999943e+01 -4.775774758728182690e+01
-1.487999999999999901e+01 -4.749860205913680744e+01
-1.439999999999999858e+01 -4.714080691809446222e+01
-1.391999999999999993e+01 -4.679593102136728788e+01
-1.343999999999999950e+01 -4.663549747950990820e+01
-1.295999999999999908e+01 -4.628257669824453302e+01
-1.248000000000000043e+01 -4.603207114431051394e+01
-1.200000000000000000e+01 -4.589936639735284984e+01
-1.151999999999999957e+01 -4.563074888848849753e+01
-1.103999999999999915e+01 -4.532940146217121935e+01
-1.055999999999999872e+01 -4.440382594056556798e+01
-1.008000000000000007e+01 -3.351693638743110171e+01
-9.599999999999999645e+00 -2.542792864590241564e+01
-9.119999999999999218e+00 -2.283315088546887495e+01
-8.640000000000000568e+00 -2.263977194757340783e+01
-8.160000000000000142e+00 -2.265147161635269057e+01
-7.679999999999999716e+00 -2.250262907182783678e+01
-7.199999999999999289e+00 -2.242627938527034814e+01
-6.719999999999999751e+00 -2.259644034419669012e+01
-6.240000000000000213e+00 -2.256612648163837065e+01
-5.759999999999999787e+00 -2.243297552844498810e+01
-5.279999999999999361e+00 -2.244169031170653028e+01
-4.799999999999999822e+00 -2.240326748466175744e+01
-4.320000000000000284e+00 -2.261380514951021681e+01
-3.839999999999999858e+00 -2.274394025653761275e+01
-3.359999999999999876e+00 -2.277469291342680080e+01
-2.879999999999999893e+00 -2.280374850810402876e+01
-2.399999999999999911e+00 -2.269762831300678485e+01
-1.919999999999999929e+00 -2.276574699118593514e+01
-1.439999999999999947e+00 -2.274485237664708848e+01
-9.599999999999999645e-01 -2.267981300538975376e+01
-4.799999999999999822e-01 -2.282455976583594293e+01
0.000000000000000000e+00 -2.289633138610990670e+01
4.799999999999999822e-01 -2.267573045470451376e+01
9.599999999999999645e-01 -2.230954270806785900e+01
1.439999999999999947e+00 -2.269399456360844169e+01
1.919999999999999929e+00 -2.309325646103665619e+01
2.399999999999999911e+00 -2.289683898934704587e+01
2.879999999999999893e+00 -2.272360852115020435e+01
3.359999999999999876e+00 -2.255605461733399153e+01
3.839999999999999858e+00 -2.279839341301710220e+01
4.320000000000000284e+00 -2.314403010946994499e+01
4.799999999999999822e+00 -2.310923046890654575e+01
5.279999999999999361e+00 -2.296824736596090588e+01
5.759999999999999787e+00 -2.300910068506631490e+01
6.240000000000000213e+00 -2.313182918424477563e+01
6.719999999999999751e+00 -2.310532811108313922e+01
7.199999999999999289e+00 -2.300408872704132079e+01
7.679999999999999716e+00 -2.320711056481608381e+01
8.160000000000000142e+00 -2.316688997892533664e+01
8.640000000000000568e+00 -2.311863437103767538e+01
9.119999999999999218e+00 -2.349028958042147508e+01
9.599999999999999645e+00 -2.616234638563235038e+01
1.008000000000000007e+01 -3.432175443418999095e+01
1.055999999999999872e+01 -4.460395698918119223e+01
1.103999999999999915e+01 -4.560143258472193395e+01
1.151999999999999957e+01 -4.566745068831569654e+01
1.200000000000000000e+01 -4.587005343655061296e+01
1.248000000000000043e+01 -4.639908106146866373e+01
1.295999999999999908e+01 -4.657674890040016180e+01
1.343999999999999950e+01 -4.668460830791023852e+01
1.391999999999999993e+01 -4.707526530044042090e+01
1.439999999999999858e+01 -4.769570539224542216e+01
1.487999999999999901e+01 -4.812189415375870283e+01
1.535999999999999943e+01 -4.808270988685882230e+01
1.583999999999999986e+01 -4.828737549687246400e+01
1.632000000000000028e+01 -4.854445178998001609e+01
1.680000000000000071e+01 -4.914358441197947514e+01
1.728000000000000114e+01 -4.969176879706357397e+01
1.775999999999999801e+01 -5.028257035299962041e+01
1.823999999999999844e+01 -5.055760684741844813e+01
1.871999999999999886e+01 -5.091809623366691540e+01
1.919999999999999929e+01 -5.139538272678258579e+01
1.967999999999999972e+01 -5.165997996424620453e+01
2.016000000000000014e+01 -5.217427444530137848e+01
2.064000000000000057e+01 -5.266617425252537998e+01
2.111999999999999744e+01 -5.304497527368540943e+01
2.159999999999999787e+01 -5.327534140082455849e+01
2.207999999999999829e+01 -5.365251975928703843e+01
2.255999999999999872e+01 -5.460173019646778414e+01
2.303999999999999915e+01 -5.515102539607796928e+01
2.351999999999999957e+01 -5.566465695103514122e+01
2.400000000000000000e+01 -5.618855884972780501e+01
2.448000000000000043e+01 -5.662441136086450655e+01
2.496000000000000085e+01 -5.728760745478777494e+01
2.543999999999999773e+01 -5.820242599173151632e+01
2.591999999999999815e+01 -5.893489212438605307e+01
2.639999999999999858e+01 -5.960481297489440067e+01
2.687999999999999901e+01 -6.049177011935093162e+01
2.735999999999999943e+01 -6.113313308132963186e+01
2.783999999999999986e+01 -6.196616450591618275e+01
2.832000000000000028e+01 -6.250555066493223677e+01
2.879999999999999716e+01 -6.291890287887810018e+01
2.927999999999999758e+01 -6.321324651833988639e+01
2.975999999999999801e+01 -6.332619478622250142e+01
3.023999999999999844e+01 -6.346594878638403259e+01
3.071999999999999886e+01 -6.380240197118017420e+01
3.119999999999999929e+01 -6.400655973936044063e+01
3.167999999999999972e+01 -6.428329420283421314e+01
3.215999999999999659e+01 -6.437237155097848529e+01
3.264000000000000057e+01 -6.437494201821708373e+01
3.311999999999999744e+01 -6.460238315856830127e+01
3.360000000000000142e+01 -6.520857759322690583e+01
3.407999999999999829e+01 -6.527700166478263100e+01
3.456000000000000227e+01 -6.536562191113137033e+01
3.503999999999999915e+01 -6.581371341602721259e+01
3.551999999999999602e+01 -6.606163977485705630e+01
3.600000000000000000e+01 -6.615857704330819899e+01
3.647999999999999687e+01 -6.626629986234920011e+01
3.696000000000000085e+01 -6.671081734425379750e+01
3.743999999999999773e+01 -6.714928439998020337e+01
3.792000000000000171e+01 -6.737775464077755316e+01
3.839999999999999858e+01 -6.777768831154592988e+01
3.887999999999999545e+01 -6.796395179046886881e+01
3.935999999999999943e+01 -6.834427879450221610e+01
3.983999999999999631e+01 -6.876137336493371777e+01
4.032000000000000028e+01 -6.871647642350774277e+01
4.079999999999999716e+01 -6.890256697924341722e+01
4.128000000000000114e+01 -6.910285831907346221e+01
4.175999999999999801e+01 -6.906650003271386140e+01
4.223999999999999488e+01 -6.907617447740329908e+01
4.271999999999999886e+01 -6.921664213543559185e+01
4.319999999999999574e+01 -6.976449405541404758e+01
4.367999999999999972e+01 -7.003768492087301922e+01
4.415999999999999659e+01 -6.995072565161953548e+01
4.464000000000000057e+01 -7.020563153054737882e+01
4.511999999999999744e+01 -7.046520328217609119e+01
4.560000000000000142e+01 -7.106698324589390836e+01
4.607999999999999829e+01 -7.104396104563716108e+01
4.655999999999999517e+01 -7.116799303692221201e+01
4.703999999999999915e+01 -7.137729143458398084e+01
4.751999999999999602e+01 -7.172575241779821908e+01
4.800000000000000000e+01 -7.177892494171982207e+01
4.847999999999999687e+01 -7.192239394563452493e+01
4.896000000000000085e+01 -7.266162399702605512e+01
4.943999999999999773e+01 -7.289612125323645841e+01
4.992000000000000171e+01 -7.317587855987399337e+01
5.039999999999999858e+01 -7.349274712751272887e+01
5.087999999999999545e+01 -7.334117924657957133e+01
5.135999999999999943e+01 -7.345216552653292297e+01
5.183999999999999631e+01 -7.399344374676454095e+01
5.232000000000000028e+01 -7.425717853051801853e+01
5.279999999999999716e+01 -7.433763862598263472e+01
5.328000000000000114e+01 -7.443472665794436693e+01
5.375999999999999801e+01 -7.466720384139534872e+01
5.423999999999999488e+01 -7.484376064827419839e+01
5.471999999999999886e+01 -7.497922940986966012e+01
5.519999999999999574e+01 -7.535599912295219838e+01
5.567999999999999972e+01 -7.593941203137683260e+01
5.615999999999999659e+01 -7.631011295684788820e+01
5.664000000000000057e+01 -7.645672655390980310e+01
5.711999999999999744e+01 -7.668556840196690416e+01
5.759999999999999432e+01 -7.675224852804026909e+01
5.807999999999999829e+01 -7.667552651656428964e+01
5.855999999999999517e+01 -7.710442466581257293e+01
5.903999999999999915e+01 -7.767480947161877225e+01
5.951999999999999602e+01 -7.778096591094139001e+01
6.000000000000000000e+01 -7.794488591203173655e+01
6.047999999999999687e+01 -7.812578340724287784e+01
6.096000000000000085e+01 -7.818512923524363600e+01
6.143999999999999773e+01 -7.844763763275109625e+01
6.191999999999999460e+01 -7.874495530621031492e+01
6.239999999999999858e+01 -7.906427892994288698e+01
6.287999999999999545e+01 -7.906325138290715415e+01
6.335999999999999943e+01 -7.928089746508804581e+01
6.383999999999999631e+01 -7.958777449733406684e+01
6.431999999999999318e+01 -7.963882661357128256e+01
6.479999999999999716e+01 -7.969045227883393068e+01
6.528000000000000114e+01 -8.020011009169026295e+01
6.575999999999999091e+01 -8.053147774908643441e+01
6.623999999999999488e+01 -8.053373104135269500e+01
6.671999999999999886e+01 -8.072383774676706025e+01
6.720000000000000284e+01 -8.110022954185035360e+01
6.767999999999999261e+01 -8.130065908466878000e+01
6.815999999999999659e+01 -8.119567167187831558e+01
6.864000000000000057e+01 -8.107550643283576619e+01
6.912000000000000455e+01 -8.116931242167531479e+01
6.959999999999999432e+01 -8.122161247456074307e+01
7.007999999999999829e+01 -8.134589961924444879e+01
7.056000000000000227e+01 -8.181864370673666542e+01
7.103999999999999204e+01 -8.234236235179724872e+01
7.151999999999999602e+01 -8.219715407378991756e+01
7.200000000000000000e+01 -8.206131213833019444e+01
7.248000000000000398e+01 -8.241279591521038128e+01
7.295999999999999375e+01 -8.267306407366774579e+01
7.343999999999999773e+01 -8.281896192781017874e+01
7.392000000000000171e+01 -8.301406019722158192e+01
7.439999999999999147e+01 -8.295441574613805358e+01
7.487999999999999545e+01 -8.286971569614968303e+01
7.535999999999999943e+01 -8.322415660278053906e+01
7.584000000000000341e+01 -8.338606775185489539e+01
7.631999999999999318e+01 -8.344415962914078477e+01
7.679999999999999716e+01 -8.375004255195322855e+01
7.728000000000000114e+01 -8.408798412639150399e+01
7.775999999999999091e+01 -8.411443369442748974e+01
7.823999999999999488e+01 -8.407909154770763394e+01
7.871999999999999886e+01 -8.427419482151785246e+01
7.920000000000000284e+01 -8.435608804602867394e+01
7.967999999999999261e+01 -8.453280401469234562e+01
8.015999999999999659e+01 -8.469789155291945804e+01
8.064000000000000057e+01 -8.498867829428085940e+01
8.111999999999999034e+01 -8.475856334726165642e+01
8.159999999999999432e+01 -8.479918244857337584e+01
8.207999999999999829e+01 -8.492488720061707852e+01
8.256000000000000227e+01 -8.511804210315958130e+01
8.303999999999999204e+01 -8.559556608268728439e+01
8.351999999999999602e+01 -8.549776149522435276e+01
8.400000000000000000e+01 -8.509346409566980185e+01
8.447999999999998977e+01 -8.508541040141984979e+01
8.495999999999999375e+01 -8.511836315592665869e+01
8.543999999999999773e+01 -8.533965035543872091e+01
8.592000000000000171e+01 -8.545978687839699717e+01
8.639999999999999147e+01 -8.556865701548096581e+01
8.687999999999999545e+01 -8.575642823265604875e+01
8.735999999999999943e+01 -8.579910142937366402e+01
8.784000000000000341e+01 -8.579431974521079951e+01
8.831999999999999318e+01 -8.594024035895223790e+01
8.879999999999999716e+01 -8.558471834775858156e+01
8.928000000000000114e+01 -8.570572509703214337e+01
8.975999999999999091e+01 -8.602330040770625885e+01
9.023999999999999488e+01 -8.606763639257394516e+01
9.071999999999999886e+01 -8.612790807870371168e+01
9.120000000000000284e+01 -8.632315686522538556e+01
9.167999999999999261e+01 -8.651125952428890287e+01
9.215999999999999659e+01 -8.644938706467104339e+01
9.264000000000000057e+01 -8.624014302811424670e+01
9.311999999999999034e+01 -8.635060655598965695e+01
9.359999999999999432e+01 -8.660146687905987051e+01
9.407999999999999829e+01 -8.654116337963854733e+01
9.456000000000000227e+01 -8.675761118900247482e+01
9.503999999999999204e+01 -8.690525511774899314e+01
9.551999999999999602e+01 -8.690172958148656335e+01
9.600000000000000000e+01 -8.729270356501461947e+01
9.647999999999998977e+01 -8.712318158514025868e+01
9.695999999999999375e+01 -8.703381872444120404e+01
9.743999999999999773e+01 -8.713745446005049189e+01
9.792000000000000171e+01 -8.721023707993987273e+01
9.839999999999999147e+01 -8.720062682152598654e+01
9.887999999999999545e+01 -8.707669054322651903e+01
9.935999999999999943e+01 -8.742397718530263262e+01
9.984000000000000341e+01 -8.772186473506913273e+01
1.003199999999999932e+02 -8.790508719451011643e+01
1.007999999999999972e+02 -8.780387676716594569e+01
1.012800000000000011e+02 -8.768214843603699649e+01
1.017599999999999909e+02 -8.813242952522128348e+01
1.022399999999999949e+02 -8.823894114225184637e+01
1.027199999999999989e+02 -8.835092136620671965e+01
1.032000000000000028e+02 -8.881067113218858822e+01
1.036799999999999926e+02 -8.913904604247692021e+01
1.041599999999999966e+02 -8.930532876965179412e+01
1.046400000000000006e+02 -8.972393310589706061e+01
1.051199999999999903e+02 -9.003509760182842570e+01
1.055999999999999943e+02 -8.951595572984400917e+01
1.060799999999999983e+02 -8.894992779053612253e+01
1.065600000000000023e+02 -9.082233100928945646e+01
1.070399999999999920e+02 -9.239291778643607245e+01
1.075199999999999960e+02 -9.340586047555382265e+01
1.080000000000000000e+02 -9.420791697438615131e+01
1.084799999999999898e+02 -9.492343077364105852e+01
1.089599999999999937e+02 -9.587019342489305984e+01
1.094399999999999977e+02 -9.664748524915060557e+01
1.099200000000000017e+02 -9.733610936653489887e+01
1.103999999999999915e+02 -9.817225952973863912e+01
1.108799999999999955e+02 -9.893884137780297294e+01
1.113599999999999994e+02 -9.953601953744289688e+01
1.118399999999999892e+02 -9.982705009268615015e+01
1.123199999999999932e+02 -1.001027420247256003e+02
1.127999999999999972e+02 -1.005212992756653136e+02
1.132800000000000011e+02 -1.008743696973921260e+02
1.137599999999999909e+02 -1.010191519906177149e+02
1.142399999999999949e+02 -1.008483436626273289e+02
1.147199999999999989e+02 -1.007281911237428176e+02
1.151999999999999886e+02 -1.009803252767459725e+02
1.156799999999999926e+02 -1.007874267106584085e+02
1.161599999999999966e+02 -1.006036167023592611e+02
1.166400000000000006e+02 -1.007159668743322953e+02
1.171199999999999903e+02 -1.006419307674011918e+02
1.175999999999999943e+02 -1.006470415904259994e+02
1.180799999999999983e+02 -1.008567724555354772e+02
1.185600000000000023e+02 -1.009414179541972771e+02
1.190399999999999920e+02 -1.011077884483210880e+02
1.195199999999999960e+02 -1.011306548449419722e+02
1.200000000000000000e+02 -1.008442796868596929e+02
1.204799999999999898e+02 -1.007732171984228557e+02
1.209599999999999937e+02 -1.007603545398327896e+02
1.214399999999999977e+02 -1.008396060938236474e+02
1.219200000000000017e+02 -1.008395205712053979e+02
1.223999999999999915e+02 -1.008152593822563716e+02
