-1.228799999999999892e-01 -7.933424281580062143e+01
-1.223999999999999949e-01 -8.013546663201189801e+01
-1.219199999999999867e-01 -8.091670992980427002e+01
-1.214399999999999924e-01 -8.089740178389280345e+01
-1.209599999999999842e-01 -8.095502849083176500e+01
-1.204799999999999899e-01 -8.064543311967685213e+01
-1.199999999999999956e-01 -8.041422562314812694e+01
-1.195199999999999874e-01 -8.048397454443357901e+01
-1.190399999999999930e-01 -8.056440015737970839e+01
-1.185599999999999848e-01 -8.051023628667269350e+01
-1.180799999999999905e-01 -8.071962750308934176e+01
-1.175999999999999962e-01 -8.072949381784579259e+01
-1.171199999999999880e-01 -8.079754104716842278e+01
-1.166399999999999937e-01 -8.103470310242494179e+01
-1.161599999999999855e-01 -8.089297079430392046e+01
-1.156799999999999912e-01 -8.068230755234266383e+01
-1.151999999999999968e-01 -8.057827868352028133e+01
-1.147199999999999886e-01 -8.043585641078983883e+01
-1.142399999999999943e-01 -8.040743343111073216e+01
-1.137599999999999861e-01 -8.045407892325283683e+01
-1.132799999999999918e-01 -8.022651881633821347e+01
-1.127999999999999836e-01 -7.956979947885270121e+01
-1.123199999999999893e-01 -7.840573487529208307e+01
-1.118399999999999950e-01 -7.725398889511406253e+01
-1.113599999999999868e-01 -7.642594415244546724e+01
-1.108799999999999925e-01 -7.512934131363330437e+01
-1.103999999999999843e-01 -7.366616625402221530e+01
-1.099199999999999899e-01 -7.221162903365724617e+01
-1.094399999999999956e-01 -7.083121103783193462e+01
-1.089599999999999874e-01 -6.941370482185307367e+01
-1.084799999999999931e-01 -6.840510206796496107e+01
-1.079999999999999849e-01 -6.733170316347774076e+01
-1.075199999999999906e-01 -6.626735988121552623e+01
-1.070399999999999963e-01 -6.512059936419639428e+01
-1.065599999999999881e-01 -6.408083030485607878e+01
-1.060799999999999937e-01 -6.324093191340723763e+01
-1.055999999999999855e-01 -6.237868082085539356e+01
-1.051199999999999912e-01 -6.193405456350894411e+01
-1.046399999999999969e-01 -6.149537560527036817e+01
-1.041599999999999887e-01 -6.092292710959554114e+01
-1.036799999999999944e-01 -6.032019762127220730e+01
-1.031999999999999862e-01 -5.968952681225519541e+01
-1.027199999999999919e-01 -5.927450060383925035e+01
-1.022399999999999975e-01 -5.872600576769345082e+01
-1.017599999999999894e-01 -5.844723656192137895e+01
-1.012799999999999950e-01 -5.829430072469378388e+01
-1.007999999999999868e-01 -5.823487457718739790e+01
-1.003199999999999925e-01 -5.821653483817645736e+01
-9.983999999999998431e-02 -5.801267854000752777e+01
-9.935999999999998999e-02 -5.791131887855179627e+01
-9.887999999999999567e-02 -5.778066736799675596e+01
-9.839999999999998748e-02 -5.776612248756669032e+01
-9.791999999999999316e-02 -5.779033962316935913e+01
-9.743999999999998496e-02 -5.738711504054137436e+01
-9.695999999999999064e-02 -5.733285186878031681e+01
-9.647999999999999632e-02 -5.716292469944001198e+01
-9.599999999999998812e-02 -5.699006087877067728e+01
-9.551999999999999380e-02 -5.688023107822061064e+01
-9.503999999999998560e-02 -5.681320147110469065e+01
-9.455999999999999128e-02 -5.693421975548087488e+01
-9.407999999999999696e-02 -5.661687821671110044e+01
-9.359999999999998876e-02 -5.618778626582446378e+01
-9.311999999999999444e-02 -5.595232097522988823e+01
-9.263999999999998625e-02 -5.596408680392281099e+01
-9.215999999999999193e-02 -5.592703345994459596e+01
-9.167999999999999761e-02 -5.565398551785076364e+01
-9.119999999999998941e-02 -5.522177657092182557e+01
-9.071999999999999509e-02 -5.511082915334139187e+01
-9.023999999999998689e-02 -5.508037154768230437e+01
-8.975999999999999257e-02 -5.525009562179776168e+01
-8.927999999999999825e-02 -5.543656907278655410e+01
-8.879999999999999005e-02 -5.521046205082133440e+01
-8.831999999999999573e-02 -5.476784086079237568e+01
-8.783999999999998753e-02 -5.436173411907402908e+01
-8.735999999999999321e-02 -5.443470545818800588e+01
-8.687999999999999889e-02 -5.451934216410315059e+01
-8.639999999999999070e-02 -5.419435090040651914e+01
-8.591999999999999638e-02 -5.403988821372797702e+01
-8.543999999999998818e-02 -5.396828294690591576e+01
-8.495999999999999386e-02 -5.401507095741902731e+01
-8.447999999999999954e-02 -5.360718164127057861e+01
-8.399999999999999134e-02 -5.331084455990215787e+01
-8.351999999999999702e-02 -5.338232659893751020e+01
-8.303999999999998882e-02 -5.328092651682556635e+01
-8.255999999999999450e-02 -5.298521565516809062e+01
-8.207999999999998630e-02 -5.310699369277061521e+01
-8.159999999999999198e-02 -5.305464884204339882e+01
-8.111999999999999766e-02 -5.300990879037671277e+01
-8.063999999999998947e-02 -5.278340590629787243e+01
-8.015999999999999515e-02 -5.289862295619097665e+01
-7.967999999999998695e-02 -5.248643343144031093e+01
-7.919999999999999263e-02 -5.211474228066668957e+01
-7.871999999999999831e-02 -5.225723263955696041e+01
-7.823999999999999011e-02 -5.223227732232012244e+01
-7.775999999999999579e-02 -5.235284301265722462e+01
-7.727999999999998759e-02 -5.241283600579401991e+01
-7.679999999999999327e-02 -5.202862525813437600e+01
-7.631999999999999895e-02 -5.182799902838978312e+01
-7.583999999999999075e-02 -5.184172085963992771e+01
-7.535999999999999643e-02 -5.184487149004028339e+01
-7.487999999999998824e-02 -5.177962124070788974e+01
-7.439999999999999392e-02 -5.155750654028368274e+01
-7.391999999999999960e-02 -5.149657932114791237e+01
-7.343999999999999140e-02 -5.177948630502122285e+01
-7.295999999999999708e-02 -5.158938608334939602e+01
-7.247999999999998888e-02 -5.135490471622852482e+01
-7.199999999999999456e-02 -5.127070333983202488e+01
-7.152000000000000024e-02 -5.124557935885739113e+01
-7.103999999999999204e-02 -5.127905397582449609e+01
-7.055999999999999772e-02 -5.103968754818655640e+01
-7.007999999999998952e-02 -5.074518315674743718e+01
-6.959999999999999520e-02 -5.064161188914391687e+01
-6.911999999999998701e-02 -5.061979294390849304e+01
-6.863999999999999269e-02 -5.041107497848689434e+01
-6.815999999999999837e-02 -5.014230802412721744e+01
-6.767999999999999017e-02 -5.031847232226643030e+01
-6.719999999999999585e-02 -5.026757263598263137e+01
-6.671999999999998765e-02 -4.997400887247781043e+01
-6.623999999999999333e-02 -4.996982152963165902e+01
-6.575999999999999901e-02 -4.982952657745148883e+01
-6.527999999999999081e-02 -4.973068935517438405e+01
-6.479999999999999649e-02 -4.964553576772397037e+01
-6.431999999999998829e-02 -4.950788332026413485e+01
-6.383999999999999397e-02 -4.909796693004687995e+01
-6.335999999999999965e-02 -4.889693397977707434e+01
-6.287999999999999146e-02 -4.870121482879344654e+01
-6.239999999999999714e-02 -4.866932516792114427e+01
-6.191999999999999588e-02 -4.883363343318870875e+01
-6.143999999999999462e-02 -4.847764258792692260e+01
-6.095999999999999336e-02 -4.808763688735655961e+01
-6.047999999999999210e-02 -4.818005749845227825e+01
-5.999999999999999778e-02 -4.842610809785054471e+01
-5.951999999999999652e-02 -4.814112806938738487e+01
-5.903999999999999526e-02 -4.793150282646257665e+01
-5.855999999999999400e-02 -4.758338457069457661e+01
-5.807999999999999274e-02 -4.704350949829711226e+01
-5.759999999999999842e-02 -4.716463020032158937e+01
-5.711999999999999716e-02 -4.689874150498945937e+01
-5.663999999999999591e-02 -4.665766535321947117e+01
-5.615999999999999465e-02 -4.676046812200255687e+01
-5.567999999999999339e-02 -4.651349129544517069e+01
-5.519999999999999213e-02 -4.629060283450154856e+01
-5.471999999999999781e-02 -4.621391107056077630e+01
-5.423999999999999655e-02 -4.590283204964313768e+01
-5.375999999999999529e-02 -4.528280372288718070e+01
-5.327999999999999403e-02 -4.518570726044372776e+01
-5.279999999999999277e-02 -4.503371469114099312e+01
-5.231999999999999845e-02 -4.500655043071293449e+01
-5.183999999999999719e-02 -4.485617805415970594e+01
-5.135999999999999593e-02 -4.461597390417410480e+01
-5.087999999999999468e-02 -4.437073213950868933e+01
-5.039999999999999342e-02 -4.396464643564233654e+01
-4.991999999999999216e-02 -4.366343113646370000e+01
-4.943999999999999784e-02 -4.304733141854811862e+01
-4.895999999999999658e-02 -4.266226639922226127e+01
-4.847999999999999532e-02 -4.261285071107971589e+01
-4.799999999999999406e-02 -4.269000084382447113e+01
-4.751999999999999280e-02 -4.242126081108392555e+01
-4.703999999999999848e-02 -4.211919324758969196e+01
-4.655999999999999722e-02 -4.192510804659751500e+01
-4.607999999999999596e-02 -4.176360123874219710e+01
-4.559999999999999470e-02 -4.168789806648584317e+01
-4.511999999999999345e-02 -4.127684784651800953e+01
-4.463999999999999913e-02 -4.079576619969598994e+01
-4.415999999999999787e-02 -4.046216960436617427e+01
-4.367999999999999661e-02 -4.003909262062849450e+01
-4.319999999999999535e-02 -3.978444797483862061e+01
-4.271999999999999409e-02 -3.966077669246051585e+01
-4.223999999999999977e-02 -3.926874266869683794e+01
-4.175999999999999851e-02 -3.862576864253666287e+01
-4.127999999999999725e-02 -3.824758329611044161e+01
-4.079999999999999599e-02 -3.829085422507441194e+01
-4.031999999999999473e-02 -3.825130225300014786e+01
-3.983999999999999347e-02 -3.812547443512485756e+01
-3.935999999999999915e-02 -3.752158486740390941e+01
-3.887999999999999790e-02 -3.685151366012336638e+01
-3.839999999999999664e-02 -3.653784150869549308e+01
-3.791999999999999538e-02 -3.632186626889726000e+01
-3.743999999999999412e-02 -3.579985348352890639e+01
-3.695999999999999980e-02 -3.542739047383921047e+01
-3.647999999999999854e-02 -3.545173150375450177e+01
-3.599999999999999728e-02 -3.512692749108141754e+01
-3.551999999999999602e-02 -3.441669197773271094e+01
-3.503999999999999476e-02 -3.402167792345035480e+01
-3.455999999999999350e-02 -3.392220487288165742e+01
-3.407999999999999918e-02 -3.366404342417600049e+01
-3.359999999999999792e-02 -3.331285856387815869e+01
-3.311999999999999666e-02 -3.312334507490032820e+01
-3.263999999999999541e-02 -3.302796933481253205e+01
-3.215999999999999415e-02 -3.255319013433577879e+01
-3.167999999999999983e-02 -3.220198454011713807e+01
-3.119999999999999857e-02 -3.198403349934196171e+01
-3.071999999999999731e-02 -3.150637925860068833e+01
-3.023999999999999605e-02 -3.106832443873251393e+01
-2.975999999999999826e-02 -3.072035253404148492e+01
-2.927999999999999700e-02 -3.033820983666674209e+01
-2.879999999999999921e-02 -2.990540575547781188e+01
-2.831999999999999795e-02 -2.958715908559559793e+01
-2.783999999999999669e-02 -2.934498795231091606e+01
-2.735999999999999890e-02 -2.875886188116869135e+01
-2.687999999999999765e-02 -2.793694715491752945e+01
-2.639999999999999639e-02 -2.734695454437335727e+01
-2.591999999999999860e-02 -2.655773833120127136e+01
-2.543999999999999734e-02 -2.593177196909064008e+01
-2.495999999999999608e-02 -2.552697015985909346e+01
-2.447999999999999829e-02 -2.517514983543476248e+01
-2.399999999999999703e-02 -2.454190045282241783e+01
-2.351999999999999924e-02 -2.402331449213315295e+01
-2.303999999999999798e-02 -2.375834800933837698e+01
-2.255999999999999672e-02 -2.339101011532786600e+01
-2.207999999999999893e-02 -2.280160221480745975e+01
-2.159999999999999767e-02 -2.233767082136189330e+01
-2.111999999999999988e-02 -2.148516019167274393e+01
-2.063999999999999863e-02 -2.101764955888030784e+01
-2.015999999999999737e-02 -2.066364871113055202e+01
-1.967999999999999958e-02 -2.023363663225097753e+01
-1.919999999999999832e-02 -2.009703039661845025e+01
-1.871999999999999706e-02 -1.996866211766454313e+01
-1.823999999999999927e-02 -1.949637055047413625e+01
-1.775999999999999801e-02 -1.884645446595213514e+01
-1.727999999999999675e-02 -1.870198322673564917e+01
-1.679999999999999896e-02 -1.867126975281125567e+01
-1.631999999999999770e-02 -1.833924954122565865e+01
-1.583999999999999991e-02 -1.798620526073759507e+01
-1.535999999999999865e-02 -1.765652277724362307e+01
-1.487999999999999913e-02 -1.750484750092700637e+01
-1.439999999999999961e-02 -1.716891481258634045e+01
-1.391999999999999835e-02 -1.668194720755151650e+01
-1.343999999999999882e-02 -1.661328791203479938e+01
-1.295999999999999930e-02 -1.634165858573631880e+01
-1.247999999999999804e-02 -1.581187405215837494e+01
-1.199999999999999852e-02 -1.571635183550004911e+01
-1.151999999999999899e-02 -1.559573605467746304e+01
-1.103999999999999947e-02 -1.530139867204432846e+01
-1.055999999999999994e-02 -1.442818688969735064e+01
-1.007999999999999868e-02 -3.816561582890036330e+00
-9.599999999999999159e-03 4.258276050662787249e+00
-9.119999999999999635e-03 6.862608615107673060e+00
-8.639999999999998376e-03 7.064428771414879016e+00
-8.159999999999998851e-03 7.063619157749233324e+00
-7.679999999999999327e-03 7.234630836029608325e+00
-7.199999999999999803e-03 7.326910749437534953e+00
-6.719999999999999411e-03 7.157465586416984493e+00
-6.239999999999999020e-03 7.196144572163368558e+00
-5.759999999999999495e-03 7.356679189588430035e+00
-5.279999999999999971e-03 7.345985065221764643e+00
-4.799999999999999580e-03 7.367670873523247899e+00
-4.319999999999999188e-03 7.185819218392083485e+00
-3.839999999999999664e-03 7.076005763525420100e+00
-3.359999999999999706e-03 7.061418810851490591e+00
-2.879999999999999748e-03 7.052886590604088290e+00
-2.399999999999999790e-03 7.153423768365331448e+00
-1.919999999999999832e-03 7.085455888452044881e+00
-1.439999999999999874e-03 7.117477744012906449e+00
-9.599999999999999159e-04 7.187756657168675289e+00
-4.799999999999999580e-04 7.064559748698348685e+00
0.000000000000000000e+00 7.018089645391127007e+00
4.799999999999999580e-04 7.254275647482415934e+00
9.599999999999999159e-04 7.626167500350850226e+00
1.439999999999999874e-03 7.256502155883116423e+00
1.919999999999999832e-03 6.885151145588208621e+00
2.399999999999999790e-03 7.108455854107106120e+00
2.879999999999999748e-03 7.292502496082473584e+00
3.359999999999999706e-03 7.455639266937382992e+00
3.839999999999999664e-03 7.209435443871269555e+00
4.319999999999999188e-03 6.887936083810127563e+00
4.799999999999999580e-03 6.936454241318951830e+00
5.279999999999999971e-03 7.066864733520846542e+00
5.759999999999999495e-03 7.047221897645816746e+00
6.239999999999999020e-03 6.936854469746933205e+00
6.719999999999999411e-03 6.984130133103839455e+00
7.199999999999999803e-03 7.102631938037193393e+00
7.679999999999999327e-03 6.905161605883151310e+00
8.159999999999998851e-03 6.935111646876853442e+00
8.639999999999998376e-03 6.989400172304842229e+00
9.119999999999999635e-03 6.636974213643895837e+00
9.599999999999999159e-03 3.959541658132809339e+00
1.007999999999999868e-02 -4.251039948069751162e+00
1.055999999999999994e-02 -1.528139858112244553e+01
1.103999999999999947e-02 -1.645676931918498553e+01
1.151999999999999899e-02 -1.661929537593891482e+01
1.199999999999999852e-02 -1.693992721959446968e+01
1.247999999999999804e-02 -1.754981849862752341e+01
1.295999999999999930e-02 -1.770490921861865630e+01
1.343999999999999882e-02 -1.779714840563215361e+01
1.391999999999999835e-02 -1.778099775743400812e+01
1.439999999999999961e-02 -1.800694701582685653e+01
1.487999999999999913e-02 -1.861055141907236532e+01
1.535999999999999865e-02 -1.886658276910691256e+01
1.583999999999999991e-02 -1.915203013126547305e+01
1.631999999999999770e-02 -1.953589336737606175e+01
1.679999999999999896e-02 -1.963973517314881434e+01
1.727999999999999675e-02 -2.007062585668717247e+01
1.775999999999999801e-02 -2.086498612621872084e+01
1.823999999999999927e-02 -2.128499549187222328e+01
1.871999999999999706e-02 -2.157165662556483099e+01
1.919999999999999832e-02 -2.165827805117416460e+01
1.967999999999999958e-02 -2.193762489027949769e+01
2.015999999999999737e-02 -2.221394532409932054e+01
2.063999999999999863e-02 -2.270981015296838734e+01
2.111999999999999988e-02 -2.349244278077037151e+01
2.159999999999999767e-02 -2.364512960754787230e+01
2.207999999999999893e-02 -2.374035468376088431e+01
2.255999999999999672e-02 -2.425275379767732531e+01
2.303999999999999798e-02 -2.457332916718843663e+01
2.351999999999999924e-02 -2.516300814716678858e+01
2.399999999999999703e-02 -2.564196861338265165e+01
2.447999999999999829e-02 -2.617442738939231361e+01
2.495999999999999608e-02 -2.649592269099345643e+01
2.543999999999999734e-02 -2.697203579442044941e+01
2.591999999999999860e-02 -2.762175202875502222e+01
2.639999999999999639e-02 -2.826115791956222267e+01
2.687999999999999765e-02 -2.866134398111178072e+01
2.735999999999999890e-02 -2.930059056653480454e+01
2.783999999999999669e-02 -2.978849193640071036e+01
2.831999999999999795e-02 -3.017379698392375431e+01
2.879999999999999921e-02 -3.061259070060239651e+01
2.927999999999999700e-02 -3.066170223998444300e+01
2.975999999999999826e-02 -3.105244814490735550e+01
3.023999999999999605e-02 -3.131894578276306262e+01
3.071999999999999731e-02 -3.155290119409702143e+01
3.119999999999999857e-02 -3.179037299159717023e+01
3.167999999999999983e-02 -3.205995802702681630e+01
3.215999999999999415e-02 -3.240782790345866715e+01
3.263999999999999541e-02 -3.243097356777213491e+01
3.311999999999999666e-02 -3.267663936347636877e+01
3.359999999999999792e-02 -3.329522425137772501e+01
3.407999999999999918e-02 -3.352034201502511479e+01
3.455999999999999350e-02 -3.374413726564349503e+01
3.503999999999999476e-02 -3.387324312226343181e+01
3.551999999999999602e-02 -3.410027416766917696e+01
3.599999999999999728e-02 -3.445371602283152157e+01
3.647999999999999854e-02 -3.465421776908584661e+01
3.695999999999999980e-02 -3.512247601839897015e+01
3.743999999999999412e-02 -3.530374103521190676e+01
3.791999999999999538e-02 -3.559901428157670011e+01
3.839999999999999664e-02 -3.613132269155335052e+01
3.887999999999999790e-02 -3.637629267715339410e+01
3.935999999999999915e-02 -3.680769139711004811e+01
3.983999999999999347e-02 -3.715903201753726393e+01
4.031999999999999473e-02 -3.722818569406150147e+01
4.079999999999999599e-02 -3.743583621527777439e+01
4.127999999999999725e-02 -3.783250577154976213e+01
4.175999999999999851e-02 -3.789954000408868495e+01
4.223999999999999977e-02 -3.796195846109307581e+01
4.271999999999999409e-02 -3.834744808085486056e+01
4.319999999999999535e-02 -3.885024377147411201e+01
4.367999999999999661e-02 -3.928617798676938833e+01
4.415999999999999787e-02 -3.941397767460932755e+01
4.463999999999999913e-02 -3.967723736290163572e+01
4.511999999999999345e-02 -4.004123198833674735e+01
4.559999999999999470e-02 -4.065137086824412904e+01
4.607999999999999596e-02 -4.066753943124419379e+01
4.655999999999999722e-02 -4.084383780797249841e+01
4.703999999999999848e-02 -4.130830780490225607e+01
4.751999999999999280e-02 -4.177203610466391126e+01
4.799999999999999406e-02 -4.170100747759501303e+01
4.847999999999999532e-02 -4.185007501019266840e+01
4.895999999999999658e-02 -4.245098813586957931e+01
4.943999999999999784e-02 -4.271706269032171832e+01
4.991999999999999216e-02 -4.304567668473282538e+01
5.039999999999999342e-02 -4.330938792190693221e+01
5.087999999999999468e-02 -4.328351942563535459e+01
5.135999999999999593e-02 -4.337970165874491357e+01
5.183999999999999719e-02 -4.382241348190564878e+01
5.231999999999999845e-02 -4.425409873230027813e+01
5.279999999999999277e-02 -4.417478398493020819e+01
5.327999999999999403e-02 -4.431060381981286866e+01
5.375999999999999529e-02 -4.473446276677148603e+01
5.423999999999999655e-02 -4.504529882357918069e+01
5.471999999999999781e-02 -4.524977433287286743e+01
5.519999999999999213e-02 -4.561022937658329113e+01
5.567999999999999339e-02 -4.604031924844176160e+01
5.615999999999999465e-02 -4.640129885846232582e+01
5.663999999999999591e-02 -4.658438655659631422e+01
5.711999999999999716e-02 -4.692223284359041457e+01
5.759999999999999842e-02 -4.727694885988181284e+01
5.807999999999999274e-02 -4.750914718694673411e+01
5.855999999999999400e-02 -4.768668385312697922e+01
5.903999999999999526e-02 -4.797791771340555300e+01
5.951999999999999652e-02 -4.815882251367259670e+01
5.999999999999999778e-02 -4.815597806895943478e+01
6.047999999999999210e-02 -4.827567418434576751e+01
6.095999999999999336e-02 -4.861177904882531919e+01
6.143999999999999462e-02 -4.903143202446609905e+01
6.191999999999999588e-02 -4.902237754392544389e+01
6.239999999999999714e-02 -4.923937932133016204e+01
6.287999999999999146e-02 -4.968396876968257203e+01
6.335999999999999965e-02 -4.979879639215592135e+01
6.383999999999999397e-02 -5.004336423517760579e+01
6.431999999999998829e-02 -5.024983938490422730e+01
6.479999999999999649e-02 -5.033558229792191696e+01
6.527999999999999081e-02 -5.037001498620396944e+01
6.575999999999999901e-02 -5.075352723579207748e+01
6.623999999999999333e-02 -5.111498645789281881e+01
6.671999999999998765e-02 -5.100419387389513304e+01
6.719999999999999585e-02 -5.126883823489023939e+01
6.767999999999999017e-02 -5.171772785352511903e+01
6.815999999999999837e-02 -5.151614292028455822e+01
6.863999999999999269e-02 -5.150338761612527350e+01
6.911999999999998701e-02 -5.187451095369595322e+01
6.959999999999999520e-02 -5.196675243665023913e+01
7.007999999999998952e-02 -5.214835885585901565e+01
7.055999999999999772e-02 -5.265953639399717900e+01
7.103999999999999204e-02 -5.263494575278109977e+01
7.152000000000000024e-02 -5.270947224396283559e+01
7.199999999999999456e-02 -5.308953220044760002e+01
7.247999999999998888e-02 -5.316526207193380316e+01
7.295999999999999708e-02 -5.345767786155364831e+01
7.343999999999999140e-02 -5.352219746077903295e+01
7.391999999999999960e-02 -5.365867382165281185e+01
7.439999999999999392e-02 -5.371103516570387626e+01
7.487999999999998824e-02 -5.351365488886318644e+01
7.535999999999999643e-02 -5.375646445571477727e+01
7.583999999999999075e-02 -5.398166995905356913e+01
7.631999999999999895e-02 -5.434822103372674462e+01
7.679999999999999327e-02 -5.449926073633483270e+01
7.727999999999998759e-02 -5.462609423483853988e+01
7.775999999999999579e-02 -5.480156945475936681e+01
7.823999999999999011e-02 -5.491770740029473785e+01
7.871999999999999831e-02 -5.482806855828754777e+01
7.919999999999999263e-02 -5.474836609148336919e+01
7.967999999999998695e-02 -5.476632129306207020e+01
8.015999999999999515e-02 -5.491911762768074823e+01
8.063999999999998947e-02 -5.501938084609017210e+01
8.111999999999999766e-02 -5.546401390694492761e+01
8.159999999999999198e-02 -5.563911911035692270e+01
8.207999999999998630e-02 -5.551137311392250240e+01
8.255999999999999450e-02 -5.549177102264653172e+01
8.303999999999998882e-02 -5.570279430505613760e+01
8.351999999999999702e-02 -5.576996449709938730e+01
8.399999999999999134e-02 -5.592235885872003109e+01
8.447999999999999954e-02 -5.619506849368045209e+01
8.495999999999999386e-02 -5.615115856152500839e+01
8.543999999999998818e-02 -5.614733500038759928e+01
8.591999999999999638e-02 -5.625657041123461966e+01
8.639999999999999070e-02 -5.635636135538815950e+01
8.687999999999999889e-02 -5.669553501198468126e+01
8.735999999999999321e-02 -5.671994392084411629e+01
8.783999999999998753e-02 -5.673577986348990976e+01
8.831999999999999573e-02 -5.673432464746726112e+01
8.879999999999999005e-02 -5.683281703679283225e+01
8.927999999999999825e-02 -5.693689175343890696e+01
8.975999999999999257e-02 -5.705006198670851347e+01
9.023999999999998689e-02 -5.705485351928594184e+01
9.071999999999999509e-02 -5.707591739202104009e+01
9.119999999999998941e-02 -5.749825808619781498e+01
9.167999999999999761e-02 -5.758828075979742778e+01
9.215999999999999193e-02 -5.758312136873744436e+01
9.263999999999998625e-02 -5.761916862642438275e+01
9.311999999999999444e-02 -5.791123483257577931e+01
9.359999999999998876e-02 -5.819661007181743173e+01
9.407999999999999696e-02 -5.819259398754866197e+01
9.455999999999999128e-02 -5.800358737643132656e+01
9.503999999999998560e-02 -5.799052014914754238e+01
9.551999999999999380e-02 -5.801201670810011990e+01
9.599999999999998812e-02 -5.807092926180517622e+01
9.647999999999999632e-02 -5.832852602518741492e+01
9.695999999999999064e-02 -5.859783562681677438e+01
9.743999999999998496e-02 -5.859735734357109038e+01
9.791999999999999316e-02 -5.856329013411726692e+01
9.839999999999998748e-02 -5.837899098950659038e+01
9.887999999999999567e-02 -5.852834574256527134e+01
9.935999999999998999e-02 -5.871372252435889294e+01
9.983999999999998431e-02 -5.862240446111947989e+01
1.003199999999999925e-01 -5.889531119873230125e+01
1.007999999999999868e-01 -5.926898961217953854e+01
1.012799999999999950e-01 -5.940280531065383229e+01
1.017599999999999894e-01 -5.958109095922463183e+01
1.022399999999999975e-01 -5.992362783485848610e+01
1.027199999999999919e-01 -6.026506430085827759e+01
1.031999999999999862e-01 -6.050710225940215281e+01
1.036799999999999944e-01 -6.087682135238178915e+01
1.041599999999999887e-01 -6.152945360724722690e+01
1.046399999999999969e-01 -6.224883257188209029e+01
1.051199999999999912e-01 -6.285762032332889504e+01
1.055999999999999855e-01 -6.330410343863992040e+01
1.060799999999999937e-01 -6.392491118343700407e+01
1.065599999999999881e-01 -6.505343896008200488e+01
1.070399999999999963e-01 -6.586202812101718962e+01
1.075199999999999906e-01 -6.652040403777679956e+01
1.079999999999999849e-01 -6.756960058108978728e+01
1.084799999999999931e-01 -6.892857651386593432e+01
1.089599999999999874e-01 -6.997582263998424423e+01
1.094399999999999956e-01 -7.087159566475239103e+01
1.099199999999999899e-01 -7.215245587467953214e+01
1.103999999999999843e-01 -7.383145618903790819e+01
1.108799999999999925e-01 -7.534290458878919594e+01
1.113599999999999868e-01 -7.678271511540644667e+01
1.118399999999999950e-01 -7.791393464935171664e+01
1.123199999999999893e-01 -7.866020918664054307e+01
1.127999999999999836e-01 -7.939694501215259947e+01
1.132799999999999918e-01 -8.019371244017015954e+01
1.137599999999999861e-01 -8.035211785917901750e+01
1.142399999999999943e-01 -8.028675814453917781e+01
1.147199999999999886e-01 -8.042583264840877177e+01
1.151999999999999968e-01 -8.034675249504982730e+01
1.156799999999999912e-01 -8.053655824691277587e+01
1.161599999999999855e-01 -8.062744038172496630e+01
1.166399999999999937e-01 -8.052979569916844582e+01
1.171199999999999880e-01 -8.056164470605591532e+01
1.175999999999999962e-01 -8.072263801282468876e+01
1.180799999999999905e-01 -8.076237225519602703e+01
1.185599999999999848e-01 -8.068567614177412395e+01
1.190399999999999930e-01 -8.062264855203791569e+01
1.195199999999999874e-01 -8.066772218548861417e+01
1.199999999999999956e-01 -8.058549244674340173e+01
1.204799999999999899e-01 -8.060641601567570547e+01
1.209599999999999842e-01 -8.062380413976399041e+01
1.214399999999999924e-01 -8.075722341843439267e+01
1.219199999999999867e-01 -8.074503070441966202e+01
1.223999999999999949e-01 -8.011164817434192287e+01
