-1.228799999999999955e+02 -9.789032287299293955e+01
-1.223999999999999915e+02 -1.013796321414744170e+02
-1.219200000000000017e+02 -1.051136464802113437e+02
-1.214399999999999977e+02 -1.052391646476928315e+02
-1.209599999999999937e+02 -1.053862500350874711e+02
-1.204799999999999898e+02 -1.053361944665067398e+02
-1.200000000000000000e+02 -1.051863773487884259e+02
-1.195199999999999960e+02 -1.053368190675880669e+02
-1.190399999999999920e+02 -1.055662740841754896e+02
-1.185600000000000023e+02 -1.055713419038647061e+02
-1.180799999999999983e+02 -1.053046745883731603e+02
-1.175999999999999943e+02 -1.053744518546961473e+02
-1.171199999999999903e+02 -1.054523576103065921e+02
-1.166400000000000006e+02 -1.051624924063575861e+02
-1.161599999999999966e+02 -1.052470350851629490e+02
-1.156799999999999926e+02 -1.049289771898107801e+02
-1.151999999999999886e+02 -1.049652866272607667e+02
-1.147199999999999989e+02 -1.052413135940779796e+02
-1.142399999999999949e+02 -1.051773355212856416e+02
-1.137599999999999909e+02 -1.050822002331300951e+02
-1.132800000000000011e+02 -1.048392025685572406e+02
-1.127999999999999972e+02 -1.042557359796339256e+02
-1.123199999999999932e+02 -1.034137014915521888e+02
-1.118399999999999892e+02 -1.024060548357193738e+02
-1.113599999999999994e+02 -1.011099582673911925e+02
-1.108799999999999955e+02 -9.951241140676219743e+01
-1.103999999999999915e+02 -9.822420769719991540e+01
-1.099200000000000017e+02 -9.657193347940440731e+01
-1.094399999999999977e+02 -9.487856117679262979e+01
-1.089599999999999937e+02 -9.366247494688217046e+01
-1.084799999999999898e+02 -9.270929315917044278e+01
-1.080000000000000000e+02 -9.150839547722799239e+01
-1.075199999999999960e+02 -9.053809085279971214e+01
-1.070399999999999920e+02 -8.961055400731609666e+01
-1.065600000000000023e+02 -8.856353426545334173e+01
-1.060799999999999983e+02 -8.777460690303399815e+01
-1.055999999999999943e+02 -8.692275544968232737e+01
-1.051199999999999903e+02 -8.637435051334580294e+01
-1.046400000000000006e+02 -8.579023402613501048e+01
-1.041599999999999966e+02 -8.518032756967596697e+01
-1.036799999999999926e+02 -8.456639478965703915e+01
-1.032000000000000028e+02 -8.402491127097219703e+01
-1.027199999999999989e+02 -8.359243170057396810e+01
-1.022399999999999949e+02 -8.322725924045586510e+01
-1.017599999999999909e+02 -8.305767990388397948e+01
-1.012800000000000011e+02 -8.281404030779556535e+01
-1.007999999999999972e+02 -8.265167920166489068e+01
-1.003199999999999932e+02 -8.271402273732759625e+01
-9.984000000000000341e+01 -8.253628939810838006e+01
-9.935999999999999943e+01 -8.260797818689727023e+01
-9.887999999999999545e+01 -8.261068530576201852e+01
-9.839999999999999147e+01 -8.244650966658210223e+01
-9.792000000000000171e+01 -8.234157828550675617e+01
-9.743999999999999773e+01 -8.180889768956984653e+01
-9.695999999999999375e+01 -8.173169609184145656e+01
-9.647999999999998977e+01 -8.147050530148037240e+01
-9.600000000000000000e+01 -8.125202999725679831e+01
-9.551999999999999602e+01 -8.126934042530351121e+01
-9.503999999999999204e+01 -8.129435365052742668e+01
-9.456000000000000227e+01 -8.137912427238592272e+01
-9.407999999999999829e+01 -8.099529555894717703e+01
-9.359999999999999432e+01 -8.060225906598326162e+01
-9.311999999999999034e+01 -8.062262318861019139e+01
-9.264000000000000057e+01 -8.056617324509042533e+01
-9.215999999999999659e+01 -8.040884105499446832e+01
-9.167999999999999261e+01 -8.006864826086192011e+01
-9.120000000000000284e+01 -7.962330364528730797e+01
-9.071999999999999886e+01 -7.959001206424163399e+01
-9.023999999999999488e+01 -7.968986207184242687e+01
-8.975999999999999091e+01 -7.975379374979547720e+01
-8.928000000000000114e+01 -7.990536077936832271e+01
-8.879999999999999716e+01 -7.972812254946273924e+01
-8.831999999999999318e+01 -7.920988946522699337e+01
-8.784000000000000341e+01 -7.890824940682253441e+01
-8.735999999999999943e+01 -7.885188296298244381e+01
-8.687999999999999545e+01 -7.885809266245809113e+01
-8.639999999999999147e+01 -7.873477718850337226e+01
-8.592000000000000171e+01 -7.862879453595704149e+01
-8.543999999999999773e+01 -7.850435199344217096e+01
-8.495999999999999375e+01 -7.847379838476048519e+01
-8.447999999999998977e+01 -7.811867806326495156e+01
-8.400000000000000000e+01 -7.783842503369560006e+01
-8.351999999999999602e+01 -7.787146927875708968e+01
-8.303999999999999204e+01 -7.777218967991133525e+01
-8.256000000000000227e+01 -7.754946812023467828e+01
-8.207999999999999829e+01 -7.761137292563901724e+01
-8.159999999999999432e+01 -7.742272453100729024e+01
-8.111999999999999034e+01 -7.738497530009404102e+01
-8.064000000000000057e+01 -7.717015110548437917e+01
-8.015999999999999659e+01 -7.737296959792126927e+01
-7.967999999999999261e+01 -7.696641746542866258e+01
-7.920000000000000284e+01 -7.664366160890332935e+01
-7.871999999999999886e+01 -7.681430521788045951e+01
-7.823999999999999488e+01 -7.673121159725651808e+01
-7.775999999999999091e+01 -7.666936270703332923e+01
-7.728000000000000114e+01 -7.679669303740814712e+01
-7.679999999999999716e+01 -7.660848598954858346e+01
-7.631999999999999318e+01 -7.639348621332680978e+01
-7.584000000000000341e+01 -7.643431799555895623e+01
-7.535999999999999943e+01 -7.643211185758762838e+01
-7.487999999999999545e+01 -7.626152380497657646e+01
-7.439999999999999147e+01 -7.599930769314192958e+01
-7.392000000000000171e+01 -7.605102621970223709e+01
-7.343999999999999773e+01 -7.619801662277519938e+01
-7.295999999999999375e+01 -7.602248895341345758e+01
-7.248000000000000398e+01 -7.584119986860073936e+01
-7.200000000000000000e+01 -7.581855370874882283e+01
-7.151999999999999602e+01 -7.594047399370425921e+01
-7.103999999999999204e+01 -7.592996351190522830e+01
-7.056000000000000227e+01 -7.553789561423944576e+01
-7.007999999999999829e+01 -7.526790391525005930e+01
-6.959999999999999432e+01 -7.506628529005718065e+01
-6.912000000000000455e+01 -7.505763363795915666e+01
-6.864000000000000057e+01 -7.493009599886705985e+01
-6.815999999999999659e+01 -7.471709205178129309e+01
-6.767999999999999261e+01 -7.493028437781299544e+01
-6.720000000000000284e+01 -7.489123089364925079e+01
-6.671999999999999886e+01 -7.462437922622194719e+01
-6.623999999999999488e+01 -7.449683110983177414e+01
-6.575999999999999091e+01 -7.429764098986396448e+01
-6.528000000000000114e+01 -7.414117813250376798e+01
-6.479999999999999716e+01 -7.405637776416386941e+01
-6.431999999999999318e+01 -7.400864263453848935e+01
-6.383999999999999631e+01 -7.367402175096842143e+01
-6.335999999999999943e+01 -7.344754158431368296e+01
-6.287999999999999545e+01 -7.324818133376909657e+01
-6.239999999999999858e+01 -7.318583309187997088e+01
-6.191999999999999460e+01 -7.320567065129186801e+01
-6.143999999999999773e+01 -7.285901571103678975e+01
-6.096000000000000085e+01 -7.257917874329940844e+01
-6.047999999999999687e+01 -7.267130831828180249e+01
-6.000000000000000000e+01 -7.281064193045484956e+01
-5.951999999999999602e+01 -7.250389959323325684e+01
-5.903999999999999915e+01 -7.233780563592688395e+01
-5.855999999999999517e+01 -7.196117542783868259e+01
-5.807999999999999829e+01 -7.150865924497095705e+01
-5.759999999999999432e+01 -7.160263716366854680e+01
-5.711999999999999744e+01 -7.130662685285544455e+01
-5.664000000000000057e+01 -7.116030941253978881e+01
-5.615999999999999659e+01 -7.116681471510159440e+01
-5.567999999999999972e+01 -7.086311504321540156e+01
-5.519999999999999574e+01 -7.059571256666029626e+01
-5.471999999999999886e+01 -7.052107568218042388e+01
-5.423999999999999488e+01 -7.025133540777051167e+01
-5.375999999999999801e+01 -6.966027690919189297e+01
-5.328000000000000114e+01 -6.952181727727153771e+01
-5.279999999999999716e+01 -6.936017078774992228e+01
-5.232000000000000028e+01 -6.928202765513847794e+01
-5.183999999999999631e+01 -6.918813291688613276e+01
-5.135999999999999943e+01 -6.898026870066020422e+01
-5.087999999999999545e+01 -6.870322774136843691e+01
-5.039999999999999858e+01 -6.826821414129939569e+01
-4.992000000000000171e+01 -6.801471710398128323e+01
-4.943999999999999773e+01 -6.743289030658741012e+01
-4.896000000000000085e+01 -6.701827484210713237e+01
-4.847999999999999687e+01 -6.697382112336646287e+01
-4.800000000000000000e+01 -6.701811592594489753e+01
-4.751999999999999602e+01 -6.675664791800107878e+01
-4.703999999999999915e+01 -6.642929088389900016e+01
-4.655999999999999517e+01 -6.623669140651522014e+01
-4.607999999999999829e+01 -6.609085464487438344e+01
-4.560000000000000142e+01 -6.598992879161723124e+01
-4.511999999999999744e+01 -6.559158131535239988e+01
-4.464000000000000057e+01 -6.511657602411069945e+01
-4.415999999999999659e+01 -6.484569643199202460e+01
-4.367999999999999972e+01 -6.442537552546508550e+01
-4.319999999999999574e+01 -6.411592103538133358e+01
-4.271999999999999886e+01 -6.396744797001694138e+01
-4.223999999999999488e+01 -6.362354457359286641e+01
-4.175999999999999801e+01 -6.298102650540124614e+01
-4.128000000000000114e+01 -6.256608499276712365e+01
-4.079999999999999716e+01 -6.261915971423143645e+01
-4.032000000000000028e+01 -6.260555939774262413e+01
-3.983999999999999631e+01 -6.246822112925258352e+01
-3.935999999999999943e+01 -6.187793980848382347e+01
-3.887999999999999545e+01 -6.121312301814077728e+01
-3.839999999999999858e+01 -6.090167444532734464e+01
-3.792000000000000171e+01 -6.068132217169129916e+01
-3.743999999999999773e+01 -6.012673089756599154e+01
-3.696000000000000085e+01 -5.974519729426478420e+01
-3.647999999999999687e+01 -5.978927263531006986e+01
-3.600000000000000000e+01 -5.947037965712814866e+01
-3.551999999999999602e+01 -5.877063275299085632e+01
-3.503999999999999915e+01 -5.837489563341839016e+01
-3.456000000000000227e+01 -5.827760030144415282e+01
-3.407999999999999829e+01 -5.802438224598584782e+01
-3.360000000000000142e+01 -5.766974144747539555e+01
-3.311999999999999744e+01 -5.746752447459832780e+01
-3.264000000000000057e+01 -5.736559912724783317e+01
-3.215999999999999659e+01 -5.690191478585465745e+01
-3.167999999999999972e+01 -5.655034555916945749e+01
-3.119999999999999929e+01 -5.632390660821528883e+01
-3.071999999999999886e+01 -5.586605477642756767e+01
-3.023999999999999844e+01 -5.543697590016649457e+01
-2.975999999999999801e+01 -5.509023824996862828e+01
-2.927999999999999758e+01 -5.468230203909798348e+01
-2.879999999999999716e+01 -5.425129317282482333e+01
-2.832000000000000028e+01 -5.394536034227400734e+01
-2.783999999999999986e+01 -5.368510226120861972e+01
-2.735999999999999943e+01 -5.310660115601975662e+01
-2.687999999999999901e+01 -5.230847964431012542e+01
-2.639999999999999858e+01 -5.173397526973456451e+01
-2.591999999999999815e+01 -5.093343396103735188e+01
-2.543999999999999773e+01 -5.029350108703559386e+01
-2.496000000000000085e+01 -4.989082396197008507e+01
-2.448000000000000043e+01 -4.954296615013113581e+01
-2.400000000000000000e+01 -4.890740431836189828e+01
-2.351999999999999957e+01 -4.838105927120566463e+01
-2.303999999999999915e+01 -4.811662950966741192e+01
-2.255999999999999872e+01 -4.776011088515979708e+01
-2.207999999999999829e+01 -4.717466952222898868e+01
-2.159999999999999787e+01 -4.671784545506167774e+01
-2.111999999999999744e+01 -4.585631060816741922e+01
-2.064000000000000057e+01 -4.538018493880699111e+01
-2.016000000000000014e+01 -4.502432372443006159e+01
-1.967999999999999972e+01 -4.459113159447760211e+01
-1.919999999999999929e+01 -4.446410705420351661e+01
-1.871999999999999886e+01 -4.433478278479137202e+01
-1.823999999999999844e+01 -4.386011126030297902e+01
-1.775999999999999801e+01 -4.321113134588021154e+01
-1.728000000000000114e+01 -4.306359199812243332e+01
-1.680000000000000071e+01 -4.302980473448442211e+01
-1.632000000000000028e+01 -4.270020302593758288e+01
-1.583999999999999986e+01 -4.234289237852873811e+01
-1.535999999999999943e+01 -4.201637464942450606e+01
-1.487999999999999901e+01 -4.186826300159453496e+01
-1.439999999999999858e+01 -4.153056428944641709e+01
-1.391999999999999993e+01 -4.104607607941016312e+01
-1.343999999999999950e+01 -4.097661236103689930e+01
-1.295999999999999908e+01 -4.069784708945743290e+01
-1.248000000000000043e+01 -4.017546914148063308e+01
-1.200000000000000000e+01 -4.009229000778482543e+01
-1.151999999999999957e+01 -3.997199965614267825e+01
-1.103999999999999915e+01 -3.970556562441625204e+01
-1.055999999999999872e+01 -3.938968809129123372e+01
-1.008000000000000007e+01 -3.313406379125854073e+01
-9.599999999999999645e+00 -2.569655593783857483e+01
-9.119999999999999218e+00 -2.313141029693440132e+01
-8.640000000000000568e+00 -2.293878207401599312e+01
-8.160000000000000142e+00 -2.295529002314900779e+01
-7.679999999999999716e+00 -2.279734028031933946e+01
-7.199999999999999289e+00 -2.271200596807508632e+01
-6.719999999999999751e+00 -2.289514605614762743e+01
-6.240000000000000213e+00 -2.286876695049709340e+01
-5.759999999999999787e+00 -2.270756450349465183e+01
-5.279999999999999361e+00 -2.271064363175573675e+01
-4.799999999999999822e+00 -2.269390352979298342e+01
-4.320000000000000284e+00 -2.284524514961070452e+01
-3.839999999999999858e+00 -2.295973255097831611e+01
-3.359999999999999876e+00 -2.299377726075889328e+01
-2.879999999999999893e+00 -2.299890406294473166e+01
-2.399999999999999911e+00 -2.292405954879945540e+01
-1.919999999999999929e+00 -2.304566797900316999e+01
-1.439999999999999947e+00 -2.298794920736849079e+01
-9.599999999999999645e-01 -2.289998401357820157e+01
-4.799999999999999822e-01 -2.303642332068404386e+01
0.000000000000000000e+00 -2.306911502792102553e+01
4.799999999999999822e-01 -2.281503088736951668e+01
9.599999999999999645e-01 -2.246005990051445522e+01
1.439999999999999947e+00 -2.285029851687564673e+01
1.919999999999999929e+00 -2.323938803779716267e+01
2.399999999999999911e+00 -2.301421927253905508e+01
2.879999999999999893e+00 -2.280981700824663250e+01
3.359999999999999876e+00 -2.265049443714798372e+01
3.839999999999999858e+00 -2.290547878980123642e+01
4.320000000000000284e+00 -2.324284018939102481e+01
4.799999999999999822e+00 -2.320336267930095531e+01
5.279999999999999361e+00 -2.303635667175245061e+01
5.759999999999999787e+00 -2.307974868725151651e+01
6.240000000000000213e+00 -2.321084263577202478e+01
6.719999999999999751e+00 -2.316733694843234659e+01
7.199999999999999289e+00 -2.304845864440132530e+01
7.679999999999999716e+00 -2.323018116518428045e+01
8.160000000000000142e+00 -2.321923169561463141e+01
8.640000000000000568e+00 -2.319508669299367298e+01
9.119999999999999218e+00 -2.356818478554095009e+01
9.599999999999999645e+00 -2.616316790343797294e+01
1.008000000000000007e+01 -3.371255217647838975e+01
1.055999999999999872e+01 -4.033533810394045815e+01
1.103999999999999915e+01 -4.090685965292603754e+01
1.151999999999999957e+01 -4.101030953009831137e+01
1.200000000000000000e+01 -4.130696445580893794e+01
1.248000000000000043e+01 -4.191452026031956279e+01
1.295999999999999908e+01 -4.206944150689982109e+01
1.343999999999999950e+01 -4.216059015971253388e+01
1.391999999999999993e+01 -4.215409746705897476e+01
1.439999999999999858e+01 -4.238589061807432046e+01
1.487999999999999901e+01 -4.298564496875236784e+01
1.535999999999999943e+01 -4.324181811053024660e+01
1.583999999999999986e+01 -4.352927018104067969e+01
1.632000000000000028e+01 -4.391571468180529791e+01
1.680000000000000071e+01 -4.401964600372260605e+01
1.728000000000000114e+01 -4.445279378049079355e+01
1.775999999999999801e+01 -4.524916157115812609e+01
1.823999999999999844e+01 -4.566997603776412973e+01
1.871999999999999886e+01 -4.595777186335361364e+01
1.919999999999999929e+01 -4.605182596924969118e+01
1.967999999999999972e+01 -4.633654084957959896e+01
2.016000000000000014e+01 -4.661849814687801796e+01
2.064000000000000057e+01 -4.710955766450815219e+01
2.111999999999999744e+01 -4.789261977210034615e+01
2.159999999999999787e+01 -4.804432197874514543e+01
2.207999999999999829e+01 -4.812997557335876309e+01
2.255999999999999872e+01 -4.864354714379091149e+01
2.303999999999999915e+01 -4.896852495691859275e+01
2.351999999999999957e+01 -4.956014889268893597e+01
2.400000000000000000e+01 -5.004267999231618091e+01
2.448000000000000043e+01 -5.058524047888766972e+01
2.496000000000000085e+01 -5.091975374269513566e+01
2.543999999999999773e+01 -5.138994588604195712e+01
2.591999999999999815e+01 -5.203390779754827378e+01
2.639999999999999858e+01 -5.268215751411908343e+01
2.687999999999999901e+01 -5.308686527923249088e+01
2.735999999999999943e+01 -5.372974178557789315e+01
2.783999999999999986e+01 -5.421477856880728297e+01
2.832000000000000028e+01 -5.458110478762064588e+01
2.879999999999999716e+01 -5.502488514666836039e+01
2.927999999999999758e+01 -5.508287613000150884e+01
2.975999999999999801e+01 -5.548350598748435658e+01
3.023999999999999844e+01 -5.574256902461570462e+01
3.071999999999999886e+01 -5.595803404403020664e+01
3.119999999999999929e+01 -5.620326671798540730e+01
3.167999999999999972e+01 -5.646145615430278752e+01
3.215999999999999659e+01 -5.679707050980730543e+01
3.264000000000000057e+01 -5.680843046828132969e+01
3.311999999999999744e+01 -5.705393226164880360e+01
3.360000000000000142e+01 -5.765569965433923016e+01
3.407999999999999829e+01 -5.786828445614887073e+01
3.456000000000000227e+01 -5.810402938546684481e+01
3.503999999999999915e+01 -5.823865113057543397e+01
3.551999999999999602e+01 -5.843212634577596276e+01
3.600000000000000000e+01 -5.875944350856551068e+01
3.647999999999999687e+01 -5.895850042395770885e+01
3.696000000000000085e+01 -5.944928299428340068e+01
3.743999999999999773e+01 -5.964613147786847946e+01
3.792000000000000171e+01 -5.992497673794355251e+01
3.839999999999999858e+01 -6.045774039433673153e+01
3.887999999999999545e+01 -6.072925610912047034e+01
3.935999999999999943e+01 -6.113201133875045201e+01
3.983999999999999631e+01 -6.147678533528664957e+01
4.032000000000000028e+01 -6.153697504065618062e+01
4.079999999999999716e+01 -6.175496750036982974e+01
4.128000000000000114e+01 -6.216217158896575512e+01
4.175999999999999801e+01 -6.219066484827355623e+01
4.223999999999999488e+01 -6.225138716628190849e+01
4.271999999999999886e+01 -6.262568010373779259e+01
4.319999999999999574e+01 -6.310851334050234129e+01
4.367999999999999972e+01 -6.354318484590826444e+01
4.415999999999999659e+01 -6.362946342362626240e+01
4.464000000000000057e+01 -6.388200666796461746e+01
4.511999999999999744e+01 -6.422724943460254110e+01
4.560000000000000142e+01 -6.479443398249817676e+01
4.607999999999999829e+01 -6.488201463953403447e+01
4.655999999999999517e+01 -6.506428157255525946e+01
4.703999999999999915e+01 -6.552249256976598701e+01
4.751999999999999602e+01 -6.599157191725933558e+01
4.800000000000000000e+01 -6.590163025840968203e+01
4.847999999999999687e+01 -6.599335787766220562e+01
4.896000000000000085e+01 -6.660638202993565926e+01
4.943999999999999773e+01 -6.698149432713168494e+01
4.992000000000000171e+01 -6.733959928393277039e+01
5.039999999999999858e+01 -6.756231018247576969e+01
5.087999999999999545e+01 -6.753353462574315813e+01
5.135999999999999943e+01 -6.766704066627410441e+01
5.183999999999999631e+01 -6.806647191657435769e+01
5.232000000000000028e+01 -6.844890599260730824e+01
5.279999999999999716e+01 -6.835176343266580545e+01
5.328000000000000114e+01 -6.849944304856077792e+01
5.375999999999999801e+01 -6.890628337105820833e+01
5.423999999999999488e+01 -6.921283985284742357e+01
5.471999999999999886e+01 -6.949369224227874042e+01
5.519999999999999574e+01 -6.992196442162567394e+01
5.567999999999999972e+01 -7.033446228480529783e+01
5.615999999999999659e+01 -7.055815700673173296e+01
5.664000000000000057e+01 -7.064280530358604437e+01
5.711999999999999744e+01 -7.102558306986308878e+01
5.759999999999999432e+01 -7.146518404609112451e+01
5.807999999999999829e+01 -7.169493532029791538e+01
5.855999999999999517e+01 -7.190600116664801078e+01
5.903999999999999915e+01 -7.219687348963587681e+01
5.951999999999999602e+01 -7.231725246449875044e+01
6.000000000000000000e+01 -7.235907261522818601e+01
6.047999999999999687e+01 -7.259494315175119539e+01
6.096000000000000085e+01 -7.291988270529627414e+01
6.143999999999999773e+01 -7.328881076543819972e+01
6.191999999999999460e+01 -7.341729684061641592e+01
6.239999999999999858e+01 -7.362196249728049224e+01
6.287999999999999545e+01 -7.404186293968849952e+01
6.335999999999999943e+01 -7.415829674425178553e+01
6.383999999999999631e+01 -7.437150432871314365e+01
6.431999999999999318e+01 -7.448303092666627379e+01
6.479999999999999716e+01 -7.470475359347659605e+01
6.528000000000000114e+01 -7.473334873901980302e+01
6.575999999999999091e+01 -7.512503717579281215e+01
6.623999999999999488e+01 -7.553065436495040785e+01
6.671999999999999886e+01 -7.540063706216301398e+01
6.720000000000000284e+01 -7.548939934070975255e+01
6.767999999999999261e+01 -7.589622818129471682e+01
6.815999999999999659e+01 -7.579935980196049172e+01
6.864000000000000057e+01 -7.590006556322238396e+01
6.912000000000000455e+01 -7.634757044634217493e+01
6.959999999999999432e+01 -7.629288011249813906e+01
7.007999999999999829e+01 -7.652034671408853228e+01
7.056000000000000227e+01 -7.704590387520023853e+01
7.103999999999999204e+01 -7.685625581580210053e+01
7.151999999999999602e+01 -7.698704151672006901e+01
7.200000000000000000e+01 -7.743199643829564138e+01
7.248000000000000398e+01 -7.768108213993835420e+01
7.295999999999999375e+01 -7.784512474413637051e+01
7.343999999999999773e+01 -7.786970944480003709e+01
7.392000000000000171e+01 -7.807758805374261613e+01
7.439999999999999147e+01 -7.817087088266150374e+01
7.487999999999999545e+01 -7.798973819860763967e+01
7.535999999999999943e+01 -7.806172194830084266e+01
7.584000000000000341e+01 -7.835710238873410560e+01
7.631999999999999318e+01 -7.879702474232581721e+01
7.679999999999999716e+01 -7.912316226801161179e+01
7.728000000000000114e+01 -7.910953060365770284e+01
7.775999999999999091e+01 -7.908811994998659145e+01
7.823999999999999488e+01 -7.925340666616017415e+01
7.871999999999999886e+01 -7.913762022985724798e+01
7.920000000000000284e+01 -7.902419754392758477e+01
7.967999999999999261e+01 -7.916759107878014845e+01
8.015999999999999659e+01 -7.931326503493538382e+01
8.064000000000000057e+01 -7.928668189515167342e+01
8.111999999999999034e+01 -7.987601630352260429e+01
8.159999999999999432e+01 -8.020031590049713088e+01
8.207999999999999829e+01 -7.992064245785685728e+01
8.256000000000000227e+01 -7.986213011899761227e+01
8.303999999999999204e+01 -8.013859445572286688e+01
8.351999999999999602e+01 -8.023510107266737634e+01
8.400000000000000000e+01 -8.035662520865568581e+01
8.447999999999998977e+01 -8.066635481700436117e+01
8.495999999999999375e+01 -8.087449486424071665e+01
8.543999999999999773e+01 -8.092670236944512396e+01
8.592000000000000171e+01 -8.086823826245696978e+01
8.639999999999999147e+01 -8.080187598369433033e+01
8.687999999999999545e+01 -8.104878997851375289e+01
8.735999999999999943e+01 -8.100719843237435214e+01
8.784000000000000341e+01 -8.094848431887734819e+01
8.831999999999999318e+01 -8.107984453787331347e+01
8.879999999999999716e+01 -8.133179142059140077e+01
8.928000000000000114e+01 -8.151521922541655840e+01
8.975999999999999091e+01 -8.159891397596133800e+01
9.023999999999999488e+01 -8.151663160407724718e+01
9.071999999999999886e+01 -8.154200557390933568e+01
9.120000000000000284e+01 -8.180155217565985026e+01
9.167999999999999261e+01 -8.212132071169547487e+01
9.215999999999999659e+01 -8.221448876754352852e+01
9.264000000000000057e+01 -8.229285108389254333e+01
9.311999999999999034e+01 -8.247665613092442527e+01
9.359999999999999432e+01 -8.261388227178512977e+01
9.407999999999999829e+01 -8.271153709258264541e+01
9.456000000000000227e+01 -8.237450641909042304e+01
9.503999999999999204e+01 -8.243480930771319493e+01
9.551999999999999602e+01 -8.258245553388205451e+01
9.600000000000000000e+01 -8.265783030773971518e+01
9.647999999999998977e+01 -8.278805824045741701e+01
9.695999999999999375e+01 -8.308997381415908023e+01
9.743999999999999773e+01 -8.308639181082594405e+01
9.792000000000000171e+01 -8.308182462727845063e+01
9.839999999999999147e+01 -8.285185663703617820e+01
9.887999999999999545e+01 -8.302313496198991061e+01
9.935999999999999943e+01 -8.321741325502642894e+01
9.984000000000000341e+01 -8.314979262297757145e+01
1.003199999999999932e+02 -8.317935217646832768e+01
1.007999999999999972e+02 -8.351475746941397915e+01
1.012800000000000011e+02 -8.394322538198849770e+01
1.017599999999999909e+02 -8.433724114477607259e+01
1.022399999999999949e+02 -8.437154454976106877e+01
1.027199999999999989e+02 -8.451200288354483803e+01
1.032000000000000028e+02 -8.497726638443737102e+01
1.036799999999999926e+02 -8.549049706636127155e+01
1.041599999999999966e+02 -8.587994846292261286e+01
1.046400000000000006e+02 -8.640319354219013803e+01
1.051199999999999903e+02 -8.725525485651647273e+01
1.055999999999999943e+02 -8.763261465368066183e+01
1.060799999999999983e+02 -8.831062624823188401e+01
1.065600000000000023e+02 -8.930548473475221272e+01
1.070399999999999920e+02 -9.018954032698619017e+01
1.075199999999999960e+02 -9.110363623643144138e+01
1.080000000000000000e+02 -9.215054898004241579e+01
1.084799999999999898e+02 -9.334316709653040789e+01
1.089599999999999937e+02 -9.440537132871418180e+01
1.094399999999999977e+02 -9.543931450574361008e+01
1.099200000000000017e+02 -9.680206033297380941e+01
1.103999999999999915e+02 -9.853761623933742442e+01
1.108799999999999955e+02 -9.986374152076415101e+01
1.113599999999999994e+02 -1.011523089098719339e+02
1.118399999999999892e+02 -1.024977069968117007e+02
1.123199999999999932e+02 -1.034930443996681220e+02
1.127999999999999972e+02 -1.041110673659200074e+02
1.132800000000000011e+02 -1.043983687561929372e+02
1.137599999999999909e+02 -1.046546861479419590e+02
1.142399999999999949e+02 -1.048665191083288875e+02
1.147199999999999989e+02 -1.053310696369246813e+02
1.151999999999999886e+02 -1.053991407544010599e+02
1.156799999999999926e+02 -1.052951369246873838e+02
1.161599999999999966e+02 -1.055824203258782035e+02
1.166400000000000006e+02 -1.055870566565646413e+02
1.171199999999999903e+02 -1.053236007692050578e+02
1.175999999999999943e+02 -1.050246871236193158e+02
1.180799999999999983e+02 -1.049320031149470935e+02
1.185600000000000023e+02 -1.050203979770150227e+02
1.190399999999999920e+02 -1.053105344104869943e+02
1.195199999999999960e+02 -1.053468869681925639e+02
1.200000000000000000e+02 -1.052204233220511469e+02
1.204799999999999898e+02 -1.051639640472582329e+02
1.209599999999999937e+02 -1.051223890786376387e+02
1.214399999999999977e+02 -1.049946177828848874e+02
1.219200000000000017e+02 -1.048959802099551837e+02
1.223999999999999915e+02 -1.012211341583167439e+02
