-1.228799999999999892e-01 -7.535868569115814353e+01
-1.223999999999999949e-01 -7.829426718209283820e+01
-1.219199999999999867e-01 -8.068331302303678854e+01
-1.214399999999999924e-01 -8.083094306190179168e+01
-1.209599999999999842e-01 -8.070226861653269168e+01
-1.204799999999999899e-01 -8.093650771294667834e+01
-1.199999999999999956e-01 -8.115533596286768159e+01
-1.195199999999999874e-01 -8.108872552807912371e+01
-1.190399999999999930e-01 -8.080439050143154134e+01
-1.185599999999999848e-01 -8.058652125065148653e+01
-1.180799999999999905e-01 -8.077781427065799846e+01
-1.175999999999999962e-01 -8.109211319884487068e+01
-1.171199999999999880e-01 -8.108510628567081824e+01
-1.166399999999999937e-01 -8.109145171826165210e+01
-1.161599999999999855e-01 -8.097901559776884994e+01
-1.156799999999999912e-01 -8.100726394595812963e+01
-1.151999999999999968e-01 -8.097058102076799457e+01
-1.147199999999999886e-01 -8.091686855113721322e+01
-1.142399999999999943e-01 -8.075454564195200646e+01
-1.137599999999999861e-01 -8.044654775529552637e+01
-1.132799999999999918e-01 -7.986721644528753927e+01
-1.127999999999999836e-01 -7.906261537096979453e+01
-1.123199999999999893e-01 -7.836825061276867643e+01
-1.118399999999999950e-01 -7.738681249343929380e+01
-1.113599999999999868e-01 -7.638378311271095811e+01
-1.108799999999999925e-01 -7.500844164125194879e+01
-1.103999999999999843e-01 -7.346561298953760399e+01
-1.099199999999999899e-01 -7.188277597629829074e+01
-1.094399999999999956e-01 -7.052306266336930207e+01
-1.089599999999999874e-01 -6.926798708651749337e+01
-1.084799999999999931e-01 -6.824840437078448474e+01
-1.079999999999999849e-01 -6.688155309935440584e+01
-1.075199999999999906e-01 -6.577245580056460028e+01
-1.070399999999999963e-01 -6.473638116381508212e+01
-1.065599999999999881e-01 -6.369108164927992988e+01
-1.060799999999999937e-01 -6.300063948790527490e+01
-1.055999999999999855e-01 -6.233787119605878502e+01
-1.051199999999999912e-01 -6.165233514618088151e+01
-1.046399999999999969e-01 -6.112543626053646051e+01
-1.041599999999999887e-01 -6.069783573955962908e+01
-1.036799999999999944e-01 -5.989631075298277807e+01
-1.031999999999999862e-01 -5.926112317387285344e+01
-1.027199999999999919e-01 -5.885642119326010402e+01
-1.022399999999999975e-01 -5.872224309967212008e+01
-1.017599999999999894e-01 -5.869741977649358944e+01
-1.012799999999999950e-01 -5.845001847601334077e+01
-1.007999999999999868e-01 -5.822687361497854397e+01
-1.003199999999999925e-01 -5.799971397168786780e+01
-9.983999999999998431e-02 -5.786757634694395591e+01
-9.935999999999998999e-02 -5.796131317652132964e+01
-9.887999999999999567e-02 -5.796833614859731654e+01
-9.839999999999998748e-02 -5.779582200379525148e+01
-9.791999999999999316e-02 -5.773688113883708439e+01
-9.743999999999998496e-02 -5.723275968919649870e+01
-9.695999999999999064e-02 -5.707891231072913740e+01
-9.647999999999999632e-02 -5.682575531974057981e+01
-9.599999999999998812e-02 -5.682671316261269823e+01
-9.551999999999999380e-02 -5.685898225438594977e+01
-9.503999999999998560e-02 -5.669501103650897278e+01
-9.455999999999999128e-02 -5.664580292154656149e+01
-9.407999999999999696e-02 -5.640351755332866901e+01
-9.359999999999998876e-02 -5.614093002658172082e+01
-9.311999999999999444e-02 -5.612727049736199092e+01
-9.263999999999998625e-02 -5.606858335430426621e+01
-9.215999999999999193e-02 -5.608189874881149706e+01
-9.167999999999999761e-02 -5.570298904708631937e+01
-9.119999999999998941e-02 -5.508273119052763178e+01
-9.071999999999999509e-02 -5.507685739537909342e+01
-9.023999999999998689e-02 -5.521969443326247529e+01
-8.975999999999999257e-02 -5.517083258518766797e+01
-8.927999999999999825e-02 -5.526356427962938511e+01
-8.879999999999999005e-02 -5.512416256760307931e+01
-8.831999999999999573e-02 -5.480112030337060247e+01
-8.783999999999998753e-02 -5.448091507823872348e+01
-8.735999999999999321e-02 -5.430630345568025774e+01
-8.687999999999999889e-02 -5.424230773518712567e+01
-8.639999999999999070e-02 -5.412684112227249500e+01
-8.591999999999999638e-02 -5.415041885276819755e+01
-8.543999999999998818e-02 -5.416572677561311622e+01
-8.495999999999999386e-02 -5.402830708722412112e+01
-8.447999999999999954e-02 -5.356857833049586759e+01
-8.399999999999999134e-02 -5.336445434430550705e+01
-8.351999999999999702e-02 -5.346562809169054020e+01
-8.303999999999998882e-02 -5.327539519949890945e+01
-8.255999999999999450e-02 -5.296429635929132473e+01
-8.207999999999998630e-02 -5.308676832934351353e+01
-8.159999999999999198e-02 -5.304796780769200382e+01
-8.111999999999999766e-02 -5.306750084762916941e+01
-8.063999999999998947e-02 -5.291011037729951738e+01
-8.015999999999999515e-02 -5.299840460397220454e+01
-7.967999999999998695e-02 -5.262837331657898687e+01
-7.919999999999999263e-02 -5.233289810709653977e+01
-7.871999999999999831e-02 -5.242388381787107221e+01
-7.823999999999999011e-02 -5.228479811714851877e+01
-7.775999999999999579e-02 -5.237376343310329219e+01
-7.727999999999998759e-02 -5.240275893765802095e+01
-7.679999999999999327e-02 -5.209282865060251311e+01
-7.631999999999999895e-02 -5.193552682075080895e+01
-7.583999999999999075e-02 -5.190313022991695391e+01
-7.535999999999999643e-02 -5.192994462076016760e+01
-7.487999999999998824e-02 -5.195541759641347568e+01
-7.439999999999999392e-02 -5.178611102026277280e+01
-7.391999999999999960e-02 -5.178920936870571268e+01
-7.343999999999999140e-02 -5.188997764075089947e+01
-7.295999999999999708e-02 -5.158784869546700236e+01
-7.247999999999998888e-02 -5.142157169209983181e+01
-7.199999999999999456e-02 -5.142065498702293525e+01
-7.152000000000000024e-02 -5.133987115281131253e+01
-7.103999999999999204e-02 -5.141885014959854061e+01
-7.055999999999999772e-02 -5.122387255983471732e+01
-7.007999999999998952e-02 -5.087049276732241765e+01
-6.959999999999999520e-02 -5.063319284062001202e+01
-6.911999999999998701e-02 -5.060135920582521862e+01
-6.863999999999999269e-02 -5.045192196960300635e+01
-6.815999999999999837e-02 -5.013674346199934462e+01
-6.767999999999999017e-02 -5.027938063228526033e+01
-6.719999999999999585e-02 -5.038070564135100682e+01
-6.671999999999998765e-02 -5.018122567524520861e+01
-6.623999999999999333e-02 -5.012257084652175365e+01
-6.575999999999999901e-02 -4.992779121261517616e+01
-6.527999999999999081e-02 -4.978994365770902419e+01
-6.479999999999999649e-02 -4.967164494019087329e+01
-6.431999999999998829e-02 -4.945648039134076868e+01
-6.383999999999999397e-02 -4.912779059546572569e+01
-6.335999999999999965e-02 -4.890164019187360367e+01
-6.287999999999999146e-02 -4.868502358259184604e+01
-6.239999999999999714e-02 -4.872092432217944236e+01
-6.191999999999999588e-02 -4.875839318262926270e+01
-6.143999999999999462e-02 -4.835002950422743595e+01
-6.095999999999999336e-02 -4.801113942684224867e+01
-6.047999999999999210e-02 -4.802897735678595836e+01
-5.999999999999999778e-02 -4.824689578811842949e+01
-5.951999999999999652e-02 -4.789495750086044268e+01
-5.903999999999999526e-02 -4.772273851935499067e+01
-5.855999999999999400e-02 -4.744473955598179771e+01
-5.807999999999999274e-02 -4.688560374733438607e+01
-5.759999999999999842e-02 -4.698241559285257551e+01
-5.711999999999999716e-02 -4.675579665810536767e+01
-5.663999999999999591e-02 -4.657312892451763986e+01
-5.615999999999999465e-02 -4.661242585519447346e+01
-5.567999999999999339e-02 -4.633618640904355601e+01
-5.519999999999999213e-02 -4.598608801642744481e+01
-5.471999999999999781e-02 -4.591099067186799942e+01
-5.423999999999999655e-02 -4.565908037537691655e+01
-5.375999999999999529e-02 -4.512457650039782209e+01
-5.327999999999999403e-02 -4.496409705253928735e+01
-5.279999999999999277e-02 -4.474694585627436538e+01
-5.231999999999999845e-02 -4.464827750544758089e+01
-5.183999999999999719e-02 -4.458313974800178414e+01
-5.135999999999999593e-02 -4.435373384253350082e+01
-5.087999999999999468e-02 -4.408756138080089215e+01
-5.039999999999999342e-02 -4.364877299303878289e+01
-4.991999999999999216e-02 -4.338173524167974193e+01
-4.943999999999999784e-02 -4.283345571273831354e+01
-4.895999999999999658e-02 -4.242695248430943877e+01
-4.847999999999999532e-02 -4.238540665614146263e+01
-4.799999999999999406e-02 -4.240723372295765614e+01
-4.751999999999999280e-02 -4.210221336271038695e+01
-4.703999999999999848e-02 -4.178149400402350722e+01
-4.655999999999999722e-02 -4.160765538475264691e+01
-4.607999999999999596e-02 -4.145925305094542779e+01
-4.559999999999999470e-02 -4.132843219333395268e+01
-4.511999999999999345e-02 -4.094038351938048947e+01
-4.463999999999999913e-02 -4.046700677376933442e+01
-4.415999999999999787e-02 -4.023195145558755570e+01
-4.367999999999999661e-02 -3.979404188202818204e+01
-4.319999999999999535e-02 -3.946474979812271755e+01
-4.271999999999999409e-02 -3.933647094264408395e+01
-4.223999999999999977e-02 -3.899676066596100554e+01
-4.175999999999999851e-02 -3.837076150323530044e+01
-4.127999999999999725e-02 -3.794235115316831042e+01
-4.079999999999999599e-02 -3.799651163585742353e+01
-4.031999999999999473e-02 -3.797300239882452644e+01
-3.983999999999999347e-02 -3.781375854949320825e+01
-3.935999999999999915e-02 -3.724475669115244614e+01
-3.887999999999999790e-02 -3.662386446758041103e+01
-3.839999999999999664e-02 -3.632319528528804398e+01
-3.791999999999999538e-02 -3.606818068496303198e+01
-3.743999999999999412e-02 -3.549553883709099722e+01
-3.695999999999999980e-02 -3.512468272780935052e+01
-3.647999999999999854e-02 -3.515889131087276809e+01
-3.599999999999999728e-02 -3.481018108912039821e+01
-3.551999999999999602e-02 -3.411094117617162169e+01
-3.503999999999999476e-02 -3.375391140315266369e+01
-3.455999999999999350e-02 -3.366033204368334708e+01
-3.407999999999999918e-02 -3.339292611369813102e+01
-3.359999999999999792e-02 -3.303447764825910582e+01
-3.311999999999999666e-02 -3.281128920303413565e+01
-3.263999999999999541e-02 -3.271396823212207039e+01
-3.215999999999999415e-02 -3.226484194602596034e+01
-3.167999999999999983e-02 -3.191743648166097813e+01
-3.119999999999999857e-02 -3.171409068830161715e+01
-3.071999999999999731e-02 -3.126347672968428526e+01
-3.023999999999999605e-02 -3.081716908345872241e+01
-2.975999999999999826e-02 -3.047833539247513812e+01
-2.927999999999999700e-02 -3.007454299744473758e+01
-2.879999999999999921e-02 -2.964002452892508899e+01
-2.831999999999999795e-02 -2.933892987630483162e+01
-2.783999999999999669e-02 -2.907813175293420471e+01
-2.735999999999999890e-02 -2.850064307825515542e+01
-2.687999999999999765e-02 -2.770646346481575151e+01
-2.639999999999999639e-02 -2.713624692605515420e+01
-2.591999999999999860e-02 -2.633217894573411044e+01
-2.543999999999999734e-02 -2.568963084008144548e+01
-2.495999999999999608e-02 -2.528423431100361185e+01
-2.447999999999999829e-02 -2.494317787703280587e+01
-2.399999999999999703e-02 -2.430208064693519887e+01
-2.351999999999999924e-02 -2.376811685198896740e+01
-2.303999999999999798e-02 -2.350119434474926194e+01
-2.255999999999999672e-02 -2.315511498078285513e+01
-2.207999999999999893e-02 -2.257215387042519694e+01
-2.159999999999999767e-02 -2.212077437231052812e+01
-2.111999999999999988e-02 -2.125571512985455414e+01
-2.063999999999999863e-02 -2.077410395318796787e+01
-2.015999999999999737e-02 -2.041340881603081669e+01
-1.967999999999999958e-02 -1.997332899683813068e+01
-1.919999999999999832e-02 -1.985954337199322595e+01
-1.871999999999999706e-02 -1.973536033191099648e+01
-1.823999999999999927e-02 -1.926540221571760725e+01
-1.775999999999999801e-02 -1.861646115473816465e+01
-1.727999999999999675e-02 -1.846394368984642398e+01
-1.679999999999999896e-02 -1.842677714007415801e+01
-1.631999999999999770e-02 -1.809608248503736050e+01
-1.583999999999999991e-02 -1.774802142941015148e+01
-1.535999999999999865e-02 -1.742896328182706611e+01
-1.487999999999999913e-02 -1.727926618576498896e+01
-1.439999999999999961e-02 -1.693502255854503957e+01
-1.391999999999999835e-02 -1.644118377647804863e+01
-1.343999999999999882e-02 -1.637523879604087540e+01
-1.295999999999999930e-02 -1.610590214150584387e+01
-1.247999999999999804e-02 -1.557788394972105550e+01
-1.199999999999999852e-02 -1.548564528177726096e+01
-1.151999999999999899e-02 -1.535820493475116777e+01
-1.103999999999999947e-02 -1.507161824754675017e+01
-1.055999999999999994e-02 -1.424085800740575003e+01
-1.007999999999999868e-02 -3.814211315292994620e+00
-9.599999999999999159e-03 4.244686780195311648e+00
-9.119999999999999635e-03 6.848712737636214243e+00
-8.639999999999998376e-03 7.050864410342716937e+00
-8.159999999999998851e-03 7.050013505937694269e+00
-7.679999999999999327e-03 7.221238291812790422e+00
-7.199999999999999803e-03 7.313808390128992976e+00
-6.719999999999999411e-03 7.143030157872406249e+00
-6.239999999999999020e-03 7.181655564431915550e+00
-5.759999999999999495e-03 7.343163722298057472e+00
-5.279999999999999971e-03 7.333382738845665827e+00
-4.799999999999999580e-03 7.355995957089098702e+00
-4.319999999999999188e-03 7.176188263120263144e+00
-3.839999999999999664e-03 7.066269690171126605e+00
-3.359999999999999706e-03 7.050097383926804184e+00
-2.879999999999999748e-03 7.041735974427220768e+00
-2.399999999999999790e-03 7.142248052905525668e+00
-1.919999999999999832e-03 7.072605374198337458e+00
-1.439999999999999874e-03 7.105395775559176563e+00
-9.599999999999999159e-04 7.176543939403842387e+00
-4.799999999999999580e-04 7.054109815579426623e+00
0.000000000000000000e+00 7.008258136628715107e+00
4.799999999999999580e-04 7.245306527759627357e+00
9.599999999999999159e-04 7.618711776724148343e+00
1.439999999999999874e-03 7.248734225751366722e+00
1.919999999999999832e-03 6.875534606639494228e+00
2.399999999999999790e-03 7.099377060169350884e+00
2.879999999999999748e-03 7.285759360907954729e+00
3.359999999999999706e-03 7.450375361992568557e+00
3.839999999999999664e-03 7.204830325156751591e+00
4.319999999999999188e-03 6.882198432825306078e+00
4.799999999999999580e-03 6.930120105739556280e+00
5.279999999999999971e-03 7.061737738892074567e+00
5.759999999999999495e-03 7.041280187355861031e+00
6.239999999999999020e-03 6.931502838050609405e+00
6.719999999999999411e-03 6.979257230966796399e+00
7.199999999999999803e-03 7.097911714300106034e+00
7.679999999999999327e-03 6.901763839403683320e+00
8.159999999999998851e-03 6.932540662556948341e+00
8.639999999999998376e-03 6.987094429064885759e+00
9.119999999999999635e-03 6.634715148295433629e+00
9.599999999999999159e-03 3.959447451651754601e+00
1.007999999999999868e-02 -4.236646985818868671e+00
1.055999999999999994e-02 -1.510117384471341495e+01
1.103999999999999947e-02 -1.623492897895074805e+01
1.151999999999999899e-02 -1.639538186409859222e+01
1.199999999999999852e-02 -1.670941293267133432e+01
1.247999999999999804e-02 -1.732300718689166885e+01
1.295999999999999930e-02 -1.747839561060247959e+01
1.343999999999999882e-02 -1.756827880304678757e+01
1.391999999999999835e-02 -1.756610757081148932e+01
1.439999999999999961e-02 -1.781173441440436278e+01
1.487999999999999913e-02 -1.841205275696678356e+01
1.535999999999999865e-02 -1.865310405076295552e+01
1.583999999999999991e-02 -1.894979616883351170e+01
1.631999999999999770e-02 -1.933858683367168751e+01
1.679999999999999896e-02 -1.943935126374125133e+01
1.727999999999999675e-02 -1.987017381164229946e+01
1.775999999999999801e-02 -2.066121729922613426e+01
1.823999999999999927e-02 -2.108138186404092451e+01
1.871999999999999706e-02 -2.137354594986473089e+01
1.919999999999999832e-02 -2.148263069915776313e+01
1.967999999999999958e-02 -2.177495802598743069e+01
2.015999999999999737e-02 -2.205744688488938721e+01
2.063999999999999863e-02 -2.254157693440552279e+01
2.111999999999999988e-02 -2.331850838795795156e+01
2.159999999999999767e-02 -2.347068612437231394e+01
2.207999999999999893e-02 -2.355259725320048148e+01
2.255999999999999672e-02 -2.406700050019149728e+01
2.303999999999999798e-02 -2.439790009252423175e+01
2.351999999999999924e-02 -2.499229654492059183e+01
2.399999999999999703e-02 -2.547550194948200186e+01
2.447999999999999829e-02 -2.602483965959488188e+01
2.495999999999999608e-02 -2.636651448305232748e+01
2.543999999999999734e-02 -2.683765401056479405e+01
2.591999999999999860e-02 -2.747981035284237450e+01
2.639999999999999639e-02 -2.813349260421972176e+01
2.687999999999999765e-02 -2.855396928726151629e+01
2.735999999999999890e-02 -2.919756002527405414e+01
2.783999999999999669e-02 -2.967107258418786842e+01
2.831999999999999795e-02 -3.003631862282290754e+01
2.879999999999999921e-02 -3.047975374632824241e+01
2.927999999999999700e-02 -3.054826190678020481e+01
2.975999999999999826e-02 -3.094957614089965148e+01
3.023999999999999605e-02 -3.118570179728083502e+01
3.071999999999999731e-02 -3.138746203108707888e+01
3.119999999999999857e-02 -3.163445212645843085e+01
3.167999999999999983e-02 -3.188285779567674894e+01
3.215999999999999415e-02 -3.220547991979935887e+01
3.263999999999999541e-02 -3.221991703371641336e+01
3.311999999999999666e-02 -3.248223354920122574e+01
3.359999999999999792e-02 -3.309212246131973245e+01
3.407999999999999918e-02 -3.329362249156938702e+01
3.455999999999999350e-02 -3.351781274727628812e+01
3.503999999999999476e-02 -3.363637602809392746e+01
3.551999999999999602e-02 -3.382486550102157707e+01
3.599999999999999728e-02 -3.417959191824109411e+01
3.647999999999999854e-02 -3.437049428445335053e+01
3.695999999999999980e-02 -3.484661973417924941e+01
3.743999999999999412e-02 -3.503978967466746042e+01
3.791999999999999538e-02 -3.531517478968377333e+01
3.839999999999999664e-02 -3.584506883274876543e+01
3.887999999999999790e-02 -3.608630122542867014e+01
3.935999999999999915e-02 -3.648776069508848252e+01
3.983999999999999347e-02 -3.689365381989344428e+01
4.031999999999999473e-02 -3.692230115087407682e+01
4.079999999999999599e-02 -3.711456708609712507e+01
4.127999999999999725e-02 -3.750226683848698883e+01
4.175999999999999851e-02 -3.750806552985461906e+01
4.223999999999999977e-02 -3.757556868830593544e+01
4.271999999999999409e-02 -3.796657512275215396e+01
4.319999999999999535e-02 -3.841477988831394441e+01
4.367999999999999661e-02 -3.880892024172947430e+01
4.415999999999999787e-02 -3.890816601427682997e+01
4.463999999999999913e-02 -3.919987293437089448e+01
4.511999999999999345e-02 -3.957561344200226472e+01
4.559999999999999470e-02 -4.020575268609839270e+01
4.607999999999999596e-02 -4.021717979101901363e+01
4.655999999999999722e-02 -4.030873780943080931e+01
4.703999999999999848e-02 -4.070564124547624374e+01
4.751999999999999280e-02 -4.118801532339750793e+01
4.799999999999999406e-02 -4.109414166922150002e+01
4.847999999999999532e-02 -4.126321650300708654e+01
4.895999999999999658e-02 -4.186571960357887434e+01
4.943999999999999784e-02 -4.220131255961547367e+01
4.991999999999999216e-02 -4.257179769130488012e+01
5.039999999999999342e-02 -4.280169292398159797e+01
5.087999999999999468e-02 -4.277904491515379704e+01
5.135999999999999593e-02 -4.293426961011446963e+01
5.183999999999999719e-02 -4.329387078825536861e+01
5.231999999999999845e-02 -4.370925974755735410e+01
5.279999999999999277e-02 -4.364363268646851424e+01
5.327999999999999403e-02 -4.373968425794610937e+01
5.375999999999999529e-02 -4.406800053418409391e+01
5.423999999999999655e-02 -4.434560059078252436e+01
5.471999999999999781e-02 -4.467905966285250940e+01
5.519999999999999213e-02 -4.511125069106849850e+01
5.567999999999999339e-02 -4.555177122362246678e+01
5.615999999999999465e-02 -4.579636997073387050e+01
5.663999999999999591e-02 -4.584810083715230178e+01
5.711999999999999716e-02 -4.619665109203474174e+01
5.759999999999999842e-02 -4.668512140098112440e+01
5.807999999999999274e-02 -4.695790808874603783e+01
5.855999999999999400e-02 -4.716482961147364250e+01
5.903999999999999526e-02 -4.741900479567303250e+01
5.951999999999999652e-02 -4.755481180296442290e+01
5.999999999999999778e-02 -4.757532627049425145e+01
6.047999999999999210e-02 -4.787096066564260610e+01
6.095999999999999336e-02 -4.824850756521581019e+01
6.143999999999999462e-02 -4.857071764457905516e+01
6.191999999999999588e-02 -4.867947926040830708e+01
6.239999999999999714e-02 -4.888536360968061700e+01
6.287999999999999146e-02 -4.930985451576876244e+01
6.335999999999999965e-02 -4.945730940754948080e+01
6.383999999999999397e-02 -4.969310605441742723e+01
6.431999999999998829e-02 -4.977862501622476543e+01
6.479999999999999649e-02 -4.983143038299546390e+01
6.527999999999999081e-02 -5.000916836319281344e+01
6.575999999999999901e-02 -5.043733966002332636e+01
6.623999999999999333e-02 -5.077559984702325835e+01
6.671999999999998765e-02 -5.073083535041639891e+01
6.719999999999999585e-02 -5.089426103037481397e+01
6.767999999999999017e-02 -5.127573427185529908e+01
6.815999999999999837e-02 -5.120019204902946086e+01
6.863999999999999269e-02 -5.126998623864501781e+01
6.911999999999998701e-02 -5.162970085273856569e+01
6.959999999999999520e-02 -5.165764601881300422e+01
7.007999999999998952e-02 -5.187962152315618880e+01
7.055999999999999772e-02 -5.251467764730730892e+01
7.103999999999999204e-02 -5.226719877274013015e+01
7.152000000000000024e-02 -5.223744972767723027e+01
7.199999999999999456e-02 -5.270643256692846990e+01
7.247999999999998888e-02 -5.292951587095761568e+01
7.295999999999999708e-02 -5.310771613534473801e+01
7.343999999999999140e-02 -5.304574580797171990e+01
7.391999999999999960e-02 -5.325464728074933873e+01
7.439999999999999392e-02 -5.342569577736846043e+01
7.487999999999998824e-02 -5.341871869129591488e+01
7.535999999999999643e-02 -5.363853741873597158e+01
7.583999999999999075e-02 -5.387948562408808328e+01
7.631999999999999895e-02 -5.431736508200815194e+01
7.679999999999999327e-02 -5.449685586069981724e+01
7.727999999999998759e-02 -5.459662616307291927e+01
7.775999999999999579e-02 -5.462677593420580990e+01
7.823999999999999011e-02 -5.474397217249368452e+01
7.871999999999999831e-02 -5.479669271034984490e+01
7.919999999999999263e-02 -5.475078524653640955e+01
7.967999999999998695e-02 -5.473361663672157107e+01
8.015999999999999515e-02 -5.475013889274641343e+01
8.063999999999998947e-02 -5.480004859516708393e+01
8.111999999999999766e-02 -5.555223612783037623e+01
8.159999999999999198e-02 -5.564920062426354264e+01
8.207999999999998630e-02 -5.536245514389969458e+01
8.255999999999999450e-02 -5.550973812725301570e+01
8.303999999999998882e-02 -5.568324248615572003e+01
8.351999999999999702e-02 -5.569038192480489613e+01
8.399999999999999134e-02 -5.583635429824296637e+01
8.447999999999999954e-02 -5.592470304750043653e+01
8.495999999999999386e-02 -5.599313668808284206e+01
8.543999999999998818e-02 -5.620891238326067452e+01
8.591999999999999638e-02 -5.629255914862675070e+01
8.639999999999999070e-02 -5.644328083030573850e+01
8.687999999999999889e-02 -5.668111901501917771e+01
8.735999999999999321e-02 -5.655788674990526488e+01
8.783999999999998753e-02 -5.657287762824293509e+01
8.831999999999999573e-02 -5.659077997177919883e+01
8.879999999999999005e-02 -5.680830359306636268e+01
8.927999999999999825e-02 -5.690525663077835361e+01
8.975999999999999257e-02 -5.700525692131655120e+01
9.023999999999998689e-02 -5.711657812364946807e+01
9.071999999999999509e-02 -5.699663101538023113e+01
9.119999999999998941e-02 -5.719036071331221649e+01
9.167999999999999761e-02 -5.748073761177663954e+01
9.215999999999999193e-02 -5.767223192991536962e+01
9.263999999999998625e-02 -5.770499626176253116e+01
9.311999999999999444e-02 -5.781235284031374988e+01
9.359999999999998876e-02 -5.790337544275712389e+01
9.407999999999999696e-02 -5.791174303937268775e+01
9.455999999999999128e-02 -5.764905030626475479e+01
9.503999999999998560e-02 -5.781835054211043001e+01
9.551999999999999380e-02 -5.795194520867074317e+01
9.599999999999998812e-02 -5.818389361596072717e+01
9.647999999999999632e-02 -5.834065898001240669e+01
9.695999999999999064e-02 -5.851195281032354956e+01
9.743999999999998496e-02 -5.851880783640240935e+01
9.791999999999999316e-02 -5.836447857550049179e+01
9.839999999999998748e-02 -5.814810509733126764e+01
9.887999999999999567e-02 -5.827890358088028222e+01
9.935999999999998999e-02 -5.870100004115186465e+01
9.983999999999998431e-02 -5.871894276549390668e+01
1.003199999999999925e-01 -5.871193268727986236e+01
1.007999999999999868e-01 -5.896129521325852352e+01
1.012799999999999950e-01 -5.937081105750445431e+01
1.017599999999999894e-01 -5.994661114298557436e+01
1.022399999999999975e-01 -6.010795665763038187e+01
1.027199999999999919e-01 -5.986156038267205304e+01
1.031999999999999862e-01 -6.020330108789440260e+01
1.036799999999999944e-01 -6.092392594186412680e+01
1.041599999999999887e-01 -6.156382784831212973e+01
1.046399999999999969e-01 -6.209521727320051809e+01
1.051199999999999912e-01 -6.270705398770093097e+01
1.055999999999999855e-01 -6.319575681152973345e+01
1.060799999999999937e-01 -6.367026614233938631e+01
1.065599999999999881e-01 -6.457627335727525519e+01
1.070399999999999963e-01 -6.553243996435112706e+01
1.075199999999999906e-01 -6.645010068394147140e+01
1.079999999999999849e-01 -6.741985432681542534e+01
1.084799999999999931e-01 -6.847530765273880604e+01
1.089599999999999874e-01 -6.969008181473977004e+01
1.094399999999999956e-01 -7.076150599336918390e+01
1.099199999999999899e-01 -7.225067174170627027e+01
1.103999999999999843e-01 -7.377734926625520018e+01
1.108799999999999925e-01 -7.510940514574940607e+01
1.113599999999999868e-01 -7.638692626587516088e+01
1.118399999999999950e-01 -7.763809709627682309e+01
1.123199999999999893e-01 -7.889667397420777206e+01
1.127999999999999836e-01 -7.984170438269967462e+01
1.132799999999999918e-01 -8.022202505202328382e+01
1.137599999999999861e-01 -8.049971537528351462e+01
1.142399999999999943e-01 -8.069816233793658000e+01
1.147199999999999886e-01 -8.088511145905498267e+01
1.151999999999999968e-01 -8.114060060454085033e+01
1.156799999999999912e-01 -8.106953657858048246e+01
1.161599999999999855e-01 -8.094756300751640765e+01
1.166399999999999937e-01 -8.101744774267244509e+01
1.171199999999999880e-01 -8.114314908591364883e+01
1.175999999999999962e-01 -8.083787765968365591e+01
1.180799999999999905e-01 -8.074948778554868056e+01
1.185599999999999848e-01 -8.090782300168802976e+01
1.190399999999999930e-01 -8.092290351010103677e+01
1.195199999999999874e-01 -8.066654794772203729e+01
1.199999999999999956e-01 -8.071117715741424092e+01
1.204799999999999899e-01 -8.092831126576072620e+01
1.209599999999999842e-01 -8.097417970378285190e+01
1.214399999999999924e-01 -8.083078901802781502e+01
1.219199999999999867e-01 -8.070835505199725901e+01
1.223999999999999949e-01 -7.817613587978370049e+01
