-1.228799999999999955e+02 -9.984205479868950306e+01
-1.223999999999999915e+02 -1.027776063315976387e+02
-1.219200000000000017e+02 -1.051666429485824494e+02
-1.214399999999999977e+02 -1.053142745194950578e+02
-1.209599999999999937e+02 -1.051855954421164085e+02
-1.204799999999999898e+02 -1.054198550683832423e+02
-1.200000000000000000e+02 -1.056387077712483347e+02
-1.195199999999999960e+02 -1.055720191502837508e+02
-1.190399999999999920e+02 -1.052877346128944538e+02
-1.185600000000000023e+02 -1.050698693275824667e+02
-1.180799999999999983e+02 -1.052611526834040490e+02
-1.175999999999999943e+02 -1.055754462252384798e+02
-1.171199999999999903e+02 -1.055684265786277223e+02
-1.166400000000000006e+02 -1.055748092258741053e+02
-1.161599999999999966e+02 -1.054623278242161177e+02
-1.156799999999999926e+02 -1.054906573783682120e+02
-1.151999999999999886e+02 -1.054538590629459804e+02
-1.147199999999999989e+02 -1.054002250774939569e+02
-1.142399999999999949e+02 -1.052379040985821916e+02
-1.137599999999999909e+02 -1.049298353483593047e+02
-1.132800000000000011e+02 -1.043506221006557269e+02
-1.127999999999999972e+02 -1.035458764741996873e+02
-1.123199999999999932e+02 -1.028516547023752992e+02
-1.118399999999999892e+02 -1.018701432716092654e+02
-1.113599999999999994e+02 -1.008670721302849671e+02
-1.108799999999999955e+02 -9.949182065898040150e+01
-1.103999999999999915e+02 -9.794892996752398062e+01
-1.099200000000000017e+02 -9.636611991954767120e+01
-1.094399999999999977e+02 -9.500640050026208883e+01
-1.089599999999999937e+02 -9.375131343251668170e+01
-1.084799999999999898e+02 -9.273176107702292370e+01
-1.080000000000000000e+02 -9.136487533541121309e+01
-1.075199999999999960e+02 -9.025580174360781882e+01
-1.070399999999999920e+02 -8.921970858687120653e+01
-1.065600000000000023e+02 -8.817442909622042180e+01
-1.060799999999999983e+02 -8.748396619778463901e+01
-1.055999999999999943e+02 -8.682121116297645358e+01
-1.051199999999999903e+02 -8.613567723734232118e+01
-1.046400000000000006e+02 -8.560876981299242061e+01
-1.041599999999999966e+02 -8.518117251407846879e+01
-1.036799999999999926e+02 -8.437964803537965963e+01
-1.032000000000000028e+02 -8.374445795342141707e+01
-1.027199999999999989e+02 -8.333975808081932257e+01
-1.022399999999999949e+02 -8.320558980380951652e+01
-1.017599999999999909e+02 -8.318073631767191500e+01
-1.012800000000000011e+02 -8.293337723780106785e+01
-1.007999999999999972e+02 -8.271019891216806741e+01
-1.003199999999999932e+02 -8.248305079649249194e+01
-9.984000000000000341e+01 -8.235091433591688315e+01
-9.935999999999999943e+01 -8.244465489285232707e+01
-9.887999999999999545e+01 -8.245166344127119373e+01
-9.839999999999999147e+01 -8.227916310696724622e+01
-9.792000000000000171e+01 -8.222022631462104414e+01
-9.743999999999999773e+01 -8.171608328204476379e+01
-9.695999999999999375e+01 -8.156225926605688414e+01
-9.647999999999998977e+01 -8.130909395800289019e+01
-9.600000000000000000e+01 -8.131004291686822683e+01
-9.551999999999999602e+01 -8.134231809040775829e+01
-9.503999999999999204e+01 -8.117835670102772383e+01
-9.456000000000000227e+01 -8.112912959724860684e+01
-9.407999999999999829e+01 -8.088685962483475578e+01
-9.359999999999999432e+01 -8.062426946947455519e+01
-9.311999999999999034e+01 -8.061060609428623991e+01
-9.264000000000000057e+01 -8.055191699482364243e+01
-9.215999999999999659e+01 -8.056524216412776696e+01
-9.167999999999999261e+01 -8.018631961394001451e+01
-9.120000000000000284e+01 -7.956606912212885163e+01
-9.071999999999999886e+01 -7.956019896669684499e+01
-9.023999999999999488e+01 -7.970302494026832107e+01
-8.975999999999999091e+01 -7.965417772543376884e+01
-8.928000000000000114e+01 -7.974688055992911018e+01
-8.879999999999999716e+01 -7.960753060791941493e+01
-8.831999999999999318e+01 -7.928443143191361742e+01
-8.784000000000000341e+01 -7.896426615351708733e+01
-8.735999999999999943e+01 -7.878963216380566337e+01
-8.687999999999999545e+01 -7.872565994705291814e+01
-8.639999999999999147e+01 -7.861015422812317865e+01
-8.592000000000000171e+01 -7.863377462751161318e+01
-8.543999999999999773e+01 -7.864905602122898642e+01
-8.495999999999999375e+01 -7.851164949084561329e+01
-8.447999999999998977e+01 -7.805190710662202491e+01
-8.400000000000000000e+01 -7.784780136389731808e+01
-8.351999999999999602e+01 -7.794895895820226883e+01
-8.303999999999999204e+01 -7.775873209515688700e+01
-8.256000000000000227e+01 -7.744763077950742058e+01
-8.207999999999999829e+01 -7.757011425285907080e+01
-8.159999999999999432e+01 -7.753130771899171236e+01
-8.111999999999999034e+01 -7.755082102025116342e+01
-8.064000000000000057e+01 -7.739345435427732411e+01
-8.015999999999999659e+01 -7.748174656376228597e+01
-7.967999999999999261e+01 -7.711171313597490951e+01
-7.920000000000000284e+01 -7.681622073108160009e+01
-7.871999999999999886e+01 -7.690722958114687913e+01
-7.823999999999999488e+01 -7.676814140911518791e+01
-7.775999999999999091e+01 -7.685708396431925848e+01
-7.728000000000000114e+01 -7.688611522259377296e+01
-7.679999999999999716e+01 -7.657614972539829523e+01
-7.631999999999999318e+01 -7.641886940089429459e+01
-7.584000000000000341e+01 -7.638647292082498552e+01
-7.535999999999999943e+01 -7.641327252079621246e+01
-7.487999999999999545e+01 -7.643875511979165083e+01
-7.439999999999999147e+01 -7.626945350980879823e+01
-7.392000000000000171e+01 -7.627254222025877084e+01
-7.343999999999999773e+01 -7.637332024571996669e+01
-7.295999999999999375e+01 -7.607116447662303926e+01
-7.248000000000000398e+01 -7.590493960065612100e+01
-7.200000000000000000e+01 -7.590397613991524395e+01
-7.151999999999999602e+01 -7.582320550163476014e+01
-7.103999999999999204e+01 -7.590220699793793813e+01
-7.056000000000000227e+01 -7.570719376713240933e+01
-7.007999999999999829e+01 -7.535383892106425208e+01
-6.959999999999999432e+01 -7.511652100088073780e+01
-6.912000000000000455e+01 -7.508470789094690190e+01
-6.864000000000000057e+01 -7.493526194530420526e+01
-6.815999999999999659e+01 -7.462006385283153520e+01
-6.767999999999999261e+01 -7.476271097763567752e+01
-6.720000000000000284e+01 -7.486407451424679493e+01
-6.671999999999999886e+01 -7.466454557946589432e+01
-6.623999999999999488e+01 -7.460591536288043812e+01
-6.575999999999999091e+01 -7.441111854436809381e+01
-6.528000000000000114e+01 -7.427327848296300772e+01
-6.479999999999999716e+01 -7.415500011823235127e+01
-6.431999999999999318e+01 -7.393980874469689013e+01
-6.383999999999999631e+01 -7.361112291485055437e+01
-6.335999999999999943e+01 -7.338496856921838685e+01
-6.287999999999999545e+01 -7.316838991462520880e+01
-6.239999999999999858e+01 -7.320423618942457722e+01
-6.191999999999999460e+01 -7.324173873598854811e+01
-6.143999999999999773e+01 -7.283336082689584146e+01
-6.096000000000000085e+01 -7.249447334241904173e+01
-6.047999999999999687e+01 -7.251231719701577560e+01
-6.000000000000000000e+01 -7.273025143810846771e+01
-5.951999999999999602e+01 -7.237825814577946915e+01
-5.903999999999999915e+01 -7.220612089735162442e+01
-5.855999999999999517e+01 -7.192802060883275317e+01
-5.807999999999999829e+01 -7.136900666439620977e+01
-5.759999999999999432e+01 -7.146568800244693875e+01
-5.711999999999999744e+01 -7.123915755472889089e+01
-5.664000000000000057e+01 -7.105647931091485248e+01
-5.615999999999999659e+01 -7.109574277237533124e+01
-5.567999999999999972e+01 -7.081951030176978179e+01
-5.519999999999999574e+01 -7.046945548629213363e+01
-5.471999999999999886e+01 -7.039431574233067579e+01
-5.423999999999999488e+01 -7.014240877894030746e+01
-5.375999999999999801e+01 -6.960792430321640722e+01
-5.328000000000000114e+01 -6.944742262205886618e+01
-5.279999999999999716e+01 -6.923029349048422887e+01
-5.232000000000000028e+01 -6.913160562568910450e+01
-5.183999999999999631e+01 -6.906650069790900659e+01
-5.135999999999999943e+01 -6.883704160271113892e+01
-5.087999999999999545e+01 -6.857089892803104192e+01
-5.039999999999999858e+01 -6.813214505267387722e+01
-4.992000000000000171e+01 -6.786503168222650118e+01
-4.943999999999999773e+01 -6.731682611515473980e+01
-4.896000000000000085e+01 -6.691027399251612451e+01
-4.847999999999999687e+01 -6.686875227703461633e+01
-4.800000000000000000e+01 -6.689054367599135276e+01
-4.751999999999999602e+01 -6.658558297227889966e+01
-4.703999999999999915e+01 -6.626480761166375544e+01
-4.655999999999999517e+01 -6.609101930501391564e+01
-4.607999999999999829e+01 -6.594253320997951562e+01
-4.560000000000000142e+01 -6.581182798265504630e+01
-4.511999999999999744e+01 -6.542370190207931557e+01
-4.464000000000000057e+01 -6.495032926541243512e+01
-4.415999999999999659e+01 -6.471531037042483092e+01
-4.367999999999999972e+01 -6.427735516607971533e+01
-4.319999999999999574e+01 -6.394811294072810171e+01
-4.271999999999999886e+01 -6.381978581666390937e+01
-4.223999999999999488e+01 -6.348012187881190016e+01
-4.175999999999999801e+01 -6.285407758436087278e+01
-4.128000000000000114e+01 -6.242568818045467083e+01
-4.079999999999999716e+01 -6.247985753707820322e+01
-4.032000000000000028e+01 -6.245633675476543800e+01
-3.983999999999999631e+01 -6.229710362139318391e+01
-3.935999999999999943e+01 -6.172807999342892771e+01
-3.887999999999999545e+01 -6.110721067656385230e+01
-3.839999999999999858e+01 -6.080653804094711745e+01
-3.792000000000000171e+01 -6.055148751818129682e+01
-3.743999999999999773e+01 -5.997890809046512572e+01
-3.696000000000000085e+01 -5.960800839678405083e+01
-3.647999999999999687e+01 -5.964223172270818907e+01
-3.600000000000000000e+01 -5.929351425858673252e+01
-3.551999999999999602e+01 -5.859426809665815483e+01
-3.503999999999999915e+01 -5.823728355815470081e+01
-3.456000000000000227e+01 -5.814361306132227014e+01
-3.407999999999999829e+01 -5.787629732113008174e+01
-3.360000000000000142e+01 -5.751780884940291827e+01
-3.311999999999999744e+01 -5.729464441936380581e+01
-3.264000000000000057e+01 -5.719729373030379804e+01
-3.215999999999999659e+01 -5.674808597352764394e+01
-3.167999999999999972e+01 -5.640071369983950689e+01
-3.119999999999999929e+01 -5.619746187758732958e+01
-3.071999999999999886e+01 -5.574682000893381684e+01
-3.023999999999999844e+01 -5.530064984731305344e+01
-2.975999999999999801e+01 -5.496190946545170419e+01
-2.927999999999999758e+01 -5.455774100181670860e+01
-2.879999999999999716e+01 -5.412286766354657175e+01
-2.832000000000000028e+01 -5.382175014537185831e+01
-2.783999999999999986e+01 -5.356108840362563228e+01
-2.735999999999999943e+01 -5.298390140322852915e+01
-2.687999999999999901e+01 -5.218983831217506975e+01
-2.639999999999999858e+01 -5.161942318370265781e+01
-2.591999999999999815e+01 -5.081526710917485445e+01
-2.543999999999999773e+01 -5.017296260887087556e+01
-2.496000000000000085e+01 -4.976783188575119254e+01
-2.448000000000000043e+01 -4.942650086876881943e+01
-2.400000000000000000e+01 -4.878527060172424257e+01
-2.351999999999999957e+01 -4.825138465110953945e+01
-2.303999999999999915e+01 -4.798457717317204896e+01
-2.255999999999999872e+01 -4.763853692919224159e+01
-2.207999999999999829e+01 -4.705536825798943568e+01
-2.159999999999999787e+01 -4.660410997799874622e+01
-2.111999999999999744e+01 -4.573879425134764176e+01
-2.064000000000000057e+01 -4.525741802811935344e+01
-2.016000000000000014e+01 -4.489661000280347025e+01
-1.967999999999999972e+01 -4.445645285460075513e+01
-1.919999999999999929e+01 -4.434219128378005337e+01
-1.871999999999999886e+01 -4.421798104874285684e+01
-1.823999999999999844e+01 -4.374578882409801395e+01
-1.775999999999999801e+01 -4.309656107420195781e+01
-1.728000000000000114e+01 -4.294477974729148428e+01
-1.680000000000000071e+01 -4.290775256078808297e+01
-1.632000000000000028e+01 -4.257713260393053645e+01
-1.583999999999999986e+01 -4.222388365954829226e+01
-1.535999999999999943e+01 -4.190161055896210485e+01
-1.487999999999999901e+01 -4.175200730067294330e+01
-1.439999999999999858e+01 -4.141092559422168051e+01
-1.391999999999999993e+01 -4.092117234255283620e+01
-1.343999999999999950e+01 -4.085326591593312173e+01
-1.295999999999999908e+01 -4.057919018482431284e+01
-1.248000000000000043e+01 -4.005634228463841140e+01
-1.200000000000000000e+01 -3.997548418935662085e+01
-1.151999999999999957e+01 -3.985296421565369940e+01
-1.103999999999999915e+01 -3.958779833104014756e+01
-1.055999999999999872e+01 -3.928020359158377062e+01
-1.008000000000000007e+01 -3.311941779286205900e+01
-9.599999999999999645e+00 -2.570720363793692798e+01
-9.119999999999999218e+00 -2.314323420501121475e+01
-8.640000000000000568e+00 -2.295002539343308001e+01
-8.160000000000000142e+00 -2.296668350956857552e+01
-7.679999999999999716e+00 -2.280852109964940055e+01
-7.199999999999999289e+00 -2.272281400205020674e+01
-6.719999999999999751e+00 -2.290729050401214550e+01
-6.240000000000000213e+00 -2.288111574257594683e+01
-5.759999999999999787e+00 -2.271911142296290365e+01
-5.279999999999999361e+00 -2.272150571683934217e+01
-4.799999999999999822e+00 -2.270405418554638288e+01
-4.320000000000000284e+00 -2.285298688428054703e+01
-3.839999999999999858e+00 -2.296755941950483049e+01
-3.359999999999999876e+00 -2.300275379109127272e+01
-2.879999999999999893e+00 -2.300766091170523353e+01
-2.399999999999999911e+00 -2.293331817579617038e+01
-1.919999999999999929e+00 -2.305667360535448651e+01
-1.439999999999999947e+00 -2.299809985036661786e+01
-9.599999999999999645e-01 -2.290907361221449179e+01
-4.799999999999999822e-01 -2.304469136375696792e+01
0.000000000000000000e+00 -2.307705995400754162e+01
4.799999999999999822e-01 -2.282239253726142181e+01
9.599999999999999645e-01 -2.246598835047478815e+01
1.439999999999999947e+00 -2.285616259694311125e+01
1.919999999999999929e+00 -2.324687488635672139e+01
2.399999999999999911e+00 -2.302134994046088678e+01
2.879999999999999893e+00 -2.281496847960256957e+01
3.359999999999999876e+00 -2.265446599903052416e+01
3.839999999999999858e+00 -2.290887289587599440e+01
4.320000000000000284e+00 -2.324711306914661790e+01
4.799999999999999822e+00 -2.320810161106016523e+01
5.279999999999999361e+00 -2.303954361367139114e+01
5.759999999999999787e+00 -2.308345828247744791e+01
6.240000000000000213e+00 -2.321428241747785393e+01
6.719999999999999751e+00 -2.317077091718589088e+01
7.199999999999999289e+00 -2.305165081495342605e+01
7.679999999999999716e+00 -2.323212049968829973e+01
8.160000000000000142e+00 -2.322061906182944568e+01
8.640000000000000568e+00 -2.319625329294260752e+01
9.119999999999999218e+00 -2.356928930744366113e+01
9.599999999999999645e+00 -2.616118859907173544e+01
1.008000000000000007e+01 -3.368893546455107924e+01
1.055999999999999872e+01 -4.022799090103050901e+01
1.103999999999999915e+01 -4.078991059789574081e+01
1.151999999999999957e+01 -4.089415531573531837e+01
1.200000000000000000e+01 -4.118894661341487051e+01
1.248000000000000043e+01 -4.179837213389810557e+01
1.295999999999999908e+01 -4.195369627621712283e+01
1.343999999999999950e+01 -4.204430013429482926e+01
1.391999999999999993e+01 -4.204512987824603698e+01
1.439999999999999858e+01 -4.228581997612607069e+01
1.487999999999999901e+01 -4.288121383268779852e+01
1.535999999999999943e+01 -4.312872229726617945e+01
1.583999999999999986e+01 -4.342238565452119303e+01
1.632000000000000028e+01 -4.381188926659285698e+01
1.680000000000000071e+01 -4.391538419085865996e+01
1.728000000000000114e+01 -4.434951084031684587e+01
1.775999999999999801e+01 -4.514298373133990339e+01
1.823999999999999844e+01 -4.556326207606610268e+01
1.871999999999999886e+01 -4.585502986960567284e+01
1.919999999999999929e+01 -4.596462133425540486e+01
1.967999999999999972e+01 -4.625780624406493757e+01
2.016000000000000014e+01 -4.654070338090029679e+01
2.064000000000000057e+01 -4.702497656082543642e+01
2.111999999999999744e+01 -4.780180228668324816e+01
2.159999999999999787e+01 -4.795419911028281490e+01
2.207999999999999829e+01 -4.803607452518770060e+01
2.255999999999999872e+01 -4.855050658997035384e+01
2.303999999999999915e+01 -4.888136397254945820e+01
2.351999999999999957e+01 -4.947557765649131056e+01
2.400000000000000000e+01 -4.995875221934188204e+01
2.448000000000000043e+01 -5.050821650593736933e+01
2.496000000000000085e+01 -5.084984045400915420e+01
2.543999999999999773e+01 -5.132093124457827571e+01
2.591999999999999815e+01 -5.196297708228436107e+01
2.639999999999999858e+01 -5.261668542583360875e+01
2.687999999999999901e+01 -5.303697366055678231e+01
2.735999999999999943e+01 -5.368068382608700517e+01
2.783999999999999986e+01 -5.415412994199381558e+01
2.832000000000000028e+01 -5.451941604036493061e+01
2.879999999999999716e+01 -5.496283350246491750e+01
2.927999999999999758e+01 -5.503187654657118344e+01
2.975999999999999801e+01 -5.543307280683073657e+01
3.023999999999999844e+01 -5.566909995383728926e+01
3.071999999999999886e+01 -5.587081134814665972e+01
3.119999999999999929e+01 -5.611778306876374955e+01
3.167999999999999972e+01 -5.636614555473919097e+01
3.215999999999999659e+01 -5.668877167104747627e+01
3.264000000000000057e+01 -5.670325772940464049e+01
3.311999999999999744e+01 -5.696555775290450185e+01
3.360000000000000142e+01 -5.757544372630728446e+01
3.407999999999999829e+01 -5.777695570921672896e+01
3.456000000000000227e+01 -5.800114726000070675e+01
3.503999999999999915e+01 -5.811973176149273712e+01
3.551999999999999602e+01 -5.830819144339287163e+01
3.600000000000000000e+01 -5.866293770607011737e+01
3.647999999999999687e+01 -5.885381571378327692e+01
3.696000000000000085e+01 -5.932995547518168422e+01
3.743999999999999773e+01 -5.952314426253011703e+01
3.792000000000000171e+01 -5.979850751363080974e+01
3.839999999999999858e+01 -6.032840122770021907e+01
3.887999999999999545e+01 -6.056964245740346797e+01
3.935999999999999943e+01 -6.097109856764306102e+01
3.983999999999999631e+01 -6.137697076236386096e+01
4.032000000000000028e+01 -6.140566575688612261e+01
4.079999999999999716e+01 -6.159788668104439324e+01
4.128000000000000114e+01 -6.198560720608399777e+01
4.175999999999999801e+01 -6.199140230890925096e+01
4.223999999999999488e+01 -6.205890103112345457e+01
4.271999999999999886e+01 -6.244991537637069712e+01
4.319999999999999574e+01 -6.289811824192170775e+01
4.367999999999999972e+01 -6.329226401370904398e+01
4.415999999999999659e+01 -6.339148800356276325e+01
4.464000000000000057e+01 -6.368321325265136323e+01
4.511999999999999744e+01 -6.405896374090349354e+01
4.560000000000000142e+01 -6.468908223682093706e+01
4.607999999999999829e+01 -6.470050763349790657e+01
4.655999999999999517e+01 -6.479207979803598505e+01
4.703999999999999915e+01 -6.518898583814998915e+01
4.751999999999999602e+01 -6.567134359203228655e+01
4.800000000000000000e+01 -6.557746653796810676e+01
4.847999999999999687e+01 -6.574656814625276979e+01
4.896000000000000085e+01 -6.634906235672421815e+01
4.943999999999999773e+01 -6.668464055323428852e+01
4.992000000000000171e+01 -6.705513447307217234e+01
5.039999999999999858e+01 -6.728503040593999174e+01
5.087999999999999545e+01 -6.726239812961935627e+01
5.135999999999999943e+01 -6.741757920248248581e+01
5.183999999999999631e+01 -6.777720828344909876e+01
5.232000000000000028e+01 -6.819263249108763603e+01
5.279999999999999716e+01 -6.812695025421488992e+01
5.328000000000000114e+01 -6.822300807446391957e+01
5.375999999999999801e+01 -6.855135666058106381e+01
5.423999999999999488e+01 -6.882891745794535154e+01
5.471999999999999886e+01 -6.916241918322108972e+01
5.519999999999999574e+01 -6.959456660989107490e+01
5.567999999999999972e+01 -7.003511297252070733e+01
5.615999999999999659e+01 -7.027969625760187000e+01
5.664000000000000057e+01 -7.033146678107472383e+01
5.711999999999999744e+01 -7.067997937127692865e+01
5.759999999999999432e+01 -7.116843390459648333e+01
5.807999999999999829e+01 -7.144127284208673245e+01
5.855999999999999517e+01 -7.164813779415786144e+01
5.903999999999999915e+01 -7.190237776686119275e+01
5.951999999999999602e+01 -7.203811895144256994e+01
6.000000000000000000e+01 -7.205868313899738098e+01
6.047999999999999687e+01 -7.235426203907833553e+01
6.096000000000000085e+01 -7.273190035361909622e+01
6.143999999999999773e+01 -7.305401930651881059e+01
6.191999999999999460e+01 -7.316281853909222832e+01
6.239999999999999858e+01 -7.336870209216246508e+01
6.287999999999999545e+01 -7.379318118040698948e+01
6.335999999999999943e+01 -7.394067341953417838e+01
6.383999999999999631e+01 -7.417641533112436036e+01
6.431999999999999318e+01 -7.426198241218055784e+01
6.479999999999999716e+01 -7.431474936614084470e+01
6.528000000000000114e+01 -7.449251929902084157e+01
6.575999999999999091e+01 -7.492066639805565842e+01
6.623999999999999488e+01 -7.525895097883366702e+01
6.671999999999999886e+01 -7.521416407060817733e+01
6.720000000000000284e+01 -7.537759586673384149e+01
6.767999999999999261e+01 -7.575905437998558511e+01
6.815999999999999659e+01 -7.568355573331500352e+01
6.864000000000000057e+01 -7.575332013754190541e+01
6.912000000000000455e+01 -7.611303619695098632e+01
6.959999999999999432e+01 -7.614097019673218369e+01
7.007999999999999829e+01 -7.636295841425618391e+01
7.056000000000000227e+01 -7.699802895559152205e+01
7.103999999999999204e+01 -7.675052887039966265e+01
7.151999999999999602e+01 -7.672078733256068972e+01
7.200000000000000000e+01 -7.718978500391290254e+01
7.248000000000000398e+01 -7.741281842296243099e+01
7.295999999999999375e+01 -7.759107959075716110e+01
7.343999999999999773e+01 -7.752908270196593321e+01
7.392000000000000171e+01 -7.773796978319735729e+01
7.439999999999999147e+01 -7.790904100898731599e+01
7.487999999999999545e+01 -7.790206096342772923e+01
7.535999999999999943e+01 -7.812186112607790278e+01
7.584000000000000341e+01 -7.836282621868880938e+01
7.631999999999999318e+01 -7.880070330602291051e+01
7.679999999999999716e+01 -7.898018699178108193e+01
7.728000000000000114e+01 -7.907996980106814533e+01
7.775999999999999091e+01 -7.911011661300400988e+01
7.823999999999999488e+01 -7.922729627872926983e+01
7.871999999999999886e+01 -7.928004411187467326e+01
7.920000000000000284e+01 -7.923411576288621916e+01
7.967999999999999261e+01 -7.921695778129033272e+01
8.015999999999999659e+01 -7.923347012919703047e+01
8.064000000000000057e+01 -7.928338815760129421e+01
8.111999999999999034e+01 -8.003556783350288129e+01
8.159999999999999432e+01 -8.013253480667599149e+01
8.207999999999999829e+01 -7.984580453149976620e+01
8.256000000000000227e+01 -7.999306023129385324e+01
8.303999999999999204e+01 -8.016659579326395146e+01
8.351999999999999602e+01 -8.017369588004444836e+01
8.400000000000000000e+01 -8.031971635236855889e+01
8.447999999999998977e+01 -8.040802048103819288e+01
8.495999999999999375e+01 -8.047647908468650257e+01
8.543999999999999773e+01 -8.069225356236654534e+01
8.592000000000000171e+01 -8.077590013800077884e+01
8.639999999999999147e+01 -8.092660554005325935e+01
8.687999999999999545e+01 -8.116447579332483997e+01
8.735999999999999943e+01 -8.104119073641875559e+01
8.784000000000000341e+01 -8.105625340970706816e+01
8.831999999999999318e+01 -8.107409549649226221e+01
8.879999999999999716e+01 -8.129163666051871928e+01
8.928000000000000114e+01 -8.138860364308656870e+01
8.975999999999999091e+01 -8.148859661106646968e+01
9.023999999999999488e+01 -8.159990397652669003e+01
9.071999999999999886e+01 -8.147996942463868209e+01
9.120000000000000284e+01 -8.167371000657303171e+01
9.167999999999999261e+01 -8.196406423477486669e+01
9.215999999999999659e+01 -8.215555856656835942e+01
9.264000000000000057e+01 -8.218835457338947492e+01
9.311999999999999034e+01 -8.229567395653864992e+01
9.359999999999999432e+01 -8.238671999996722661e+01
9.407999999999999829e+01 -8.239507608878861333e+01
9.456000000000000227e+01 -8.213239231358805625e+01
9.503999999999999204e+01 -8.230168179738876688e+01
9.551999999999999602e+01 -8.243527836673678166e+01
9.600000000000000000e+01 -8.266725365247113189e+01
9.647999999999998977e+01 -8.282396252840919715e+01
9.695999999999999375e+01 -8.299531242118439422e+01
9.743999999999999773e+01 -8.300213838881334993e+01
9.792000000000000171e+01 -8.284780956587763967e+01
9.839999999999999147e+01 -8.263145050039364037e+01
9.887999999999999545e+01 -8.276223918352839348e+01
9.935999999999999943e+01 -8.318433246999725839e+01
9.984000000000000341e+01 -8.320228325180353579e+01
1.003199999999999932e+02 -8.319527165969256544e+01
1.007999999999999972e+02 -8.344462048537391752e+01
1.012800000000000011e+02 -8.385416399404510912e+01
1.017599999999999909e+02 -8.442994205798026996e+01
1.022399999999999949e+02 -8.459128821186578762e+01
1.027199999999999989e+02 -8.434490260570244402e+01
1.032000000000000028e+02 -8.468663516841253625e+01
1.036799999999999926e+02 -8.540726949270728596e+01
1.041599999999999966e+02 -8.604714698234302261e+01
1.046400000000000006e+02 -8.657856956165568363e+01
1.051199999999999903e+02 -8.719039739717771909e+01
1.055999999999999943e+02 -8.767907659927664099e+01
1.060799999999999983e+02 -8.815361223441342986e+01
1.065600000000000023e+02 -8.905961021242075049e+01
1.070399999999999920e+02 -9.001577426042585728e+01
1.075199999999999960e+02 -9.093343952093896121e+01
1.080000000000000000e+02 -9.190319126920715576e+01
1.084799999999999898e+02 -9.295864213174033353e+01
1.089599999999999937e+02 -9.417342785724267173e+01
1.094399999999999977e+02 -9.524482394816891428e+01
1.099200000000000017e+02 -9.673403489392975985e+01
1.103999999999999915e+02 -9.826066854784730253e+01
1.108799999999999955e+02 -9.959273873680182021e+01
1.113599999999999994e+02 -1.008702708908707280e+02
1.118399999999999892e+02 -1.021214278053703310e+02
1.123199999999999932e+02 -1.033800464559543144e+02
1.127999999999999972e+02 -1.043250250838302549e+02
1.132800000000000011e+02 -1.047053383437014418e+02
1.137599999999999909e+02 -1.049830277480275100e+02
1.142399999999999949e+02 -1.051815832655236420e+02
1.147199999999999989e+02 -1.053684003785825212e+02
1.151999999999999886e+02 -1.056239249014544157e+02
1.156799999999999926e+02 -1.055528984991713202e+02
1.161599999999999966e+02 -1.054308848997298753e+02
1.166400000000000006e+02 -1.055007829383007447e+02
1.171199999999999903e+02 -1.056265035834132675e+02
1.175999999999999943e+02 -1.053212111790265482e+02
1.180799999999999983e+02 -1.052328308364917433e+02
1.185600000000000023e+02 -1.053911445737646346e+02
1.190399999999999920e+02 -1.054062360891351773e+02
1.195199999999999960e+02 -1.051498812608309379e+02
1.200000000000000000e+02 -1.051945455218157832e+02
1.204799999999999898e+02 -1.054116335597632172e+02
1.209599999999999937e+02 -1.054574957263520076e+02
1.214399999999999977e+02 -1.053141570332248023e+02
1.219200000000000017e+02 -1.051916627723181676e+02
1.223999999999999915e+02 -1.026594887080179461e+02
