-1.228799999999999892e-01 -7.957072900515160541e+01
-1.223999999999999949e-01 -8.053531195117228947e+01
-1.219199999999999867e-01 -8.123134109016814364e+01
-1.214399999999999924e-01 -8.120414147269269733e+01
-1.209599999999999842e-01 -8.097214499842833391e+01
-1.204799999999999899e-01 -8.071195747957270328e+01
-1.199999999999999956e-01 -8.062546919027680303e+01
-1.195199999999999874e-01 -8.069580748786376034e+01
-1.190399999999999930e-01 -8.105506985651027207e+01
-1.185599999999999848e-01 -8.102973717508724860e+01
-1.180799999999999905e-01 -8.115458311495443411e+01
-1.175999999999999962e-01 -8.107136835411380105e+01
-1.171199999999999880e-01 -8.078013802898686890e+01
-1.166399999999999937e-01 -8.077473679797964223e+01
-1.161599999999999855e-01 -8.072747657164626389e+01
-1.156799999999999912e-01 -8.090022770059610480e+01
-1.151999999999999968e-01 -8.108325003898640659e+01
-1.147199999999999886e-01 -8.111535934919187696e+01
-1.142399999999999943e-01 -8.099144480810898017e+01
-1.137599999999999861e-01 -8.049356867605976618e+01
-1.132799999999999918e-01 -7.996866154911265312e+01
-1.127999999999999836e-01 -7.948709439257785903e+01
-1.123199999999999893e-01 -7.880803010255780805e+01
-1.118399999999999950e-01 -7.761421699330885815e+01
-1.113599999999999868e-01 -7.629813649428956523e+01
-1.108799999999999925e-01 -7.485414365345029353e+01
-1.103999999999999843e-01 -7.331418306703412213e+01
-1.099199999999999899e-01 -7.193603184627546909e+01
-1.094399999999999956e-01 -7.056324688409267765e+01
-1.089599999999999874e-01 -6.915318003672008729e+01
-1.084799999999999931e-01 -6.807942998513082955e+01
-1.079999999999999849e-01 -6.674494752752175941e+01
-1.075199999999999906e-01 -6.553124532811928304e+01
-1.070399999999999963e-01 -6.454854433311004414e+01
-1.065599999999999881e-01 -6.380454733176772208e+01
-1.060799999999999937e-01 -6.316904214485114721e+01
-1.055999999999999855e-01 -6.229262586932163970e+01
-1.051199999999999912e-01 -6.163572603139341766e+01
-1.046399999999999969e-01 -6.117828582176038310e+01
-1.041599999999999887e-01 -6.068630304862972480e+01
-1.036799999999999944e-01 -5.990986666066454092e+01
-1.031999999999999862e-01 -5.925218431467138203e+01
-1.027199999999999919e-01 -5.906334433776648041e+01
-1.022399999999999975e-01 -5.878264203412648214e+01
-1.017599999999999894e-01 -5.844262881137166232e+01
-1.012799999999999950e-01 -5.813373504941569792e+01
-1.007999999999999868e-01 -5.800502224738333723e+01
-1.003199999999999925e-01 -5.799098523426324192e+01
-9.983999999999998431e-02 -5.777986510300014089e+01
-9.935999999999998999e-02 -5.782756554178404684e+01
-9.887999999999999567e-02 -5.786027701994083827e+01
-9.839999999999998748e-02 -5.763345413573388498e+01
-9.791999999999999316e-02 -5.759093627903502011e+01
-9.743999999999998496e-02 -5.718564387192917309e+01
-9.695999999999999064e-02 -5.718980654617362092e+01
-9.647999999999999632e-02 -5.694235940780042426e+01
-9.599999999999998812e-02 -5.675044592387956044e+01
-9.551999999999999380e-02 -5.676783416106083990e+01
-9.503999999999998560e-02 -5.666190434505043072e+01
-9.455999999999999128e-02 -5.673201237377286077e+01
-9.407999999999999696e-02 -5.637224259344829846e+01
-9.359999999999998876e-02 -5.600496423430951154e+01
-9.311999999999999444e-02 -5.610738151747102620e+01
-9.263999999999998625e-02 -5.622007528817967170e+01
-9.215999999999999193e-02 -5.605750652315545324e+01
-9.167999999999999761e-02 -5.559603913726370905e+01
-9.119999999999998941e-02 -5.493991232330877494e+01
-9.071999999999999509e-02 -5.492963061145929515e+01
-9.023999999999998689e-02 -5.501374056198304885e+01
-8.975999999999999257e-02 -5.507788141366554413e+01
-8.927999999999999825e-02 -5.535787151951782903e+01
-8.879999999999999005e-02 -5.523184430857022420e+01
-8.831999999999999573e-02 -5.497888035938562012e+01
-8.783999999999998753e-02 -5.454552406022745004e+01
-8.735999999999999321e-02 -5.433538003168148833e+01
-8.687999999999999889e-02 -5.430599397322274058e+01
-8.639999999999999070e-02 -5.423141977189247598e+01
-8.591999999999999638e-02 -5.419073999702429489e+01
-8.543999999999998818e-02 -5.397283477356612025e+01
-8.495999999999999386e-02 -5.392668442732954759e+01
-8.447999999999999954e-02 -5.370296379511816554e+01
-8.399999999999999134e-02 -5.355132432071590642e+01
-8.351999999999999702e-02 -5.365749435811550683e+01
-8.303999999999998882e-02 -5.350859981630001982e+01
-8.255999999999999450e-02 -5.312189490123431312e+01
-8.207999999999998630e-02 -5.309994852727412962e+01
-8.159999999999999198e-02 -5.314994280658563497e+01
-8.111999999999999766e-02 -5.317870245271932106e+01
-8.063999999999998947e-02 -5.297366746876798516e+01
-8.015999999999999515e-02 -5.285429189951565121e+01
-7.967999999999998695e-02 -5.250388242474152634e+01
-7.919999999999999263e-02 -5.239852498700425798e+01
-7.871999999999999831e-02 -5.250445936729649077e+01
-7.823999999999999011e-02 -5.235479876756758699e+01
-7.775999999999999579e-02 -5.237126835314852968e+01
-7.727999999999998759e-02 -5.254356034915959128e+01
-7.679999999999999327e-02 -5.231729230067736580e+01
-7.631999999999999895e-02 -5.196476893013706899e+01
-7.583999999999999075e-02 -5.195517143734317500e+01
-7.535999999999999643e-02 -5.202086146813586254e+01
-7.487999999999998824e-02 -5.190824119268157233e+01
-7.439999999999999392e-02 -5.172236840228445942e+01
-7.391999999999999960e-02 -5.173387306852433198e+01
-7.343999999999999140e-02 -5.189839901528910104e+01
-7.295999999999999708e-02 -5.166946427497776995e+01
-7.247999999999998888e-02 -5.146780954143721942e+01
-7.199999999999999456e-02 -5.140998082705110050e+01
-7.152000000000000024e-02 -5.146034952383097050e+01
-7.103999999999999204e-02 -5.152741972317160446e+01
-7.055999999999999772e-02 -5.115257980501957746e+01
-7.007999999999998952e-02 -5.077821821314874740e+01
-6.959999999999999520e-02 -5.060963842899650444e+01
-6.911999999999998701e-02 -5.065043436364426555e+01
-6.863999999999999269e-02 -5.057804224154051553e+01
-6.815999999999999837e-02 -5.026972116288182235e+01
-6.767999999999999017e-02 -5.037328849228545380e+01
-6.719999999999999585e-02 -5.035966479780324079e+01
-6.671999999999998765e-02 -5.011695922911263779e+01
-6.623999999999999333e-02 -5.013355450720374051e+01
-6.575999999999999901e-02 -4.996474598194276950e+01
-6.527999999999999081e-02 -4.974255829223955061e+01
-6.479999999999999649e-02 -4.965651608202820455e+01
-6.431999999999998829e-02 -4.947874936595078310e+01
-6.383999999999999397e-02 -4.910834348374488911e+01
-6.335999999999999965e-02 -4.891961614895961219e+01
-6.287999999999999146e-02 -4.875644995271723303e+01
-6.239999999999999714e-02 -4.876806494826630711e+01
-6.191999999999999588e-02 -4.875886721579921357e+01
-6.143999999999999462e-02 -4.829131787312448409e+01
-6.095999999999999336e-02 -4.799685266042610010e+01
-6.047999999999999210e-02 -4.800903352566274407e+01
-5.999999999999999778e-02 -4.820612255506585342e+01
-5.951999999999999652e-02 -4.782912790444773066e+01
-5.903999999999999526e-02 -4.760581214427487851e+01
-5.855999999999999400e-02 -4.728354924356446531e+01
-5.807999999999999274e-02 -4.680515730052394474e+01
-5.759999999999999842e-02 -4.688131704929168819e+01
-5.711999999999999716e-02 -4.661731996787574417e+01
-5.663999999999999591e-02 -4.650406795991433739e+01
-5.615999999999999465e-02 -4.651570539385293301e+01
-5.567999999999999339e-02 -4.620751931606030638e+01
-5.519999999999999213e-02 -4.589851626468995960e+01
-5.471999999999999781e-02 -4.582558650340146755e+01
-5.423999999999999655e-02 -4.554824003455789239e+01
-5.375999999999999529e-02 -4.500910519574824775e+01
-5.327999999999999403e-02 -4.482460387446290895e+01
-5.279999999999999277e-02 -4.458927819845166596e+01
-5.231999999999999845e-02 -4.445188573337655669e+01
-5.183999999999999719e-02 -4.436401915524979245e+01
-5.135999999999999593e-02 -4.422568362466245162e+01
-5.087999999999999468e-02 -4.399589543662523283e+01
-5.039999999999999342e-02 -4.354303841029042133e+01
-4.991999999999999216e-02 -4.324266913606975749e+01
-4.943999999999999784e-02 -4.268602781137569480e+01
-4.895999999999999658e-02 -4.226878575369366331e+01
-4.847999999999999532e-02 -4.220441398907070862e+01
-4.799999999999999406e-02 -4.219803653520314413e+01
-4.751999999999999280e-02 -4.194628224597637711e+01
-4.703999999999999848e-02 -4.165411505689935012e+01
-4.655999999999999722e-02 -4.149142423722751971e+01
-4.607999999999999596e-02 -4.132436669295441334e+01
-4.559999999999999470e-02 -4.121379620905526053e+01
-4.511999999999999345e-02 -4.081674169518112905e+01
-4.463999999999999913e-02 -4.033686849332984536e+01
-4.415999999999999787e-02 -4.015211895571187029e+01
-4.367999999999999661e-02 -3.972537898787547306e+01
-4.319999999999999535e-02 -3.932937148089269641e+01
-4.271999999999999409e-02 -3.915112499768879673e+01
-4.223999999999999977e-02 -3.881941474515740254e+01
-4.175999999999999851e-02 -3.821579052027401957e+01
-4.127999999999999725e-02 -3.776916101342084175e+01
-4.079999999999999599e-02 -3.785094780200829945e+01
-4.031999999999999473e-02 -3.781604883802580019e+01
-3.983999999999999347e-02 -3.762611564885791893e+01
-3.935999999999999915e-02 -3.708444830769639111e+01
-3.887999999999999790e-02 -3.650141664318640267e+01
-3.839999999999999664e-02 -3.619546640322616327e+01
-3.791999999999999538e-02 -3.595999164007319138e+01
-3.743999999999999412e-02 -3.539448336217185442e+01
-3.695999999999999980e-02 -3.501232159515929965e+01
-3.647999999999999854e-02 -3.501966817501643447e+01
-3.599999999999999728e-02 -3.467934640879385455e+01
-3.551999999999999602e-02 -3.398477641439587416e+01
-3.503999999999999476e-02 -3.362903970608425652e+01
-3.455999999999999350e-02 -3.355054996896456743e+01
-3.407999999999999918e-02 -3.329075180386252697e+01
-3.359999999999999792e-02 -3.292367075549046973e+01
-3.311999999999999666e-02 -3.268546975112653286e+01
-3.263999999999999541e-02 -3.258216276345311258e+01
-3.215999999999999415e-02 -3.211888315467830068e+01
-3.167999999999999983e-02 -3.177535197124364075e+01
-3.119999999999999857e-02 -3.158900268920201881e+01
-3.071999999999999731e-02 -3.114366166811901948e+01
-3.023999999999999605e-02 -3.069644949692108682e+01
-2.975999999999999826e-02 -3.035886104365999572e+01
-2.927999999999999700e-02 -2.995525379679843425e+01
-2.879999999999999921e-02 -2.952913805861536289e+01
-2.831999999999999795e-02 -2.921479342797081458e+01
-2.783999999999999669e-02 -2.893114693801537385e+01
-2.735999999999999890e-02 -2.837447137118905971e+01
-2.687999999999999765e-02 -2.758470955792406443e+01
-2.639999999999999639e-02 -2.702493705341341723e+01
-2.591999999999999860e-02 -2.623286900466299443e+01
-2.543999999999999734e-02 -2.558277937005238556e+01
-2.495999999999999608e-02 -2.517323124505516674e+01
-2.447999999999999829e-02 -2.483453498520649561e+01
-2.399999999999999703e-02 -2.419680225436381704e+01
-2.351999999999999924e-02 -2.365404083995843010e+01
-2.303999999999999798e-02 -2.338076048033592969e+01
-2.255999999999999672e-02 -2.304825497695560088e+01
-2.207999999999999893e-02 -2.246567753942943924e+01
-2.159999999999999767e-02 -2.201793914730983204e+01
-2.111999999999999988e-02 -2.114649763732481702e+01
-2.063999999999999863e-02 -2.065939595799772377e+01
-2.015999999999999737e-02 -2.029357206150033122e+01
-1.967999999999999958e-02 -1.984936899082909179e+01
-1.919999999999999832e-02 -1.974507829019017535e+01
-1.871999999999999706e-02 -1.962322565589082757e+01
-1.823999999999999927e-02 -1.915521459682269523e+01
-1.775999999999999801e-02 -1.851175690140726360e+01
-1.727999999999999675e-02 -1.835494472154806900e+01
-1.679999999999999896e-02 -1.831654909628438332e+01
-1.631999999999999770e-02 -1.799059159412325926e+01
-1.583999999999999991e-02 -1.764175660150024072e+01
-1.535999999999999865e-02 -1.732221880329629116e+01
-1.487999999999999913e-02 -1.717697417362105483e+01
-1.439999999999999961e-02 -1.682776830727687667e+01
-1.391999999999999835e-02 -1.632813495544087701e+01
-1.343999999999999882e-02 -1.626584201310454603e+01
-1.295999999999999930e-02 -1.599570025029347065e+01
-1.247999999999999804e-02 -1.546878621230283812e+01
-1.199999999999999852e-02 -1.538074840039447011e+01
-1.151999999999999899e-02 -1.525236618295716262e+01
-1.103999999999999947e-02 -1.496688769519472650e+01
-1.055999999999999994e-02 -1.415126733584684970e+01
-1.007999999999999868e-02 -3.812007436681374539e+00
-9.599999999999999159e-03 4.238318602348361885e+00
-9.119999999999999635e-03 6.842010535839429863e+00
-8.639999999999998376e-03 7.044331787995089300e+00
-8.159999999999998851e-03 7.043570882498388919e+00
-7.679999999999999327e-03 7.214612892192969973e+00
-7.199999999999999803e-03 7.307140736283111337e+00
-6.719999999999999411e-03 7.135858267600129423e+00
-6.239999999999999020e-03 7.174565553655551042e+00
-5.759999999999999495e-03 7.336655551961306365e+00
-5.279999999999999971e-03 7.327354535138466574e+00
-4.799999999999999580e-03 7.350432645831342704e+00
-4.319999999999999188e-03 7.171511549605381397e+00
-3.839999999999999664e-03 7.061437452895642508e+00
-3.359999999999999706e-03 7.044398147876250960e+00
-2.879999999999999748e-03 7.036130702949594529e+00
-2.399999999999999790e-03 7.136551161966266044e+00
-1.919999999999999832e-03 7.066303166477324815e+00
-1.439999999999999874e-03 7.099622852619386748e+00
-9.599999999999999159e-04 7.171177303029443451e+00
-4.799999999999999580e-04 7.049065730220632986e+00
0.000000000000000000e+00 7.003336414230858509e+00
4.799999999999999580e-04 7.240969388846946408e+00
9.599999999999999159e-04 7.615173825726730961e+00
1.439999999999999874e-03 7.245038402862135740e+00
1.919999999999999832e-03 6.870808043067608395e+00
2.399999999999999790e-03 7.095049883148590197e+00
2.879999999999999748e-03 7.282756415937685190e+00
3.359999999999999706e-03 7.447942351747526502e+00
3.839999999999999664e-03 7.202663984579018575e+00
4.319999999999999188e-03 6.879219295000101653e+00
4.799999999999999580e-03 6.926672464129040030e+00
5.279999999999999971e-03 7.059143950638802956e+00
5.759999999999999495e-03 7.038473176603730508e+00
6.239999999999999020e-03 6.928927503841749491e+00
6.719999999999999411e-03 6.977001006321600585e+00
7.199999999999999803e-03 7.095727951072944073e+00
7.679999999999999327e-03 6.900001054858160288e+00
8.159999999999998851e-03 6.930911090856887391e+00
8.639999999999998376e-03 6.985364163266805093e+00
9.119999999999999635e-03 6.633001985376569820e+00
9.599999999999999159e-03 3.959252267693009308e+00
1.007999999999999868e-02 -4.228672329994747514e+00
1.055999999999999994e-02 -1.501291703813125622e+01
1.103999999999999947e-02 -1.613023160924379340e+01
1.151999999999999899e-02 -1.629201191135724258e+01
1.199999999999999852e-02 -1.660125527275159030e+01
1.247999999999999804e-02 -1.721262743267832107e+01
1.295999999999999930e-02 -1.737018500216175099e+01
1.343999999999999882e-02 -1.746093344571459838e+01
1.391999999999999835e-02 -1.746805451007604404e+01
1.439999999999999961e-02 -1.772004612637889309e+01
1.487999999999999913e-02 -1.831996397068125049e+01
1.535999999999999865e-02 -1.855391704030735056e+01
1.583999999999999991e-02 -1.884904894005051545e+01
1.631999999999999770e-02 -1.923733610337075461e+01
1.679999999999999896e-02 -1.934163441215694590e+01
1.727999999999999675e-02 -1.976822874639803018e+01
1.775999999999999801e-02 -2.055913037041412039e+01
1.823999999999999927e-02 -2.097664845853035942e+01
1.871999999999999706e-02 -2.127051009743231447e+01
1.919999999999999832e-02 -2.139623198924267911e+01
1.967999999999999958e-02 -2.169184731821474443e+01
2.015999999999999737e-02 -2.197568434940414761e+01
2.063999999999999863e-02 -2.245645864881994669e+01
2.111999999999999988e-02 -2.323383762990169288e+01
2.159999999999999767e-02 -2.338279573134563805e+01
2.207999999999999893e-02 -2.345954086832076158e+01
2.255999999999999672e-02 -2.397136698001046895e+01
2.303999999999999798e-02 -2.431317597708225975e+01
2.351999999999999924e-02 -2.491505120127754935e+01
2.399999999999999703e-02 -2.540147809874365237e+01
2.447999999999999829e-02 -2.595206527632332438e+01
2.495999999999999608e-02 -2.630177018638640263e+01
2.543999999999999734e-02 -2.677423181110075845e+01
2.591999999999999860e-02 -2.742158045688077550e+01
2.639999999999999639e-02 -2.808175939849153480e+01
2.687999999999999765e-02 -2.850678692789015756e+01
2.735999999999999890e-02 -2.914623430687305472e+01
2.783999999999999669e-02 -2.961465174887333163e+01
2.831999999999999795e-02 -2.997524346867645662e+01
2.879999999999999921e-02 -3.042498667403906865e+01
2.927999999999999700e-02 -3.050922166424718895e+01
2.975999999999999826e-02 -3.092157273681848295e+01
3.023999999999999605e-02 -3.115248471558986409e+01
3.071999999999999731e-02 -3.133722320698439390e+01
3.119999999999999857e-02 -3.157385825084826436e+01
3.167999999999999983e-02 -3.180593599120096826e+01
3.215999999999999415e-02 -3.210862432338024064e+01
3.263999999999999541e-02 -3.211847779549807314e+01
3.311999999999999666e-02 -3.238433691006712678e+01
3.359999999999999792e-02 -3.299236624691322106e+01
3.407999999999999918e-02 -3.320249348103799747e+01
3.455999999999999350e-02 -3.344003305391925096e+01
3.503999999999999476e-02 -3.354507220845986382e+01
3.551999999999999602e-02 -3.371975743864624064e+01
3.599999999999999728e-02 -3.405418848519063602e+01
3.647999999999999854e-02 -3.423877854177204938e+01
3.695999999999999980e-02 -3.472828582300352451e+01
3.743999999999999412e-02 -3.494904456004039162e+01
3.791999999999999538e-02 -3.523251278606715431e+01
3.839999999999999664e-02 -3.573428541885213150e+01
3.887999999999999790e-02 -3.597056117971811773e+01
3.935999999999999915e-02 -3.635754505542919190e+01
3.983999999999999347e-02 -3.677352759542853278e+01
4.031999999999999473e-02 -3.677335395987433486e+01
4.079999999999999599e-02 -3.696871355719444097e+01
4.127999999999999725e-02 -3.733727771054557820e+01
4.175999999999999851e-02 -3.734191661249906957e+01
4.223999999999999977e-02 -3.743638876428955342e+01
4.271999999999999409e-02 -3.780012884332650458e+01
4.319999999999999535e-02 -3.823183101445179233e+01
4.367999999999999661e-02 -3.862218889721188475e+01
4.415999999999999787e-02 -3.870913388212591855e+01
4.463999999999999913e-02 -3.897543708545138230e+01
4.511999999999999345e-02 -3.936633043990217118e+01
4.559999999999999470e-02 -3.995139889510629416e+01
4.607999999999999596e-02 -3.994498619769978376e+01
4.655999999999999722e-02 -4.001981751058651327e+01
4.703999999999999848e-02 -4.045905648526070308e+01
4.751999999999999280e-02 -4.097350818654980031e+01
4.799999999999999406e-02 -4.086287551989102695e+01
4.847999999999999532e-02 -4.102062602725638385e+01
4.895999999999999658e-02 -4.162753134596746918e+01
4.943999999999999784e-02 -4.196272252120582635e+01
4.991999999999999216e-02 -4.232800711161749518e+01
5.039999999999999342e-02 -4.254460733692682339e+01
5.087999999999999468e-02 -4.251223171761462538e+01
5.135999999999999593e-02 -4.267808593220402003e+01
5.183999999999999719e-02 -4.306913759004477527e+01
5.231999999999999845e-02 -4.350657539348931380e+01
5.279999999999999277e-02 -4.346672183382218435e+01
5.327999999999999403e-02 -4.350192241754324840e+01
5.375999999999999529e-02 -4.383016876658960115e+01
5.423999999999999655e-02 -4.414748458607327564e+01
5.471999999999999781e-02 -4.445289678614770423e+01
5.519999999999999213e-02 -4.487649774544546943e+01
5.567999999999999339e-02 -4.530643026692938946e+01
5.615999999999999465e-02 -4.549947495528515162e+01
5.663999999999999591e-02 -4.552241402691460337e+01
5.711999999999999716e-02 -4.589386210271528199e+01
5.759999999999999842e-02 -4.642812362259635961e+01
5.807999999999999274e-02 -4.667634919365931978e+01
5.855999999999999400e-02 -4.682841092415814188e+01
5.903999999999999526e-02 -4.708786726941879408e+01
5.951999999999999652e-02 -4.725986712210858798e+01
5.999999999999999778e-02 -4.727223098736875073e+01
6.047999999999999210e-02 -4.752119994770776401e+01
6.095999999999999336e-02 -4.790390701234343851e+01
6.143999999999999462e-02 -4.828440929170049856e+01
6.191999999999999588e-02 -4.841661545654297782e+01
6.239999999999999714e-02 -4.860257419709738258e+01
6.287999999999999146e-02 -4.904318237208818232e+01
6.335999999999999965e-02 -4.923747140413440349e+01
6.383999999999999397e-02 -4.946383163206551359e+01
6.431999999999998829e-02 -4.952976543992523517e+01
6.479999999999999649e-02 -4.966526912271851302e+01
6.527999999999999081e-02 -4.983673763399738732e+01
6.575999999999999901e-02 -5.020022255507016240e+01
6.623999999999999333e-02 -5.054547717872988954e+01
6.671999999999998765e-02 -5.050168433658383549e+01
6.719999999999999585e-02 -5.076851762400909962e+01
6.767999999999999017e-02 -5.106608863257129372e+01
6.815999999999999837e-02 -5.082884571997296774e+01
6.863999999999999269e-02 -5.096832973412307410e+01
6.911999999999998701e-02 -5.138308706925562319e+01
6.959999999999999520e-02 -5.136150162062587299e+01
7.007999999999998952e-02 -5.163920116287386719e+01
7.055999999999999772e-02 -5.232169133700678287e+01
7.103999999999999204e-02 -5.212185857954384005e+01
7.152000000000000024e-02 -5.201265870662265201e+01
7.199999999999999456e-02 -5.249986030913689916e+01
7.247999999999998888e-02 -5.276078163331814608e+01
7.295999999999999708e-02 -5.298130916200264551e+01
7.343999999999999140e-02 -5.300003351258759920e+01
7.391999999999999960e-02 -5.326179974281768637e+01
7.439999999999999392e-02 -5.332555658726589343e+01
7.487999999999998824e-02 -5.319505893653439443e+01
7.535999999999999643e-02 -5.351063581376385514e+01
7.583999999999999075e-02 -5.374472988125819484e+01
7.631999999999999895e-02 -5.424488928624726469e+01
7.679999999999999327e-02 -5.460413308278043587e+01
7.727999999999998759e-02 -5.462016003358522198e+01
7.775999999999999579e-02 -5.443564324129447840e+01
7.823999999999999011e-02 -5.454023352563198301e+01
7.871999999999999831e-02 -5.472753272442226091e+01
7.919999999999999263e-02 -5.458732197874881820e+01
7.967999999999998695e-02 -5.457679568355730026e+01
8.015999999999999515e-02 -5.477698949199207590e+01
8.063999999999998947e-02 -5.476276281572219773e+01
8.111999999999999766e-02 -5.551329267637655818e+01
8.159999999999999198e-02 -5.560240037432894411e+01
8.207999999999998630e-02 -5.515211235160344216e+01
8.255999999999999450e-02 -5.525558230843518714e+01
8.303999999999998882e-02 -5.572992242587289979e+01
8.351999999999999702e-02 -5.578425469704195905e+01
8.399999999999999134e-02 -5.576027398898227005e+01
8.447999999999999954e-02 -5.596202022334853865e+01
8.495999999999999386e-02 -5.605880384577020692e+01
8.543999999999998818e-02 -5.618624880907624686e+01
8.591999999999999638e-02 -5.609219911478312071e+01
8.639999999999999070e-02 -5.612569108125886430e+01
8.687999999999999889e-02 -5.657221743014602566e+01
8.735999999999999321e-02 -5.657139169553376234e+01
8.783999999999998753e-02 -5.663569582759870968e+01
8.831999999999999573e-02 -5.678862690519282097e+01
8.879999999999999005e-02 -5.683450116327995261e+01
8.927999999999999825e-02 -5.706387673751993361e+01
8.975999999999999257e-02 -5.727641228111569660e+01
9.023999999999998689e-02 -5.703857585531526553e+01
9.071999999999999509e-02 -5.691218733210600078e+01
9.119999999999998941e-02 -5.716935568579170734e+01
9.167999999999999761e-02 -5.751099021382624699e+01
9.215999999999999193e-02 -5.775968039134505005e+01
9.263999999999998625e-02 -5.787196717241037902e+01
9.311999999999999444e-02 -5.792066256121999857e+01
9.359999999999998876e-02 -5.798042142231891205e+01
9.407999999999999696e-02 -5.796316710486570400e+01
9.455999999999999128e-02 -5.766745018016055724e+01
9.503999999999998560e-02 -5.788134875209340890e+01
9.551999999999999380e-02 -5.816933385733116069e+01
9.599999999999998812e-02 -5.832977410451090350e+01
9.647999999999999632e-02 -5.842077580484220789e+01
9.695999999999999064e-02 -5.872055789597123265e+01
9.743999999999998496e-02 -5.841974709375755737e+01
9.791999999999999316e-02 -5.805730407490258926e+01
9.839999999999998748e-02 -5.803262841076428202e+01
9.887999999999999567e-02 -5.840271519426849522e+01
9.935999999999998999e-02 -5.865515329102976239e+01
9.983999999999998431e-02 -5.871724557866613026e+01
1.003199999999999925e-01 -5.881572558666285744e+01
1.007999999999999868e-01 -5.901262858100074027e+01
1.012799999999999950e-01 -5.913098553207792207e+01
1.017599999999999894e-01 -5.953440360850611057e+01
1.022399999999999975e-01 -5.991162841090513780e+01
1.027199999999999919e-01 -6.003896704886631142e+01
1.031999999999999862e-01 -6.034615490638478974e+01
1.036799999999999944e-01 -6.093546637297232849e+01
1.041599999999999887e-01 -6.149984161475466493e+01
1.046399999999999969e-01 -6.200929886029526727e+01
1.051199999999999912e-01 -6.285657334850298383e+01
1.055999999999999855e-01 -6.335305405528805522e+01
1.060799999999999937e-01 -6.359699438801425231e+01
1.065599999999999881e-01 -6.443997706895537192e+01
1.070399999999999963e-01 -6.551767226110152365e+01
1.075199999999999906e-01 -6.651472124787652263e+01
1.079999999999999849e-01 -6.735902829911994161e+01
1.084799999999999931e-01 -6.847487102813254012e+01
1.089599999999999874e-01 -6.955688245700162042e+01
1.094399999999999956e-01 -7.082234390641625055e+01
1.099199999999999899e-01 -7.210470183942548772e+01
1.103999999999999843e-01 -7.355949465497508299e+01
1.108799999999999925e-01 -7.510314235862102805e+01
1.113599999999999868e-01 -7.654349580152768340e+01
1.118399999999999950e-01 -7.781363646006144563e+01
1.123199999999999893e-01 -7.876770366462852735e+01
1.127999999999999836e-01 -7.947774429878896285e+01
1.132799999999999918e-01 -8.000996318411550590e+01
1.137599999999999861e-01 -8.047760252184339436e+01
1.142399999999999943e-01 -8.080226590165221978e+01
1.147199999999999886e-01 -8.107823262074492732e+01
1.151999999999999968e-01 -8.112711153503408923e+01
1.156799999999999912e-01 -8.092016280752761759e+01
1.161599999999999855e-01 -8.077543716534555074e+01
1.166399999999999937e-01 -8.067842860993222587e+01
1.171199999999999880e-01 -8.087648079477789054e+01
1.175999999999999962e-01 -8.115952428142614394e+01
1.180799999999999905e-01 -8.102023270692819779e+01
1.185599999999999848e-01 -8.078937026901043339e+01
1.190399999999999930e-01 -8.054185632388103500e+01
1.195199999999999874e-01 -8.042201559660965415e+01
1.199999999999999956e-01 -8.084793108279231433e+01
1.204799999999999899e-01 -8.100328256616818123e+01
1.209599999999999842e-01 -8.104965617916107590e+01
1.214399999999999924e-01 -8.103618477667797038e+01
1.219199999999999867e-01 -8.104577398382203057e+01
1.223999999999999949e-01 -8.056997853952285027e+01
