-1.228799999999999955e+02 -1.040540337804102222e+02
-1.223999999999999915e+02 -1.050186473573536574e+02
-1.219200000000000017e+02 -1.057147197912475036e+02
-1.214399999999999977e+02 -1.056874102654664540e+02
-1.209599999999999937e+02 -1.054555446881698941e+02
-1.204799999999999898e+02 -1.051952766977489659e+02
-1.200000000000000000e+02 -1.051088050687503994e+02
-1.195199999999999960e+02 -1.051791182087740850e+02
-1.190399999999999920e+02 -1.055384376640199804e+02
-1.185600000000000023e+02 -1.055130756531284248e+02
-1.180799999999999983e+02 -1.056379096257750518e+02
-1.175999999999999943e+02 -1.055547170431571828e+02
-1.171199999999999903e+02 -1.052634706389144981e+02
-1.166400000000000006e+02 -1.052580685809127061e+02
-1.161599999999999966e+02 -1.052108232005445956e+02
-1.156799999999999926e+02 -1.053835822052668192e+02
-1.151999999999999886e+02 -1.055665326007486442e+02
-1.147199999999999989e+02 -1.055987406185265911e+02
-1.142399999999999949e+02 -1.054747943601765883e+02
-1.137599999999999909e+02 -1.049768569700062244e+02
-1.132800000000000011e+02 -1.044520381460927894e+02
-1.127999999999999972e+02 -1.039703809144634477e+02
-1.123199999999999932e+02 -1.032914331368439491e+02
-1.118399999999999892e+02 -1.020975417459625731e+02
-1.113599999999999994e+02 -1.007814301088110369e+02
-1.108799999999999955e+02 -9.933752100034156740e+01
-1.103999999999999915e+02 -9.779750739213119459e+01
-1.099200000000000017e+02 -9.641936640043020645e+01
-1.094399999999999977e+02 -9.504658678219186640e+01
-1.089599999999999937e+02 -9.363651212217021680e+01
-1.084799999999999898e+02 -9.256278252453979860e+01
-1.080000000000000000e+02 -9.122826855655904410e+01
-1.075199999999999960e+02 -9.001458640083899354e+01
-1.070399999999999920e+02 -8.903188342314959414e+01
-1.065600000000000023e+02 -8.828788433690336035e+01
-1.060799999999999983e+02 -8.765237898005715067e+01
-1.055999999999999943e+02 -8.677595970396366454e+01
-1.051199999999999903e+02 -8.611906874028575487e+01
-1.046400000000000006e+02 -8.566161620066117166e+01
-1.041599999999999966e+02 -8.516964480761423317e+01
-1.036799999999999926e+02 -8.439320252927427646e+01
-1.032000000000000028e+02 -8.373551748261975547e+01
-1.027199999999999989e+02 -8.354668426689640626e+01
-1.022399999999999949e+02 -8.326598647046992596e+01
-1.017599999999999909e+02 -8.292594581053556624e+01
-1.012800000000000011e+02 -8.261709376145439876e+01
-1.007999999999999972e+02 -8.248834945638164129e+01
-1.003199999999999932e+02 -8.247431866620514995e+01
-9.984000000000000341e+01 -8.226320511731218232e+01
-9.935999999999999943e+01 -8.231091056917365734e+01
-9.887999999999999545e+01 -8.234360046457413773e+01
-9.839999999999999147e+01 -8.211679469135387421e+01
-9.792000000000000171e+01 -8.207427966434900668e+01
-9.743999999999999773e+01 -8.166897184091348549e+01
-9.695999999999999375e+01 -8.167315015513112542e+01
-9.647999999999998977e+01 -8.142569805227168445e+01
-9.600000000000000000e+01 -8.123378087020668659e+01
-9.551999999999999602e+01 -8.125116614450416819e+01
-9.503999999999999204e+01 -8.114525076376322943e+01
-9.456000000000000227e+01 -8.121533516985721235e+01
-9.407999999999999829e+01 -8.085558932166210866e+01
-9.359999999999999432e+01 -8.048830222716212290e+01
-9.311999999999999034e+01 -8.059071548770562288e+01
-9.264000000000000057e+01 -8.070341247390089734e+01
-9.215999999999999659e+01 -8.054084296103660279e+01
-9.167999999999999261e+01 -8.007937652487092350e+01
-9.120000000000000284e+01 -7.942324473125162854e+01
-9.071999999999999886e+01 -7.941297521603466691e+01
-9.023999999999999488e+01 -7.949707554646921892e+01
-8.975999999999999091e+01 -7.956121999632281927e+01
-8.928000000000000114e+01 -7.984119016643128930e+01
-8.879999999999999716e+01 -7.971521358000667590e+01
-8.831999999999999318e+01 -7.946218800647005764e+01
-8.784000000000000341e+01 -7.902887635307051539e+01
-8.735999999999999943e+01 -7.881871088223840616e+01
-8.687999999999999545e+01 -7.878934483781938525e+01
-8.639999999999999147e+01 -7.871473156561799556e+01
-8.592000000000000171e+01 -7.867409797499176705e+01
-8.543999999999999773e+01 -7.845616310089656054e+01
-8.495999999999999375e+01 -7.841002294538765227e+01
-8.447999999999998977e+01 -7.818629751912173731e+01
-8.400000000000000000e+01 -7.803467073450849512e+01
-8.351999999999999602e+01 -7.814082307471061029e+01
-8.303999999999999204e+01 -7.799193788913004255e+01
-8.256000000000000227e+01 -7.760523348123726350e+01
-8.207999999999999829e+01 -7.758328448130912136e+01
-8.159999999999999432e+01 -7.763329086844990456e+01
-8.111999999999999034e+01 -7.766202109205366355e+01
-8.064000000000000057e+01 -7.745700896584808959e+01
-8.015999999999999659e+01 -7.733763852310394782e+01
-7.967999999999999261e+01 -7.698721674941074866e+01
-7.920000000000000284e+01 -7.688185117111866873e+01
-7.871999999999999886e+01 -7.698780492102206097e+01
-7.823999999999999488e+01 -7.683814155032196425e+01
-7.775999999999999091e+01 -7.685458709715004488e+01
-7.728000000000000114e+01 -7.702691768987175180e+01
-7.679999999999999716e+01 -7.680061708476279136e+01
-7.631999999999999318e+01 -7.644810718271054384e+01
-7.584000000000000341e+01 -7.643851616662495019e+01
-7.535999999999999943e+01 -7.650419011926740609e+01
-7.487999999999999545e+01 -7.639157766434736629e+01
-7.439999999999999147e+01 -7.620570915025129466e+01
-7.392000000000000171e+01 -7.621720715153902859e+01
-7.343999999999999773e+01 -7.638174070428144091e+01
-7.295999999999999375e+01 -7.615278530195006113e+01
-7.248000000000000398e+01 -7.595117026330633792e+01
-7.200000000000000000e+01 -7.589330481870725009e+01
-7.151999999999999602e+01 -7.594368494591466856e+01
-7.103999999999999204e+01 -7.601077481516777823e+01
-7.056000000000000227e+01 -7.563590204594795807e+01
-7.007999999999999829e+01 -7.526156203679749979e+01
-6.959999999999999432e+01 -7.509296800166788444e+01
-6.912000000000000455e+01 -7.513378371252228760e+01
-6.864000000000000057e+01 -7.506138179562091750e+01
-6.815999999999999659e+01 -7.475303759765826328e+01
-6.767999999999999261e+01 -7.485663058383128998e+01
-6.720000000000000284e+01 -7.484301854656922615e+01
-6.671999999999999886e+01 -7.460028828251130051e+01
-6.623999999999999488e+01 -7.461689320951845161e+01
-6.575999999999999091e+01 -7.444808208333833477e+01
-6.528000000000000114e+01 -7.422588009902524675e+01
-6.479999999999999716e+01 -7.413988335738130786e+01
-6.431999999999999318e+01 -7.396206716310291540e+01
-6.383999999999999631e+01 -7.359168409370428776e+01
-6.335999999999999943e+01 -7.340294320888074253e+01
-6.287999999999999545e+01 -7.323981270714904213e+01
-6.239999999999999858e+01 -7.325138362681555293e+01
-6.191999999999999460e+01 -7.324220721971421710e+01
-6.143999999999999773e+01 -7.277465068484629285e+01
-6.096000000000000085e+01 -7.248018596190479457e+01
-6.047999999999999687e+01 -7.249237344320869170e+01
-6.000000000000000000e+01 -7.268948177252985943e+01
-5.951999999999999602e+01 -7.231242528713822537e+01
-5.903999999999999915e+01 -7.208919383260654001e+01
-5.855999999999999517e+01 -7.176683451431307503e+01
-5.807999999999999829e+01 -7.128855562583626693e+01
-5.759999999999999432e+01 -7.136459013516761729e+01
-5.711999999999999744e+01 -7.110068828294130583e+01
-5.664000000000000057e+01 -7.098740789818042174e+01
-5.615999999999999659e+01 -7.099902786224332374e+01
-5.567999999999999972e+01 -7.069084500532082416e+01
-5.519999999999999574e+01 -7.038187835386413838e+01
-5.471999999999999886e+01 -7.030891725794917591e+01
-5.423999999999999488e+01 -7.003156568114255265e+01
-5.375999999999999801e+01 -6.949245515670467910e+01
-5.328000000000000114e+01 -6.930792691855411647e+01
-5.279999999999999716e+01 -6.907262626197231725e+01
-5.232000000000000028e+01 -6.893521598159820485e+01
-5.183999999999999631e+01 -6.884737703654013785e+01
-5.135999999999999943e+01 -6.870899258221984951e+01
-5.087999999999999545e+01 -6.847923497532057979e+01
-5.039999999999999858e+01 -6.802640819735459843e+01
-4.992000000000000171e+01 -6.772596575297288268e+01
-4.943999999999999773e+01 -6.716939756105030312e+01
-4.896000000000000085e+01 -6.675210748265050142e+01
-4.847999999999999687e+01 -6.668776309673069136e+01
-4.800000000000000000e+01 -6.668134089899584183e+01
-4.751999999999999602e+01 -6.642965569112840285e+01
-4.703999999999999915e+01 -6.613742764776372951e+01
-4.655999999999999517e+01 -6.597478855834896194e+01
-4.607999999999999829e+01 -6.580764726927603192e+01
-4.560000000000000142e+01 -6.569719144806168742e+01
-4.511999999999999744e+01 -6.530005945452404603e+01
-4.464000000000000057e+01 -6.482019078038376847e+01
-4.415999999999999659e+01 -6.463548035069435116e+01
-4.367999999999999972e+01 -6.420869130629925792e+01
-4.319999999999999574e+01 -6.381273297253098775e+01
-4.271999999999999886e+01 -6.363444282366426563e+01
-4.223999999999999488e+01 -6.330277155685899260e+01
-4.175999999999999801e+01 -6.269911108497088037e+01
-4.128000000000000114e+01 -6.225249527656898607e+01
-4.079999999999999716e+01 -6.233429409695854417e+01
-4.032000000000000028e+01 -6.229938574581039745e+01
-3.983999999999999631e+01 -6.210945728250297293e+01
-3.935999999999999943e+01 -6.156777211160737551e+01
-3.887999999999999545e+01 -6.098476472752083311e+01
-3.839999999999999858e+01 -6.067880707243724459e+01
-3.792000000000000171e+01 -6.044329973680294898e+01
-3.743999999999999773e+01 -5.987785220274655984e+01
-3.696000000000000085e+01 -5.949564716699671862e+01
-3.647999999999999687e+01 -5.950300916063882539e+01
-3.600000000000000000e+01 -5.916267868487038584e+01
-3.551999999999999602e+01 -5.846810262838475580e+01
-3.503999999999999915e+01 -5.811241453371617638e+01
-3.456000000000000227e+01 -5.803382833904463922e+01
-3.407999999999999829e+01 -5.777412453506830303e+01
-3.360000000000000142e+01 -5.740700027216070112e+01
-3.311999999999999744e+01 -5.716882594262563799e+01
-3.264000000000000057e+01 -5.706548866010994914e+01
-3.215999999999999659e+01 -5.660212780141532107e+01
-3.167999999999999972e+01 -5.625862639688001110e+01
-3.119999999999999929e+01 -5.607236698271906050e+01
-3.071999999999999886e+01 -5.562699734405529739e+01
-3.023999999999999844e+01 -5.517992517870997915e+01
-2.975999999999999801e+01 -5.484243109275951866e+01
-2.927999999999999758e+01 -5.443846453805079477e+01
-2.879999999999999716e+01 -5.401199831225250136e+01
-2.832000000000000028e+01 -5.369761832938792878e+01
-2.783999999999999986e+01 -5.341410990124935410e+01
-2.735999999999999943e+01 -5.285771777169179586e+01
-2.687999999999999901e+01 -5.206807409208561666e+01
-2.639999999999999858e+01 -5.150810781827978246e+01
-2.591999999999999815e+01 -5.071596553922006478e+01
-2.543999999999999773e+01 -5.006611295402070994e+01
-2.496000000000000085e+01 -4.965682978466146835e+01
-2.448000000000000043e+01 -4.931785741453818162e+01
-2.400000000000000000e+01 -4.867999013427360921e+01
-2.351999999999999957e+01 -4.813730652120528930e+01
-2.303999999999999915e+01 -4.786414132948117839e+01
-2.255999999999999872e+01 -4.753167913754178642e+01
-2.207999999999999829e+01 -4.694889632044464634e+01
-2.159999999999999787e+01 -4.650127636594198322e+01
-2.111999999999999744e+01 -4.562957855061495138e+01
-2.064000000000000057e+01 -4.514270813299523866e+01
-2.016000000000000014e+01 -4.477677501918232394e+01
-1.967999999999999972e+01 -4.433249497754285784e+01
-1.919999999999999929e+01 -4.422773011169185509e+01
-1.871999999999999886e+01 -4.410584943259635082e+01
-1.823999999999999844e+01 -4.363562611294529603e+01
-1.775999999999999801e+01 -4.299188880193639051e+01
-1.728000000000000114e+01 -4.283581171876735993e+01
-1.680000000000000071e+01 -4.279753980777105227e+01
-1.632000000000000028e+01 -4.247161348761051158e+01
-1.583999999999999986e+01 -4.211765429379374837e+01
-1.535999999999999943e+01 -4.179498383564863673e+01
-1.487999999999999901e+01 -4.164987615827187284e+01
-1.439999999999999858e+01 -4.130387377812549232e+01
-1.391999999999999993e+01 -4.080824587690612759e+01
-1.343999999999999950e+01 -4.074398570920298823e+01
-1.295999999999999908e+01 -4.046917929334227182e+01
-1.248000000000000043e+01 -3.994731813594273007e+01
-1.200000000000000000e+01 -3.987040886467906375e+01
-1.151999999999999957e+01 -3.974684982240189157e+01
-1.103999999999999915e+01 -3.948226678137071133e+01
-1.055999999999999872e+01 -3.917929869085555339e+01
-1.008000000000000007e+01 -3.310476121057131138e+01
-9.599999999999999645e+00 -2.571691274475547928e+01
-9.119999999999999218e+00 -2.315445458652040145e+01
-8.640000000000000568e+00 -2.296090721109995769e+01
-8.160000000000000142e+00 -2.297743181061130002e+01
-7.679999999999999716e+00 -2.281960957443079252e+01
-7.199999999999999289e+00 -2.273390070272864705e+01
-6.719999999999999751e+00 -2.291924016950955689e+01
-6.240000000000000213e+00 -2.289304585856264396e+01
-5.759999999999999787e+00 -2.272995808144196772e+01
-5.279999999999999361e+00 -2.273138118365085703e+01
-4.799999999999999822e+00 -2.271306334953877482e+01
-4.320000000000000284e+00 -2.286016391131230208e+01
-3.839999999999999858e+00 -2.297493285444776134e+01
-3.359999999999999876e+00 -2.301176220523723259e+01
-2.879999999999999893e+00 -2.301651550124333312e+01
-2.399999999999999911e+00 -2.294244019129221357e+01
-1.919999999999999929e+00 -2.306684405750784350e+01
-1.439999999999999947e+00 -2.300723542055255777e+01
-9.599999999999999645e-01 -2.291740466933573117e+01
-4.799999999999999822e-01 -2.305236059280835192e+01
0.000000000000000000e+00 -2.308456187182911634e+01
4.799999999999999822e-01 -2.282897476610964560e+01
9.599999999999999645e-01 -2.247115433867104528e+01
1.439999999999999947e+00 -2.286144509794582547e+01
1.919999999999999929e+00 -2.325401426661879611e+01
2.399999999999999911e+00 -2.302790894372668262e+01
2.879999999999999893e+00 -2.281908989802275300e+01
3.359999999999999876e+00 -2.265766943767589581e+01
3.839999999999999858e+00 -2.291159143573253232e+01
4.320000000000000284e+00 -2.325132269033297305e+01
4.799999999999999822e+00 -2.321323334251818693e+01
5.279999999999999361e+00 -2.304296452302084930e+01
5.759999999999999787e+00 -2.308726953656679015e+01
6.240000000000000213e+00 -2.321766403157516478e+01
6.719999999999999751e+00 -2.317364568972298855e+01
7.199999999999999289e+00 -2.305453549546480829e+01
7.679999999999999716e+00 -2.323417504719553506e+01
8.160000000000000142e+00 -2.322245754377118132e+01
8.640000000000000568e+00 -2.319834425297557345e+01
9.119999999999999218e+00 -2.357129604814524271e+01
9.599999999999999645e+00 -2.615938971850474104e+01
1.008000000000000007e+01 -3.366476035525685262e+01
1.055999999999999872e+01 -4.012700771169490821e+01
1.103999999999999915e+01 -4.068345209488968095e+01
1.151999999999999957e+01 -4.079020819824918220e+01
1.200000000000000000e+01 -4.108070567978920451e+01
1.248000000000000043e+01 -4.168804837858587575e+01
1.295999999999999908e+01 -4.184567594680183333e+01
1.343999999999999950e+01 -4.193710227592880813e+01
1.391999999999999993e+01 -4.194713841755785921e+01
1.439999999999999858e+01 -4.219414724173229558e+01
1.487999999999999901e+01 -4.278926329219074631e+01
1.535999999999999943e+01 -4.302967955546606760e+01
1.583999999999999986e+01 -4.332182956770618887e+01
1.632000000000000028e+01 -4.371084103351777372e+01
1.680000000000000071e+01 -4.381779837465614946e+01
1.728000000000000114e+01 -4.424767770789833321e+01
1.775999999999999801e+01 -4.504100266644726247e+01
1.823999999999999844e+01 -4.545861492193470355e+01
1.871999999999999886e+01 -4.575204415484422782e+01
1.919999999999999929e+01 -4.587824424023222036e+01
1.967999999999999972e+01 -4.617470702763125701e+01
2.016000000000000014e+01 -4.645894840057825093e+01
2.064000000000000057e+01 -4.693986215966782538e+01
2.111999999999999744e+01 -4.771713737565318070e+01
2.159999999999999787e+01 -4.786631396184637310e+01
2.207999999999999829e+01 -4.794301711247707942e+01
2.255999999999999872e+01 -4.845486911745166481e+01
2.303999999999999915e+01 -4.879663542751518435e+01
2.351999999999999957e+01 -4.939832907791375760e+01
2.400000000000000000e+01 -4.988472668205474747e+01
2.448000000000000043e+01 -5.043543875777827878e+01
2.496000000000000085e+01 -5.078510069215131750e+01
2.543999999999999773e+01 -5.125751405805183936e+01
2.591999999999999815e+01 -5.190473910623160947e+01
2.639999999999999858e+01 -5.256494197914630462e+01
2.687999999999999901e+01 -5.298978439916741934e+01
2.735999999999999943e+01 -5.362934705154951587e+01
2.783999999999999986e+01 -5.409768960528882076e+01
2.832000000000000028e+01 -5.445831904286556835e+01
2.879999999999999716e+01 -5.490804995472156946e+01
2.927999999999999758e+01 -5.499282481259011490e+01
2.975999999999999801e+01 -5.540506895510908691e+01
3.023999999999999844e+01 -5.563588913066374175e+01
3.071999999999999886e+01 -5.582057416183118193e+01
3.119999999999999929e+01 -5.605718926525867829e+01
3.167999999999999972e+01 -5.628921729014577124e+01
3.215999999999999659e+01 -5.659191331339457776e+01
3.264000000000000057e+01 -5.660181759873744767e+01
3.311999999999999744e+01 -5.686766270937332024e+01
3.360000000000000142e+01 -5.747568849675798219e+01
3.407999999999999829e+01 -5.768582791586625547e+01
3.456000000000000227e+01 -5.792336482281186250e+01
3.503999999999999915e+01 -5.802842964189207464e+01
3.551999999999999602e+01 -5.820308339780955009e+01
3.600000000000000000e+01 -5.853753274232307291e+01
3.647999999999999687e+01 -5.872210222322409123e+01
3.696000000000000085e+01 -5.921162019441490543e+01
3.743999999999999773e+01 -5.943239995102903350e+01
3.792000000000000171e+01 -5.971584412218857096e+01
3.839999999999999858e+01 -6.021761857674753315e+01
3.887999999999999545e+01 -6.045390239598972926e+01
3.935999999999999943e+01 -6.084088368968917138e+01
3.983999999999999631e+01 -6.125684380267358620e+01
4.032000000000000028e+01 -6.125671829284003422e+01
4.079999999999999716e+01 -6.145203359414099964e+01
4.128000000000000114e+01 -6.182061717190664751e+01
4.175999999999999801e+01 -6.182525475620760602e+01
4.223999999999999488e+01 -6.191972034735655228e+01
4.271999999999999886e+01 -6.228346938698726376e+01
4.319999999999999574e+01 -6.271516873172983964e+01
4.367999999999999972e+01 -6.310553348021706199e+01
4.415999999999999659e+01 -6.319245440825865501e+01
4.464000000000000057e+01 -6.345878116724610152e+01
4.511999999999999744e+01 -6.384967499986798600e+01
4.560000000000000142e+01 -6.443473149556639612e+01
4.607999999999999829e+01 -6.442831560550582992e+01
4.655999999999999517e+01 -6.450315755250177574e+01
4.703999999999999915e+01 -6.494240290876417987e+01
4.751999999999999602e+01 -6.545683441423135207e+01
4.800000000000000000e+01 -6.534620183562341822e+01
4.847999999999999687e+01 -6.550397626551222174e+01
4.896000000000000085e+01 -6.611087468726253746e+01
4.943999999999999773e+01 -6.644605163820658333e+01
4.992000000000000171e+01 -6.681134105065646622e+01
5.039999999999999858e+01 -6.702794723583414793e+01
5.087999999999999545e+01 -6.699558451482069188e+01
5.135999999999999943e+01 -6.716139454653576024e+01
5.183999999999999631e+01 -6.755247651506675766e+01
5.232000000000000028e+01 -6.798994658787580647e+01
5.279999999999999716e+01 -6.795004149021411877e+01
5.328000000000000114e+01 -6.798524290491097588e+01
5.375999999999999801e+01 -6.831352871095705837e+01
5.423999999999999488e+01 -6.863079849678335620e+01
5.471999999999999886e+01 -6.893625652243599689e+01
5.519999999999999574e+01 -6.935981586895513828e+01
5.567999999999999972e+01 -6.978976799757714389e+01
5.615999999999999659e+01 -6.998280577798345803e+01
5.664000000000000057e+01 -7.000577742261681635e+01
5.711999999999999744e+01 -7.037719110422460744e+01
5.759999999999999432e+01 -7.091143595092725604e+01
5.807999999999999829e+01 -7.115971432791118900e+01
5.855999999999999517e+01 -7.131171720908898237e+01
5.903999999999999915e+01 -7.157124259230015184e+01
5.951999999999999602e+01 -7.174317281770912302e+01
6.000000000000000000e+01 -7.175558797350899454e+01
6.047999999999999687e+01 -7.200450347001341811e+01
6.096000000000000085e+01 -7.238729954085648899e+01
6.143999999999999773e+01 -7.276770848492540722e+01
6.191999999999999460e+01 -7.289995553096116510e+01
6.239999999999999858e+01 -7.308591255919722585e+01
6.287999999999999545e+01 -7.352650913008366729e+01
6.335999999999999943e+01 -7.372083561116328099e+01
6.383999999999999631e+01 -7.394714174833345055e+01
6.431999999999999318e+01 -7.401312157212827003e+01
6.479999999999999716e+01 -7.414858846348803922e+01
6.528000000000000114e+01 -7.432008989720839054e+01
6.575999999999999091e+01 -7.468354828788486088e+01
6.623999999999999488e+01 -7.502882727309939526e+01
6.671999999999999886e+01 -7.498501248515975703e+01
6.720000000000000284e+01 -7.525185589367583816e+01
6.767999999999999261e+01 -7.554940683638524490e+01
6.815999999999999659e+01 -7.531221332141667801e+01
6.864000000000000057e+01 -7.545165197760604769e+01
6.912000000000000455e+01 -7.586643292387421411e+01
6.959999999999999432e+01 -7.584482344338016446e+01
7.007999999999999829e+01 -7.612253330563558507e+01
7.056000000000000227e+01 -7.680504929749632481e+01
7.103999999999999204e+01 -7.660518616022520177e+01
7.151999999999999602e+01 -7.649599276552223159e+01
7.200000000000000000e+01 -7.698321950531888547e+01
7.248000000000000398e+01 -7.724407867987623888e+01
7.295999999999999375e+01 -7.746467345573954333e+01
7.343999999999999773e+01 -7.748337323298541435e+01
7.392000000000000171e+01 -7.774511671605095842e+01
7.439999999999999147e+01 -7.780890995165880497e+01
7.487999999999999545e+01 -7.767839404557165039e+01
7.535999999999999943e+01 -7.799395939852669812e+01
7.584000000000000341e+01 -7.822807643578681791e+01
7.631999999999999318e+01 -7.872822455126646446e+01
7.679999999999999716e+01 -7.908746779829979801e+01
7.728000000000000114e+01 -7.910349266246645072e+01
7.775999999999999091e+01 -7.891899903605498423e+01
7.823999999999999488e+01 -7.902354468651998332e+01
7.871999999999999886e+01 -7.921088894486196352e+01
7.920000000000000284e+01 -7.907065339120809710e+01
7.967999999999999261e+01 -7.906013533800516768e+01
8.015999999999999659e+01 -7.926032257053614671e+01
8.064000000000000057e+01 -7.924610131017276160e+01
8.111999999999999034e+01 -7.999661738166943792e+01
8.159999999999999432e+01 -8.008575097462808401e+01
8.207999999999999829e+01 -7.963544608800941660e+01
8.256000000000000227e+01 -7.973891047348766392e+01
8.303999999999999204e+01 -8.021327857276136797e+01
8.351999999999999602e+01 -8.026756712324097975e+01
8.400000000000000000e+01 -8.024363125898999272e+01
8.447999999999998977e+01 -8.044534357817811099e+01
8.495999999999999375e+01 -8.054213928338316464e+01
8.543999999999999773e+01 -8.066959590856100704e+01
8.592000000000000171e+01 -8.057553587749082169e+01
8.639999999999999147e+01 -8.060902173648176472e+01
8.687999999999999545e+01 -8.105556499915596191e+01
8.735999999999999943e+01 -8.105470520932739475e+01
8.784000000000000341e+01 -8.111906538530314492e+01
8.831999999999999318e+01 -8.127194359095427956e+01
8.879999999999999716e+01 -8.131783467352033767e+01
8.928000000000000114e+01 -8.154722754917602856e+01
8.975999999999999091e+01 -8.175974495454784119e+01
9.023999999999999488e+01 -8.152190607716357817e+01
9.071999999999999886e+01 -8.139552708000289272e+01
9.120000000000000284e+01 -8.165269663538390432e+01
9.167999999999999261e+01 -8.199432460801764933e+01
9.215999999999999659e+01 -8.224300836648843926e+01
9.264000000000000057e+01 -8.235532193663792100e+01
9.311999999999999034e+01 -8.240398379883886548e+01
9.359999999999999432e+01 -8.246376569015431812e+01
9.407999999999999829e+01 -8.244650570079427609e+01
9.456000000000000227e+01 -8.215078295432883237e+01
9.503999999999999204e+01 -8.236468488689341427e+01
9.551999999999999602e+01 -8.265267263809707288e+01
9.600000000000000000e+01 -8.281312543551032945e+01
9.647999999999998977e+01 -8.290408035225360095e+01
9.695999999999999375e+01 -8.320392535473897055e+01
9.743999999999999773e+01 -8.290307437645572008e+01
9.792000000000000171e+01 -8.254063319693800338e+01
9.839999999999999147e+01 -8.251597580432574830e+01
9.887999999999999545e+01 -8.288604948227859381e+01
9.935999999999999943e+01 -8.313848818188183998e+01
9.984000000000000341e+01 -8.320058781391465175e+01
1.003199999999999932e+02 -8.329905696016606953e+01
1.007999999999999972e+02 -8.349595920380352254e+01
1.012800000000000011e+02 -8.361433836566966704e+01
1.017599999999999909e+02 -8.401772693531415825e+01
1.022399999999999949e+02 -8.439497349574453722e+01
1.027199999999999989e+02 -8.452230008372251291e+01
1.032000000000000028e+02 -8.482949458679853194e+01
1.036799999999999926e+02 -8.541880182608551308e+01
1.041599999999999966e+02 -8.598317752547983162e+01
1.046400000000000006e+02 -8.649263221347996478e+01
1.051199999999999903e+02 -8.733992484681303381e+01
1.055999999999999943e+02 -8.783637084145905760e+01
1.060799999999999983e+02 -8.808034345030144152e+01
1.065600000000000023e+02 -8.892331322452574227e+01
1.070399999999999920e+02 -9.000100564071729536e+01
1.075199999999999960e+02 -9.099806997603637626e+01
1.080000000000000000e+02 -9.184235236936675051e+01
1.084799999999999898e+02 -9.295820061588545968e+01
1.089599999999999937e+02 -9.404023919028989553e+01
1.094399999999999977e+02 -9.530567308947249217e+01
1.099200000000000017e+02 -9.658804419204233227e+01
1.103999999999999915e+02 -9.804280724989047258e+01
1.108799999999999955e+02 -9.958651906509602725e+01
1.113599999999999994e+02 -1.010268020820220016e+02
1.118399999999999892e+02 -1.022969730448754291e+02
1.123199999999999932e+02 -1.032510954543438686e+02
1.127999999999999972e+02 -1.039610106121738511e+02
1.132800000000000011e+02 -1.044933544426791343e+02
1.137599999999999909e+02 -1.049608726688141758e+02
1.142399999999999949e+02 -1.052856339627952309e+02
1.147199999999999989e+02 -1.055616280108183958e+02
1.151999999999999886e+02 -1.056103874739884532e+02
1.156799999999999926e+02 -1.054035268685366731e+02
1.161599999999999966e+02 -1.052587527846006452e+02
1.166400000000000006e+02 -1.051617533624522309e+02
1.171199999999999903e+02 -1.053598580844149382e+02
1.175999999999999943e+02 -1.056428487420143938e+02
1.180799999999999983e+02 -1.055035649159773214e+02
1.185600000000000023e+02 -1.052726945304600576e+02
1.190399999999999920e+02 -1.050251958041292255e+02
1.195199999999999960e+02 -1.049053676091193097e+02
1.200000000000000000e+02 -1.053312557038160122e+02
1.204799999999999898e+02 -1.054866432601518511e+02
1.209599999999999937e+02 -1.055329644159286886e+02
1.214399999999999977e+02 -1.055195360508783011e+02
1.219200000000000017e+02 -1.055291088215625166e+02
1.223999999999999915e+02 -1.050533026736875541e+02
