-1.228799999999999955e+02 -1.028826135263783073e+02
-1.223999999999999915e+02 -1.043018091208605540e+02
-1.219200000000000017e+02 -1.052990671556725317e+02
-1.214399999999999977e+02 -1.054107201025670548e+02
-1.209599999999999937e+02 -1.056026816934183046e+02
-1.204799999999999898e+02 -1.054051698948653097e+02
-1.200000000000000000e+02 -1.054647060717406504e+02
-1.195199999999999960e+02 -1.057853217029728228e+02
-1.190399999999999920e+02 -1.057750340162671989e+02
-1.185600000000000023e+02 -1.054451162087218705e+02
-1.180799999999999983e+02 -1.056488731009637831e+02
-1.175999999999999943e+02 -1.058562139988770241e+02
-1.171199999999999903e+02 -1.058223181060077991e+02
-1.166400000000000006e+02 -1.056545481125854877e+02
-1.161599999999999966e+02 -1.054258419592930238e+02
-1.156799999999999926e+02 -1.054518653578969065e+02
-1.151999999999999886e+02 -1.057936472956934040e+02
-1.147199999999999989e+02 -1.056536683650296595e+02
-1.142399999999999949e+02 -1.050956003129184921e+02
-1.137599999999999909e+02 -1.047583890357398531e+02
-1.132800000000000011e+02 -1.045504344889142487e+02
-1.127999999999999972e+02 -1.039382331441673841e+02
-1.123199999999999932e+02 -1.033718100525358636e+02
-1.118399999999999892e+02 -1.022545366757776861e+02
-1.113599999999999994e+02 -1.007407925700869242e+02
-1.108799999999999955e+02 -9.924405838180337014e+01
-1.103999999999999915e+02 -9.740671477235279951e+01
-1.099200000000000017e+02 -9.589709809971270715e+01
-1.094399999999999977e+02 -9.483395401440490957e+01
-1.089599999999999937e+02 -9.393938104959266866e+01
-1.084799999999999898e+02 -9.280027961268478975e+01
-1.080000000000000000e+02 -9.122379237744509339e+01
-1.075199999999999960e+02 -9.001805196077575033e+01
-1.070399999999999920e+02 -8.919790667975476595e+01
-1.065600000000000023e+02 -8.863717468082406015e+01
-1.060799999999999983e+02 -8.804321902010423173e+01
-1.055999999999999943e+02 -8.696693027440112189e+01
-1.051199999999999903e+02 -8.625980768470591897e+01
-1.046400000000000006e+02 -8.579286617924992697e+01
-1.041599999999999966e+02 -8.501925040812852785e+01
-1.036799999999999926e+02 -8.435081918594434569e+01
-1.032000000000000028e+02 -8.392179279387480051e+01
-1.027199999999999989e+02 -8.346486291843014271e+01
-1.022399999999999949e+02 -8.315496282581952414e+01
-1.017599999999999909e+02 -8.299285526460295159e+01
-1.012800000000000011e+02 -8.259433446974954052e+01
-1.007999999999999972e+02 -8.251640981506413652e+01
-1.003199999999999932e+02 -8.245545743285033780e+01
-9.984000000000000341e+01 -8.221105817928589943e+01
-9.935999999999999943e+01 -8.231715205543396507e+01
-9.887999999999999545e+01 -8.229952985805917365e+01
-9.839999999999999147e+01 -8.220659695260506794e+01
-9.792000000000000171e+01 -8.206536445480872999e+01
-9.743999999999999773e+01 -8.154793783717998679e+01
-9.695999999999999375e+01 -8.159490552393737062e+01
-9.647999999999998977e+01 -8.124800308337157162e+01
-9.600000000000000000e+01 -8.109839034991219364e+01
-9.551999999999999602e+01 -8.111535016835802026e+01
-9.503999999999999204e+01 -8.102159505495930603e+01
-9.456000000000000227e+01 -8.098914759418136100e+01
-9.407999999999999829e+01 -8.074287724368898012e+01
-9.359999999999999432e+01 -8.046979001509825480e+01
-9.311999999999999034e+01 -8.053734465506082074e+01
-9.264000000000000057e+01 -8.066954800404715797e+01
-9.215999999999999659e+01 -8.052554109814735739e+01
-9.167999999999999261e+01 -8.010020806623950307e+01
-9.120000000000000284e+01 -7.964157836294191384e+01
-9.071999999999999886e+01 -7.958970910834774770e+01
-9.023999999999999488e+01 -7.967562663766992159e+01
-8.975999999999999091e+01 -7.976693725734170926e+01
-8.928000000000000114e+01 -7.982393425391953201e+01
-8.879999999999999716e+01 -7.967362170771718866e+01
-8.831999999999999318e+01 -7.936981677887003173e+01
-8.784000000000000341e+01 -7.895363681251102150e+01
-8.735999999999999943e+01 -7.892776700207041074e+01
-8.687999999999999545e+01 -7.881859952542995984e+01
-8.639999999999999147e+01 -7.855898065486680082e+01
-8.592000000000000171e+01 -7.870148759124467119e+01
-8.543999999999999773e+01 -7.867520317766680193e+01
-8.495999999999999375e+01 -7.858665130204433069e+01
-8.447999999999998977e+01 -7.828217559724598118e+01
-8.400000000000000000e+01 -7.804787839727487153e+01
-8.351999999999999602e+01 -7.797748578237437300e+01
-8.303999999999999204e+01 -7.792577865885360211e+01
-8.256000000000000227e+01 -7.762831151433107379e+01
-8.207999999999999829e+01 -7.774145918905057329e+01
-8.159999999999999432e+01 -7.785997314913271339e+01
-8.111999999999999034e+01 -7.780311696040732272e+01
-8.064000000000000057e+01 -7.751276802045330783e+01
-8.015999999999999659e+01 -7.738204306161094337e+01
-7.967999999999999261e+01 -7.708965578471320157e+01
-7.920000000000000284e+01 -7.696128634461703655e+01
-7.871999999999999886e+01 -7.705971799348064621e+01
-7.823999999999999488e+01 -7.696605492600863840e+01
-7.775999999999999091e+01 -7.688936166353200008e+01
-7.728000000000000114e+01 -7.692595461700210535e+01
-7.679999999999999716e+01 -7.675757233742102414e+01
-7.631999999999999318e+01 -7.641778688143928377e+01
-7.584000000000000341e+01 -7.650281789844157743e+01
-7.535999999999999943e+01 -7.660990103860403622e+01
-7.487999999999999545e+01 -7.638448501870216489e+01
-7.439999999999999147e+01 -7.625615320780009654e+01
-7.392000000000000171e+01 -7.628100980742055981e+01
-7.343999999999999773e+01 -7.636037913104632935e+01
-7.295999999999999375e+01 -7.613569759753882238e+01
-7.248000000000000398e+01 -7.589724157374861591e+01
-7.200000000000000000e+01 -7.591944058188236966e+01
-7.151999999999999602e+01 -7.604505744761807762e+01
-7.103999999999999204e+01 -7.605397315505190647e+01
-7.056000000000000227e+01 -7.557145074451192102e+01
-7.007999999999999829e+01 -7.526573939406634395e+01
-6.959999999999999432e+01 -7.520716049361905675e+01
-6.912000000000000455e+01 -7.520251666923365974e+01
-6.864000000000000057e+01 -7.501078063417773478e+01
-6.815999999999999659e+01 -7.470930485360720752e+01
-6.767999999999999261e+01 -7.489615722874791004e+01
-6.720000000000000284e+01 -7.486146564286949001e+01
-6.671999999999999886e+01 -7.455663018821151411e+01
-6.623999999999999488e+01 -7.452223521170293452e+01
-6.575999999999999091e+01 -7.433983269379049830e+01
-6.528000000000000114e+01 -7.422592521567489143e+01
-6.479999999999999716e+01 -7.410385856123370729e+01
-6.431999999999999318e+01 -7.392912178682762203e+01
-6.383999999999999631e+01 -7.353949993932165796e+01
-6.335999999999999943e+01 -7.335840214993025654e+01
-6.287999999999999545e+01 -7.316648243830169918e+01
-6.239999999999999858e+01 -7.317400037878033459e+01
-6.191999999999999460e+01 -7.321878598304627417e+01
-6.143999999999999773e+01 -7.279480607069758946e+01
-6.096000000000000085e+01 -7.256128601388275001e+01
-6.047999999999999687e+01 -7.254708776136239123e+01
-6.000000000000000000e+01 -7.264644273253577467e+01
-5.951999999999999602e+01 -7.213931103437906245e+01
-5.903999999999999915e+01 -7.193858777340611255e+01
-5.855999999999999517e+01 -7.174351807237758294e+01
-5.807999999999999829e+01 -7.127492441546377222e+01
-5.759999999999999432e+01 -7.136137323449781888e+01
-5.711999999999999744e+01 -7.112290579244681510e+01
-5.664000000000000057e+01 -7.095099405418507388e+01
-5.615999999999999659e+01 -7.092567309619268201e+01
-5.567999999999999972e+01 -7.058803278012318572e+01
-5.519999999999999574e+01 -7.026227302437300182e+01
-5.471999999999999886e+01 -7.016231937270573837e+01
-5.423999999999999488e+01 -6.986888664280645855e+01
-5.375999999999999801e+01 -6.937660364047134465e+01
-5.328000000000000114e+01 -6.923837571959494142e+01
-5.279999999999999716e+01 -6.898963216090899664e+01
-5.232000000000000028e+01 -6.880797158656977786e+01
-5.183999999999999631e+01 -6.874815026686806618e+01
-5.135999999999999943e+01 -6.857900258668665572e+01
-5.087999999999999545e+01 -6.837100837109559848e+01
-5.039999999999999858e+01 -6.792354612010092296e+01
-4.992000000000000171e+01 -6.763587758912655090e+01
-4.943999999999999773e+01 -6.709066483280581394e+01
-4.896000000000000085e+01 -6.666224148842589159e+01
-4.847999999999999687e+01 -6.661330760766620074e+01
-4.800000000000000000e+01 -6.660188625038840371e+01
-4.751999999999999602e+01 -6.632959137131746274e+01
-4.703999999999999915e+01 -6.603691036539395043e+01
-4.655999999999999517e+01 -6.588528532675395866e+01
-4.607999999999999829e+01 -6.570967487183014555e+01
-4.560000000000000142e+01 -6.557952209530884602e+01
-4.511999999999999744e+01 -6.518798308456648272e+01
-4.464000000000000057e+01 -6.471510632511494521e+01
-4.415999999999999659e+01 -6.455368444211850942e+01
-4.367999999999999972e+01 -6.413198126590532411e+01
-4.319999999999999574e+01 -6.367752979772085808e+01
-4.271999999999999886e+01 -6.346226868524043141e+01
-4.223999999999999488e+01 -6.316138192941657081e+01
-4.175999999999999801e+01 -6.259967310656244166e+01
-4.128000000000000114e+01 -6.215367056987970784e+01
-4.079999999999999716e+01 -6.221794530434101489e+01
-4.032000000000000028e+01 -6.219400792191309080e+01
-3.983999999999999631e+01 -6.199801611333610651e+01
-3.935999999999999943e+01 -6.147546406081680459e+01
-3.887999999999999545e+01 -6.090155030095905886e+01
-3.839999999999999858e+01 -6.057540259915518277e+01
-3.792000000000000171e+01 -6.032801071384379554e+01
-3.743999999999999773e+01 -5.976207157837307449e+01
-3.696000000000000085e+01 -5.938024242297635169e+01
-3.647999999999999687e+01 -5.940044245705643533e+01
-3.600000000000000000e+01 -5.904579814610923449e+01
-3.551999999999999602e+01 -5.833950579358570820e+01
-3.503999999999999915e+01 -5.798445497482820343e+01
-3.456000000000000227e+01 -5.791056199040134800e+01
-3.407999999999999829e+01 -5.765718576882888868e+01
-3.360000000000000142e+01 -5.730037647843901993e+01
-3.311999999999999744e+01 -5.705843810203302269e+01
-3.264000000000000057e+01 -5.693981874409112010e+01
-3.215999999999999659e+01 -5.648564874940195324e+01
-3.167999999999999972e+01 -5.614705591656290551e+01
-3.119999999999999929e+01 -5.595120827549226306e+01
-3.071999999999999886e+01 -5.550925884536245292e+01
-3.023999999999999844e+01 -5.506876795662424229e+01
-2.975999999999999801e+01 -5.473885860223703759e+01
-2.927999999999999758e+01 -5.433231113484335140e+01
-2.879999999999999716e+01 -5.390668990827126805e+01
-2.832000000000000028e+01 -5.357855327835736858e+01
-2.783999999999999986e+01 -5.328606170161559419e+01
-2.735999999999999943e+01 -5.273438348126169473e+01
-2.687999999999999901e+01 -5.195552688708613687e+01
-2.639999999999999858e+01 -5.139647314861260696e+01
-2.591999999999999815e+01 -5.059990901717519307e+01
-2.543999999999999773e+01 -4.995182154746309067e+01
-2.496000000000000085e+01 -4.954286944611463639e+01
-2.448000000000000043e+01 -4.920721366980984612e+01
-2.400000000000000000e+01 -4.856922728622495811e+01
-2.351999999999999957e+01 -4.802548783570796331e+01
-2.303999999999999915e+01 -4.774674881815789718e+01
-2.255999999999999872e+01 -4.742096675935222549e+01
-2.207999999999999829e+01 -4.684144976034875185e+01
-2.159999999999999787e+01 -4.640051627522274202e+01
-2.111999999999999744e+01 -4.552376008218971748e+01
-2.064000000000000057e+01 -4.503287335751937803e+01
-2.016000000000000014e+01 -4.466750852218302725e+01
-1.967999999999999972e+01 -4.422258932904470896e+01
-1.919999999999999929e+01 -4.412175485848094780e+01
-1.871999999999999886e+01 -4.400151127493042935e+01
-1.823999999999999844e+01 -4.353419115863754740e+01
-1.775999999999999801e+01 -4.288849799100137972e+01
-1.728000000000000114e+01 -4.272975878954496665e+01
-1.680000000000000071e+01 -4.269127091441585975e+01
-1.632000000000000028e+01 -4.236792700700075898e+01
-1.583999999999999986e+01 -4.201807187401489330e+01
-1.535999999999999943e+01 -4.169634116782449951e+01
-1.487999999999999901e+01 -4.155094161098034533e+01
-1.439999999999999858e+01 -4.120175920529771929e+01
-1.391999999999999993e+01 -4.070214498121001157e+01
-1.343999999999999950e+01 -4.063993601472645878e+01
-1.295999999999999908e+01 -4.036560511720434619e+01
-1.248000000000000043e+01 -3.984328550199164454e+01
-1.200000000000000000e+01 -3.976858221129086957e+01
-1.151999999999999957e+01 -3.964202667306074801e+01
-1.103999999999999915e+01 -3.938373074336843160e+01
-1.055999999999999872e+01 -3.908407352116410038e+01
-1.008000000000000007e+01 -3.309201528987607333e+01
-9.599999999999999645e+00 -2.572741698037224722e+01
-9.119999999999999218e+00 -2.316563666074742045e+01
-8.640000000000000568e+00 -2.297134831587917958e+01
-8.160000000000000142e+00 -2.298810249441749676e+01
-7.679999999999999716e+00 -2.283031768806982242e+01
-7.199999999999999289e+00 -2.274439759303736963e+01
-6.719999999999999751e+00 -2.293033904304198956e+01
-6.240000000000000213e+00 -2.290463909385164953e+01
-5.759999999999999787e+00 -2.274127953349683651e+01
-5.279999999999999361e+00 -2.274167460887428405e+01
-4.799999999999999822e+00 -2.272266786577100817e+01
-4.320000000000000284e+00 -2.286769058954526201e+01
-3.839999999999999858e+00 -2.298178756379297383e+01
-3.359999999999999876e+00 -2.301964439152924768e+01
-2.879999999999999893e+00 -2.302481695622307001e+01
-2.399999999999999911e+00 -2.295102244421357440e+01
-1.919999999999999929e+00 -2.307674505142205135e+01
-1.439999999999999947e+00 -2.301607689956001934e+01
-9.599999999999999645e-01 -2.292549973903053839e+01
-4.799999999999999822e-01 -2.305984756077081244e+01
0.000000000000000000e+00 -2.309172577182044250e+01
4.799999999999999822e-01 -2.283564781070640493e+01
9.599999999999999645e-01 -2.247685397123231255e+01
1.439999999999999947e+00 -2.286691450607339249e+01
1.919999999999999929e+00 -2.326039961595231631e+01
2.399999999999999911e+00 -2.303440077590726531e+01
2.879999999999999893e+00 -2.282408212185175245e+01
3.359999999999999876e+00 -2.266163599617014413e+01
3.839999999999999858e+00 -2.291523279367225996e+01
4.320000000000000284e+00 -2.325548346339743944e+01
4.799999999999999822e+00 -2.321807587010291485e+01
5.279999999999999361e+00 -2.304656263630906565e+01
5.759999999999999787e+00 -2.309114843976553288e+01
6.240000000000000213e+00 -2.322116430663947284e+01
6.719999999999999751e+00 -2.317701169806359118e+01
7.199999999999999289e+00 -2.305803930633405230e+01
7.679999999999999716e+00 -2.323642269475284294e+01
8.160000000000000142e+00 -2.322414542660744985e+01
8.640000000000000568e+00 -2.320037631481271845e+01
9.119999999999999218e+00 -2.357323173655862192e+01
9.599999999999999645e+00 -2.615822867636843085e+01
1.008000000000000007e+01 -3.364371244191497112e+01
1.055999999999999872e+01 -4.003122891295531360e+01
1.103999999999999915e+01 -4.057781793008410176e+01
1.151999999999999957e+01 -4.068136574972990616e+01
1.200000000000000000e+01 -4.097095948244853503e+01
1.248000000000000043e+01 -4.157826344177807698e+01
1.295999999999999908e+01 -4.173830134217512011e+01
1.343999999999999950e+01 -4.182806926262217218e+01
1.391999999999999993e+01 -4.184137309584887277e+01
1.439999999999999858e+01 -4.209611124150416828e+01
1.487999999999999901e+01 -4.269310059381961509e+01
1.535999999999999943e+01 -4.293200019608364215e+01
1.583999999999999986e+01 -4.322582509159878583e+01
1.632000000000000028e+01 -4.360979885787629229e+01
1.680000000000000071e+01 -4.371635103275853140e+01
1.728000000000000114e+01 -4.414753637228648131e+01
1.775999999999999801e+01 -4.494147580379126339e+01
1.823999999999999844e+01 -4.535864817723315667e+01
1.871999999999999886e+01 -4.565747792881866474e+01
1.919999999999999929e+01 -4.578979370792990267e+01
1.967999999999999972e+01 -4.609304695600046387e+01
2.016000000000000014e+01 -4.638607574661153876e+01
2.064000000000000057e+01 -4.685903704954996840e+01
2.111999999999999744e+01 -4.762736273692973299e+01
2.159999999999999787e+01 -4.777887147130986989e+01
2.207999999999999829e+01 -4.785322112290084817e+01
2.255999999999999872e+01 -4.836047538039269966e+01
2.303999999999999915e+01 -4.870618508603971719e+01
2.351999999999999957e+01 -4.931642735636739872e+01
2.400000000000000000e+01 -4.980977517515472641e+01
2.448000000000000043e+01 -5.036705665742479709e+01
2.496000000000000085e+01 -5.073423758933166994e+01
2.543999999999999773e+01 -5.120374417141876222e+01
2.591999999999999815e+01 -5.184495458675740309e+01
2.639999999999999858e+01 -5.250234596083373617e+01
2.687999999999999901e+01 -5.294131913995275340e+01
2.735999999999999943e+01 -5.358074138837730516e+01
2.783999999999999986e+01 -5.404615564435498953e+01
2.832000000000000028e+01 -5.441391287842389346e+01
2.879999999999999716e+01 -5.484653194333827742e+01
2.927999999999999758e+01 -5.492962774374894508e+01
2.975999999999999801e+01 -5.535460602834582744e+01
3.023999999999999844e+01 -5.558401770339673931e+01
3.071999999999999886e+01 -5.576355600242553123e+01
3.119999999999999929e+01 -5.599043732534756401e+01
3.167999999999999972e+01 -5.621141334551613511e+01
3.215999999999999659e+01 -5.650280230423337002e+01
3.264000000000000057e+01 -5.652165993997327575e+01
3.311999999999999744e+01 -5.679826524254590936e+01
3.360000000000000142e+01 -5.739160479429068573e+01
3.407999999999999829e+01 -5.758805984082368212e+01
3.456000000000000227e+01 -5.783789490665054700e+01
3.503999999999999915e+01 -5.793682829627375952e+01
3.551999999999999602e+01 -5.809482528346221386e+01
3.600000000000000000e+01 -5.844043049751810059e+01
3.647999999999999687e+01 -5.862024400744435582e+01
3.696000000000000085e+01 -5.910647277061545424e+01
3.743999999999999773e+01 -5.933201623640989197e+01
3.792000000000000171e+01 -5.958776409816378816e+01
3.839999999999999858e+01 -6.009489542110006255e+01
3.887999999999999545e+01 -6.035099105530127872e+01
3.935999999999999943e+01 -6.073176522600117977e+01
3.983999999999999631e+01 -6.114794534095130984e+01
4.032000000000000028e+01 -6.113610912940004738e+01
4.079999999999999716e+01 -6.132070679888460774e+01
4.128000000000000114e+01 -6.168506351595888049e+01
4.175999999999999801e+01 -6.171013521669613056e+01
4.223999999999999488e+01 -6.179856803812825916e+01
4.271999999999999886e+01 -6.215860088964418395e+01
4.319999999999999574e+01 -6.254928841790325578e+01
4.367999999999999972e+01 -6.289005256565804558e+01
4.415999999999999659e+01 -6.297744590672253651e+01
4.464000000000000057e+01 -6.327380678662833446e+01
4.511999999999999744e+01 -6.366799133449558212e+01
4.560000000000000142e+01 -6.429337064086205089e+01
4.607999999999999829e+01 -6.430351003687778189e+01
4.655999999999999517e+01 -6.433058986838732096e+01
4.703999999999999915e+01 -6.469300118394829724e+01
4.751999999999999602e+01 -6.518816405617502596e+01
4.800000000000000000e+01 -6.510671746453154185e+01
4.847999999999999687e+01 -6.524100068215281567e+01
4.896000000000000085e+01 -6.582592102944917656e+01
4.943999999999999773e+01 -6.623072322575345083e+01
4.992000000000000171e+01 -6.660827267886119785e+01
5.039999999999999858e+01 -6.680469967406989440e+01
5.087999999999999545e+01 -6.680995365055063928e+01
5.135999999999999943e+01 -6.694422561217501766e+01
5.183999999999999631e+01 -6.730849026039656735e+01
5.232000000000000028e+01 -6.774237161259637219e+01
5.279999999999999716e+01 -6.771210544053423064e+01
5.328000000000000114e+01 -6.780268490919537783e+01
5.375999999999999801e+01 -6.809666638080383905e+01
5.423999999999999488e+01 -6.836541447135456906e+01
5.471999999999999886e+01 -6.868405644318109182e+01
5.519999999999999574e+01 -6.912591183043923593e+01
5.567999999999999972e+01 -6.958679965898359399e+01
5.615999999999999659e+01 -6.979951666533617072e+01
5.664000000000000057e+01 -6.978542051308208727e+01
5.711999999999999744e+01 -7.005191863837967503e+01
5.759999999999999432e+01 -7.058431049784667266e+01
5.807999999999999829e+01 -7.086156386782809591e+01
5.855999999999999517e+01 -7.105835048083370964e+01
5.903999999999999915e+01 -7.126114349641983381e+01
5.951999999999999602e+01 -7.139870281329426405e+01
6.000000000000000000e+01 -7.142584964443369699e+01
6.047999999999999687e+01 -7.168711749572270264e+01
6.096000000000000085e+01 -7.214078753072138284e+01
6.143999999999999773e+01 -7.254854339464574764e+01
6.191999999999999460e+01 -7.268037939987694074e+01
6.239999999999999858e+01 -7.282628961187265304e+01
6.287999999999999545e+01 -7.324072769032905228e+01
6.335999999999999943e+01 -7.345644011334373147e+01
6.383999999999999631e+01 -7.364807559790166636e+01
6.431999999999999318e+01 -7.368511122939712266e+01
6.479999999999999716e+01 -7.381248234136366193e+01
6.528000000000000114e+01 -7.404032138710211086e+01
6.575999999999999091e+01 -7.453543485518636658e+01
6.623999999999999488e+01 -7.492138077806109209e+01
6.671999999999999886e+01 -7.475004720589335250e+01
6.720000000000000284e+01 -7.487660388516634669e+01
6.767999999999999261e+01 -7.521666793106147963e+01
6.815999999999999659e+01 -7.517912789969489040e+01
6.864000000000000057e+01 -7.522281248347270832e+01
6.912000000000000455e+01 -7.564591214557812293e+01
6.959999999999999432e+01 -7.568908973382704630e+01
7.007999999999999829e+01 -7.589047681909350729e+01
7.056000000000000227e+01 -7.659275707031451930e+01
7.103999999999999204e+01 -7.647190812381350611e+01
7.151999999999999602e+01 -7.641215675845974431e+01
7.200000000000000000e+01 -7.690039250781710223e+01
7.248000000000000398e+01 -7.708966090162357432e+01
7.295999999999999375e+01 -7.726274072036643759e+01
7.343999999999999773e+01 -7.722139341429725334e+01
7.392000000000000171e+01 -7.736738811098371116e+01
7.439999999999999147e+01 -7.766017394507562699e+01
7.487999999999999545e+01 -7.756208767199356657e+01
7.535999999999999943e+01 -7.770047748535654364e+01
7.584000000000000341e+01 -7.823097440393408419e+01
7.631999999999999318e+01 -7.879754370915992467e+01
7.679999999999999716e+01 -7.902306001609785824e+01
7.728000000000000114e+01 -7.899862271348591491e+01
7.775999999999999091e+01 -7.893582130163402155e+01
7.823999999999999488e+01 -7.911075249432356316e+01
7.871999999999999886e+01 -7.914041163979412374e+01
7.920000000000000284e+01 -7.892103037048256908e+01
7.967999999999999261e+01 -7.894675963927565476e+01
8.015999999999999659e+01 -7.915378745566090402e+01
8.064000000000000057e+01 -7.917842658784296361e+01
8.111999999999999034e+01 -7.989655972128940675e+01
8.159999999999999432e+01 -7.999699368448128212e+01
8.207999999999999829e+01 -7.969096735183229896e+01
8.256000000000000227e+01 -7.986042841319161312e+01
8.303999999999999204e+01 -8.005881301738334344e+01
8.351999999999999602e+01 -8.012625540788350520e+01
8.400000000000000000e+01 -8.020302099669187612e+01
8.447999999999998977e+01 -8.025227890414137732e+01
8.495999999999999375e+01 -8.025710962208562194e+01
8.543999999999999773e+01 -8.044410729470587285e+01
8.592000000000000171e+01 -8.061251111927747104e+01
8.639999999999999147e+01 -8.073188413404473351e+01
8.687999999999999545e+01 -8.099082755684905521e+01
8.735999999999999943e+01 -8.098796957394661433e+01
8.784000000000000341e+01 -8.115362190298013445e+01
8.831999999999999318e+01 -8.140722661373683877e+01
8.879999999999999716e+01 -8.158243081587627898e+01
8.928000000000000114e+01 -8.155974968183829787e+01
8.975999999999999091e+01 -8.141243366957863259e+01
9.023999999999999488e+01 -8.138653750776433071e+01
9.071999999999999886e+01 -8.128709675469856677e+01
9.120000000000000284e+01 -8.161077519499592370e+01
9.167999999999999261e+01 -8.197477195165299690e+01
9.215999999999999659e+01 -8.214193981520773491e+01
9.264000000000000057e+01 -8.222138733270192290e+01
9.311999999999999034e+01 -8.232274057015210644e+01
9.359999999999999432e+01 -8.238386410757046008e+01
9.407999999999999829e+01 -8.247662529693752731e+01
9.456000000000000227e+01 -8.227497046251465918e+01
9.503999999999999204e+01 -8.240266988365124234e+01
9.551999999999999602e+01 -8.251979685008301146e+01
9.600000000000000000e+01 -8.259996505127173805e+01
9.647999999999998977e+01 -8.252045628623881157e+01
9.695999999999999375e+01 -8.269670265100322126e+01
9.743999999999999773e+01 -8.265787439905687961e+01
9.792000000000000171e+01 -8.260166314506849972e+01
9.839999999999999147e+01 -8.251422378624181420e+01
9.887999999999999545e+01 -8.267762505417198327e+01
9.935999999999999943e+01 -8.311910315903563173e+01
9.984000000000000341e+01 -8.322706529756148086e+01
1.003199999999999932e+02 -8.324131084893150501e+01
1.007999999999999972e+02 -8.345093518898474372e+01
1.012800000000000011e+02 -8.371116606927166970e+01
1.017599999999999909e+02 -8.413411326720552097e+01
1.022399999999999949e+02 -8.439370806538889269e+01
1.027199999999999989e+02 -8.449375258924510490e+01
1.032000000000000028e+02 -8.479038778759154127e+01
1.036799999999999926e+02 -8.517041850300762462e+01
1.041599999999999966e+02 -8.573468283919611110e+01
1.046400000000000006e+02 -8.636349220329057630e+01
1.051199999999999903e+02 -8.712604004659736745e+01
1.055999999999999943e+02 -8.772439155439103331e+01
1.060799999999999983e+02 -8.805944372280606558e+01
1.065600000000000023e+02 -8.877733764388591453e+01
1.070399999999999920e+02 -8.983935947970735469e+01
1.075199999999999960e+02 -9.101592957588231059e+01
1.080000000000000000e+02 -9.212556171792331838e+01
1.084799999999999898e+02 -9.319099152487851256e+01
1.089599999999999937e+02 -9.398844174523757999e+01
1.094399999999999977e+02 -9.509804047805408800e+01
1.099200000000000017e+02 -9.659408592269284100e+01
1.103999999999999915e+02 -9.818853306913285905e+01
1.108799999999999955e+02 -9.957714828668790119e+01
1.113599999999999994e+02 -1.009039182428078902e+02
1.118399999999999892e+02 -1.021670886251685033e+02
1.123199999999999932e+02 -1.030951003333608043e+02
1.127999999999999972e+02 -1.039549653702069918e+02
1.132800000000000011e+02 -1.046450988576001180e+02
1.137599999999999909e+02 -1.049808369920518913e+02
1.142399999999999949e+02 -1.052537541855402736e+02
1.147199999999999989e+02 -1.055239037418962198e+02
1.151999999999999886e+02 -1.055652130189778148e+02
1.156799999999999926e+02 -1.054309994959904486e+02
1.161599999999999966e+02 -1.053344003337464585e+02
1.166400000000000006e+02 -1.053002610544797619e+02
1.171199999999999903e+02 -1.054605422358228850e+02
1.175999999999999943e+02 -1.057191163695945875e+02
1.180799999999999983e+02 -1.055359621705331108e+02
1.185600000000000023e+02 -1.052314578698647836e+02
1.190399999999999920e+02 -1.050803622971176878e+02
1.195199999999999960e+02 -1.051525820613938720e+02
1.200000000000000000e+02 -1.054358791954457928e+02
1.204799999999999898e+02 -1.055660040946821141e+02
1.209599999999999937e+02 -1.056152929284257738e+02
1.214399999999999977e+02 -1.055799456139264692e+02
1.219200000000000017e+02 -1.054730372216715040e+02
1.223999999999999915e+02 -1.046222820556189816e+02
