-1.228799999999999955e+02 -1.032974045100348803e+02
-1.223999999999999915e+02 -1.047717370818517537e+02
-1.219200000000000017e+02 -1.055500490982654327e+02
-1.214399999999999977e+02 -1.055831877754668682e+02
-1.209599999999999937e+02 -1.057832660054062757e+02
-1.204799999999999898e+02 -1.055433550196574402e+02
-1.200000000000000000e+02 -1.053366515403599237e+02
-1.195199999999999960e+02 -1.053776544550726868e+02
-1.190399999999999920e+02 -1.057331109169886929e+02
-1.185600000000000023e+02 -1.057198859872078174e+02
-1.180799999999999983e+02 -1.056832552467600976e+02
-1.175999999999999943e+02 -1.056149009547891353e+02
-1.171199999999999903e+02 -1.054621541201848487e+02
-1.166400000000000006e+02 -1.055145527271691890e+02
-1.161599999999999966e+02 -1.054651781290608028e+02
-1.156799999999999926e+02 -1.054572382818166574e+02
-1.151999999999999886e+02 -1.055711342468943030e+02
-1.147199999999999989e+02 -1.057357711410400327e+02
-1.142399999999999949e+02 -1.056939458156136595e+02
-1.137599999999999909e+02 -1.054190333655901668e+02
-1.132800000000000011e+02 -1.051106949052380344e+02
-1.127999999999999972e+02 -1.041145891597889630e+02
-1.123199999999999932e+02 -1.028243646131276847e+02
-1.118399999999999892e+02 -1.018743755557201922e+02
-1.113599999999999994e+02 -1.006057281151367846e+02
-1.108799999999999955e+02 -9.926195980379885953e+01
-1.103999999999999915e+02 -9.774794296374751923e+01
-1.099200000000000017e+02 -9.632785707663408914e+01
-1.094399999999999977e+02 -9.504954425856710998e+01
-1.089599999999999937e+02 -9.386490050784675532e+01
-1.084799999999999898e+02 -9.250077998432740856e+01
-1.080000000000000000e+02 -9.106211066044791380e+01
-1.075199999999999960e+02 -9.015992635690666646e+01
-1.070399999999999920e+02 -8.922187671745682280e+01
-1.065600000000000023e+02 -8.833774912572316396e+01
-1.060799999999999983e+02 -8.766107650618515379e+01
-1.055999999999999943e+02 -8.691590136319942417e+01
-1.051199999999999903e+02 -8.604073979678079809e+01
-1.046400000000000006e+02 -8.541765558192093977e+01
-1.041599999999999966e+02 -8.494868418904357554e+01
-1.036799999999999926e+02 -8.436487394175863130e+01
-1.032000000000000028e+02 -8.369232644688355549e+01
-1.027199999999999989e+02 -8.344959411841989549e+01
-1.022399999999999949e+02 -8.310273657052599106e+01
-1.017599999999999909e+02 -8.302167616036999220e+01
-1.012800000000000011e+02 -8.274635336763681437e+01
-1.007999999999999972e+02 -8.244934982284985381e+01
-1.003199999999999932e+02 -8.231331347113436436e+01
-9.984000000000000341e+01 -8.222739567146270190e+01
-9.935999999999999943e+01 -8.260579545597286710e+01
-9.887999999999999545e+01 -8.234450423888360149e+01
-9.839999999999999147e+01 -8.196393680690091799e+01
-9.792000000000000171e+01 -8.198492256711480763e+01
-9.743999999999999773e+01 -8.175244994697992240e+01
-9.695999999999999375e+01 -8.167436247172334163e+01
-9.647999999999998977e+01 -8.114029012277487141e+01
-9.600000000000000000e+01 -8.111152194244877478e+01
-9.551999999999999602e+01 -8.129654184994129196e+01
-9.503999999999999204e+01 -8.120766852417847304e+01
-9.456000000000000227e+01 -8.127012631859570035e+01
-9.407999999999999829e+01 -8.087492505327662684e+01
-9.359999999999999432e+01 -8.046980643384227960e+01
-9.311999999999999034e+01 -8.047843812702735988e+01
-9.264000000000000057e+01 -8.053160837113333059e+01
-9.215999999999999659e+01 -8.057593223264838400e+01
-9.167999999999999261e+01 -8.022308782445732334e+01
-9.120000000000000284e+01 -7.965482270679872556e+01
-9.071999999999999886e+01 -7.970433314790166435e+01
-9.023999999999999488e+01 -7.979290826151368776e+01
-8.975999999999999091e+01 -7.973487285729491703e+01
-8.928000000000000114e+01 -7.968551665618640811e+01
-8.879999999999999716e+01 -7.967941237392743403e+01
-8.831999999999999318e+01 -7.952160644237662268e+01
-8.784000000000000341e+01 -7.910496438799427210e+01
-8.735999999999999943e+01 -7.895949281579342482e+01
-8.687999999999999545e+01 -7.891927538280235410e+01
-8.639999999999999147e+01 -7.868715955998789013e+01
-8.592000000000000171e+01 -7.880674987811696042e+01
-8.543999999999999773e+01 -7.876383073008038593e+01
-8.495999999999999375e+01 -7.865972383904366438e+01
-8.447999999999998977e+01 -7.831619606662678734e+01
-8.400000000000000000e+01 -7.804246193804323184e+01
-8.351999999999999602e+01 -7.809812859372382832e+01
-8.303999999999999204e+01 -7.791656987529945866e+01
-8.256000000000000227e+01 -7.762237460205339801e+01
-8.207999999999999829e+01 -7.775633571664873500e+01
-8.159999999999999432e+01 -7.789426274105112213e+01
-8.111999999999999034e+01 -7.788144308791368076e+01
-8.064000000000000057e+01 -7.776550770390399236e+01
-8.015999999999999659e+01 -7.757754346974604687e+01
-7.967999999999999261e+01 -7.718183656230111467e+01
-7.920000000000000284e+01 -7.705550668906559508e+01
-7.871999999999999886e+01 -7.716547246182263109e+01
-7.823999999999999488e+01 -7.713682851633693360e+01
-7.775999999999999091e+01 -7.707222604680944755e+01
-7.728000000000000114e+01 -7.712744002823633593e+01
-7.679999999999999716e+01 -7.693286950219720666e+01
-7.631999999999999318e+01 -7.659251701494662257e+01
-7.584000000000000341e+01 -7.659514516872495449e+01
-7.535999999999999943e+01 -7.664471962449619014e+01
-7.487999999999999545e+01 -7.653550736469276217e+01
-7.439999999999999147e+01 -7.639697578410770973e+01
-7.392000000000000171e+01 -7.626989289583774223e+01
-7.343999999999999773e+01 -7.636375657010529494e+01
-7.295999999999999375e+01 -7.627550535253629960e+01
-7.248000000000000398e+01 -7.600326526907548441e+01
-7.200000000000000000e+01 -7.602655932195145283e+01
-7.151999999999999602e+01 -7.613943868106390767e+01
-7.103999999999999204e+01 -7.604431733427131235e+01
-7.056000000000000227e+01 -7.550933893406910613e+01
-7.007999999999999829e+01 -7.525714924795725835e+01
-6.959999999999999432e+01 -7.517762100646238821e+01
-6.912000000000000455e+01 -7.528990247926815016e+01
-6.864000000000000057e+01 -7.510055313200724925e+01
-6.815999999999999659e+01 -7.472551438429192672e+01
-6.767999999999999261e+01 -7.485346783848476093e+01
-6.720000000000000284e+01 -7.478533265316168865e+01
-6.671999999999999886e+01 -7.462131153676500617e+01
-6.623999999999999488e+01 -7.468438134001814888e+01
-6.575999999999999091e+01 -7.438203909677257286e+01
-6.528000000000000114e+01 -7.425189573562390422e+01
-6.479999999999999716e+01 -7.411321192573383598e+01
-6.431999999999999318e+01 -7.390253258855146612e+01
-6.383999999999999631e+01 -7.347069978116381606e+01
-6.335999999999999943e+01 -7.329981027283734818e+01
-6.287999999999999545e+01 -7.319223627219773221e+01
-6.239999999999999858e+01 -7.322027785546723067e+01
-6.191999999999999460e+01 -7.326051688881429413e+01
-6.143999999999999773e+01 -7.274450028980129446e+01
-6.096000000000000085e+01 -7.239365091130645169e+01
-6.047999999999999687e+01 -7.237932685833916935e+01
-6.000000000000000000e+01 -7.254785357088542241e+01
-5.951999999999999602e+01 -7.201174117292978849e+01
-5.903999999999999915e+01 -7.178141484774506864e+01
-5.855999999999999517e+01 -7.157080980809665505e+01
-5.807999999999999829e+01 -7.117376869154519170e+01
-5.759999999999999432e+01 -7.131188777108677357e+01
-5.711999999999999744e+01 -7.095553235199130881e+01
-5.664000000000000057e+01 -7.082338108534653998e+01
-5.615999999999999659e+01 -7.081847319818690778e+01
-5.567999999999999972e+01 -7.058190302016279816e+01
-5.519999999999999574e+01 -7.021555005358307255e+01
-5.471999999999999886e+01 -7.011012023918118530e+01
-5.423999999999999488e+01 -6.986406873276548879e+01
-5.375999999999999801e+01 -6.932255753911928764e+01
-5.328000000000000114e+01 -6.911521119929437873e+01
-5.279999999999999716e+01 -6.890349527494392134e+01
-5.232000000000000028e+01 -6.873697032075060065e+01
-5.183999999999999631e+01 -6.866997323117546159e+01
-5.135999999999999943e+01 -6.853726052573543370e+01
-5.087999999999999545e+01 -6.829160791039333844e+01
-5.039999999999999858e+01 -6.779313403795150350e+01
-4.992000000000000171e+01 -6.752776968242170597e+01
-4.943999999999999773e+01 -6.697841324719635736e+01
-4.896000000000000085e+01 -6.650188688269037129e+01
-4.847999999999999687e+01 -6.648735946085356829e+01
-4.800000000000000000e+01 -6.647939825943402070e+01
-4.751999999999999602e+01 -6.618324779128455759e+01
-4.703999999999999915e+01 -6.588640179739842040e+01
-4.655999999999999517e+01 -6.577712213322459434e+01
-4.607999999999999829e+01 -6.563596508191358225e+01
-4.560000000000000142e+01 -6.547503865513361632e+01
-4.511999999999999744e+01 -6.509148412026058850e+01
-4.464000000000000057e+01 -6.459439549787961710e+01
-4.415999999999999659e+01 -6.442172616529776974e+01
-4.367999999999999972e+01 -6.402327141776989095e+01
-4.319999999999999574e+01 -6.354839806638948119e+01
-4.271999999999999886e+01 -6.329820292107064006e+01
-4.223999999999999488e+01 -6.298280671940536024e+01
-4.175999999999999801e+01 -6.244163954328769250e+01
-4.128000000000000114e+01 -6.201934154103044250e+01
-4.079999999999999716e+01 -6.209419101420563436e+01
-4.032000000000000028e+01 -6.206734780147314723e+01
-3.983999999999999631e+01 -6.185192544498195844e+01
-3.935999999999999943e+01 -6.134771038475371796e+01
-3.887999999999999545e+01 -6.082047259089083724e+01
-3.839999999999999858e+01 -6.050888406947267129e+01
-3.792000000000000171e+01 -6.025311483124441025e+01
-3.743999999999999773e+01 -5.967301204810435422e+01
-3.696000000000000085e+01 -5.928822295983820823e+01
-3.647999999999999687e+01 -5.927838543854244335e+01
-3.600000000000000000e+01 -5.892484654991702087e+01
-3.551999999999999602e+01 -5.822222132474269074e+01
-3.503999999999999915e+01 -5.788291401908603007e+01
-3.456000000000000227e+01 -5.780767820652431510e+01
-3.407999999999999829e+01 -5.755656327616352996e+01
-3.360000000000000142e+01 -5.718795058976469647e+01
-3.311999999999999744e+01 -5.692318660400241015e+01
-3.264000000000000057e+01 -5.682118432955406462e+01
-3.215999999999999659e+01 -5.635479411334087274e+01
-3.167999999999999972e+01 -5.599540864356461611e+01
-3.119999999999999929e+01 -5.580734166750788461e+01
-3.071999999999999886e+01 -5.538359968106664155e+01
-3.023999999999999844e+01 -5.495135919084059850e+01
-2.975999999999999801e+01 -5.462431110755370867e+01
-2.927999999999999758e+01 -5.421162866686609050e+01
-2.879999999999999716e+01 -5.378680509284657774e+01
-2.832000000000000028e+01 -5.346292260359474824e+01
-2.783999999999999986e+01 -5.316380542758180638e+01
-2.735999999999999943e+01 -5.261922793490826677e+01
-2.687999999999999901e+01 -5.183988534271218640e+01
-2.639999999999999858e+01 -5.129232550712728766e+01
-2.591999999999999815e+01 -5.050519200334036896e+01
-2.543999999999999773e+01 -4.985460432811301246e+01
-2.496000000000000085e+01 -4.944176971436515799e+01
-2.448000000000000043e+01 -4.910762320949569926e+01
-2.400000000000000000e+01 -4.846867981322527896e+01
-2.351999999999999957e+01 -4.791810946850535657e+01
-2.303999999999999915e+01 -4.763221702515353684e+01
-2.255999999999999872e+01 -4.731526442681654743e+01
-2.207999999999999829e+01 -4.673848177663116132e+01
-2.159999999999999787e+01 -4.630233220956665008e+01
-2.111999999999999744e+01 -4.542084414502083689e+01
-2.064000000000000057e+01 -4.492218914919951800e+01
-2.016000000000000014e+01 -4.455286949155131282e+01
-1.967999999999999972e+01 -4.410540361434308210e+01
-1.919999999999999929e+01 -4.401374721643868781e+01
-1.871999999999999886e+01 -4.389711435703777909e+01
-1.823999999999999844e+01 -4.343228536580528498e+01
-1.775999999999999801e+01 -4.278918654302253799e+01
-1.728000000000000114e+01 -4.262357163918484559e+01
-1.680000000000000071e+01 -4.258241768400993976e+01
-1.632000000000000028e+01 -4.226457480266667943e+01
-1.583999999999999986e+01 -4.191861971823244204e+01
-1.535999999999999943e+01 -4.159868532114938944e+01
-1.487999999999999901e+01 -4.145403163496099097e+01
-1.439999999999999858e+01 -4.109868526567048264e+01
-1.391999999999999993e+01 -4.059239096866715357e+01
-1.343999999999999950e+01 -4.053624444403955351e+01
-1.295999999999999908e+01 -4.026489142730723358e+01
-1.248000000000000043e+01 -3.974402364565537482e+01
-1.200000000000000000e+01 -3.967059909346992441e+01
-1.151999999999999957e+01 -3.954239222815952814e+01
-1.103999999999999915e+01 -3.928555172895110559e+01
-1.055999999999999872e+01 -3.899067863610267182e+01
-1.008000000000000007e+01 -3.307801629237861363e+01
-9.599999999999999645e+00 -2.573714303612575449e+01
-9.119999999999999218e+00 -2.317661174538309155e+01
-8.640000000000000568e+00 -2.298195307830404133e+01
-8.160000000000000142e+00 -2.299870655004447073e+01
-7.679999999999999716e+00 -2.284071932069849353e+01
-7.199999999999999289e+00 -2.275462751627817681e+01
-6.719999999999999751e+00 -2.294146525551276738e+01
-6.240000000000000213e+00 -2.291550295521047076e+01
-5.759999999999999787e+00 -2.275173048016689847e+01
-5.279999999999999361e+00 -2.275153761386486906e+01
-4.799999999999999822e+00 -2.273156977248165589e+01
-4.320000000000000284e+00 -2.287495511540817006e+01
-3.839999999999999858e+00 -2.298950223250100677e+01
-3.359999999999999876e+00 -2.302788619467116149e+01
-2.879999999999999893e+00 -2.303306100821077962e+01
-2.399999999999999911e+00 -2.295985962115071288e+01
-1.919999999999999929e+00 -2.308651198745521782e+01
-1.439999999999999947e+00 -2.302544411939059543e+01
-9.599999999999999645e-01 -2.293390050739788322e+01
-4.799999999999999822e-01 -2.306748007396502942e+01
0.000000000000000000e+00 -2.309945512030507331e+01
4.799999999999999822e-01 -2.284258551420833072e+01
9.599999999999999645e-01 -2.248215632514432372e+01
1.439999999999999947e+00 -2.287246311339312399e+01
1.919999999999999929e+00 -2.326783324575472989e+01
2.399999999999999911e+00 -2.304112198224236963e+01
2.879999999999999893e+00 -2.282903207715193261e+01
3.359999999999999876e+00 -2.266576484233575073e+01
3.839999999999999858e+00 -2.291868509830678491e+01
4.320000000000000284e+00 -2.326004269553957471e+01
4.799999999999999822e+00 -2.322314647339997862e+01
5.279999999999999361e+00 -2.304998659729174193e+01
5.759999999999999787e+00 -2.309533278864067896e+01
6.240000000000000213e+00 -2.322532492375740887e+01
6.719999999999999751e+00 -2.318093501263450662e+01
7.199999999999999289e+00 -2.306175035640293203e+01
7.679999999999999716e+00 -2.323934483145241003e+01
8.160000000000000142e+00 -2.322677907928728303e+01
8.640000000000000568e+00 -2.320298913973309851e+01
9.119999999999999218e+00 -2.357594979787630507e+01
9.599999999999999645e+00 -2.615729148202955301e+01
1.008000000000000007e+01 -3.362054291292616170e+01
1.055999999999999872e+01 -3.992969252758447851e+01
1.103999999999999915e+01 -4.047144546705303725e+01
1.151999999999999957e+01 -4.057647960925315545e+01
1.200000000000000000e+01 -4.086283572905445283e+01
1.248000000000000043e+01 -4.147087876029484477e+01
1.295999999999999908e+01 -4.163157043150479808e+01
1.343999999999999950e+01 -4.171839161691121944e+01
1.391999999999999993e+01 -4.174055723781730620e+01
1.439999999999999858e+01 -4.200393208709763115e+01
1.487999999999999901e+01 -4.260049024119104644e+01
1.535999999999999943e+01 -4.283202739309387397e+01
1.583999999999999986e+01 -4.312344284601220323e+01
1.632000000000000028e+01 -4.350759945955778818e+01
1.680000000000000071e+01 -4.361802015749955785e+01
1.728000000000000114e+01 -4.405426461305808061e+01
1.775999999999999801e+01 -4.484237681969327127e+01
1.823999999999999844e+01 -4.525453467790008943e+01
1.871999999999999886e+01 -4.555815814596837754e+01
1.919999999999999929e+01 -4.570659197068799529e+01
1.967999999999999972e+01 -4.601222981336717055e+01
2.016000000000000014e+01 -4.631103900772647108e+01
2.064000000000000057e+01 -4.678225690382622304e+01
2.111999999999999744e+01 -4.754348700937331529e+01
2.159999999999999787e+01 -4.768998848042546967e+01
2.207999999999999829e+01 -4.775953768766438401e+01
2.255999999999999872e+01 -4.826756839370084151e+01
2.303999999999999915e+01 -4.861706967416456138e+01
2.351999999999999957e+01 -4.922769678936744953e+01
2.400000000000000000e+01 -4.972144200849175633e+01
2.448000000000000043e+01 -5.029379695183892096e+01
2.496000000000000085e+01 -5.067436985502894942e+01
2.543999999999999773e+01 -5.114576809730529305e+01
2.591999999999999815e+01 -5.178265174817673966e+01
2.639999999999999858e+01 -5.243958536679519966e+01
2.687999999999999901e+01 -5.288527226037107454e+01
2.735999999999999943e+01 -5.353378710658618189e+01
2.783999999999999986e+01 -5.401205101528255881e+01
2.832000000000000028e+01 -5.437389485823773327e+01
2.879999999999999716e+01 -5.479711144173968052e+01
2.927999999999999758e+01 -5.489247430676969941e+01
2.975999999999999801e+01 -5.532677882201153352e+01
3.023999999999999844e+01 -5.554668189950050561e+01
3.071999999999999886e+01 -5.571065753938927401e+01
3.119999999999999929e+01 -5.594826376677147550e+01
3.167999999999999972e+01 -5.616193426782436404e+01
3.215999999999999659e+01 -5.643913410443609990e+01
3.264000000000000057e+01 -5.645467040642706280e+01
3.311999999999999744e+01 -5.673687949771907313e+01
3.360000000000000142e+01 -5.733188276617860879e+01
3.407999999999999829e+01 -5.754687509886012009e+01
3.456000000000000227e+01 -5.780249866654503421e+01
3.503999999999999915e+01 -5.786995714660427836e+01
3.551999999999999602e+01 -5.801660871077858417e+01
3.600000000000000000e+01 -5.837746225692934843e+01
3.647999999999999687e+01 -5.854517582762451866e+01
3.696000000000000085e+01 -5.902253790571971592e+01
3.743999999999999773e+01 -5.923939630848757076e+01
3.792000000000000171e+01 -5.950285522557634721e+01
3.839999999999999858e+01 -6.001232510665559516e+01
3.887999999999999545e+01 -6.025159488211993875e+01
3.935999999999999943e+01 -6.061941077154601487e+01
3.983999999999999631e+01 -6.104805030734518567e+01
4.032000000000000028e+01 -6.102188693134958442e+01
4.079999999999999716e+01 -6.121924964801080904e+01
4.128000000000000114e+01 -6.160899802071205045e+01
4.175999999999999801e+01 -6.159491374824560950e+01
4.223999999999999488e+01 -6.166136761702206570e+01
4.271999999999999886e+01 -6.201394584862236314e+01
4.319999999999999574e+01 -6.237701944807096766e+01
4.367999999999999972e+01 -6.269676393225476829e+01
4.415999999999999659e+01 -6.278683258316413429e+01
4.464000000000000057e+01 -6.309973425126422342e+01
4.511999999999999744e+01 -6.350615926119132837e+01
4.560000000000000142e+01 -6.412506119571264662e+01
4.607999999999999829e+01 -6.412605007804634738e+01
4.655999999999999517e+01 -6.412099669431927396e+01
4.703999999999999915e+01 -6.447412131657588930e+01
4.751999999999999602e+01 -6.498501778561744402e+01
4.800000000000000000e+01 -6.489037138868796717e+01
4.847999999999999687e+01 -6.501769176418547147e+01
4.896000000000000085e+01 -6.558188983369720404e+01
4.943999999999999773e+01 -6.601092599566167962e+01
4.992000000000000171e+01 -6.640414844140451578e+01
5.039999999999999858e+01 -6.656831691812688234e+01
5.087999999999999545e+01 -6.654849959154637418e+01
5.135999999999999943e+01 -6.674777659136958619e+01
5.183999999999999631e+01 -6.709945299538914298e+01
5.232000000000000028e+01 -6.754051225909040568e+01
5.279999999999999716e+01 -6.749766243155021073e+01
5.328000000000000114e+01 -6.751812988171417373e+01
5.375999999999999801e+01 -6.777440420768958518e+01
5.423999999999999488e+01 -6.806374744283347411e+01
5.471999999999999886e+01 -6.842411977121507505e+01
5.519999999999999574e+01 -6.889118322657971305e+01
5.567999999999999972e+01 -6.935867602035158086e+01
5.615999999999999659e+01 -6.953417446960952475e+01
5.664000000000000057e+01 -6.949508871323838832e+01
5.711999999999999744e+01 -6.983428044675768831e+01
5.759999999999999432e+01 -7.036234973352320310e+01
5.807999999999999829e+01 -7.056509520203906050e+01
5.855999999999999517e+01 -7.072225337125064470e+01
5.903999999999999915e+01 -7.097704249798505316e+01
5.951999999999999602e+01 -7.113073960311696453e+01
6.000000000000000000e+01 -7.117434660881610853e+01
6.047999999999999687e+01 -7.144547215414050356e+01
6.096000000000000085e+01 -7.191686412424546404e+01
6.143999999999999773e+01 -7.229479320382151286e+01
6.191999999999999460e+01 -7.239926049619720061e+01
6.239999999999999858e+01 -7.261377937689060502e+01
6.287999999999999545e+01 -7.309811463780656027e+01
6.335999999999999943e+01 -7.322941673446894129e+01
6.383999999999999631e+01 -7.343998799064658556e+01
6.431999999999999318e+01 -7.344524512845809738e+01
6.479999999999999716e+01 -7.349387588261770077e+01
6.528000000000000114e+01 -7.381334480431583245e+01
6.575999999999999091e+01 -7.430508340669598510e+01
6.623999999999999488e+01 -7.456716602162025254e+01
6.671999999999999886e+01 -7.456138470172282950e+01
6.720000000000000284e+01 -7.469724762551780373e+01
6.767999999999999261e+01 -7.509520336195865298e+01
6.815999999999999659e+01 -7.507308256755015918e+01
6.864000000000000057e+01 -7.507538439669984598e+01
6.912000000000000455e+01 -7.539079633634916888e+01
6.959999999999999432e+01 -7.545705104921695749e+01
7.007999999999999829e+01 -7.574089854851848713e+01
7.056000000000000227e+01 -7.639957283649530950e+01
7.103999999999999204e+01 -7.620122372199705296e+01
7.151999999999999602e+01 -7.618614326610524756e+01
7.200000000000000000e+01 -7.688078971377196069e+01
7.248000000000000398e+01 -7.718883416631786076e+01
7.295999999999999375e+01 -7.727241279867062929e+01
7.343999999999999773e+01 -7.713190122844355301e+01
7.392000000000000171e+01 -7.740514373398703185e+01
7.439999999999999147e+01 -7.753423921227792448e+01
7.487999999999999545e+01 -7.736321346360951168e+01
7.535999999999999943e+01 -7.776159463866986243e+01
7.584000000000000341e+01 -7.827217632592893892e+01
7.631999999999999318e+01 -7.869463316092239324e+01
7.679999999999999716e+01 -7.885345696741310917e+01
7.728000000000000114e+01 -7.889505305128153623e+01
7.775999999999999091e+01 -7.893530692506999458e+01
7.823999999999999488e+01 -7.911401850520361734e+01
7.871999999999999886e+01 -7.916174477916334240e+01
7.920000000000000284e+01 -7.883682518911656700e+01
7.967999999999999261e+01 -7.892926231837149942e+01
8.015999999999999659e+01 -7.907007943423081997e+01
8.064000000000000057e+01 -7.901868004061127237e+01
8.111999999999999034e+01 -7.982716712485471078e+01
8.159999999999999432e+01 -8.013967923178050512e+01
8.207999999999999829e+01 -7.975302978027796996e+01
8.256000000000000227e+01 -7.971027268731715765e+01
8.303999999999999204e+01 -7.986797383248192261e+01
8.351999999999999602e+01 -7.992044024984340922e+01
8.400000000000000000e+01 -8.015540799824144358e+01
8.447999999999998977e+01 -8.032175111042576532e+01
8.495999999999999375e+01 -8.039909217090256277e+01
8.543999999999999773e+01 -8.053608099351905025e+01
8.592000000000000171e+01 -8.041495119904794819e+01
8.639999999999999147e+01 -8.053301887450678009e+01
8.687999999999999545e+01 -8.094584909633962866e+01
8.735999999999999943e+01 -8.101997658260357582e+01
8.784000000000000341e+01 -8.111709113027575313e+01
8.831999999999999318e+01 -8.121922437262841754e+01
8.879999999999999716e+01 -8.121825261283198927e+01
8.928000000000000114e+01 -8.133776188633504489e+01
8.975999999999999091e+01 -8.149156617385706625e+01
9.023999999999999488e+01 -8.149875666832905097e+01
9.071999999999999886e+01 -8.137747453954841603e+01
9.120000000000000284e+01 -8.152620550706929237e+01
9.167999999999999261e+01 -8.193531870959537855e+01
9.215999999999999659e+01 -8.227242366526743922e+01
9.264000000000000057e+01 -8.239267440500789519e+01
9.311999999999999034e+01 -8.230727362278075532e+01
9.359999999999999432e+01 -8.242545895705762860e+01
9.407999999999999829e+01 -8.244451577104197781e+01
9.456000000000000227e+01 -8.216563988050224054e+01
9.503999999999999204e+01 -8.248959775899821523e+01
9.551999999999999602e+01 -8.256205259543362729e+01
9.600000000000000000e+01 -8.251681199318898052e+01
9.647999999999998977e+01 -8.259565623552197167e+01
9.695999999999999375e+01 -8.288279706777920808e+01
9.743999999999999773e+01 -8.283891036659717599e+01
9.792000000000000171e+01 -8.255800028462148532e+01
9.839999999999999147e+01 -8.244602091794880039e+01
9.887999999999999545e+01 -8.274088545457939858e+01
9.935999999999999943e+01 -8.304277629478659151e+01
9.984000000000000341e+01 -8.313412649203904436e+01
1.003199999999999932e+02 -8.299870502011820861e+01
1.007999999999999972e+02 -8.329958457771249414e+01
1.012800000000000011e+02 -8.375000059606216496e+01
1.017599999999999909e+02 -8.416979899141000487e+01
1.022399999999999949e+02 -8.447120638337025866e+01
1.027199999999999989e+02 -8.469066557844476506e+01
1.032000000000000028e+02 -8.489055238598530195e+01
1.036799999999999926e+02 -8.529775531087142326e+01
1.041599999999999966e+02 -8.587750680198310249e+01
1.046400000000000006e+02 -8.615064370641837854e+01
1.051199999999999903e+02 -8.694606042870482554e+01
1.055999999999999943e+02 -8.789024343288153318e+01
1.060799999999999983e+02 -8.818404911663391488e+01
1.065600000000000023e+02 -8.879075087925578202e+01
1.070399999999999920e+02 -8.985690461120400130e+01
1.075199999999999960e+02 -9.089609986354788873e+01
1.080000000000000000e+02 -9.193116416280216185e+01
1.084799999999999898e+02 -9.286284567684222679e+01
1.089599999999999937e+02 -9.384033220449188661e+01
1.094399999999999977e+02 -9.498378702470213852e+01
1.099200000000000017e+02 -9.614192112280784386e+01
1.103999999999999915e+02 -9.785299440181260877e+01
1.108799999999999955e+02 -9.947331898659668070e+01
1.113599999999999994e+02 -1.007485239108117412e+02
1.118399999999999892e+02 -1.019925199577610897e+02
1.123199999999999932e+02 -1.032675203118711380e+02
1.127999999999999972e+02 -1.043716609004559928e+02
1.132800000000000011e+02 -1.048642760405633112e+02
1.137599999999999909e+02 -1.054136971270873744e+02
1.142399999999999949e+02 -1.055566606489233692e+02
1.147199999999999989e+02 -1.053908809998864058e+02
1.151999999999999886e+02 -1.053763411563501791e+02
1.156799999999999926e+02 -1.055611137982041612e+02
1.161599999999999966e+02 -1.056159478844517139e+02
1.166400000000000006e+02 -1.055775156403017832e+02
1.171199999999999903e+02 -1.056388283496878842e+02
1.175999999999999943e+02 -1.055363274021134146e+02
1.180799999999999983e+02 -1.055339772696978571e+02
1.185600000000000023e+02 -1.055288050834368221e+02
1.190399999999999920e+02 -1.055122342505937780e+02
1.195199999999999960e+02 -1.052974726609052709e+02
1.200000000000000000e+02 -1.051509610799782166e+02
1.204799999999999898e+02 -1.053481503844645886e+02
1.209599999999999937e+02 -1.055969638773014054e+02
1.214399999999999977e+02 -1.058163791540120968e+02
1.219200000000000017e+02 -1.057459248221567236e+02
1.223999999999999915e+02 -1.048854203315922717e+02
