-1.228799999999999892e-01 -7.868272932942524278e+01
-1.223999999999999949e-01 -8.020511419595386826e+01
-1.219199999999999867e-01 -8.092480167614357356e+01
-1.214399999999999924e-01 -8.102332342879816451e+01
-1.209599999999999842e-01 -8.094930203741745345e+01
-1.204799999999999899e-01 -8.100802184789314708e+01
-1.199999999999999956e-01 -8.102763996279192327e+01
-1.195199999999999874e-01 -8.092118041557499453e+01
-1.190399999999999930e-01 -8.117129509696806622e+01
-1.185599999999999848e-01 -8.138219857576692107e+01
-1.180799999999999905e-01 -8.127100368908494943e+01
-1.175999999999999962e-01 -8.138914337457782722e+01
-1.171199999999999880e-01 -8.142126463974172168e+01
-1.166399999999999937e-01 -8.144151566415214916e+01
-1.161599999999999855e-01 -8.140968439860168360e+01
-1.156799999999999912e-01 -8.131288062163227437e+01
-1.151999999999999968e-01 -8.128334745032132957e+01
-1.147199999999999886e-01 -8.111175700011530409e+01
-1.142399999999999943e-01 -8.074048650588915166e+01
-1.137599999999999861e-01 -8.031157110797377641e+01
-1.132799999999999918e-01 -7.978487077808806305e+01
-1.127999999999999836e-01 -7.926176452168692776e+01
-1.123199999999999893e-01 -7.844662737367657712e+01
-1.118399999999999950e-01 -7.744421537551956192e+01
-1.113599999999999868e-01 -7.612838144616272018e+01
-1.108799999999999925e-01 -7.477168429064957422e+01
-1.103999999999999843e-01 -7.308046836644381017e+01
-1.099199999999999899e-01 -7.148771094810830107e+01
-1.094399999999999956e-01 -7.026598149441439034e+01
-1.089599999999999874e-01 -6.931457589699630262e+01
-1.084799999999999931e-01 -6.783401198626749817e+01
-1.079999999999999849e-01 -6.628075167722593619e+01
-1.075199999999999906e-01 -6.518192948959671185e+01
-1.070399999999999963e-01 -6.445742506251735904e+01
-1.065599999999999881e-01 -6.387547785989740134e+01
-1.060799999999999937e-01 -6.320857710705469401e+01
-1.055999999999999855e-01 -6.223877014487295867e+01
-1.051199999999999912e-01 -6.146440256837092164e+01
-1.046399999999999969e-01 -6.101835427738841133e+01
-1.041599999999999887e-01 -6.046276946712603007e+01
-1.036799999999999944e-01 -5.969387256153844135e+01
-1.031999999999999862e-01 -5.935520129290776481e+01
-1.027199999999999919e-01 -5.911968113961995641e+01
-1.022399999999999975e-01 -5.875255992588141396e+01
-1.017599999999999894e-01 -5.870075009550557610e+01
-1.012799999999999950e-01 -5.816824863315846983e+01
-1.007999999999999868e-01 -5.792754961149550752e+01
-1.003199999999999925e-01 -5.804378229713321957e+01
-9.983999999999998431e-02 -5.766692701068676996e+01
-9.935999999999998999e-02 -5.773088144643207897e+01
-9.887999999999999567e-02 -5.768483687385392500e+01
-9.839999999999998748e-02 -5.748047366903215050e+01
-9.791999999999999316e-02 -5.750577895154339103e+01
-9.743999999999998496e-02 -5.715184754050273597e+01
-9.695999999999999064e-02 -5.700430871359155560e+01
-9.647999999999999632e-02 -5.667150202133569792e+01
-9.599999999999998812e-02 -5.662295109232385926e+01
-9.551999999999999380e-02 -5.680976246070079583e+01
-9.503999999999998560e-02 -5.664082407695620702e+01
-9.455999999999999128e-02 -5.643676715020833967e+01
-9.407999999999999696e-02 -5.633859228991606471e+01
-9.359999999999998876e-02 -5.614347377697372110e+01
-9.311999999999999444e-02 -5.611215738526457386e+01
-9.263999999999998625e-02 -5.607537054461112547e+01
-9.215999999999999193e-02 -5.612603753943999152e+01
-9.167999999999999761e-02 -5.574466023421965133e+01
-9.119999999999998941e-02 -5.532105501191294650e+01
-9.071999999999999509e-02 -5.522757473186777588e+01
-9.023999999999998689e-02 -5.509208094021361291e+01
-8.975999999999999257e-02 -5.512188955306370985e+01
-8.927999999999999825e-02 -5.524639084448825344e+01
-8.879999999999999005e-02 -5.533901782297871108e+01
-8.831999999999999573e-02 -5.508081624591274306e+01
-8.783999999999998753e-02 -5.466700310726761103e+01
-8.735999999999999321e-02 -5.457122992547969886e+01
-8.687999999999999889e-02 -5.446319929866745468e+01
-8.639999999999999070e-02 -5.419316332192644836e+01
-8.591999999999999638e-02 -5.441974357701699461e+01
-8.543999999999998818e-02 -5.451177571302592639e+01
-8.495999999999999386e-02 -5.428181391155671776e+01
-8.447999999999999954e-02 -5.383326863897752901e+01
-8.399999999999999134e-02 -5.358277568143670067e+01
-8.351999999999999702e-02 -5.364947525735551892e+01
-8.303999999999998882e-02 -5.368747234453550732e+01
-8.255999999999999450e-02 -5.337865135556246798e+01
-8.207999999999998630e-02 -5.344273603627869562e+01
-8.159999999999999198e-02 -5.353246399703741076e+01
-8.111999999999999766e-02 -5.350906286765166442e+01
-8.063999999999998947e-02 -5.322764271923166746e+01
-8.015999999999999515e-02 -5.304041863955900737e+01
-7.967999999999998695e-02 -5.284931273207438096e+01
-7.919999999999999263e-02 -5.271230883581036863e+01
-7.871999999999999831e-02 -5.262377194669116420e+01
-7.823999999999999011e-02 -5.262799070382718725e+01
-7.775999999999999579e-02 -5.260966547971392515e+01
-7.727999999999998759e-02 -5.265303838917877499e+01
-7.679999999999999327e-02 -5.248565728251208640e+01
-7.631999999999999895e-02 -5.215309103155889403e+01
-7.583999999999999075e-02 -5.218587237029967696e+01
-7.535999999999999643e-02 -5.222759394503209762e+01
-7.487999999999998824e-02 -5.203469882183205186e+01
-7.439999999999999392e-02 -5.187578857442628077e+01
-7.391999999999999960e-02 -5.181247526848360963e+01
-7.343999999999999140e-02 -5.185114963511394848e+01
-7.295999999999999708e-02 -5.171007862170294800e+01
-7.247999999999998888e-02 -5.153898592899378173e+01
-7.199999999999999456e-02 -5.147395143747453972e+01
-7.152000000000000024e-02 -5.155733512191624612e+01
-7.103999999999999204e-02 -5.163569501590831834e+01
-7.055999999999999772e-02 -5.115919818801025087e+01
-7.007999999999998952e-02 -5.080688967287151314e+01
-6.959999999999999520e-02 -5.078108734064841912e+01
-6.911999999999998701e-02 -5.091478094883171224e+01
-6.863999999999999269e-02 -5.060383412362712363e+01
-6.815999999999999837e-02 -5.011718612991884925e+01
-6.767999999999999017e-02 -5.029877876225954481e+01
-6.719999999999999585e-02 -5.030116713857960775e+01
-6.671999999999998765e-02 -5.012077476884667249e+01
-6.623999999999999333e-02 -5.012047306346395459e+01
-6.575999999999999901e-02 -4.981614735513726089e+01
-6.527999999999999081e-02 -4.979037004495074825e+01
-6.479999999999999649e-02 -4.971838715940486253e+01
-6.431999999999998829e-02 -4.948460390352327209e+01
-6.383999999999999397e-02 -4.905101941500860363e+01
-6.335999999999999965e-02 -4.880962512567215583e+01
-6.287999999999999146e-02 -4.866328079663978912e+01
-6.239999999999999714e-02 -4.867490474093494868e+01
-6.191999999999999588e-02 -4.870812399187505548e+01
-6.143999999999999462e-02 -4.827180865803466503e+01
-6.095999999999999336e-02 -4.792033423951700399e+01
-6.047999999999999210e-02 -4.788468832594760016e+01
-5.999999999999999778e-02 -4.791371018656131753e+01
-5.951999999999999652e-02 -4.742410244722816515e+01
-5.903999999999999526e-02 -4.730843303231537078e+01
-5.855999999999999400e-02 -4.709810265193261358e+01
-5.807999999999999274e-02 -4.672334223216972759e+01
-5.759999999999999842e-02 -4.679030660097097183e+01
-5.711999999999999716e-02 -4.642518928439235992e+01
-5.663999999999999591e-02 -4.634504192921270516e+01
-5.615999999999999465e-02 -4.629589520072066477e+01
-5.567999999999999339e-02 -4.597798260541700444e+01
-5.519999999999999213e-02 -4.558685551590272667e+01
-5.471999999999999781e-02 -4.544471173941207809e+01
-5.423999999999999655e-02 -4.523386329487912150e+01
-5.375999999999999529e-02 -4.472120886717743815e+01
-5.327999999999999403e-02 -4.448730707737357193e+01
-5.279999999999999277e-02 -4.427124147779922225e+01
-5.231999999999999845e-02 -4.410114572064142635e+01
-5.183999999999999719e-02 -4.402719794565143019e+01
-5.135999999999999593e-02 -4.393243784150948272e+01
-5.087999999999999468e-02 -4.369906770105659177e+01
-5.039999999999999342e-02 -4.321048761722239817e+01
-4.991999999999999216e-02 -4.297764108112146175e+01
-4.943999999999999784e-02 -4.245440264683764298e+01
-4.895999999999999658e-02 -4.196023981586434104e+01
-4.847999999999999532e-02 -4.190229043783612894e+01
-4.799999999999999406e-02 -4.185773636280823951e+01
-4.751999999999999280e-02 -4.153991260150058906e+01
-4.703999999999999848e-02 -4.128119465541605138e+01
-4.655999999999999722e-02 -4.121598130789480763e+01
-4.607999999999999596e-02 -4.103904344143120397e+01
-4.559999999999999470e-02 -4.085125945625777888e+01
-4.511999999999999345e-02 -4.049448903021814772e+01
-4.463999999999999913e-02 -4.001309610502212166e+01
-4.415999999999999787e-02 -3.986889246571296042e+01
-4.367999999999999661e-02 -3.947966599212452365e+01
-4.319999999999999535e-02 -3.900126578267526156e+01
-4.271999999999999409e-02 -3.872341976628830196e+01
-4.223999999999999977e-02 -3.839900516580730994e+01
-4.175999999999999851e-02 -3.785521762737238305e+01
-4.127999999999999725e-02 -3.743173003630316487e+01
-4.079999999999999599e-02 -3.752450457932327055e+01
-4.031999999999999473e-02 -3.749283910686411048e+01
-3.983999999999999347e-02 -3.723694885301097202e+01
-3.935999999999999915e-02 -3.675238827731724456e+01
-3.887999999999999790e-02 -3.625456991034179310e+01
-3.839999999999999664e-02 -3.593196278135560107e+01
-3.791999999999999538e-02 -3.565709931218259499e+01
-3.743999999999999412e-02 -3.508028234315769112e+01
-3.695999999999999980e-02 -3.470275442541871769e+01
-3.647999999999999854e-02 -3.468054981866953312e+01
-3.599999999999999728e-02 -3.432195033827356667e+01
-3.551999999999999602e-02 -3.361817547827507724e+01
-3.503999999999999476e-02 -3.328915521558801771e+01
-3.455999999999999350e-02 -3.322308118186197134e+01
-3.407999999999999918e-02 -3.298114909494488955e+01
-3.359999999999999792e-02 -3.259997425516712610e+01
-3.311999999999999666e-02 -3.231279646850254750e+01
-3.263999999999999541e-02 -3.220394348767359816e+01
-3.215999999999999415e-02 -3.175960502910152528e+01
-3.167999999999999983e-02 -3.141289503474650502e+01
-3.119999999999999857e-02 -3.123046270902097987e+01
-3.071999999999999731e-02 -3.079556215867533098e+01
-3.023999999999999605e-02 -3.037700997565952221e+01
-2.975999999999999826e-02 -3.004783458856649503e+01
-2.927999999999999700e-02 -2.963884379426104587e+01
-2.879999999999999921e-02 -2.921807281258116618e+01
-2.831999999999999795e-02 -2.888648684476752493e+01
-2.783999999999999669e-02 -2.857574727507336831e+01
-2.735999999999999890e-02 -2.802558437306187145e+01
-2.687999999999999765e-02 -2.726275895887690837e+01
-2.639999999999999639e-02 -2.672364826056152864e+01
-2.591999999999999860e-02 -2.593047914437368462e+01
-2.543999999999999734e-02 -2.527749710624234325e+01
-2.495999999999999608e-02 -2.486076658659095528e+01
-2.447999999999999829e-02 -2.453121772376247378e+01
-2.399999999999999703e-02 -2.389194654553196528e+01
-2.351999999999999924e-02 -2.333390975396346079e+01
-2.303999999999999798e-02 -2.304439250028875108e+01
-2.255999999999999672e-02 -2.273408931280024348e+01
-2.207999999999999893e-02 -2.216212439123257028e+01
-2.159999999999999767e-02 -2.172853575619024724e+01
-2.111999999999999988e-02 -2.084240530169104488e+01
-2.063999999999999863e-02 -2.034096745200328016e+01
-2.015999999999999737e-02 -1.996779426590026674e+01
-1.967999999999999958e-02 -1.951755593981601322e+01
-1.919999999999999832e-02 -1.943542634488031950e+01
-1.871999999999999706e-02 -1.932199309286288269e+01
-1.823999999999999927e-02 -1.885879292601678614e+01
-1.775999999999999801e-02 -1.821771973711728876e+01
-1.727999999999999675e-02 -1.805202928293084241e+01
-1.679999999999999896e-02 -1.801082920884415017e+01
-1.631999999999999770e-02 -1.768921301222253106e+01
-1.583999999999999991e-02 -1.734666418330575866e+01
-1.535999999999999865e-02 -1.703653496952573221e+01
-1.487999999999999913e-02 -1.689356982212142810e+01
-1.439999999999999961e-02 -1.652774582889641408e+01
-1.391999999999999835e-02 -1.601204588172187826e+01
-1.343999999999999882e-02 -1.596271579261390627e+01
-1.295999999999999930e-02 -1.569979331416409174e+01
-1.247999999999999804e-02 -1.517145125445259701e+01
-1.199999999999999852e-02 -1.509094290764715396e+01
-1.151999999999999899e-02 -1.495771196552313675e+01
-1.103999999999999947e-02 -1.467978454672128663e+01
-1.055999999999999994e-02 -1.390577168831145727e+01
-1.007999999999999868e-02 -3.808364746364401476e+00
-9.599999999999999159e-03 4.218874985890688656e+00
-9.119999999999999635e-03 6.822573912894273285e+00
-8.639999999999998376e-03 7.025694674506068438e+00
-8.159999999999998851e-03 7.024664448268244321e+00
-7.679999999999999327e-03 7.195742415087424071e+00
-7.199999999999999803e-03 7.288554807191454543e+00
-6.719999999999999411e-03 7.116027104555657345e+00
-6.239999999999999020e-03 7.154685687664726679e+00
-5.759999999999999495e-03 7.317632942688444331e+00
-5.279999999999999971e-03 7.309487489885423628e+00
-4.799999999999999580e-03 7.333925071667367845e+00
-4.319999999999999188e-03 7.157680500995876827e+00
-3.839999999999999664e-03 7.047476403377145537e+00
-3.359999999999999706e-03 7.028729965135328328e+00
-2.879999999999999748e-03 7.020194384964129064e+00
-2.399999999999999790e-03 7.120300152475490307e+00
-1.919999999999999832e-03 7.048170913731036435e+00
-1.439999999999999874e-03 7.082876196332432706e+00
-9.599999999999999159e-04 7.155830198951135479e+00
-4.799999999999999580e-04 7.034621343587572184e+00
0.000000000000000000e+00 6.989093516903597703e+00
4.799999999999999580e-04 7.227795071475794586e+00
9.599999999999999159e-04 7.604159077612902884e+00
1.439999999999999874e-03 7.233641781033785634e+00
1.919999999999999832e-03 6.856968470641492175e+00
2.399999999999999790e-03 7.082023920233099901e+00
2.879999999999999748e-03 7.272266362408360330e+00
3.359999999999999706e-03 7.439244306259781503e+00
3.839999999999999664e-03 7.194944014580290315e+00
4.319999999999999188e-03 6.870213439021570778e+00
4.799999999999999580e-03 6.916903843550753272e+00
5.279999999999999971e-03 7.051152936618549028e+00
5.759999999999999495e-03 7.029617995414655596e+00
6.239999999999999020e-03 6.920723305328441377e+00
6.719999999999999411e-03 6.969271355987494587e+00
7.199999999999999803e-03 7.088032161203940085e+00
7.679999999999999327e-03 6.893652852846333445e+00
8.159999999999998851e-03 6.925279191266064949e+00
8.639999999999998376e-03 6.979515378093664069e+00
9.119999999999999635e-03 6.627155564076741889e+00
9.599999999999999159e-03 3.957330814535942043e+00
1.007999999999999868e-02 -4.209082619847548834e+00
1.055999999999999994e-02 -1.476158658474810714e+01
1.103999999999999947e-02 -1.582330145787288700e+01
1.151999999999999899e-02 -1.597817942254718915e+01
1.199999999999999852e-02 -1.627835463159943075e+01
1.247999999999999804e-02 -1.689143074236277542e+01
1.295999999999999930e-02 -1.705358647892351343e+01
1.343999999999999882e-02 -1.714144462930693891e+01
1.391999999999999835e-02 -1.716798886228901821e+01
1.439999999999999961e-02 -1.744078583257850568e+01
1.487999999999999913e-02 -1.803951672903281178e+01
1.535999999999999865e-02 -1.826134331535837063e+01
1.583999999999999991e-02 -1.855904022789073338e+01
1.631999999999999770e-02 -1.893788189905872343e+01
1.679999999999999896e-02 -1.904484457642911721e+01
1.727999999999999675e-02 -1.948034871152821879e+01
1.775999999999999801e-02 -2.026901456774939447e+01
1.823999999999999927e-02 -2.067791726099542515e+01
1.871999999999999706e-02 -2.098470463059658186e+01
1.919999999999999832e-02 -2.114504131340765980e+01
1.967999999999999958e-02 -2.144807701674013245e+01
2.015999999999999737e-02 -2.174515556155792950e+01
2.063999999999999863e-02 -2.221619324720519018e+01
2.111999999999999988e-02 -2.297517163621899527e+01
2.159999999999999767e-02 -2.311550458959712984e+01
2.207999999999999893e-02 -2.318245553020160088e+01
2.255999999999999672e-02 -2.369033227672765562e+01
2.303999999999999798e-02 -2.404668100813194087e+01
2.351999999999999924e-02 -2.466332157806796843e+01
2.399999999999999703e-02 -2.516547404587111103e+01
2.447999999999999829e-02 -2.574275493791525804e+01
2.495999999999999608e-02 -2.613022922708709217e+01
2.543999999999999734e-02 -2.660448680194171800e+01
2.591999999999999860e-02 -2.724496816761893569e+01
2.639999999999999639e-02 -2.790312270069350475e+01
2.687999999999999765e-02 -2.836263034345893175e+01
2.735999999999999890e-02 -2.901691707559811206e+01
2.783999999999999669e-02 -2.949638990353557588e+01
2.831999999999999795e-02 -2.985790729383818487e+01
2.879999999999999921e-02 -3.027738888139806761e+01
2.927999999999999700e-02 -3.038123717680559821e+01
2.975999999999999826e-02 -3.082115838727632706e+01
3.023999999999999605e-02 -3.102691029903014197e+01
3.071999999999999731e-02 -3.118808851899587609e+01
3.119999999999999857e-02 -3.142421319434548721e+01
3.167999999999999983e-02 -3.163945945727435927e+01
3.215999999999999415e-02 -3.191412498025335509e+01
3.263999999999999541e-02 -3.192741021175465121e+01
3.311999999999999666e-02 -3.220990071103307884e+01
3.359999999999999792e-02 -3.278077793531733164e+01
3.407999999999999918e-02 -3.298899766778558273e+01
3.455999999999999350e-02 -3.324778806992913616e+01
3.503999999999999476e-02 -3.331277357466743183e+01
3.551999999999999602e-02 -3.344362196614559934e+01
3.599999999999999728e-02 -3.380383058337757518e+01
3.647999999999999854e-02 -3.398031795182014747e+01
3.695999999999999980e-02 -3.445732827845906598e+01
3.743999999999999412e-02 -3.468805528573835062e+01
3.791999999999999538e-02 -3.495543123440062061e+01
3.839999999999999664e-02 -3.544286318104292377e+01
3.887999999999999790e-02 -3.567933486128568887e+01
3.935999999999999915e-02 -3.606137411302970008e+01
3.983999999999999347e-02 -3.652560252750969028e+01
4.031999999999999473e-02 -3.647057627284751646e+01
4.079999999999999599e-02 -3.663623296112442773e+01
4.127999999999999725e-02 -3.698483496718873198e+01
4.175999999999999851e-02 -3.696353760397996524e+01
4.223999999999999977e-02 -3.705400954268775138e+01
4.271999999999999409e-02 -3.741877484855444180e+01
4.319999999999999535e-02 -3.777362009625738892e+01
4.367999999999999661e-02 -3.808377259018075733e+01
4.415999999999999787e-02 -3.818707276856459742e+01
4.463999999999999913e-02 -3.851375819626041874e+01
4.511999999999999345e-02 -3.891019857733313358e+01
4.559999999999999470e-02 -3.953748080378834828e+01
4.607999999999999596e-02 -3.953310445338544099e+01
4.655999999999999722e-02 -3.947238317938774799e+01
4.703999999999999848e-02 -3.979364811054612261e+01
4.751999999999999280e-02 -4.028050337861916574e+01
4.799999999999999406e-02 -4.020217888926714522e+01
4.847999999999999532e-02 -4.037967694007249975e+01
4.895999999999999658e-02 -4.092043943946898565e+01
4.943999999999999784e-02 -4.133247600451470305e+01
4.991999999999999216e-02 -4.171317778418624300e+01
5.039999999999999342e-02 -4.189171149350048040e+01
5.087999999999999468e-02 -4.190194455164231613e+01
5.135999999999999593e-02 -4.207209353064760649e+01
5.183999999999999719e-02 -4.242507002271936045e+01
5.231999999999999845e-02 -4.283577970863440498e+01
5.279999999999999277e-02 -4.288299439296764604e+01
5.327999999999999403e-02 -4.292963157329462831e+01
5.375999999999999529e-02 -4.309990179797482313e+01
5.423999999999999655e-02 -4.339384172754517977e+01
5.471999999999999781e-02 -4.378879818509350486e+01
5.519999999999999213e-02 -4.419625793644438261e+01
5.567999999999999339e-02 -4.466187129841982539e+01
5.615999999999999465e-02 -4.486108952425851015e+01
5.663999999999999591e-02 -4.481419385672050737e+01
5.711999999999999716e-02 -4.511886361702391923e+01
5.759999999999999842e-02 -4.564132038292503069e+01
5.807999999999999274e-02 -4.589830272957155444e+01
5.855999999999999400e-02 -4.609066692470894111e+01
5.903999999999999526e-02 -4.632505236649304692e+01
5.951999999999999652e-02 -4.645662083293782985e+01
5.999999999999999778e-02 -4.645752069096925396e+01
6.047999999999999210e-02 -4.674939862865369378e+01
6.095999999999999336e-02 -4.723439801057451604e+01
6.143999999999999462e-02 -4.757730567443650926e+01
6.191999999999999588e-02 -4.780823522030274830e+01
6.239999999999999714e-02 -4.797613552246397717e+01
6.287999999999999146e-02 -4.835718500771820061e+01
6.335999999999999965e-02 -4.853138798703767520e+01
6.383999999999999397e-02 -4.865150832757787924e+01
6.431999999999998829e-02 -4.870534703570083934e+01
6.479999999999999649e-02 -4.886316184077463731e+01
6.527999999999999081e-02 -4.918575657014451963e+01
6.575999999999999901e-02 -4.963457058696594970e+01
6.623999999999999333e-02 -4.995856844260948293e+01
6.671999999999998765e-02 -4.994026391632739603e+01
6.719999999999999585e-02 -5.006246532474114019e+01
6.767999999999999017e-02 -5.039556627036682812e+01
6.815999999999999837e-02 -5.025858719487124660e+01
6.863999999999999269e-02 -5.028026041425125925e+01
6.911999999999998701e-02 -5.070055795979764923e+01
6.959999999999999520e-02 -5.072396556572802240e+01
7.007999999999998952e-02 -5.102512775567282688e+01
7.055999999999999772e-02 -5.172338260936227528e+01
7.103999999999999204e-02 -5.159575494546651697e+01
7.152000000000000024e-02 -5.158883733496685409e+01
7.199999999999999456e-02 -5.226692908963763529e+01
7.247999999999998888e-02 -5.248536817912228969e+01
7.295999999999999708e-02 -5.257339306374355203e+01
7.343999999999999140e-02 -5.251877623778124615e+01
7.391999999999999960e-02 -5.275475622887953620e+01
7.439999999999999392e-02 -5.282644494694550019e+01
7.487999999999998824e-02 -5.270810381422101898e+01
7.535999999999999643e-02 -5.322583506770888562e+01
7.583999999999999075e-02 -5.361451859913879048e+01
7.631999999999999895e-02 -5.397707346189869071e+01
7.679999999999999327e-02 -5.429853428025516138e+01
7.727999999999998759e-02 -5.433494656937251932e+01
7.775999999999999579e-02 -5.417211231203453536e+01
7.823999999999999011e-02 -5.425822619977041938e+01
7.871999999999999831e-02 -5.437423120470552362e+01
7.919999999999999263e-02 -5.426068574982799930e+01
7.967999999999998695e-02 -5.429786336640348310e+01
8.015999999999999515e-02 -5.448681846515739124e+01
8.063999999999998947e-02 -5.460135973486143257e+01
8.111999999999999766e-02 -5.542405453327440057e+01
8.159999999999999198e-02 -5.544536850610257517e+01
8.207999999999998630e-02 -5.521388044596279343e+01
8.255999999999999450e-02 -5.540455080900884610e+01
8.303999999999998882e-02 -5.547728659430713094e+01
8.351999999999999702e-02 -5.541165426503820868e+01
8.399999999999999134e-02 -5.554847009054525842e+01
8.447999999999999954e-02 -5.571360390109903449e+01
8.495999999999999386e-02 -5.583837073875977097e+01
8.543999999999998818e-02 -5.601969614017289700e+01
8.591999999999999638e-02 -5.596692139959228030e+01
8.639999999999999070e-02 -5.616082533915129460e+01
8.687999999999999889e-02 -5.650262117191645217e+01
8.735999999999999321e-02 -5.648343194477301665e+01
8.783999999999998753e-02 -5.654244696103583578e+01
8.831999999999999573e-02 -5.666192040091659265e+01
8.879999999999999005e-02 -5.677246718844556739e+01
8.927999999999999825e-02 -5.695736333692948961e+01
8.975999999999999257e-02 -5.707561916063944096e+01
9.023999999999998689e-02 -5.712023536478432106e+01
9.071999999999999509e-02 -5.694173814265346323e+01
9.119999999999998941e-02 -5.714864217475447816e+01
9.167999999999999761e-02 -5.758080816372839905e+01
9.215999999999999193e-02 -5.781016430557101415e+01
9.263999999999998625e-02 -5.787408126167487410e+01
9.311999999999999444e-02 -5.772581594063444754e+01
9.359999999999998876e-02 -5.773661361705598694e+01
9.407999999999999696e-02 -5.778945034454403640e+01
9.455999999999999128e-02 -5.767121079721211174e+01
9.503999999999998560e-02 -5.792673672902673587e+01
9.551999999999999380e-02 -5.801173397598444126e+01
9.599999999999998812e-02 -5.799657765681807575e+01
9.647999999999999632e-02 -5.801078726332320912e+01
9.695999999999999064e-02 -5.817142275738314083e+01
9.743999999999998496e-02 -5.817189885573906594e+01
9.791999999999999316e-02 -5.785710422187498381e+01
9.839999999999998748e-02 -5.784186839058290275e+01
9.887999999999999567e-02 -5.835220663686295950e+01
9.935999999999998999e-02 -5.873615340982710364e+01
9.983999999999998431e-02 -5.874859322893846780e+01
1.003199999999999925e-01 -5.858183007751922844e+01
1.007999999999999868e-01 -5.872633322511867959e+01
1.012799999999999950e-01 -5.912473156415283881e+01
1.017599999999999894e-01 -5.974838431230013214e+01
1.022399999999999975e-01 -5.983360802460352801e+01
1.027199999999999919e-01 -5.992187335127616166e+01
1.031999999999999862e-01 -6.013537923067546842e+01
1.036799999999999944e-01 -6.066121665535834495e+01
1.041599999999999887e-01 -6.112310002072745618e+01
1.046399999999999969e-01 -6.163002942570049214e+01
1.051199999999999912e-01 -6.250547196787078974e+01
1.055999999999999855e-01 -6.334342913615661530e+01
1.060799999999999937e-01 -6.371851485038501295e+01
1.065599999999999881e-01 -6.441799227495928903e+01
1.070399999999999963e-01 -6.531044207118819145e+01
1.075199999999999906e-01 -6.630205616951121783e+01
1.079999999999999849e-01 -6.730203433227381993e+01
1.084799999999999931e-01 -6.858189011323938189e+01
1.089599999999999874e-01 -6.967274954514910235e+01
1.094399999999999956e-01 -7.061448389876829879e+01
1.099199999999999899e-01 -7.202276803803026439e+01
1.103999999999999843e-01 -7.367914757565118578e+01
1.108799999999999925e-01 -7.526658073862130038e+01
1.113599999999999868e-01 -7.657012819897896350e+01
1.118399999999999950e-01 -7.774930379982589557e+01
1.123199999999999893e-01 -7.886618620281322478e+01
1.127999999999999836e-01 -7.958773356990042203e+01
1.132799999999999918e-01 -8.044302577723851755e+01
1.137599999999999861e-01 -8.101225898563286876e+01
1.142399999999999943e-01 -8.132364107097556882e+01
1.147199999999999886e-01 -8.120147528919264346e+01
1.151999999999999968e-01 -8.126479367620800076e+01
1.156799999999999912e-01 -8.142183663940281235e+01
1.161599999999999855e-01 -8.143524907777887734e+01
1.166399999999999937e-01 -8.118125161643408205e+01
1.171199999999999880e-01 -8.118700555697414245e+01
1.175999999999999962e-01 -8.103206844761486138e+01
1.180799999999999905e-01 -8.087830641527347098e+01
1.185599999999999848e-01 -8.097181960490127040e+01
1.190399999999999930e-01 -8.099604958678250455e+01
1.195199999999999874e-01 -8.087814397041456971e+01
1.199999999999999956e-01 -8.115187826772518065e+01
1.204799999999999899e-01 -8.087836197396613613e+01
1.209599999999999842e-01 -8.077764687047859127e+01
1.214399999999999924e-01 -8.097636874451474398e+01
1.219199999999999867e-01 -8.102073099852965754e+01
1.223999999999999949e-01 -8.009551865371599888e+01
