-1.228799999999999892e-01 -7.910444321326741601e+01
-1.223999999999999949e-01 -8.066745252106653652e+01
-1.219199999999999867e-01 -8.140448986145541710e+01
-1.214399999999999924e-01 -8.134061600248091395e+01
-1.209599999999999842e-01 -8.130928140707837315e+01
-1.204799999999999899e-01 -8.137963408363063422e+01
-1.199999999999999956e-01 -8.146013564774874283e+01
-1.195199999999999874e-01 -8.133684790982371737e+01
-1.190399999999999930e-01 -8.124502871597212561e+01
-1.185599999999999848e-01 -8.115956342389408462e+01
-1.180799999999999905e-01 -8.133783185829223328e+01
-1.175999999999999962e-01 -8.147907441379722115e+01
-1.171199999999999880e-01 -8.140206317892895527e+01
-1.166399999999999937e-01 -8.139178566224394729e+01
-1.161599999999999855e-01 -8.133409539441480263e+01
-1.156799999999999912e-01 -8.141870023944423451e+01
-1.151999999999999968e-01 -8.139776281066909291e+01
-1.147199999999999886e-01 -8.125522448438941581e+01
-1.142399999999999943e-01 -8.117023857629492056e+01
-1.137599999999999861e-01 -8.081514527532205250e+01
-1.132799999999999918e-01 -8.055813883978841261e+01
-1.127999999999999836e-01 -7.994254828798966628e+01
-1.123199999999999893e-01 -7.854432344615803174e+01
-1.118399999999999950e-01 -7.744888988302783162e+01
-1.113599999999999868e-01 -7.620410622748482865e+01
-1.108799999999999925e-01 -7.459325936048817596e+01
-1.103999999999999843e-01 -7.282493281165673693e+01
-1.099199999999999899e-01 -7.141277780300850964e+01
-1.094399999999999956e-01 -7.026387274066509292e+01
-1.089599999999999874e-01 -6.927670315337780949e+01
-1.084799999999999931e-01 -6.805370280482192413e+01
-1.079999999999999849e-01 -6.645277352540706772e+01
-1.075199999999999906e-01 -6.551009892269799195e+01
-1.070399999999999963e-01 -6.483762721630951376e+01
-1.065599999999999881e-01 -6.384278888999168800e+01
-1.060799999999999937e-01 -6.303352855430463819e+01
-1.055999999999999855e-01 -6.221851457854852185e+01
-1.051199999999999912e-01 -6.139396091059334992e+01
-1.046399999999999969e-01 -6.098769953145921363e+01
-1.041599999999999887e-01 -6.060976919652665629e+01
-1.036799999999999944e-01 -5.992389595177264994e+01
-1.031999999999999862e-01 -5.926038382928409476e+01
-1.027199999999999919e-01 -5.885272725576400177e+01
-1.022399999999999975e-01 -5.857334158001187063e+01
-1.017599999999999894e-01 -5.857178592614000934e+01
-1.012799999999999950e-01 -5.827628247003265471e+01
-1.007999999999999868e-01 -5.796285248328751294e+01
-1.003199999999999925e-01 -5.804688082319385956e+01
-9.983999999999998431e-02 -5.779015764938854005e+01
-9.935999999999998999e-02 -5.779903942868734390e+01
-9.887999999999999567e-02 -5.769489377850370460e+01
-9.839999999999998748e-02 -5.754035983182940583e+01
-9.791999999999999316e-02 -5.755067031985706905e+01
-9.743999999999998496e-02 -5.714659444120214715e+01
-9.695999999999999064e-02 -5.694677231845840737e+01
-9.647999999999999632e-02 -5.662577648641200057e+01
-9.599999999999998812e-02 -5.643077182813605930e+01
-9.551999999999999380e-02 -5.661529092278119890e+01
-9.503999999999998560e-02 -5.677985277357164762e+01
-9.455999999999999128e-02 -5.673699792136421394e+01
-9.407999999999999696e-02 -5.636943999069413280e+01
-9.359999999999998876e-02 -5.608880270085322906e+01
-9.311999999999999444e-02 -5.606767581094889152e+01
-9.263999999999998625e-02 -5.599173457026807910e+01
-9.215999999999999193e-02 -5.604877594817237707e+01
-9.167999999999999761e-02 -5.581114945656153026e+01
-9.119999999999998941e-02 -5.520364330199384995e+01
-9.071999999999999509e-02 -5.527654470243847129e+01
-9.023999999999998689e-02 -5.527667613392136303e+01
-8.975999999999999257e-02 -5.528183527266168795e+01
-8.927999999999999825e-02 -5.522208932747400212e+01
-8.879999999999999005e-02 -5.526422514835984856e+01
-8.831999999999999573e-02 -5.511630545045743190e+01
-8.783999999999998753e-02 -5.475337713932539430e+01
-8.735999999999999321e-02 -5.471356473570887147e+01
-8.687999999999999889e-02 -5.440076863458887146e+01
-8.639999999999999070e-02 -5.399589048510918587e+01
-8.591999999999999638e-02 -5.421081738265752392e+01
-8.543999999999998818e-02 -5.436619186678039739e+01
-8.495999999999999386e-02 -5.437329571455805421e+01
-8.447999999999999954e-02 -5.392062206657834622e+01
-8.399999999999999134e-02 -5.363528672825044907e+01
-8.351999999999999702e-02 -5.363521134477211660e+01
-8.303999999999998882e-02 -5.364689672765766204e+01
-8.255999999999999450e-02 -5.351053099652513367e+01
-8.207999999999998630e-02 -5.353710098005920059e+01
-8.159999999999999198e-02 -5.351750614602967460e+01
-8.111999999999999766e-02 -5.349357396811611665e+01
-8.063999999999998947e-02 -5.331007670318531666e+01
-8.015999999999999515e-02 -5.300329406089475981e+01
-7.967999999999998695e-02 -5.277475681115056005e+01
-7.919999999999999263e-02 -5.264401920441806482e+01
-7.871999999999999831e-02 -5.264772569265161195e+01
-7.823999999999999011e-02 -5.264291733075459234e+01
-7.775999999999999579e-02 -5.267007236348212729e+01
-7.727999999999998759e-02 -5.276406249197044929e+01
-7.679999999999999327e-02 -5.257533878355013712e+01
-7.631999999999999895e-02 -5.218591166070236653e+01
-7.583999999999999075e-02 -5.213580280839353520e+01
-7.535999999999999643e-02 -5.221764316663215055e+01
-7.487999999999998824e-02 -5.206920725089624824e+01
-7.439999999999999392e-02 -5.191046097119002667e+01
-7.391999999999999960e-02 -5.186432202225445565e+01
-7.343999999999999140e-02 -5.185602783278390859e+01
-7.295999999999999708e-02 -5.169463204726287842e+01
-7.247999999999998888e-02 -5.155877294152338663e+01
-7.199999999999999456e-02 -5.151426230005776574e+01
-7.152000000000000024e-02 -5.155454716893758160e+01
-7.103999999999999204e-02 -5.153701560715757068e+01
-7.055999999999999772e-02 -5.109801023838744527e+01
-7.007999999999998952e-02 -5.076240499700597297e+01
-6.959999999999999520e-02 -5.065727781125296758e+01
-6.911999999999998701e-02 -5.078199294384693019e+01
-6.863999999999999269e-02 -5.056574903321417480e+01
-6.815999999999999837e-02 -5.018477708204586207e+01
-6.767999999999999017e-02 -5.024626156470730365e+01
-6.719999999999999585e-02 -5.017851052742474849e+01
-6.671999999999998765e-02 -5.011736566622359135e+01
-6.623999999999999333e-02 -5.012806671643318168e+01
-6.575999999999999901e-02 -4.979214733902567502e+01
-6.527999999999999081e-02 -4.975951844044117678e+01
-6.479999999999999649e-02 -4.960206988064194178e+01
-6.431999999999998829e-02 -4.929407421165359438e+01
-6.383999999999999397e-02 -4.891306255547089421e+01
-6.335999999999999965e-02 -4.878057422521038689e+01
-6.287999999999999146e-02 -4.854912511698739053e+01
-6.239999999999999714e-02 -4.859975570791002042e+01
-6.191999999999999588e-02 -4.872228946469551403e+01
-6.143999999999999462e-02 -4.827990506692955819e+01
-6.095999999999999336e-02 -4.796443729568856185e+01
-6.047999999999999210e-02 -4.794412946919297980e+01
-5.999999999999999778e-02 -4.792840767755365761e+01
-5.951999999999999652e-02 -4.736373932837695122e+01
-5.903999999999999526e-02 -4.715230115572613556e+01
-5.855999999999999400e-02 -4.700310110206002889e+01
-5.807999999999999274e-02 -4.663953539982615126e+01
-5.759999999999999842e-02 -4.669652481581437797e+01
-5.711999999999999716e-02 -4.630871743362732929e+01
-5.663999999999999591e-02 -4.621014961085893447e+01
-5.615999999999999465e-02 -4.620719801798485094e+01
-5.567999999999999339e-02 -4.587279922912248509e+01
-5.519999999999999213e-02 -4.543970474462751952e+01
-5.471999999999999781e-02 -4.526852765234241360e+01
-5.423999999999999655e-02 -4.509850828242683463e+01
-5.375999999999999529e-02 -4.466090830478852070e+01
-5.327999999999999403e-02 -4.441738112752737777e+01
-5.279999999999999277e-02 -4.417927877420338234e+01
-5.231999999999999845e-02 -4.397577912126597255e+01
-5.183999999999999719e-02 -4.390831416559529998e+01
-5.135999999999999593e-02 -4.384845051845982766e+01
-5.087999999999999468e-02 -4.359946748265869587e+01
-5.039999999999999342e-02 -4.310676897080645631e+01
-4.991999999999999216e-02 -4.285385483817069741e+01
-4.943999999999999784e-02 -4.229779507977753639e+01
-4.895999999999999658e-02 -4.182453717869060483e+01
-4.847999999999999532e-02 -4.178984964276946101e+01
-4.799999999999999406e-02 -4.178879804956777377e+01
-4.751999999999999280e-02 -4.148370622704266708e+01
-4.703999999999999848e-02 -4.121122950780949878e+01
-4.655999999999999722e-02 -4.111872225108492529e+01
-4.607999999999999596e-02 -4.094953591466064324e+01
-4.559999999999999470e-02 -4.080106196724155154e+01
-4.511999999999999345e-02 -4.040827426640167630e+01
-4.463999999999999913e-02 -3.990796871822866621e+01
-4.415999999999999787e-02 -3.974244848516055129e+01
-4.367999999999999661e-02 -3.937341972434757054e+01
-4.319999999999999535e-02 -3.887307024203417427e+01
-4.271999999999999409e-02 -3.856408901752472929e+01
-4.223999999999999977e-02 -3.827327867855038335e+01
-4.175999999999999851e-02 -3.775827169374998249e+01
-4.127999999999999725e-02 -3.727558532390058588e+01
-4.079999999999999599e-02 -3.736852052584494999e+01
-4.031999999999999473e-02 -3.737171443923489278e+01
-3.983999999999999347e-02 -3.710531237769458102e+01
-3.935999999999999915e-02 -3.663544655346512258e+01
-3.887999999999999790e-02 -3.613532729164550261e+01
-3.839999999999999664e-02 -3.580198915660765380e+01
-3.791999999999999538e-02 -3.553766030715699031e+01
-3.743999999999999412e-02 -3.497832450643934976e+01
-3.695999999999999980e-02 -3.459770128488602836e+01
-3.647999999999999854e-02 -3.456689741450186659e+01
-3.599999999999999728e-02 -3.420065068004742415e+01
-3.551999999999999602e-02 -3.349191628137631227e+01
-3.503999999999999476e-02 -3.315586331094461059e+01
-3.455999999999999350e-02 -3.310140596218091957e+01
-3.407999999999999918e-02 -3.287072065619326366e+01
-3.359999999999999792e-02 -3.250328211345947693e+01
-3.311999999999999666e-02 -3.220271567839451166e+01
-3.263999999999999541e-02 -3.209411955431367858e+01
-3.215999999999999415e-02 -3.163263036747848034e+01
-3.167999999999999983e-02 -3.129406384706637567e+01
-3.119999999999999857e-02 -3.110741774630380263e+01
-3.071999999999999731e-02 -3.067731371559946751e+01
-3.023999999999999605e-02 -3.026043979177047305e+01
-2.975999999999999826e-02 -2.993874545790960795e+01
-2.927999999999999700e-02 -2.953489973619025477e+01
-2.879999999999999921e-02 -2.911750322940262237e+01
-2.831999999999999795e-02 -2.877307064369455603e+01
-2.783999999999999669e-02 -2.844238789399292955e+01
-2.735999999999999890e-02 -2.791447509246486902e+01
-2.687999999999999765e-02 -2.715158497962992712e+01
-2.639999999999999639e-02 -2.661022048523705053e+01
-2.591999999999999860e-02 -2.582086241270530991e+01
-2.543999999999999734e-02 -2.516627895302221063e+01
-2.495999999999999608e-02 -2.475676890487955362e+01
-2.447999999999999829e-02 -2.443125301017751738e+01
-2.399999999999999703e-02 -2.379246080651792639e+01
-2.351999999999999924e-02 -2.323513323846317036e+01
-2.303999999999999798e-02 -2.293930676204779218e+01
-2.255999999999999672e-02 -2.263209340349845533e+01
-2.207999999999999893e-02 -2.205857924564282513e+01
-2.159999999999999767e-02 -2.162875522943146223e+01
-2.111999999999999988e-02 -2.073881919671141105e+01
-2.063999999999999863e-02 -2.023232360470970903e+01
-2.015999999999999737e-02 -1.986359153086475970e+01
-1.967999999999999958e-02 -1.941369614783771524e+01
-1.919999999999999832e-02 -1.933756214543721441e+01
-1.871999999999999706e-02 -1.922521671768410911e+01
-1.823999999999999927e-02 -1.876309715955416380e+01
-1.775999999999999801e-02 -1.812530356286381661e+01
-1.727999999999999675e-02 -1.795403965314737249e+01
-1.679999999999999896e-02 -1.791026891370271912e+01
-1.631999999999999770e-02 -1.759414548456524230e+01
-1.583999999999999991e-02 -1.725706652969294197e+01
-1.535999999999999865e-02 -1.694657652785656410e+01
-1.487999999999999913e-02 -1.680345339522433079e+01
-1.439999999999999961e-02 -1.643493047956505393e+01
-1.391999999999999835e-02 -1.591559005271602167e+01
-1.343999999999999882e-02 -1.586891013903886538e+01
-1.295999999999999930e-02 -1.560573448648836958e+01
-1.247999999999999804e-02 -1.507597758588763881e+01
-1.199999999999999852e-02 -1.499676435756251180e+01
-1.151999999999999899e-02 -1.486455618336073137e+01
-1.103999999999999947e-02 -1.459034577328400850e+01
-1.055999999999999994e-02 -1.382941270013411561e+01
-1.007999999999999868e-02 -3.806417042275471285e+00
-9.599999999999999159e-03 4.212790074310833965e+00
-9.119999999999999635e-03 6.816412653956764878e+00
-8.639999999999998376e-03 7.019854694086705038e+00
-8.159999999999998851e-03 7.018752357815101206e+00
-7.679999999999999327e-03 7.189625015095963079e+00
-7.199999999999999803e-03 7.282379364893221130e+00
-6.719999999999999411e-03 7.109372131571111808e+00
-6.239999999999999020e-03 7.148108593057410864e+00
-5.759999999999999495e-03 7.311045012038777990e+00
-5.279999999999999971e-03 7.303414365223886762e+00
-4.799999999999999580e-03 7.328506363925160194e+00
-4.319999999999999188e-03 7.152928336206546334e+00
-3.839999999999999664e-03 7.042667913317738559e+00
-3.359999999999999706e-03 7.023588440679686684e+00
-2.879999999999999748e-03 7.015143060940449260e+00
-2.399999999999999790e-03 7.114964686663698856e+00
-1.919999999999999832e-03 7.042079203457066505e+00
-1.439999999999999874e-03 7.077199698615507018e+00
-9.599999999999999159e-04 7.150579345984606761e+00
-4.799999999999999580e-04 7.029692478901058195e+00
0.000000000000000000e+00 6.984372973398124351e+00
4.799999999999999580e-04 7.223439189542522954e+00
9.599999999999999159e-04 7.600164624648090950e+00
1.439999999999999874e-03 7.229562621693251145e+00
1.919999999999999832e-03 6.852448262866958295e+00
2.399999999999999790e-03 7.077713216583413569e+00
2.879999999999999748e-03 7.268688897269587557e+00
3.359999999999999706e-03 7.436129155238777599e+00
3.839999999999999664e-03 7.192062794802799530e+00
4.319999999999999188e-03 6.866988340364454935e+00
4.799999999999999580e-03 6.913543968149568286e+00
5.279999999999999971e-03 7.048463762653033093e+00
5.759999999999999495e-03 7.026460812692735480e+00
6.239999999999999020e-03 6.917726063588442997e+00
6.719999999999999411e-03 6.966757104978983151e+00
7.199999999999999803e-03 7.085417501575338228e+00
7.679999999999999327e-03 6.891180465965710766e+00
8.159999999999998851e-03 6.923197632390060363e+00
8.639999999999998376e-03 6.977243000976972809e+00
9.119999999999999635e-03 6.624538022915126945e+00
9.599999999999999159e-03 3.955981724926225684e+00
1.007999999999999868e-02 -4.203429558058255466e+00
1.055999999999999994e-02 -1.468022863292539171e+01
1.103999999999999947e-02 -1.572566436376358823e+01
1.151999999999999899e-02 -1.587995901590812409e+01
1.199999999999999852e-02 -1.617672360959392108e+01
1.247999999999999804e-02 -1.678723559290449785e+01
1.295999999999999930e-02 -1.695131380932390996e+01
1.343999999999999882e-02 -1.703533905911302426e+01
1.391999999999999835e-02 -1.706463399042263518e+01
1.439999999999999961e-02 -1.734477928634735733e+01
1.487999999999999913e-02 -1.794721493781441168e+01
1.535999999999999865e-02 -1.816137336271178171e+01
1.583999999999999991e-02 -1.845724879806926211e+01
1.631999999999999770e-02 -1.883598181013719852e+01
1.679999999999999896e-02 -1.894671213786951824e+01
1.727999999999999675e-02 -1.938437871339549901e+01
1.775999999999999801e-02 -2.017106087578784823e+01
1.823999999999999927e-02 -2.057616918912754755e+01
1.871999999999999706e-02 -2.088273605475588113e+01
1.919999999999999832e-02 -2.105810615330049629e+01
1.967999999999999958e-02 -2.136814429073358923e+01
2.015999999999999737e-02 -2.166461427128343686e+01
2.063999999999999863e-02 -2.212604103874560479e+01
2.111999999999999988e-02 -2.287968440310770646e+01
2.159999999999999767e-02 -2.301806765719185321e+01
2.207999999999999893e-02 -2.308031502137789914e+01
2.255999999999999672e-02 -2.359649657543595680e+01
2.303999999999999798e-02 -2.395993183233514401e+01
2.351999999999999924e-02 -2.457490166298691037e+01
2.399999999999999703e-02 -2.507867205645256092e+01
2.447999999999999829e-02 -2.567055298516211792e+01
2.495999999999999608e-02 -2.607259028890849351e+01
2.543999999999999734e-02 -2.653925067210149535e+01
2.591999999999999860e-02 -2.718181299815394780e+01
2.639999999999999639e-02 -2.785347443664879563e+01
2.687999999999999765e-02 -2.832990933934195965e+01
2.735999999999999890e-02 -2.896998875252042183e+01
2.783999999999999669e-02 -2.943228149238022695e+01
2.831999999999999795e-02 -2.979692998334310516e+01
2.879999999999999921e-02 -3.020454045379228702e+01
2.927999999999999700e-02 -3.032351716106470363e+01
2.975999999999999826e-02 -3.077839433799783109e+01
3.023999999999999605e-02 -3.098865577151375916e+01
3.071999999999999731e-02 -3.115039887108690309e+01
3.119999999999999857e-02 -3.139909577701999766e+01
3.167999999999999983e-02 -3.159918115469810473e+01
3.215999999999999415e-02 -3.185222374248793642e+01
3.263999999999999541e-02 -3.186968747936447599e+01
3.311999999999999666e-02 -3.215637164382179947e+01
3.359999999999999792e-02 -3.273705678781649908e+01
3.407999999999999918e-02 -3.294974337918382190e+01
3.455999999999999350e-02 -3.320012526759678195e+01
3.503999999999999476e-02 -3.326480519261421165e+01
3.551999999999999602e-02 -3.338288354472764752e+01
3.599999999999999728e-02 -3.374871387285673308e+01
3.647999999999999854e-02 -3.391852694430784965e+01
3.695999999999999980e-02 -3.437456110931528741e+01
3.743999999999999412e-02 -3.458060430729297963e+01
3.791999999999999538e-02 -3.485889456883844417e+01
3.839999999999999664e-02 -3.536409424475364460e+01
3.887999999999999790e-02 -3.557423859976636038e+01
3.935999999999999915e-02 -3.593611223190102777e+01
3.983999999999999347e-02 -3.642063284923048627e+01
4.031999999999999473e-02 -3.634580876900793101e+01
4.079999999999999599e-02 -3.652865869290737066e+01
4.127999999999999725e-02 -3.687562523797893022e+01
4.175999999999999851e-02 -3.685817674247726927e+01
4.223999999999999977e-02 -3.694676501508693889e+01
4.271999999999999409e-02 -3.732016684830078646e+01
4.319999999999999535e-02 -3.764898722368965878e+01
4.367999999999999661e-02 -3.793515558162130930e+01
4.415999999999999787e-02 -3.802164548088293827e+01
4.463999999999999913e-02 -3.835907475033117464e+01
4.511999999999999345e-02 -3.876009432128890353e+01
4.559999999999999470e-02 -3.940146401804826581e+01
4.607999999999999596e-02 -3.939416551067204608e+01
4.655999999999999722e-02 -3.929852340484553963e+01
4.703999999999999848e-02 -3.962791248673678979e+01
4.751999999999999280e-02 -4.010724961376848086e+01
4.799999999999999406e-02 -4.001071556691449160e+01
4.847999999999999532e-02 -4.019799163500544381e+01
4.895999999999999658e-02 -4.074255309539901759e+01
4.943999999999999784e-02 -4.114772160385165733e+01
4.991999999999999216e-02 -4.153066393424079905e+01
5.039999999999999342e-02 -4.168002001860094197e+01
5.087999999999999468e-02 -4.170444834485049057e+01
5.135999999999999593e-02 -4.189444426259966292e+01
5.183999999999999719e-02 -4.223248118546580088e+01
5.231999999999999845e-02 -4.267292505989586004e+01
5.279999999999999277e-02 -4.266580136062962936e+01
5.327999999999999403e-02 -4.271223169932434871e+01
5.375999999999999529e-02 -4.286551618957260956e+01
5.423999999999999655e-02 -4.314257669185313659e+01
5.471999999999999781e-02 -4.357132954854075990e+01
5.519999999999999213e-02 -4.401529714640439295e+01
5.567999999999999339e-02 -4.443935860863612675e+01
5.615999999999999465e-02 -4.458709368387764016e+01
5.663999999999999591e-02 -4.454881251734395420e+01
5.711999999999999716e-02 -4.485483612886543625e+01
5.759999999999999842e-02 -4.534983954997183275e+01
5.807999999999999274e-02 -4.557195452118573087e+01
5.855999999999999400e-02 -4.580864015254387311e+01
5.903999999999999526e-02 -4.600391140135957357e+01
5.951999999999999652e-02 -4.613066560689706108e+01
5.999999999999999778e-02 -4.616217213840494082e+01
6.047999999999999210e-02 -4.649467628830223731e+01
6.095999999999999336e-02 -4.701486868529312346e+01
6.143999999999999462e-02 -4.734481746065941365e+01
6.191999999999999588e-02 -4.754575384177084629e+01
6.239999999999999714e-02 -4.768877791278001155e+01
6.287999999999999146e-02 -4.811242173038991865e+01
6.335999999999999965e-02 -4.828306353839867171e+01
6.383999999999999397e-02 -4.839304172550909300e+01
6.431999999999998829e-02 -4.845454270049464185e+01
6.479999999999999649e-02 -4.859126372186588583e+01
6.527999999999999081e-02 -4.886495879545523735e+01
6.575999999999999901e-02 -4.933132877433000374e+01
6.623999999999999333e-02 -4.967124889958426337e+01
6.671999999999998765e-02 -4.972948978733431602e+01
6.719999999999999585e-02 -4.984135510483034182e+01
6.767999999999999017e-02 -5.016160317443464578e+01
6.815999999999999837e-02 -5.006269695534350461e+01
6.863999999999999269e-02 -5.004959183701535608e+01
6.911999999999998701e-02 -5.046793977252099950e+01
6.959999999999999520e-02 -5.063283071289327353e+01
7.007999999999998952e-02 -5.093116141732753022e+01
7.055999999999999772e-02 -5.154310188798517345e+01
7.103999999999999204e-02 -5.137952932033421405e+01
7.152000000000000024e-02 -5.140049606974838525e+01
7.199999999999999456e-02 -5.196806739616668125e+01
7.247999999999998888e-02 -5.222287584505088631e+01
7.295999999999999708e-02 -5.230903619953696904e+01
7.343999999999999140e-02 -5.219907951244499600e+01
7.391999999999999960e-02 -5.251723973420688907e+01
7.439999999999999392e-02 -5.265170735433115823e+01
7.487999999999998824e-02 -5.252340693685347617e+01
7.535999999999999643e-02 -5.303398779154552756e+01
7.583999999999999075e-02 -5.339827277492722146e+01
7.631999999999999895e-02 -5.376038361075622873e+01
7.679999999999999327e-02 -5.418756134891499698e+01
7.727999999999998759e-02 -5.435794934193125272e+01
7.775999999999999579e-02 -5.414530734775954812e+01
7.823999999999999011e-02 -5.419753072598268062e+01
7.871999999999999831e-02 -5.440466404308437376e+01
7.919999999999999263e-02 -5.423182204900921022e+01
7.967999999999998695e-02 -5.427222320503707920e+01
8.015999999999999515e-02 -5.458904892331266012e+01
8.063999999999998947e-02 -5.459644254891099280e+01
8.111999999999999766e-02 -5.529626771644308292e+01
8.159999999999999198e-02 -5.528203021938807638e+01
8.207999999999998630e-02 -5.491510013720414918e+01
8.255999999999999450e-02 -5.500572409697994658e+01
8.303999999999998882e-02 -5.520604594810720300e+01
8.351999999999999702e-02 -5.537632043739265697e+01
8.399999999999999134e-02 -5.538701444621335668e+01
8.447999999999999954e-02 -5.552723346929292347e+01
8.495999999999999386e-02 -5.584500156507203172e+01
8.543999999999998818e-02 -5.599073819067407953e+01
8.591999999999999638e-02 -5.584280780122141152e+01
8.639999999999999070e-02 -5.594976056200444248e+01
8.687999999999999889e-02 -5.610131646680415685e+01
8.735999999999999321e-02 -5.624883213051734288e+01
8.783999999999998753e-02 -5.645762483214028293e+01
8.831999999999999573e-02 -5.662811970403077311e+01
8.879999999999999005e-02 -5.673508079477482369e+01
8.927999999999999825e-02 -5.687730213892449171e+01
8.975999999999999257e-02 -5.702097720906535727e+01
9.023999999999998689e-02 -5.708431580776324665e+01
9.071999999999999509e-02 -5.694900414391646137e+01
9.119999999999998941e-02 -5.717686945003444521e+01
9.167999999999999761e-02 -5.753045073954691446e+01
9.215999999999999193e-02 -5.770688974426893481e+01
9.263999999999998625e-02 -5.797037211738409468e+01
9.311999999999999444e-02 -5.798573585204843539e+01
9.359999999999998876e-02 -5.776811378442633327e+01
9.407999999999999696e-02 -5.786286611326001861e+01
9.455999999999999128e-02 -5.760996591254740906e+01
9.503999999999998560e-02 -5.784852484602430422e+01
9.551999999999999380e-02 -5.801067406391813108e+01
9.599999999999998812e-02 -5.806140906386241340e+01
9.647999999999999632e-02 -5.809972738177169305e+01
9.695999999999999064e-02 -5.826607356719458153e+01
9.743999999999998496e-02 -5.818277177319883720e+01
9.791999999999999316e-02 -5.778825479077370630e+01
9.839999999999998748e-02 -5.780603467251004446e+01
9.887999999999999567e-02 -5.813354900906502820e+01
9.935999999999998999e-02 -5.856580309253550354e+01
9.983999999999998431e-02 -5.889254005901382527e+01
1.003199999999999925e-01 -5.886073137128270361e+01
1.007999999999999868e-01 -5.888993246332513820e+01
1.012799999999999950e-01 -5.921022027798687759e+01
1.017599999999999894e-01 -5.976868647874766793e+01
1.022399999999999975e-01 -5.994396261886431887e+01
1.027199999999999919e-01 -5.987383222994612453e+01
1.031999999999999862e-01 -6.004634278806555159e+01
1.036799999999999944e-01 -6.067251554947009851e+01
1.041599999999999887e-01 -6.115245822936257980e+01
1.046399999999999969e-01 -6.156197886109357853e+01
1.051199999999999912e-01 -6.248289761882390536e+01
1.055999999999999855e-01 -6.335524776310506212e+01
1.060799999999999937e-01 -6.371567324926375164e+01
1.065599999999999881e-01 -6.418964044590558160e+01
1.070399999999999963e-01 -6.505086904690617189e+01
1.075199999999999906e-01 -6.626302191149403598e+01
1.079999999999999849e-01 -6.740794305873104975e+01
1.084799999999999931e-01 -6.819711664374354143e+01
1.089599999999999874e-01 -6.916144095522734858e+01
1.094399999999999956e-01 -7.044502099643113979e+01
1.099199999999999899e-01 -7.199732237345725139e+01
1.103999999999999843e-01 -7.361615349926039187e+01
1.108799999999999925e-01 -7.497160637813915685e+01
1.113599999999999868e-01 -7.628854303899261424e+01
1.118399999999999950e-01 -7.766246576951762393e+01
1.123199999999999893e-01 -7.885447384225645351e+01
1.127999999999999836e-01 -7.992712041497125597e+01
1.132799999999999918e-01 -8.052423756273329047e+01
1.137599999999999861e-01 -8.064057029454332337e+01
1.142399999999999943e-01 -8.089610951853556742e+01
1.147199999999999886e-01 -8.133247513634347570e+01
1.151999999999999968e-01 -8.119184374079321742e+01
1.156799999999999912e-01 -8.116725405236090296e+01
1.161599999999999855e-01 -8.137489346762632181e+01
1.166399999999999937e-01 -8.130213756344332410e+01
1.171199999999999880e-01 -8.127989964157778502e+01
1.175999999999999962e-01 -8.134037636974642282e+01
1.180799999999999905e-01 -8.145270743977442862e+01
1.185599999999999848e-01 -8.143239149677783928e+01
1.190399999999999930e-01 -8.127187153440604561e+01
1.195199999999999874e-01 -8.129851558959791191e+01
1.199999999999999956e-01 -8.152878157045850571e+01
1.204799999999999899e-01 -8.168451004506194124e+01
1.209599999999999842e-01 -8.136566064044480129e+01
1.214399999999999924e-01 -8.112513846999618750e+01
1.219199999999999867e-01 -8.145649431718689470e+01
1.223999999999999949e-01 -8.055689254651102260e+01
