-1.228799999999999955e+02 -1.018505968737557197e+02
-1.223999999999999915e+02 -1.040515589884330296e+02
-1.219200000000000017e+02 -1.057813653388069355e+02
-1.214399999999999977e+02 -1.059298711979417931e+02
-1.209599999999999937e+02 -1.060082573470065768e+02
-1.204799999999999898e+02 -1.058360079912647507e+02
-1.200000000000000000e+02 -1.056039902480066814e+02
-1.195199999999999960e+02 -1.057114114635999869e+02
-1.190399999999999920e+02 -1.059608551732483051e+02
-1.185600000000000023e+02 -1.060395264692510580e+02
-1.180799999999999983e+02 -1.058682008977945372e+02
-1.175999999999999943e+02 -1.057854484678581031e+02
-1.171199999999999903e+02 -1.058680787199303097e+02
-1.166400000000000006e+02 -1.058506545658425324e+02
-1.161599999999999966e+02 -1.057153190995585135e+02
-1.156799999999999926e+02 -1.057125508658421325e+02
-1.151999999999999886e+02 -1.058136459599840293e+02
-1.147199999999999989e+02 -1.058504857118104638e+02
-1.142399999999999949e+02 -1.056813477096630862e+02
-1.137599999999999909e+02 -1.056400998797612090e+02
-1.132800000000000011e+02 -1.049472354628570514e+02
-1.127999999999999972e+02 -1.044441799749909592e+02
-1.123199999999999932e+02 -1.034305516389636921e+02
-1.118399999999999892e+02 -1.021620880360250396e+02
-1.113599999999999994e+02 -1.007552198464843514e+02
-1.108799999999999955e+02 -9.950856240657975604e+01
-1.103999999999999915e+02 -9.790548229960408833e+01
-1.099200000000000017e+02 -9.604037060114893620e+01
-1.094399999999999977e+02 -9.461406067790944974e+01
-1.089599999999999937e+02 -9.383869357159120739e+01
-1.084799999999999898e+02 -9.259378353149728014e+01
-1.080000000000000000e+02 -9.126152695220940814e+01
-1.075199999999999960e+02 -9.015708651935945284e+01
-1.070399999999999920e+02 -8.905947644091224902e+01
-1.065600000000000023e+02 -8.813906501601979926e+01
-1.060799999999999983e+02 -8.736358718894729236e+01
-1.055999999999999943e+02 -8.668463911718113479e+01
-1.051199999999999903e+02 -8.613731813600034570e+01
-1.046400000000000006e+02 -8.548683622908586699e+01
-1.041599999999999966e+02 -8.496723556377277475e+01
-1.036799999999999926e+02 -8.428606612545287646e+01
-1.032000000000000028e+02 -8.365158785909586925e+01
-1.027199999999999989e+02 -8.336054612863472357e+01
-1.022399999999999949e+02 -8.323480296744259022e+01
-1.017599999999999909e+02 -8.310444011598875136e+01
-1.012800000000000011e+02 -8.263861150312527570e+01
-1.007999999999999972e+02 -8.235151715781718451e+01
-1.003199999999999932e+02 -8.237259211928700608e+01
-9.984000000000000341e+01 -8.208952383672455255e+01
-9.935999999999999943e+01 -8.234265434934683014e+01
-9.887999999999999545e+01 -8.234274458947732001e+01
-9.839999999999999147e+01 -8.214929503651549680e+01
-9.792000000000000171e+01 -8.213782347883643808e+01
-9.743999999999999773e+01 -8.169568677737588303e+01
-9.695999999999999375e+01 -8.147884608042002696e+01
-9.647999999999998977e+01 -8.121051099819077024e+01
-9.600000000000000000e+01 -8.106585103854359886e+01
-9.551999999999999602e+01 -8.122199631542653719e+01
-9.503999999999999204e+01 -8.140241667275978443e+01
-9.456000000000000227e+01 -8.136221872787982079e+01
-9.407999999999999829e+01 -8.104270091668554699e+01
-9.359999999999999432e+01 -8.068909587290775676e+01
-9.311999999999999034e+01 -8.061823252101808635e+01
-9.264000000000000057e+01 -8.051440232654897500e+01
-9.215999999999999659e+01 -8.048237977726105896e+01
-9.167999999999999261e+01 -8.026956698022630121e+01
-9.120000000000000284e+01 -7.971363595595316553e+01
-9.071999999999999886e+01 -7.965486435860286463e+01
-9.023999999999999488e+01 -7.980847122752120981e+01
-8.975999999999999091e+01 -7.986700122396607071e+01
-8.928000000000000114e+01 -7.977781087997253451e+01
-8.879999999999999716e+01 -7.985839781999824538e+01
-8.831999999999999318e+01 -7.970855003273082673e+01
-8.784000000000000341e+01 -7.927208900239496359e+01
-8.735999999999999943e+01 -7.910368051902803188e+01
-8.687999999999999545e+01 -7.900148820625346957e+01
-8.639999999999999147e+01 -7.865968380388453340e+01
-8.592000000000000171e+01 -7.886176647724664690e+01
-8.543999999999999773e+01 -7.876502604541337860e+01
-8.495999999999999375e+01 -7.859345409546281758e+01
-8.447999999999998977e+01 -7.833328073676895542e+01
-8.400000000000000000e+01 -7.824332450234817316e+01
-8.351999999999999602e+01 -7.834334126817866206e+01
-8.303999999999999204e+01 -7.838064555835329372e+01
-8.256000000000000227e+01 -7.818587709539399100e+01
-8.207999999999999829e+01 -7.805425017572983393e+01
-8.159999999999999432e+01 -7.810758693755701643e+01
-8.111999999999999034e+01 -7.802883124864482056e+01
-8.064000000000000057e+01 -7.783740538397201192e+01
-8.015999999999999659e+01 -7.770111823193826694e+01
-7.967999999999999261e+01 -7.750514406272110079e+01
-7.920000000000000284e+01 -7.734928877548071569e+01
-7.871999999999999886e+01 -7.727135534327338462e+01
-7.823999999999999488e+01 -7.724971184530392065e+01
-7.775999999999999091e+01 -7.714920584186748442e+01
-7.728000000000000114e+01 -7.723729648532248859e+01
-7.679999999999999716e+01 -7.719595045559655944e+01
-7.631999999999999318e+01 -7.687727554729075052e+01
-7.584000000000000341e+01 -7.682867161847428861e+01
-7.535999999999999943e+01 -7.694499796044645734e+01
-7.487999999999999545e+01 -7.678544515147487459e+01
-7.439999999999999147e+01 -7.658690948715796765e+01
-7.392000000000000171e+01 -7.644893764621062360e+01
-7.343999999999999773e+01 -7.640039098042781518e+01
-7.295999999999999375e+01 -7.628462315581319331e+01
-7.248000000000000398e+01 -7.606094352301489891e+01
-7.200000000000000000e+01 -7.600153371551965620e+01
-7.151999999999999602e+01 -7.606836663935534659e+01
-7.103999999999999204e+01 -7.597410357302395312e+01
-7.056000000000000227e+01 -7.547235670997108059e+01
-7.007999999999999829e+01 -7.519288251755911290e+01
-6.959999999999999432e+01 -7.519128845883771817e+01
-6.912000000000000455e+01 -7.530118043427945906e+01
-6.864000000000000057e+01 -7.502876001636241199e+01
-6.815999999999999659e+01 -7.456838020612524076e+01
-6.767999999999999261e+01 -7.468216816302243899e+01
-6.720000000000000284e+01 -7.469580713911764747e+01
-6.671999999999999886e+01 -7.461668310808468618e+01
-6.623999999999999488e+01 -7.465738241379793294e+01
-6.575999999999999091e+01 -7.426722667944527245e+01
-6.528000000000000114e+01 -7.424602056533859695e+01
-6.479999999999999716e+01 -7.413903809843931469e+01
-6.431999999999999318e+01 -7.382010575203365477e+01
-6.383999999999999631e+01 -7.333921512989394387e+01
-6.335999999999999943e+01 -7.314300940624761438e+01
-6.287999999999999545e+01 -7.299111678729120456e+01
-6.239999999999999858e+01 -7.302857072723753618e+01
-6.191999999999999460e+01 -7.311596850237472722e+01
-6.143999999999999773e+01 -7.269450722862843861e+01
-6.096000000000000085e+01 -7.235305325174118707e+01
-6.047999999999999687e+01 -7.228834647085858478e+01
-6.000000000000000000e+01 -7.225867466969695840e+01
-5.951999999999999602e+01 -7.168046262691733261e+01
-5.903999999999999915e+01 -7.155868505114754896e+01
-5.855999999999999517e+01 -7.149491022007778440e+01
-5.807999999999999829e+01 -7.110054613227633524e+01
-5.759999999999999432e+01 -7.117739744016664361e+01
-5.711999999999999744e+01 -7.078982112776779445e+01
-5.664000000000000057e+01 -7.060299961907779220e+01
-5.615999999999999659e+01 -7.056133748896291991e+01
-5.567999999999999972e+01 -7.028278504210715028e+01
-5.519999999999999574e+01 -6.986311511015196629e+01
-5.471999999999999886e+01 -6.968895132302509410e+01
-5.423999999999999488e+01 -6.953176731615636186e+01
-5.375999999999999801e+01 -6.913269326618599564e+01
-5.328000000000000114e+01 -6.884237513395451913e+01
-5.279999999999999716e+01 -6.857657102659294424e+01
-5.232000000000000028e+01 -6.837742896409987736e+01
-5.183999999999999631e+01 -6.834644830401713023e+01
-5.135999999999999943e+01 -6.825789213676574718e+01
-5.087999999999999545e+01 -6.797362065820165355e+01
-5.039999999999999858e+01 -6.746961785477833473e+01
-4.992000000000000171e+01 -6.720699028311560141e+01
-4.943999999999999773e+01 -6.669300441851223127e+01
-4.896000000000000085e+01 -6.626224012941119668e+01
-4.847999999999999687e+01 -6.623185638692012844e+01
-4.800000000000000000e+01 -6.617254494763857053e+01
-4.751999999999999602e+01 -6.582450768679062492e+01
-4.703999999999999915e+01 -6.556468664408440361e+01
-4.655999999999999517e+01 -6.552136706411936018e+01
-4.607999999999999829e+01 -6.535369769132273632e+01
-4.560000000000000142e+01 -6.512315929510066326e+01
-4.511999999999999744e+01 -6.478049182749545309e+01
-4.464000000000000057e+01 -6.433915831809076735e+01
-4.415999999999999659e+01 -6.418638533601212259e+01
-4.367999999999999972e+01 -6.381549257140089537e+01
-4.319999999999999574e+01 -6.330266312686895702e+01
-4.271999999999999886e+01 -6.294093139957332994e+01
-4.223999999999999488e+01 -6.261530435720963084e+01
-4.175999999999999801e+01 -6.211979378656393891e+01
-4.128000000000000114e+01 -6.165702551980722745e+01
-4.079999999999999716e+01 -6.176279088820020746e+01
-4.032000000000000028e+01 -6.174856022629018781e+01
-3.983999999999999631e+01 -6.147336690777726886e+01
-3.935999999999999943e+01 -6.103837654351752917e+01
-3.887999999999999545e+01 -6.056066579915626136e+01
-3.839999999999999858e+01 -6.021550654786283019e+01
-3.792000000000000171e+01 -5.993702645257108230e+01
-3.743999999999999773e+01 -5.938383455416832390e+01
-3.696000000000000085e+01 -5.900705848015115862e+01
-3.647999999999999687e+01 -5.896605340896503833e+01
-3.600000000000000000e+01 -5.859716628260060389e+01
-3.551999999999999602e+01 -5.789097793501820632e+01
-3.503999999999999915e+01 -5.755215521992288075e+01
-3.456000000000000227e+01 -5.748349384525376848e+01
-3.407999999999999829e+01 -5.726116632160123743e+01
-3.360000000000000142e+01 -5.687646269385006548e+01
-3.311999999999999744e+01 -5.656093493995916788e+01
-3.264000000000000057e+01 -5.645942953840867062e+01
-3.215999999999999659e+01 -5.600706278740304356e+01
-3.167999999999999972e+01 -5.565636949618988183e+01
-3.119999999999999929e+01 -5.546246209714051645e+01
-3.071999999999999886e+01 -5.503865103210814169e+01
-3.023999999999999844e+01 -5.464069090116553440e+01
-2.975999999999999801e+01 -5.431363174872227262e+01
-2.927999999999999758e+01 -5.391556644150674771e+01
-2.879999999999999716e+01 -5.350653295749601313e+01
-2.832000000000000028e+01 -5.315775557409643426e+01
-2.783999999999999986e+01 -5.281593342969421911e+01
-2.735999999999999943e+01 -5.228210797238618568e+01
-2.687999999999999901e+01 -5.152191553813943159e+01
-2.639999999999999858e+01 -5.099021300912315979e+01
-2.591999999999999815e+01 -5.021097648397017110e+01
-2.543999999999999773e+01 -4.956128599482948260e+01
-2.496000000000000085e+01 -4.915148710463033410e+01
-2.448000000000000043e+01 -4.882877090692068833e+01
-2.400000000000000000e+01 -4.818626983746252535e+01
-2.351999999999999957e+01 -4.762213696213363789e+01
-2.303999999999999915e+01 -4.731490387693929733e+01
-2.255999999999999872e+01 -4.701487577598066281e+01
-2.207999999999999829e+01 -4.644782080619169307e+01
-2.159999999999999787e+01 -4.602063955301559872e+01
-2.111999999999999744e+01 -4.512789408380989897e+01
-2.064000000000000057e+01 -4.462010195763519960e+01
-2.016000000000000014e+01 -4.424733395646274658e+01
-1.967999999999999972e+01 -4.379478607453732764e+01
-1.919999999999999929e+01 -4.372730495712872312e+01
-1.871999999999999886e+01 -4.361907379210511237e+01
-1.823999999999999844e+01 -4.314905132129668175e+01
-1.775999999999999801e+01 -4.251297349913034651e+01
-1.728000000000000114e+01 -4.234302175908393195e+01
-1.680000000000000071e+01 -4.229925586708445451e+01
-1.632000000000000028e+01 -4.198474802331976719e+01
-1.583999999999999986e+01 -4.164534432557474730e+01
-1.535999999999999943e+01 -4.133495930826370568e+01
-1.487999999999999901e+01 -4.119447456733151824e+01
-1.439999999999999858e+01 -4.082414298356538751e+01
-1.391999999999999993e+01 -4.029914183295508678e+01
-1.343999999999999950e+01 -4.025715678899974392e+01
-1.295999999999999908e+01 -3.999391730075456763e+01
-1.248000000000000043e+01 -3.946854979010726794e+01
-1.200000000000000000e+01 -3.940125369586986182e+01
-1.151999999999999957e+01 -3.927302149781503005e+01
-1.103999999999999915e+01 -3.901580034298998356e+01
-1.055999999999999872e+01 -3.873376040558709832e+01
-1.008000000000000007e+01 -3.304161306182574265e+01
-9.599999999999999645e+00 -2.576561185658945874e+01
-9.119999999999999218e+00 -2.320742324611022056e+01
-8.640000000000000568e+00 -2.301116418534702035e+01
-8.160000000000000142e+00 -2.302831078500206985e+01
-7.679999999999999716e+00 -2.287083697162658780e+01
-7.199999999999999289e+00 -2.278481905832808252e+01
-6.719999999999999751e+00 -2.297350638981640714e+01
-6.240000000000000213e+00 -2.294801138357539827e+01
-5.759999999999999787e+00 -2.278286411160397051e+01
-5.279999999999999361e+00 -2.278009659366924566e+01
-4.799999999999999822e+00 -2.275751982592058553e+01
-4.320000000000000284e+00 -2.289602432345799343e+01
-3.839999999999999858e+00 -2.301019135385427461e+01
-3.359999999999999876e+00 -2.305167769213961293e+01
-2.879999999999999893e+00 -2.305705055364809297e+01
-2.399999999999999911e+00 -2.298498413413610919e+01
-1.919999999999999929e+00 -2.311530711072527922e+01
-1.439999999999999947e+00 -2.305104477356675474e+01
-9.599999999999999645e-01 -2.295677013687377865e+01
-4.799999999999999822e-01 -2.308875987239240501e+01
0.000000000000000000e+00 -2.312070442659630487e+01
4.799999999999999822e-01 -2.286231294196748820e+01
9.599999999999999645e-01 -2.249857325551074894e+01
1.439999999999999947e+00 -2.288921307123402826e+01
1.919999999999999929e+00 -2.328831763787831477e+01
2.399999999999999911e+00 -2.306033470767619775e+01
2.879999999999999893e+00 -2.284453934943977771e+01
3.359999999999999876e+00 -2.267896668056305742e+01
3.839999999999999858e+00 -2.293013081889852600e+01
4.320000000000000284e+00 -2.327280158466988524e+01
4.799999999999999822e+00 -2.323683784888251225e+01
5.279999999999999361e+00 -2.306053239305168745e+01
5.759999999999999787e+00 -2.310759078618163187e+01
6.240000000000000213e+00 -2.323651002067012783e+01
6.719999999999999751e+00 -2.319118305645290690e+01
7.199999999999999289e+00 -2.307268609034035833e+01
7.679999999999999716e+00 -2.324863640626858086e+01
8.160000000000000142e+00 -2.323478483802387728e+01
8.640000000000000568e+00 -2.321194746723011804e+01
9.119999999999999218e+00 -2.358568600750819400e+01
9.599999999999999645e+00 -2.615670261342567215e+01
1.008000000000000007e+01 -3.355814538785892154e+01
1.055999999999999872e+01 -3.965297797900122134e+01
1.103999999999999915e+01 -4.017511217540007351e+01
1.151999999999999957e+01 -4.028091300705759892e+01
1.200000000000000000e+01 -4.056030437215358120e+01
1.248000000000000043e+01 -4.116615345988061847e+01
1.295999999999999908e+01 -4.133213440229700097e+01
1.343999999999999950e+01 -4.141441220357744157e+01
1.391999999999999993e+01 -4.145383336181129863e+01
1.439999999999999858e+01 -4.173603865529234724e+01
1.487999999999999901e+01 -4.233144622319241535e+01
1.535999999999999943e+01 -4.254535796497518163e+01
1.583999999999999986e+01 -4.283806669607665185e+01
1.632000000000000028e+01 -4.321708860460033463e+01
1.680000000000000071e+01 -4.333430803957041633e+01
1.728000000000000114e+01 -4.377541275653322828e+01
1.775999999999999801e+01 -4.456298963361266630e+01
1.823999999999999844e+01 -4.496110219126498464e+01
1.871999999999999886e+01 -4.527349478763167667e+01
1.919999999999999929e+01 -4.545681812566250102e+01
1.967999999999999972e+01 -4.576772812972528470e+01
2.016000000000000014e+01 -4.607406927941281083e+01
2.064000000000000057e+01 -4.653800473928252757e+01
2.111999999999999744e+01 -4.728494175655119136e+01
2.159999999999999787e+01 -4.742369705362775534e+01
2.207999999999999829e+01 -4.748156295867032384e+01
2.255999999999999872e+01 -4.799321944572614029e+01
2.303999999999999915e+01 -4.836406039722102435e+01
2.351999999999999957e+01 -4.897955491308686504e+01
2.400000000000000000e+01 -4.948567640563852166e+01
2.448000000000000043e+01 -5.007943597662291779e+01
2.496000000000000085e+01 -5.048853226639160141e+01
2.543999999999999773e+01 -5.096160942552324968e+01
2.591999999999999815e+01 -5.160078146531950694e+01
2.639999999999999858e+01 -5.226540948605610737e+01
2.687999999999999901e+01 -5.275537195551508773e+01
2.735999999999999943e+01 -5.341236805728983228e+01
2.783999999999999986e+01 -5.388475924502905201e+01
2.832000000000000028e+01 -5.425011487244594832e+01
2.879999999999999716e+01 -5.465216883821834415e+01
2.927999999999999758e+01 -5.477710088421992651e+01
2.975999999999999801e+01 -5.523767107335852700e+01
3.023999999999999844e+01 -5.543621525791998295e+01
3.071999999999999886e+01 -5.558608563864645902e+01
3.119999999999999929e+01 -5.583905724924483849e+01
3.167999999999999972e+01 -5.603476550150021041e+01
3.215999999999999659e+01 -5.627746552350533449e+01
3.264000000000000057e+01 -5.629793515501964407e+01
3.311999999999999744e+01 -5.659005114545608706e+01
3.360000000000000142e+01 -5.715172538275226088e+01
3.407999999999999829e+01 -5.736072780340123245e+01
3.456000000000000227e+01 -5.764734246429027564e+01
3.503999999999999915e+01 -5.769143655135729887e+01
3.551999999999999602e+01 -5.779439020237283842e+01
3.600000000000000000e+01 -5.817108720130164556e+01
3.647999999999999687e+01 -5.833948079622037142e+01
3.696000000000000085e+01 -5.878771077911545717e+01
3.743999999999999773e+01 -5.900373876367353176e+01
3.792000000000000171e+01 -5.929056987753465080e+01
3.839999999999999858e+01 -5.977141986949378349e+01
3.887999999999999545e+01 -5.998964721651074683e+01
3.935999999999999943e+01 -6.035848648627566604e+01
3.983999999999999631e+01 -6.084831704200200875e+01
4.032000000000000028e+01 -6.077356886643167400e+01
4.079999999999999716e+01 -6.094151404511961090e+01
4.128000000000000114e+01 -6.129551300427553429e+01
4.175999999999999801e+01 -6.125260232415709538e+01
4.223999999999999488e+01 -6.133183006088850675e+01
4.271999999999999886e+01 -6.171160930928432720e+01
4.319999999999999574e+01 -6.202839914733019810e+01
4.367999999999999972e+01 -6.229436857940892480e+01
4.415999999999999659e+01 -6.237032780084818739e+01
4.464000000000000057e+01 -6.271074857032129302e+01
4.511999999999999744e+01 -6.310966341886621933e+01
4.560000000000000142e+01 -6.372026240326788837e+01
4.607999999999999829e+01 -6.372838453501270095e+01
4.655999999999999517e+01 -6.366164303251626677e+01
4.703999999999999915e+01 -6.397676397881498644e+01
4.751999999999999602e+01 -6.444847853862312093e+01
4.800000000000000000e+01 -6.437557443031575133e+01
4.847999999999999687e+01 -6.453930663002601875e+01
4.896000000000000085e+01 -6.505096082072826391e+01
4.943999999999999773e+01 -6.547602097157457024e+01
4.992000000000000171e+01 -6.585516314388475223e+01
5.039999999999999858e+01 -6.599327273608270161e+01
5.087999999999999545e+01 -6.603104893511640228e+01
5.135999999999999943e+01 -6.623564293330443320e+01
5.183999999999999631e+01 -6.657962359413031095e+01
5.232000000000000028e+01 -6.697161408705122199e+01
5.279999999999999716e+01 -6.696623828952883173e+01
5.328000000000000114e+01 -6.700290109598445554e+01
5.375999999999999801e+01 -6.715804779269979008e+01
5.423999999999999488e+01 -6.747512881204302460e+01
5.471999999999999886e+01 -6.793306210576533033e+01
5.519999999999999574e+01 -6.835953849620950962e+01
5.567999999999999972e+01 -6.872335636414968008e+01
5.615999999999999659e+01 -6.887209581020574944e+01
5.664000000000000057e+01 -6.885498867699725167e+01
5.711999999999999744e+01 -6.914180217456031130e+01
5.759999999999999432e+01 -6.963972018209032910e+01
5.807999999999999829e+01 -6.984378728345389220e+01
5.855999999999999517e+01 -7.006189655354970114e+01
5.903999999999999915e+01 -7.025224068781022879e+01
5.951999999999999602e+01 -7.042309596167325481e+01
6.000000000000000000e+01 -7.049916367528309991e+01
6.047999999999999687e+01 -7.075425209437055685e+01
6.096000000000000085e+01 -7.127142247564054856e+01
6.143999999999999773e+01 -7.166508473735603957e+01
6.191999999999999460e+01 -7.189619972076354770e+01
6.239999999999999858e+01 -7.201562168862844260e+01
6.287999999999999545e+01 -7.240033573002232004e+01
6.335999999999999943e+01 -7.257932304831939518e+01
6.383999999999999631e+01 -7.264120040189732208e+01
6.431999999999999318e+01 -7.272422700260358397e+01
6.479999999999999716e+01 -7.285963826833450696e+01
6.528000000000000114e+01 -7.320920340400041937e+01
6.575999999999999091e+01 -7.361855465088234496e+01
6.623999999999999488e+01 -7.387948589335684346e+01
6.671999999999999886e+01 -7.401065433516318137e+01
6.720000000000000284e+01 -7.412099020443521624e+01
6.767999999999999261e+01 -7.438350498188317772e+01
6.815999999999999659e+01 -7.428784951717368301e+01
6.864000000000000057e+01 -7.427381371615658168e+01
6.912000000000000455e+01 -7.473284695927770827e+01
6.959999999999999432e+01 -7.495316743015324334e+01
7.007999999999999829e+01 -7.522765597162829465e+01
7.056000000000000227e+01 -7.580191215402064131e+01
7.103999999999999204e+01 -7.576627732500361390e+01
7.151999999999999602e+01 -7.574218243027897302e+01
7.200000000000000000e+01 -7.625655874711911508e+01
7.248000000000000398e+01 -7.654294053076279170e+01
7.295999999999999375e+01 -7.658585174856024480e+01
7.343999999999999773e+01 -7.650239505232734416e+01
7.392000000000000171e+01 -7.683423657684356556e+01
7.439999999999999147e+01 -7.702451828450318772e+01
7.487999999999999545e+01 -7.676976996803368536e+01
7.535999999999999943e+01 -7.729900386187543404e+01
7.584000000000000341e+01 -7.783131650956451608e+01
7.631999999999999318e+01 -7.821597757655089822e+01
7.679999999999999716e+01 -7.844554935843255805e+01
7.728000000000000114e+01 -7.854556882808262230e+01
7.775999999999999091e+01 -7.846247245190632214e+01
7.823999999999999488e+01 -7.855510094641849150e+01
7.871999999999999886e+01 -7.868927198512830046e+01
7.920000000000000284e+01 -7.847773816661104718e+01
7.967999999999999261e+01 -7.857688660653819568e+01
8.015999999999999659e+01 -7.895887919718171588e+01
8.064000000000000057e+01 -7.896558483049112454e+01
8.111999999999999034e+01 -7.966821707292038468e+01
8.159999999999999432e+01 -7.975798497208674576e+01
8.207999999999999829e+01 -7.938625914356178725e+01
8.256000000000000227e+01 -7.952709025372450924e+01
8.303999999999999204e+01 -7.975017964687067717e+01
8.351999999999999602e+01 -7.978876977816467786e+01
8.400000000000000000e+01 -7.993691710912656845e+01
8.447999999999998977e+01 -8.000208223610671610e+01
8.495999999999999375e+01 -8.014094975897953077e+01
8.543999999999999773e+01 -8.039695419805646281e+01
8.592000000000000171e+01 -8.032162593133867290e+01
8.639999999999999147e+01 -8.031338436354056398e+01
8.687999999999999545e+01 -8.054978162114846896e+01
8.735999999999999943e+01 -8.079712833881332301e+01
8.784000000000000341e+01 -8.118477776443415905e+01
8.831999999999999318e+01 -8.126864316916568498e+01
8.879999999999999716e+01 -8.124976362597477930e+01
8.928000000000000114e+01 -8.117415210564330152e+01
8.975999999999999091e+01 -8.146540113416561724e+01
9.023999999999999488e+01 -8.166442187775957962e+01
9.071999999999999886e+01 -8.143754976982324933e+01
9.120000000000000284e+01 -8.157823595647801085e+01
9.167999999999999261e+01 -8.194003706195351810e+01
9.215999999999999659e+01 -8.213174828671043315e+01
9.264000000000000057e+01 -8.233651485622709743e+01
9.311999999999999034e+01 -8.225705370536383043e+01
9.359999999999999432e+01 -8.205364574944053402e+01
9.407999999999999829e+01 -8.202891256260123498e+01
9.456000000000000227e+01 -8.199993110134259666e+01
9.503999999999999204e+01 -8.227386843698559460e+01
9.551999999999999602e+01 -8.241640203787008545e+01
9.600000000000000000e+01 -8.258823417275411316e+01
9.647999999999998977e+01 -8.245071273830497205e+01
9.695999999999999375e+01 -8.260618600467516615e+01
9.743999999999999773e+01 -8.269341168567865452e+01
9.792000000000000171e+01 -8.239022235871141220e+01
9.839999999999999147e+01 -8.231539035097100054e+01
9.887999999999999545e+01 -8.258554192900109570e+01
9.935999999999999943e+01 -8.308607594285653875e+01
9.984000000000000341e+01 -8.325642485897571987e+01
1.003199999999999932e+02 -8.298957048368583855e+01
1.007999999999999972e+02 -8.300932518194196064e+01
1.012800000000000011e+02 -8.350807855280672243e+01
1.017599999999999909e+02 -8.428134493900954283e+01
1.022399999999999949e+02 -8.431538705014327206e+01
1.027199999999999989e+02 -8.429289499806210983e+01
1.032000000000000028e+02 -8.470266366598401930e+01
1.036799999999999926e+02 -8.531518212424785474e+01
1.041599999999999966e+02 -8.567090173766375472e+01
1.046400000000000006e+02 -8.592922872320046679e+01
1.051199999999999903e+02 -8.677408360155867229e+01
1.055999999999999943e+02 -8.768298972634512722e+01
1.060799999999999983e+02 -8.802795475707911521e+01
1.065600000000000023e+02 -8.858033917556399217e+01
1.070399999999999920e+02 -8.949571276550042853e+01
1.075199999999999960e+02 -9.055584090135883457e+01
1.080000000000000000e+02 -9.160005819706277919e+01
1.084799999999999898e+02 -9.280888057376759548e+01
1.089599999999999937e+02 -9.402026046335987530e+01
1.094399999999999977e+02 -9.492808366451876623e+01
1.099200000000000017e+02 -9.630727099721261197e+01
1.103999999999999915e+02 -9.791416479871759293e+01
1.108799999999999955e+02 -9.952461733971902902e+01
1.113599999999999994e+02 -1.010411422458062560e+02
1.118399999999999892e+02 -1.022713584080007081e+02
1.123199999999999932e+02 -1.033386599219777082e+02
1.127999999999999972e+02 -1.042072645127522890e+02
1.132800000000000011e+02 -1.049833534072551515e+02
1.137599999999999909e+02 -1.052421899466083914e+02
1.142399999999999949e+02 -1.057396987847061780e+02
1.147199999999999989e+02 -1.058485146861369230e+02
1.151999999999999886e+02 -1.060331662349722706e+02
1.156799999999999926e+02 -1.061491720248968136e+02
1.161599999999999966e+02 -1.059603354142240335e+02
1.166400000000000006e+02 -1.058478840525881282e+02
1.171199999999999903e+02 -1.057144423284696444e+02
1.175999999999999943e+02 -1.055505423036314170e+02
1.180799999999999983e+02 -1.057046504320068152e+02
1.185600000000000023e+02 -1.059658586743413196e+02
1.190399999999999920e+02 -1.057671748670465490e+02
1.195199999999999960e+02 -1.057657122994785084e+02
1.200000000000000000e+02 -1.057722392662276434e+02
1.204799999999999898e+02 -1.058725874054080549e+02
1.209599999999999937e+02 -1.060160120792395588e+02
1.214399999999999977e+02 -1.057845419720876805e+02
1.219200000000000017e+02 -1.056114927651273518e+02
1.223999999999999915e+02 -1.041677757501908133e+02
