-1.228799999999999955e+02 -1.047407560691820265e+02
-1.223999999999999915e+02 -1.057697118030089882e+02
-1.219200000000000017e+02 -1.060599560258646363e+02
-1.214399999999999977e+02 -1.059984356453968246e+02
-1.209599999999999937e+02 -1.061948970198966435e+02
-1.204799999999999898e+02 -1.061180362014678877e+02
-1.200000000000000000e+02 -1.060637784743221061e+02
-1.195199999999999960e+02 -1.060613563052769166e+02
-1.190399999999999920e+02 -1.058778020249715013e+02
-1.185600000000000023e+02 -1.059091751508849200e+02
-1.180799999999999983e+02 -1.059035714949767879e+02
-1.175999999999999943e+02 -1.056826338719491929e+02
-1.171199999999999903e+02 -1.057933716965137023e+02
-1.166400000000000006e+02 -1.058822452814775090e+02
-1.161599999999999966e+02 -1.059083580696629667e+02
-1.156799999999999926e+02 -1.061078628306684379e+02
-1.151999999999999886e+02 -1.061428627090303110e+02
-1.147199999999999989e+02 -1.060573620751136730e+02
-1.142399999999999949e+02 -1.058529331689972253e+02
-1.137599999999999909e+02 -1.052799417074769082e+02
-1.132800000000000011e+02 -1.045656470711294759e+02
-1.127999999999999972e+02 -1.041341601835765402e+02
-1.123199999999999932e+02 -1.035052966541717296e+02
-1.118399999999999892e+02 -1.023822237331208669e+02
-1.113599999999999994e+02 -1.007625987951067401e+02
-1.108799999999999955e+02 -9.899031646022135078e+01
-1.103999999999999915e+02 -9.743256888418444817e+01
-1.099200000000000017e+02 -9.606985874676203707e+01
-1.094399999999999977e+02 -9.477505829198689469e+01
-1.089599999999999937e+02 -9.362068974494695794e+01
-1.084799999999999898e+02 -9.226795456068754220e+01
-1.080000000000000000e+02 -9.096919732356462873e+01
-1.075199999999999960e+02 -9.012771001806726190e+01
-1.070399999999999920e+02 -8.923158593720688714e+01
-1.065600000000000023e+02 -8.831105090128983193e+01
-1.060799999999999983e+02 -8.748655406957840341e+01
-1.055999999999999943e+02 -8.658427811088623116e+01
-1.051199999999999903e+02 -8.600743547389107846e+01
-1.046400000000000006e+02 -8.551350611058025208e+01
-1.041599999999999966e+02 -8.498392889628001967e+01
-1.036799999999999926e+02 -8.412989188557993714e+01
-1.032000000000000028e+02 -8.363761075914587195e+01
-1.027199999999999989e+02 -8.345564299531206132e+01
-1.022399999999999949e+02 -8.319039789182178879e+01
-1.017599999999999909e+02 -8.305658808619755007e+01
-1.012800000000000011e+02 -8.259475777134028363e+01
-1.007999999999999972e+02 -8.243655620120551930e+01
-1.003199999999999932e+02 -8.239314705927398563e+01
-9.984000000000000341e+01 -8.205244226557158527e+01
-9.935999999999999943e+01 -8.236364973990328053e+01
-9.887999999999999545e+01 -8.243451341034318602e+01
-9.839999999999999147e+01 -8.214262073006818810e+01
-9.792000000000000171e+01 -8.216513188844393767e+01
-9.743999999999999773e+01 -8.180490196408828751e+01
-9.695999999999999375e+01 -8.164456470219967343e+01
-9.647999999999998977e+01 -8.130036359609276531e+01
-9.600000000000000000e+01 -8.117933630451913984e+01
-9.551999999999999602e+01 -8.139515615259034576e+01
-9.503999999999999204e+01 -8.138785288691828157e+01
-9.456000000000000227e+01 -8.118141734323431535e+01
-9.407999999999999829e+01 -8.090296125406260330e+01
-9.359999999999999432e+01 -8.072189629120748577e+01
-9.311999999999999034e+01 -8.076394464432546272e+01
-9.264000000000000057e+01 -8.059869986325585955e+01
-9.215999999999999659e+01 -8.052870105050105565e+01
-9.167999999999999261e+01 -8.022497651632212978e+01
-9.120000000000000284e+01 -7.974511991843380088e+01
-9.071999999999999886e+01 -7.980868364752983268e+01
-9.023999999999999488e+01 -7.974165389725749264e+01
-8.975999999999999091e+01 -7.962355588484651037e+01
-8.928000000000000114e+01 -7.966746581893814039e+01
-8.879999999999999716e+01 -7.981025161408452107e+01
-8.831999999999999318e+01 -7.964089398309991452e+01
-8.784000000000000341e+01 -7.929123952235583772e+01
-8.735999999999999943e+01 -7.924816201153089423e+01
-8.687999999999999545e+01 -7.908655544413413452e+01
-8.639999999999999147e+01 -7.862058537587427054e+01
-8.592000000000000171e+01 -7.883665848513066976e+01
-8.543999999999999773e+01 -7.896504929822739882e+01
-8.495999999999999375e+01 -7.884820455509955650e+01
-8.447999999999998977e+01 -7.854345855513329866e+01
-8.400000000000000000e+01 -7.833462157052680652e+01
-8.351999999999999602e+01 -7.840610195392592630e+01
-8.303999999999999204e+01 -7.840946841592705141e+01
-8.256000000000000227e+01 -7.821054167210098740e+01
-8.207999999999999829e+01 -7.810479508234146806e+01
-8.159999999999999432e+01 -7.810787261089390654e+01
-8.111999999999999034e+01 -7.813953101384407773e+01
-8.064000000000000057e+01 -7.792116146806209542e+01
-8.015999999999999659e+01 -7.769859555911524751e+01
-7.967999999999999261e+01 -7.752155279482195738e+01
-7.920000000000000284e+01 -7.744260832369577940e+01
-7.871999999999999886e+01 -7.733105742586802478e+01
-7.823999999999999488e+01 -7.736812241511813681e+01
-7.775999999999999091e+01 -7.730266295953056499e+01
-7.728000000000000114e+01 -7.743770084487887573e+01
-7.679999999999999716e+01 -7.730425474410881748e+01
-7.631999999999999318e+01 -7.675282627733595575e+01
-7.584000000000000341e+01 -7.665563402905573298e+01
-7.535999999999999943e+01 -7.678509859716137953e+01
-7.487999999999999545e+01 -7.671362705617353583e+01
-7.439999999999999147e+01 -7.657726630884978647e+01
-7.392000000000000171e+01 -7.652439294327238883e+01
-7.343999999999999773e+01 -7.652838608707577350e+01
-7.295999999999999375e+01 -7.631648370037181905e+01
-7.248000000000000398e+01 -7.608289787158520312e+01
-7.200000000000000000e+01 -7.605355907372282331e+01
-7.151999999999999602e+01 -7.607891022015370197e+01
-7.103999999999999204e+01 -7.591441777027539217e+01
-7.056000000000000227e+01 -7.549183676235986695e+01
-7.007999999999999829e+01 -7.528027779893615445e+01
-6.959999999999999432e+01 -7.525713196511036074e+01
-6.912000000000000455e+01 -7.536168427611967502e+01
-6.864000000000000057e+01 -7.507671941073948574e+01
-6.815999999999999659e+01 -7.454071578479987181e+01
-6.767999999999999261e+01 -7.459586661808702956e+01
-6.720000000000000284e+01 -7.460295983263124242e+01
-6.671999999999999886e+01 -7.459672935921689430e+01
-6.623999999999999488e+01 -7.463831588824133689e+01
-6.575999999999999091e+01 -7.422730066344279010e+01
-6.528000000000000114e+01 -7.423534457025935751e+01
-6.479999999999999716e+01 -7.410401364611144004e+01
-6.431999999999999318e+01 -7.370268888984813316e+01
-6.383999999999999631e+01 -7.329299875420693411e+01
-6.335999999999999943e+01 -7.312695578946635067e+01
-6.287999999999999545e+01 -7.295844922463514592e+01
-6.239999999999999858e+01 -7.300465662178658022e+01
-6.191999999999999460e+01 -7.316880188206654623e+01
-6.143999999999999773e+01 -7.280051111605723690e+01
-6.096000000000000085e+01 -7.241486928158170144e+01
-6.047999999999999687e+01 -7.231447725397120507e+01
-6.000000000000000000e+01 -7.224714464771138012e+01
-5.951999999999999602e+01 -7.170021934370913641e+01
-5.903999999999999915e+01 -7.150970041632903929e+01
-5.855999999999999517e+01 -7.139473922167542241e+01
-5.807999999999999829e+01 -7.107127061104597487e+01
-5.759999999999999432e+01 -7.105941487623829289e+01
-5.711999999999999744e+01 -7.065179539467456493e+01
-5.664000000000000057e+01 -7.056155082989472760e+01
-5.615999999999999659e+01 -7.047370948147315062e+01
-5.567999999999999972e+01 -7.022215194629951895e+01
-5.519999999999999574e+01 -6.977968644108905494e+01
-5.471999999999999886e+01 -6.952328177779149598e+01
-5.423999999999999488e+01 -6.937822110493773664e+01
-5.375999999999999801e+01 -6.898962900069030013e+01
-5.328000000000000114e+01 -6.871534849993744842e+01
-5.279999999999999716e+01 -6.847243729640544530e+01
-5.232000000000000028e+01 -6.829574342457934222e+01
-5.183999999999999631e+01 -6.824567321259335984e+01
-5.135999999999999943e+01 -6.813104064576978658e+01
-5.087999999999999545e+01 -6.785497116197612399e+01
-5.039999999999999858e+01 -6.734004075122398092e+01
-4.992000000000000171e+01 -6.712411034547857014e+01
-4.943999999999999773e+01 -6.666835746271596008e+01
-4.896000000000000085e+01 -6.617873452106709919e+01
-4.847999999999999687e+01 -6.610671612037825184e+01
-4.800000000000000000e+01 -6.602033100404869970e+01
-4.751999999999999602e+01 -6.571991273747723028e+01
-4.703999999999999915e+01 -6.549592460199360744e+01
-4.655999999999999517e+01 -6.545730076340011294e+01
-4.607999999999999829e+01 -6.526878421431578658e+01
-4.560000000000000142e+01 -6.503661055146835679e+01
-4.511999999999999744e+01 -6.472021842653867907e+01
-4.464000000000000057e+01 -6.423003731772853087e+01
-4.415999999999999659e+01 -6.405878349611293743e+01
-4.367999999999999972e+01 -6.370860252777088562e+01
-4.319999999999999574e+01 -6.318324162221533413e+01
-4.271999999999999886e+01 -6.282351738731428270e+01
-4.223999999999999488e+01 -6.250317722672530607e+01
-4.175999999999999801e+01 -6.201029423007062746e+01
-4.128000000000000114e+01 -6.154847872913884999e+01
-4.079999999999999716e+01 -6.164503504185788785e+01
-4.032000000000000028e+01 -6.166156151330410751e+01
-3.983999999999999631e+01 -6.139151521037795334e+01
-3.935999999999999943e+01 -6.095329417070402656e+01
-3.887999999999999545e+01 -6.048046067596398245e+01
-3.839999999999999858e+01 -6.011682266824357157e+01
-3.792000000000000171e+01 -5.982623663092009991e+01
-3.743999999999999773e+01 -5.928975664626005937e+01
-3.696000000000000085e+01 -5.891787938529110136e+01
-3.647999999999999687e+01 -5.887421860178456967e+01
-3.600000000000000000e+01 -5.849249264512142332e+01
-3.551999999999999602e+01 -5.777672202755258013e+01
-3.503999999999999915e+01 -5.744332054945427046e+01
-3.456000000000000227e+01 -5.738484794539210299e+01
-3.407999999999999829e+01 -5.716443583486056923e+01
-3.360000000000000142e+01 -5.678181797299157552e+01
-3.311999999999999744e+01 -5.645736340604867110e+01
-3.264000000000000057e+01 -5.634938011171797712e+01
-3.215999999999999659e+01 -5.589601608041909486e+01
-3.167999999999999972e+01 -5.555810386113262211e+01
-3.119999999999999929e+01 -5.537498576811493223e+01
-3.071999999999999886e+01 -5.494650096931084704e+01
-3.023999999999999844e+01 -5.453384693951667828e+01
-2.975999999999999801e+01 -5.420461952376708581e+01
-2.927999999999999758e+01 -5.381632504784440840e+01
-2.879999999999999716e+01 -5.342259581627408949e+01
-2.832000000000000028e+01 -5.306494968929366962e+01
-2.783999999999999986e+01 -5.270746610511827157e+01
-2.735999999999999943e+01 -5.218185920655471222e+01
-2.687999999999999901e+01 -5.142420940828206710e+01
-2.639999999999999858e+01 -5.089316163440944507e+01
-2.591999999999999815e+01 -5.011762133932500518e+01
-2.543999999999999773e+01 -4.947266319167492554e+01
-2.496000000000000085e+01 -4.906401516037307431e+01
-2.448000000000000043e+01 -4.874304342584284200e+01
-2.400000000000000000e+01 -4.810414982170214415e+01
-2.351999999999999957e+01 -4.753773668887254900e+01
-2.303999999999999915e+01 -4.722502367114213939e+01
-2.255999999999999872e+01 -4.692430694278208136e+01
-2.207999999999999829e+01 -4.635744126097005591e+01
-2.159999999999999787e+01 -4.593410188048019194e+01
-2.111999999999999744e+01 -4.503960969445628848e+01
-2.064000000000000057e+01 -4.452926305576690424e+01
-2.016000000000000014e+01 -4.415545083960015660e+01
-1.967999999999999972e+01 -4.370268314353484840e+01
-1.919999999999999929e+01 -4.363781501608808355e+01
-1.871999999999999886e+01 -4.353399878503216769e+01
-1.823999999999999844e+01 -4.307109306988731134e+01
-1.775999999999999801e+01 -4.243523381090760438e+01
-1.728000000000000114e+01 -4.226006915249259066e+01
-1.680000000000000071e+01 -4.221556732274291335e+01
-1.632000000000000028e+01 -4.190423554247104221e+01
-1.583999999999999986e+01 -4.156592516105617818e+01
-1.535999999999999943e+01 -4.125598103234078451e+01
-1.487999999999999901e+01 -4.111726988889064671e+01
-1.439999999999999858e+01 -4.074123177531745199e+01
-1.391999999999999993e+01 -4.020964808898058607e+01
-1.343999999999999950e+01 -4.017052977336049224e+01
-1.295999999999999908e+01 -3.991262515157884394e+01
-1.248000000000000043e+01 -3.938936795219992604e+01
-1.200000000000000000e+01 -3.932182447307769735e+01
-1.151999999999999957e+01 -3.919308986679735085e+01
-1.103999999999999915e+01 -3.893577815359184768e+01
-1.055999999999999872e+01 -3.865688386061033555e+01
-1.008000000000000007e+01 -3.302971158126120343e+01
-9.599999999999999645e+00 -2.577436539983719044e+01
-9.119999999999999218e+00 -2.321699815128820532e+01
-8.640000000000000568e+00 -2.301999632372303850e+01
-8.160000000000000142e+00 -2.303772659278880042e+01
-7.679999999999999716e+00 -2.288036412736070702e+01
-7.199999999999999289e+00 -2.279383803136085618e+01
-6.719999999999999751e+00 -2.298305140368999488e+01
-6.240000000000000213e+00 -2.295797945883396096e+01
-5.759999999999999787e+00 -2.279263653472987983e+01
-5.279999999999999361e+00 -2.278901439349971980e+01
-4.799999999999999822e+00 -2.276553450443983451e+01
-4.320000000000000284e+00 -2.290252746829568053e+01
-3.839999999999999858e+00 -2.301699103642898336e+01
-3.359999999999999876e+00 -2.305934060595912527e+01
-2.879999999999999893e+00 -2.306482245844120627e+01
-2.399999999999999911e+00 -2.299327504130503286e+01
-1.919999999999999929e+00 -2.312462314351807180e+01
-1.439999999999999947e+00 -2.305933577452755401e+01
-9.599999999999999645e-01 -2.296414786691000387e+01
-4.799999999999999822e-01 -2.309557510975434980e+01
0.000000000000000000e+00 -2.312746990764702559e+01
4.799999999999999822e-01 -2.286879769920222216e+01
9.599999999999999645e-01 -2.250380826074525942e+01
1.439999999999999947e+00 -2.289446663155773720e+01
1.919999999999999929e+00 -2.329480226426320399e+01
2.399999999999999911e+00 -2.306646964273409850e+01
2.879999999999999893e+00 -2.284930431870846235e+01
3.359999999999999876e+00 -2.268330766894187889e+01
3.839999999999999858e+00 -2.293366235809591558e+01
4.320000000000000284e+00 -2.327707556626952723e+01
4.799999999999999822e+00 -2.324174855476421797e+01
5.279999999999999361e+00 -2.306403961942113412e+01
5.759999999999999787e+00 -2.311130696089515268e+01
6.240000000000000213e+00 -2.324029378869894558e+01
6.719999999999999751e+00 -2.319513946783183655e+01
7.199999999999999289e+00 -2.307682590029716962e+01
7.679999999999999716e+00 -2.325211554046271800e+01
8.160000000000000142e+00 -2.323815723281853707e+01
8.640000000000000568e+00 -2.321520042479223633e+01
9.119999999999999218e+00 -2.358904682049757540e+01
9.599999999999999645e+00 -2.615689347668017106e+01
1.008000000000000007e+01 -3.353843655839678206e+01
1.055999999999999872e+01 -3.956729439712191976e+01
1.103999999999999915e+01 -4.008383377733544251e+01
1.151999999999999957e+01 -4.018885928888111891e+01
1.200000000000000000e+01 -4.046625340305206464e+01
1.248000000000000043e+01 -4.106933050162506049e+01
1.295999999999999908e+01 -4.123481053852157174e+01
1.343999999999999950e+01 -4.131643554103633420e+01
1.391999999999999993e+01 -4.136117020555350621e+01
1.439999999999999858e+01 -4.164787100976809597e+01
1.487999999999999901e+01 -4.224511856103238472e+01
1.535999999999999943e+01 -4.245511585977418889e+01
1.583999999999999986e+01 -4.274513229308001883e+01
1.632000000000000028e+01 -4.312064829294489243e+01
1.680000000000000071e+01 -4.324142299820063329e+01
1.728000000000000114e+01 -4.368459914342022898e+01
1.775999999999999801e+01 -4.447138586491107048e+01
1.823999999999999844e+01 -4.486652557568406507e+01
1.871999999999999886e+01 -4.518373991300386905e+01
1.919999999999999929e+01 -4.538196841871841514e+01
1.967999999999999972e+01 -4.569103500640479609e+01
2.016000000000000014e+01 -4.599765359982953328e+01
2.064000000000000057e+01 -4.645827351510618541e+01
2.111999999999999744e+01 -4.719774356734000520e+01
2.159999999999999787e+01 -4.732979087353756142e+01
2.207999999999999829e+01 -4.739112994951297253e+01
2.255999999999999872e+01 -4.790440660568860665e+01
2.303999999999999915e+01 -4.827668660535915990e+01
2.351999999999999957e+01 -4.889691134548349538e+01
2.400000000000000000e+01 -4.941052628369379818e+01
2.448000000000000043e+01 -5.001667664573695049e+01
2.496000000000000085e+01 -5.044048810431092988e+01
2.543999999999999773e+01 -5.091408671537806185e+01
2.591999999999999815e+01 -5.154816883609844069e+01
2.639999999999999858e+01 -5.220149048187330010e+01
2.687999999999999901e+01 -5.270805642153465698e+01
2.735999999999999943e+01 -5.336952326422171211e+01
2.783999999999999986e+01 -5.384264845828454327e+01
2.832000000000000028e+01 -5.420897504621841989e+01
2.879999999999999716e+01 -5.460748963741453110e+01
2.927999999999999758e+01 -5.473979098008426547e+01
2.975999999999999801e+01 -5.521800354150674650e+01
3.023999999999999844e+01 -5.542177404716226619e+01
3.071999999999999886e+01 -5.555992949940530679e+01
3.119999999999999929e+01 -5.581382227230052706e+01
3.167999999999999972e+01 -5.601049755612524450e+01
3.215999999999999659e+01 -5.623885972355918028e+01
3.264000000000000057e+01 -5.624885470328234049e+01
3.311999999999999744e+01 -5.655047000561634718e+01
3.360000000000000142e+01 -5.710725684237063149e+01
3.407999999999999829e+01 -5.731668598517828883e+01
3.456000000000000227e+01 -5.759003117916375913e+01
3.503999999999999915e+01 -5.763230212903278016e+01
3.551999999999999602e+01 -5.773862952678240390e+01
3.600000000000000000e+01 -5.811650764947497549e+01
3.647999999999999687e+01 -5.829658855257811467e+01
3.696000000000000085e+01 -5.875324642385309915e+01
3.743999999999999773e+01 -5.897694542959903430e+01
3.792000000000000171e+01 -5.924662766701273142e+01
3.839999999999999858e+01 -5.971295736782776942e+01
3.887999999999999545e+01 -5.992060245368912774e+01
3.935999999999999943e+01 -6.027823562729900431e+01
3.983999999999999631e+01 -6.078444665110255585e+01
4.032000000000000028e+01 -6.069814611418671291e+01
4.079999999999999716e+01 -6.087523371868813626e+01
4.128000000000000114e+01 -6.122933235282928166e+01
4.175999999999999801e+01 -6.118069916030856348e+01
4.223999999999999488e+01 -6.126708236594758006e+01
4.271999999999999886e+01 -6.165219401506071506e+01
4.319999999999999574e+01 -6.193722917658159588e+01
4.367999999999999972e+01 -6.216976962948666596e+01
4.415999999999999659e+01 -6.225663623159165638e+01
4.464000000000000057e+01 -6.260396574635315403e+01
4.511999999999999744e+01 -6.298297326085366876e+01
4.560000000000000142e+01 -6.356179022070931239e+01
4.607999999999999829e+01 -6.360440678905143841e+01
4.655999999999999517e+01 -6.351691453462077419e+01
4.703999999999999915e+01 -6.381507721316064874e+01
4.751999999999999602e+01 -6.427955464725125978e+01
4.800000000000000000e+01 -6.419947534198252015e+01
4.847999999999999687e+01 -6.438217694357719267e+01
4.896000000000000085e+01 -6.490137373327313242e+01
4.943999999999999773e+01 -6.533874063386963371e+01
4.992000000000000171e+01 -6.572618175915246752e+01
5.039999999999999858e+01 -6.583262071555706996e+01
5.087999999999999545e+01 -6.585027580562748994e+01
5.135999999999999943e+01 -6.606810622077250628e+01
5.183999999999999631e+01 -6.642256774456673440e+01
5.232000000000000028e+01 -6.686782359836918488e+01
5.279999999999999716e+01 -6.687535691497838286e+01
5.328000000000000114e+01 -6.689733478019567769e+01
5.375999999999999801e+01 -6.701719812922330277e+01
5.423999999999999488e+01 -6.729468802489762425e+01
5.471999999999999886e+01 -6.772670198895654892e+01
5.519999999999999574e+01 -6.813667070632591560e+01
5.567999999999999972e+01 -6.857456014498004038e+01
5.615999999999999659e+01 -6.871971463526298862e+01
5.664000000000000057e+01 -6.863433198835963367e+01
5.711999999999999744e+01 -6.897262082792751414e+01
5.759999999999999432e+01 -6.947443317714031252e+01
5.807999999999999829e+01 -6.964124643341708065e+01
5.855999999999999517e+01 -6.987306090639206957e+01
5.903999999999999915e+01 -7.005188824066490838e+01
5.951999999999999602e+01 -7.017167642849554454e+01
6.000000000000000000e+01 -7.022718879301727668e+01
6.047999999999999687e+01 -7.058963179006249788e+01
6.096000000000000085e+01 -7.111946004172392577e+01
6.143999999999999773e+01 -7.143405981428645646e+01
6.191999999999999460e+01 -7.167277132191583178e+01
6.239999999999999858e+01 -7.184123411129357351e+01
6.287999999999999545e+01 -7.223292242991939816e+01
6.335999999999999943e+01 -7.234538090150491030e+01
6.383999999999999631e+01 -7.237257880332253990e+01
6.431999999999999318e+01 -7.241433964278617452e+01
6.479999999999999716e+01 -7.257232131809601583e+01
6.528000000000000114e+01 -7.300014334137269145e+01
6.575999999999999091e+01 -7.337913173208175976e+01
6.623999999999999488e+01 -7.361825768425154592e+01
6.671999999999999886e+01 -7.372763599872396867e+01
6.720000000000000284e+01 -7.392400562421842380e+01
6.767999999999999261e+01 -7.427228747900424821e+01
6.815999999999999659e+01 -7.417726782098759486e+01
6.864000000000000057e+01 -7.414897745443140309e+01
6.912000000000000455e+01 -7.454165484159669575e+01
6.959999999999999432e+01 -7.474551825985726339e+01
7.007999999999999829e+01 -7.501425339715351015e+01
7.056000000000000227e+01 -7.548734962470119569e+01
7.103999999999999204e+01 -7.541923065295515016e+01
7.151999999999999602e+01 -7.549678143406970321e+01
7.200000000000000000e+01 -7.615620432656452010e+01
7.248000000000000398e+01 -7.640194558015492987e+01
7.295999999999999375e+01 -7.646210936230508537e+01
7.343999999999999773e+01 -7.620887852368471727e+01
7.392000000000000171e+01 -7.638555929021603674e+01
7.439999999999999147e+01 -7.664180377083343387e+01
7.487999999999999545e+01 -7.667419781952250446e+01
7.535999999999999943e+01 -7.729362641444521387e+01
7.584000000000000341e+01 -7.771468429915800868e+01
7.631999999999999318e+01 -7.807074211209233283e+01
7.679999999999999716e+01 -7.840794382440138577e+01
7.728000000000000114e+01 -7.842649101308795423e+01
7.775999999999999091e+01 -7.820899441828248655e+01
7.823999999999999488e+01 -7.828760784370300030e+01
7.871999999999999886e+01 -7.861786299067779282e+01
7.920000000000000284e+01 -7.836345205013610382e+01
7.967999999999999261e+01 -7.848685382561784252e+01
8.015999999999999659e+01 -7.881090318098632963e+01
8.064000000000000057e+01 -7.874657776124053044e+01
8.111999999999999034e+01 -7.958332934295403049e+01
8.159999999999999432e+01 -7.962491639839065272e+01
8.207999999999999829e+01 -7.929519306847824112e+01
8.256000000000000227e+01 -7.950216554267002778e+01
8.303999999999999204e+01 -7.973444003959855308e+01
8.351999999999999602e+01 -7.999727328518089564e+01
8.400000000000000000e+01 -7.998521157409045657e+01
8.447999999999998977e+01 -7.989595306977338396e+01
8.495999999999999375e+01 -8.003982823162354521e+01
8.543999999999999773e+01 -8.031992884081121531e+01
8.592000000000000171e+01 -8.036272950523824932e+01
8.639999999999999147e+01 -8.039338961518411963e+01
8.687999999999999545e+01 -8.050679139051339916e+01
8.735999999999999943e+01 -8.067770634078968328e+01
8.784000000000000341e+01 -8.098524838758180522e+01
8.831999999999999318e+01 -8.118970714168453640e+01
8.879999999999999716e+01 -8.123172054246985851e+01
8.928000000000000114e+01 -8.122007250284077884e+01
8.975999999999999091e+01 -8.143811942703685247e+01
9.023999999999999488e+01 -8.155761008661639266e+01
9.071999999999999886e+01 -8.139318309913528537e+01
9.120000000000000284e+01 -8.149975004276804214e+01
9.167999999999999261e+01 -8.171698595468676274e+01
9.215999999999999659e+01 -8.203358849512481754e+01
9.264000000000000057e+01 -8.240489517437480060e+01
9.311999999999999034e+01 -8.220973586328609883e+01
9.359999999999999432e+01 -8.210504859040932502e+01
9.407999999999999829e+01 -8.220990330507521548e+01
9.456000000000000227e+01 -8.210786803105651188e+01
9.503999999999999204e+01 -8.235122186735311800e+01
9.551999999999999602e+01 -8.246916685962888494e+01
9.600000000000000000e+01 -8.258789692831953744e+01
9.647999999999998977e+01 -8.266997491632167794e+01
9.695999999999999375e+01 -8.275385392479660140e+01
9.743999999999999773e+01 -8.239444660521647279e+01
9.792000000000000171e+01 -8.224510146156006840e+01
9.839999999999999147e+01 -8.228854762273330437e+01
9.887999999999999545e+01 -8.248026600365469108e+01
9.935999999999999943e+01 -8.299695663285221769e+01
9.984000000000000341e+01 -8.323244578901596924e+01
1.003199999999999932e+02 -8.290714907338262663e+01
1.007999999999999972e+02 -8.283523555191429466e+01
1.012800000000000011e+02 -8.348254051289282529e+01
1.017599999999999909e+02 -8.412089252123072924e+01
1.022399999999999949e+02 -8.420535440628383128e+01
1.027199999999999989e+02 -8.437814047137941031e+01
1.032000000000000028e+02 -8.469984973415594709e+01
1.036799999999999926e+02 -8.526010935163421323e+01
1.041599999999999966e+02 -8.562074953394341037e+01
1.046400000000000006e+02 -8.617043926444524971e+01
1.051199999999999903e+02 -8.723962294379285254e+01
1.055999999999999943e+02 -8.788087130875167929e+01
1.060799999999999983e+02 -8.801491305527417808e+01
1.065600000000000023e+02 -8.856788843786773668e+01
1.070399999999999920e+02 -8.948393443891782795e+01
1.075199999999999960e+02 -9.044817621723611012e+01
1.080000000000000000e+02 -9.155745718518079457e+01
1.084799999999999898e+02 -9.263010935204349039e+01
1.089599999999999937e+02 -9.376116369835628461e+01
1.094399999999999977e+02 -9.488455285150628526e+01
1.099200000000000017e+02 -9.625082368196785865e+01
1.103999999999999915e+02 -9.800590265756758868e+01
1.108799999999999955e+02 -9.961129943119263430e+01
1.113599999999999994e+02 -1.009927014669992928e+02
1.118399999999999892e+02 -1.022466573265684531e+02
1.123199999999999932e+02 -1.032846625955364743e+02
1.127999999999999972e+02 -1.043269810048697224e+02
1.132800000000000011e+02 -1.052434749491452379e+02
1.137599999999999909e+02 -1.053607774287971921e+02
1.142399999999999949e+02 -1.055059793859895763e+02
1.147199999999999989e+02 -1.058322321283071830e+02
1.151999999999999886e+02 -1.058870775526715704e+02
1.156799999999999926e+02 -1.059439015514708160e+02
1.161599999999999966e+02 -1.058738305087811682e+02
1.166400000000000006e+02 -1.059125033500652364e+02
1.171199999999999903e+02 -1.059318886168461660e+02
1.175999999999999943e+02 -1.055500521318282949e+02
1.180799999999999983e+02 -1.057841188544727800e+02
1.185600000000000023e+02 -1.059094618200950606e+02
1.190399999999999920e+02 -1.058646076362792741e+02
1.195199999999999960e+02 -1.060155045145129407e+02
1.200000000000000000e+02 -1.056687016101183616e+02
1.204799999999999898e+02 -1.056285947202808586e+02
1.209599999999999937e+02 -1.059230859602106136e+02
1.214399999999999977e+02 -1.062876233615027530e+02
1.219200000000000017e+02 -1.062403735181280240e+02
1.223999999999999915e+02 -1.055248502853139314e+02
