-1.228799999999999892e-01 -7.770400592009899299e+01
-1.223999999999999949e-01 -7.969661949856829608e+01
-1.219199999999999867e-01 -8.131471005615435388e+01
-1.214399999999999924e-01 -8.151276724693951792e+01
-1.209599999999999842e-01 -8.151986659669572077e+01
-1.204799999999999899e-01 -8.139746177616318334e+01
-1.199999999999999956e-01 -8.136854828507237869e+01
-1.195199999999999874e-01 -8.129351507646143205e+01
-1.190399999999999930e-01 -8.146668642870764643e+01
-1.185599999999999848e-01 -8.154015406042789493e+01
-1.180799999999999905e-01 -8.168050664965829810e+01
-1.175999999999999962e-01 -8.167877389910147201e+01
-1.171199999999999880e-01 -8.155166070033342862e+01
-1.166399999999999937e-01 -8.137425355821312678e+01
-1.161599999999999855e-01 -8.125538980288510515e+01
-1.156799999999999912e-01 -8.129244583923950529e+01
-1.151999999999999968e-01 -8.129312572820165883e+01
-1.147199999999999886e-01 -8.140507578097083297e+01
-1.142399999999999943e-01 -8.131869459035274872e+01
-1.137599999999999861e-01 -8.102329009688946826e+01
-1.132799999999999918e-01 -8.025909439561522163e+01
-1.127999999999999836e-01 -7.955194249598247325e+01
-1.123199999999999893e-01 -7.869635564463816024e+01
-1.118399999999999950e-01 -7.753795339132915387e+01
-1.113599999999999868e-01 -7.616123522013624836e+01
-1.108799999999999925e-01 -7.456788160253390174e+01
-1.103999999999999843e-01 -7.294161642772665743e+01
-1.099199999999999899e-01 -7.162456773698951906e+01
-1.094399999999999956e-01 -7.028420380475142792e+01
-1.089599999999999874e-01 -6.905915004466896789e+01
-1.084799999999999931e-01 -6.775650005812357790e+01
-1.079999999999999849e-01 -6.630412578179063132e+01
-1.075199999999999906e-01 -6.536205431885854011e+01
-1.070399999999999963e-01 -6.479624328443235015e+01
-1.065599999999999881e-01 -6.397227978409581084e+01
-1.060799999999999937e-01 -6.306270900941565571e+01
-1.055999999999999855e-01 -6.223009703730318165e+01
-1.051199999999999912e-01 -6.139314983602940856e+01
-1.046399999999999969e-01 -6.066147769199305628e+01
-1.041599999999999887e-01 -6.019778094208511021e+01
-1.036799999999999944e-01 -5.967951177527158535e+01
-1.031999999999999862e-01 -5.923209111057782650e+01
-1.027199999999999919e-01 -5.887432662880135581e+01
-1.022399999999999975e-01 -5.871312316980027646e+01
-1.017599999999999894e-01 -5.863923909240534726e+01
-1.012799999999999950e-01 -5.800320783287232018e+01
-1.007999999999999868e-01 -5.772520235845451708e+01
-1.003199999999999925e-01 -5.800351144414936044e+01
-9.983999999999998431e-02 -5.775572485413185575e+01
-9.935999999999998999e-02 -5.787924632231478483e+01
-9.887999999999999567e-02 -5.794601044807259882e+01
-9.839999999999998748e-02 -5.758659142536973974e+01
-9.791999999999999316e-02 -5.744544100128440078e+01
-9.743999999999998496e-02 -5.722433158831218236e+01
-9.695999999999999064e-02 -5.709806590189144515e+01
-9.647999999999999632e-02 -5.678604644929183110e+01
-9.599999999999998812e-02 -5.659576864841628208e+01
-9.551999999999999380e-02 -5.686317315905105829e+01
-9.503999999999998560e-02 -5.684351822832993406e+01
-9.455999999999999128e-02 -5.654462361814666593e+01
-9.407999999999999696e-02 -5.640303642700202857e+01
-9.359999999999998876e-02 -5.622302028195559132e+01
-9.311999999999999444e-02 -5.636178281345361540e+01
-9.263999999999998625e-02 -5.631392957997891813e+01
-9.215999999999999193e-02 -5.609270973988333964e+01
-9.167999999999999761e-02 -5.598102496284028717e+01
-9.119999999999998941e-02 -5.549285906144354641e+01
-9.071999999999999509e-02 -5.548275293765756544e+01
-9.023999999999998689e-02 -5.556487239763740149e+01
-8.975999999999999257e-02 -5.550783222493076607e+01
-8.927999999999999825e-02 -5.533795898142845004e+01
-8.879999999999999005e-02 -5.547123957556042484e+01
-8.831999999999999573e-02 -5.528275326497691111e+01
-8.783999999999998753e-02 -5.487082807314975952e+01
-8.735999999999999321e-02 -5.483798550060767241e+01
-8.687999999999999889e-02 -5.462118090597272158e+01
-8.639999999999999070e-02 -5.425371144895795084e+01
-8.591999999999999638e-02 -5.454211335159496343e+01
-8.543999999999998818e-02 -5.470139235861545757e+01
-8.495999999999999386e-02 -5.435090391599064930e+01
-8.447999999999999954e-02 -5.383088560225985475e+01
-8.399999999999999134e-02 -5.364955146036599842e+01
-8.351999999999999702e-02 -5.378059640072778791e+01
-8.303999999999998882e-02 -5.396250622422415688e+01
-8.255999999999999450e-02 -5.390570960315592686e+01
-8.207999999999998630e-02 -5.390920230284124415e+01
-8.159999999999999198e-02 -5.395006481736517401e+01
-8.111999999999999766e-02 -5.387245120376458374e+01
-8.063999999999998947e-02 -5.364766067964555418e+01
-8.015999999999999515e-02 -5.337029173442843444e+01
-7.967999999999998695e-02 -5.309075644528689963e+01
-7.919999999999999263e-02 -5.305248193360256437e+01
-7.871999999999999831e-02 -5.295779040225668410e+01
-7.823999999999999011e-02 -5.296053376288003989e+01
-7.775999999999999579e-02 -5.292163530808305438e+01
-7.727999999999998759e-02 -5.303375395515865165e+01
-7.679999999999999327e-02 -5.290376419247046158e+01
-7.631999999999999895e-02 -5.249228797623001697e+01
-7.583999999999999075e-02 -5.236489963808633519e+01
-7.535999999999999643e-02 -5.237417721989637442e+01
-7.487999999999998824e-02 -5.218593059025380398e+01
-7.439999999999999392e-02 -5.207237195225532389e+01
-7.391999999999999960e-02 -5.203521587531036374e+01
-7.343999999999999140e-02 -5.193230615417488139e+01
-7.295999999999999708e-02 -5.180521986573837978e+01
-7.247999999999998888e-02 -5.154168503820962854e+01
-7.199999999999999456e-02 -5.145539886115797401e+01
-7.152000000000000024e-02 -5.166586962535909322e+01
-7.103999999999999204e-02 -5.152281540303499696e+01
-7.055999999999999772e-02 -5.091343273439667882e+01
-7.007999999999998952e-02 -5.065464402734819060e+01
-6.959999999999999520e-02 -5.074702131136306349e+01
-6.911999999999998701e-02 -5.087184194721753272e+01
-6.863999999999999269e-02 -5.057525484911623437e+01
-6.815999999999999837e-02 -5.003134886599865894e+01
-6.767999999999999017e-02 -5.012232294795663279e+01
-6.719999999999999585e-02 -5.005326836129759727e+01
-6.671999999999998765e-02 -4.999130457754307599e+01
-6.623999999999999333e-02 -5.007384938366141114e+01
-6.575999999999999901e-02 -4.973086044667218886e+01
-6.527999999999999081e-02 -4.973390449416698544e+01
-6.479999999999999649e-02 -4.960005929368105626e+01
-6.431999999999998829e-02 -4.926111726490398723e+01
-6.383999999999999397e-02 -4.883538387399255498e+01
-6.335999999999999965e-02 -4.859005626021104263e+01
-6.287999999999999146e-02 -4.839852523870527534e+01
-6.239999999999999714e-02 -4.849940342750712574e+01
-6.191999999999999588e-02 -4.863763711071832319e+01
-6.143999999999999462e-02 -4.827113808556424601e+01
-6.095999999999999336e-02 -4.788396772749319297e+01
-6.047999999999999210e-02 -4.770389358378726286e+01
-5.999999999999999778e-02 -4.760327170741728509e+01
-5.951999999999999652e-02 -4.715209993197721872e+01
-5.903999999999999526e-02 -4.696926686792856032e+01
-5.855999999999999400e-02 -4.683488887052906335e+01
-5.807999999999999274e-02 -4.655500799497949771e+01
-5.759999999999999842e-02 -4.654588340342834130e+01
-5.711999999999999716e-02 -4.609647516605654971e+01
-5.663999999999999591e-02 -4.597884058635284532e+01
-5.615999999999999465e-02 -4.593357999761116872e+01
-5.567999999999999339e-02 -4.568566338057976139e+01
-5.519999999999999213e-02 -4.524250056956031329e+01
-5.471999999999999781e-02 -4.500018981166404330e+01
-5.423999999999999655e-02 -4.483510762553955686e+01
-5.375999999999999529e-02 -4.441703718369151233e+01
-5.327999999999999403e-02 -4.413053383123848761e+01
-5.279999999999999277e-02 -4.391706945425282527e+01
-5.231999999999999845e-02 -4.374701394474840299e+01
-5.183999999999999719e-02 -4.367761550593459674e+01
-5.135999999999999593e-02 -4.360371797957137119e+01
-5.087999999999999468e-02 -4.333631282276562047e+01
-5.039999999999999342e-02 -4.283327407432057754e+01
-4.991999999999999216e-02 -4.256508209890326100e+01
-4.943999999999999784e-02 -4.207744257867603466e+01
-4.895999999999999658e-02 -4.165607063897318341e+01
-4.847999999999999532e-02 -4.160078413080191950e+01
-4.799999999999999406e-02 -4.149233112831134918e+01
-4.751999999999999280e-02 -4.118718471293102823e+01
-4.703999999999999848e-02 -4.093866637077033488e+01
-4.655999999999999722e-02 -4.088889718857434019e+01
-4.607999999999999596e-02 -4.069348721117967216e+01
-4.559999999999999470e-02 -4.046798351217454837e+01
-4.511999999999999345e-02 -4.012882472821366520e+01
-4.463999999999999913e-02 -3.965699322309807684e+01
-4.415999999999999787e-02 -3.951984360132743745e+01
-4.367999999999999661e-02 -3.914477951050405125e+01
-4.319999999999999535e-02 -3.860928927411946177e+01
-4.271999999999999409e-02 -3.822091662029094294e+01
-4.223999999999999977e-02 -3.789505753137527222e+01
-4.175999999999999851e-02 -3.744632081856803296e+01
-4.127999999999999725e-02 -3.700839884231760379e+01
-4.079999999999999599e-02 -3.708678839245846603e+01
-4.031999999999999473e-02 -3.706719411511399898e+01
-3.983999999999999347e-02 -3.677415126284893176e+01
-3.935999999999999915e-02 -3.634866608439244828e+01
-3.887999999999999790e-02 -3.589238478231575868e+01
-3.839999999999999664e-02 -3.553989796327287820e+01
-3.791999999999999538e-02 -3.525785119171450788e+01
-3.743999999999999412e-02 -3.472201889816958698e+01
-3.695999999999999980e-02 -3.434416707121245338e+01
-3.647999999999999854e-02 -3.428426409986384726e+01
-3.599999999999999728e-02 -3.389743896091304265e+01
-3.551999999999999602e-02 -3.318943618388490790e+01
-3.503999999999999476e-02 -3.286876444855459312e+01
-3.455999999999999350e-02 -3.282218471553021999e+01
-3.407999999999999918e-02 -3.259981732773304230e+01
-3.359999999999999792e-02 -3.220906486646731537e+01
-3.311999999999999666e-02 -3.187501639502337270e+01
-3.263999999999999541e-02 -3.176165337240614406e+01
-3.215999999999999415e-02 -3.130062044661075760e+01
-3.167999999999999983e-02 -3.095914633437345742e+01
-3.119999999999999857e-02 -3.077248273897538766e+01
-3.071999999999999731e-02 -3.035224957382905586e+01
-3.023999999999999605e-02 -2.995096414494998172e+01
-2.975999999999999826e-02 -2.963316001176623971e+01
-2.927999999999999700e-02 -2.925011651322341066e+01
-2.879999999999999921e-02 -2.885448741452307786e+01
-2.831999999999999795e-02 -2.848750251494169561e+01
-2.783999999999999669e-02 -2.812179664032593251e+01
-2.735999999999999890e-02 -2.760311640431572400e+01
-2.687999999999999765e-02 -2.684241955157397541e+01
-2.639999999999999639e-02 -2.631342033030679772e+01
-2.591999999999999860e-02 -2.553567808293273700e+01
-2.543999999999999734e-02 -2.489329545541158240e+01
-2.495999999999999608e-02 -2.448807766806258002e+01
-2.447999999999999829e-02 -2.416470975548355327e+01
-2.399999999999999703e-02 -2.352612531918443750e+01
-2.351999999999999924e-02 -2.295946096004610837e+01
-2.303999999999999798e-02 -2.263948847175114309e+01
-2.255999999999999672e-02 -2.234411501590692239e+01
-2.207999999999999893e-02 -2.178147474499512626e+01
-2.159999999999999767e-02 -2.136779939359691483e+01
-2.111999999999999988e-02 -2.047288830574811058e+01
-2.063999999999999863e-02 -1.995433343280136285e+01
-2.015999999999999737e-02 -1.957964221744419220e+01
-1.967999999999999958e-02 -1.912957795208427925e+01
-1.919999999999999832e-02 -1.907264074268291409e+01
-1.871999999999999706e-02 -1.896738589064400315e+01
-1.823999999999999927e-02 -1.850502179645979339e+01
-1.775999999999999801e-02 -1.787447113221161743e+01
-1.727999999999999675e-02 -1.769575247786487537e+01
-1.679999999999999896e-02 -1.765240776011111379e+01
-1.631999999999999770e-02 -1.734490138899480627e+01
-1.583999999999999991e-02 -1.701503060568155234e+01
-1.535999999999999865e-02 -1.670794759429167797e+01
-1.487999999999999913e-02 -1.656762990015307579e+01
-1.439999999999999961e-02 -1.618327458382541550e+01
-1.391999999999999835e-02 -1.564205921382508180e+01
-1.343999999999999882e-02 -1.560781225268764949e+01
-1.295999999999999930e-02 -1.535573212481937944e+01
-1.247999999999999804e-02 -1.482636070018460828e+01
-1.199999999999999852e-02 -1.475225398894352224e+01
-1.151999999999999899e-02 -1.462057922488313011e+01
-1.103999999999999947e-02 -1.434577784805086154e+01
-1.055999999999999994e-02 -1.361577349364442924e+01
-1.007999999999999868e-02 -3.802783852749999305e+00
-9.599999999999999159e-03 4.194963597320636950e+00
-9.119999999999999635e-03 6.798711934830123482e+00
-8.639999999999998376e-03 7.003072035193192768e+00
-8.159999999999998851e-03 7.001804135324375622e+00
-7.679999999999999327e-03 7.172458221451211813e+00
-7.199999999999999803e-03 7.265158359327395843e+00
-6.719999999999999411e-03 7.091193355265832388e+00
-6.239999999999999020e-03 7.129942297350150504e+00
-5.759999999999999495e-03 7.293211919266301635e+00
-5.279999999999999971e-03 7.286513595042920954e+00
-4.799999999999999580e-03 7.312857488696199226e+00
-4.319999999999999188e-03 7.139466060708690165e+00
-3.839999999999999664e-03 7.029224002572372676e+00
-3.359999999999999706e-03 7.009212435820590947e+00
-2.879999999999999748e-03 7.000531104870981736e+00
-2.399999999999999790e-03 7.099640273426856218e+00
-1.919999999999999832e-03 7.024898422347143345e+00
-1.439999999999999874e-03 7.061520973037708870e+00
-9.599999999999999159e-04 7.136373822762356767e+00
-4.799999999999999580e-04 7.016221014433670966e+00
0.000000000000000000e+00 6.970761813789155603e+00
4.799999999999999580e-04 7.210799867887892844e+00
9.599999999999999159e-04 7.589312282171758461e+00
1.439999999999999874e-03 7.218229007820353260e+00
1.919999999999999832e-03 6.839238139747767065e+00
2.399999999999999790e-03 7.065440634523152852e+00
2.879999999999999748e-03 7.258173512043902598e+00
3.359999999999999706e-03 7.426731037091479415e+00
3.839999999999999664e-03 7.183736989284719598e+00
4.319999999999999188e-03 6.857947621486774281e+00
4.799999999999999580e-03 6.904074737417639440e+00
5.279999999999999971e-03 7.040725076618745248e+00
5.759999999999999495e-03 7.018120004352862651e+00
6.239999999999999020e-03 6.909500731833741582e+00
6.719999999999999411e-03 6.958766806442186592e+00
7.199999999999999803e-03 7.077298947579045318e+00
7.679999999999999327e-03 6.883858524603196472e+00
8.159999999999998851e-03 6.916455963248287375e+00
8.639999999999998376e-03 6.970278966578339563e+00
9.119999999999999635e-03 6.616983104870815424e+00
9.599999999999999159e-03 3.952228183980828646e+00
1.007999999999999868e-02 -4.186025894660828861e+00
1.055999999999999994e-02 -1.444387382602486447e+01
1.103999999999999947e-02 -1.544964845471488246e+01
1.151999999999999899e-02 -1.560359119101241987e+01
1.199999999999999852e-02 -1.589201000701737243e+01
1.247999999999999804e-02 -1.649787518887351467e+01
1.295999999999999930e-02 -1.666607776061345092e+01
1.343999999999999882e-02 -1.674611035931123126e+01
1.391999999999999835e-02 -1.679181249994190850e+01
1.439999999999999961e-02 -1.708654619060098767e+01
1.487999999999999913e-02 -1.768962541444235015e+01
1.535999999999999865e-02 -1.789070110454333928e+01
1.583999999999999991e-02 -1.817978859475962494e+01
1.631999999999999770e-02 -1.855205460815976792e+01
1.679999999999999896e-02 -1.867333995577962824e+01
1.727999999999999675e-02 -1.911524641482461107e+01
1.775999999999999801e-02 -1.989846332752958347e+01
1.823999999999999927e-02 -2.029219616565899642e+01
1.871999999999999706e-02 -2.061260148559792782e+01
1.919999999999999832e-02 -2.081624354519636100e+01
1.967999999999999958e-02 -2.112656001527538763e+01
2.015999999999999737e-02 -2.143333615758701072e+01
2.063999999999999863e-02 -2.188906775485278544e+01
2.111999999999999988e-02 -2.262481427522466504e+01
2.159999999999999767e-02 -2.275377622800555244e+01
2.207999999999999893e-02 -2.281766943066488551e+01
2.255999999999999672e-02 -2.333528867014078401e+01
2.303999999999999798e-02 -2.370910223679159401e+01
2.351999999999999924e-02 -2.433185064211725290e+01
2.399999999999999703e-02 -2.484704206465037757e+01
2.447999999999999829e-02 -2.545881304631570430e+01
2.495999999999999608e-02 -2.589921089371438612e+01
2.543999999999999734e-02 -2.637012016778707135e+01
2.591999999999999860e-02 -2.700304582638089457e+01
2.639999999999999639e-02 -2.766210505549125998e+01
2.687999999999999765e-02 -2.818055193070792797e+01
2.735999999999999890e-02 -2.883821006844901547e+01
2.783999999999999669e-02 -2.931397242159213690e+01
2.831999999999999795e-02 -2.969144058201639780e+01
2.879999999999999921e-02 -3.008087692334463625e+01
2.927999999999999700e-02 -3.022028979385634173e+01
2.975999999999999826e-02 -3.070825317890998463e+01
3.023999999999999605e-02 -3.091893691115162568e+01
3.071999999999999731e-02 -3.104841759739943541e+01
3.119999999999999857e-02 -3.130261762768378730e+01
3.167999999999999983e-02 -3.149166358059318327e+01
3.215999999999999415e-02 -3.171172334606286825e+01
3.263999999999999541e-02 -3.174469776924727782e+01
3.311999999999999666e-02 -3.204297182994147875e+01
3.359999999999999792e-02 -3.256551286568307546e+01
3.407999999999999918e-02 -3.278842383744082412e+01
3.455999999999999350e-02 -3.307972687217736052e+01
3.503999999999999476e-02 -3.310974714939679586e+01
3.551999999999999602e-02 -3.319039576780700429e+01
3.599999999999999728e-02 -3.356532984926244723e+01
3.647999999999999854e-02 -3.375662670065746340e+01
3.695999999999999980e-02 -3.420496190070510067e+01
3.743999999999999412e-02 -3.443573045684759393e+01
3.791999999999999538e-02 -3.472027125549698212e+01
3.839999999999999664e-02 -3.515848650226350713e+01
3.887999999999999790e-02 -3.537213103875495790e+01
3.935999999999999915e-02 -3.573318239891190728e+01
3.983999999999999347e-02 -3.624088316428908030e+01
4.031999999999999473e-02 -3.614697622255329179e+01
4.079999999999999599e-02 -3.630862773375840646e+01
4.127999999999999725e-02 -3.664501278176699373e+01
4.175999999999999851e-02 -3.660043482027545281e+01
4.223999999999999977e-02 -3.667759943188114846e+01
4.271999999999999409e-02 -3.708023591608888836e+01
4.319999999999999535e-02 -3.735942580359191822e+01
4.367999999999999661e-02 -3.758089325369414979e+01
4.415999999999999787e-02 -3.767427554523662536e+01
4.463999999999999913e-02 -3.803899544252945475e+01
4.511999999999999345e-02 -3.844291842168544804e+01
4.559999999999999470e-02 -3.904252929274410633e+01
4.607999999999999596e-02 -3.903691342655732655e+01
4.655999999999999722e-02 -3.890329025751641723e+01
4.703999999999999848e-02 -3.921253407987639861e+01
4.751999999999999280e-02 -3.966584592975534918e+01
4.799999999999999406e-02 -3.959310325418475429e+01
4.847999999999999532e-02 -3.975454249001887774e+01
4.895999999999999658e-02 -4.024779722977285701e+01
4.943999999999999784e-02 -4.069485614717541466e+01
4.991999999999999216e-02 -4.106018821854683409e+01
5.039999999999999342e-02 -4.117251366005223190e+01
5.087999999999999468e-02 -4.121331697299132202e+01
5.135999999999999593e-02 -4.144891876849428769e+01
5.183999999999999719e-02 -4.177904019966936744e+01
5.231999999999999845e-02 -4.215042361616912814e+01
5.279999999999999277e-02 -4.220221073361646091e+01
5.327999999999999403e-02 -4.226189278093315949e+01
5.375999999999999529e-02 -4.234372819984629643e+01
5.423999999999999655e-02 -4.258387018700324234e+01
5.471999999999999781e-02 -4.305242316100357414e+01
5.519999999999999213e-02 -4.349941774560447527e+01
5.567999999999999339e-02 -4.389695026799263644e+01
5.615999999999999465e-02 -4.405409561707951838e+01
5.663999999999999591e-02 -4.400831420134844052e+01
5.711999999999999716e-02 -4.430170950532058072e+01
5.759999999999999842e-02 -4.480825193631477532e+01
5.807999999999999274e-02 -4.496913642170967762e+01
5.855999999999999400e-02 -4.518965301538396773e+01
5.903999999999999526e-02 -4.533678982621843545e+01
5.951999999999999652e-02 -4.546175636856084878e+01
5.999999999999999778e-02 -4.555873844711985043e+01
6.047999999999999210e-02 -4.588576793317499636e+01
6.095999999999999336e-02 -4.637458462589101060e+01
6.143999999999999462e-02 -4.671873253291971650e+01
6.191999999999999588e-02 -4.700142268469839735e+01
6.239999999999999714e-02 -4.716495582857977098e+01
6.287999999999999146e-02 -4.753151720640375544e+01
6.335999999999999965e-02 -4.771375978298209475e+01
6.383999999999999397e-02 -4.777683978679399956e+01
6.431999999999998829e-02 -4.779815453660366131e+01
6.479999999999999649e-02 -4.799287033156437587e+01
6.527999999999999081e-02 -4.840169791086987061e+01
6.575999999999999901e-02 -4.870768043349844589e+01
6.623999999999999333e-02 -4.901372260427564242e+01
6.671999999999998765e-02 -4.913762971365689225e+01
6.719999999999999585e-02 -4.922717127044953855e+01
6.767999999999999017e-02 -4.956739218615854980e+01
6.815999999999999837e-02 -4.952649708190105571e+01
6.863999999999999269e-02 -4.948889257549437559e+01
6.911999999999998701e-02 -4.984361162342423768e+01
6.959999999999999520e-02 -5.004097222530197797e+01
7.007999999999998952e-02 -5.032997099594243195e+01
7.055999999999999772e-02 -5.084885255120180148e+01
7.103999999999999204e-02 -5.080282206297665937e+01
7.152000000000000024e-02 -5.080793092700570668e+01
7.199999999999999456e-02 -5.140621289859598875e+01
7.247999999999998888e-02 -5.178577559204598657e+01
7.295999999999999708e-02 -5.184700395277353380e+01
7.343999999999999140e-02 -5.163891164364807196e+01
7.391999999999999960e-02 -5.194849617226640959e+01
7.439999999999999392e-02 -5.215481021389472716e+01
7.487999999999998824e-02 -5.200336383249725714e+01
7.535999999999999643e-02 -5.255137917151089511e+01
7.583999999999999075e-02 -5.305754886810979798e+01
7.631999999999999895e-02 -5.336217583654963903e+01
7.679999999999999327e-02 -5.362490948187708995e+01
7.727999999999998759e-02 -5.370132783158393863e+01
7.775999999999999579e-02 -5.359128767803221649e+01
7.823999999999999011e-02 -5.382317867271314071e+01
7.871999999999999831e-02 -5.408346623473255477e+01
7.919999999999999263e-02 -5.386454543616516588e+01
7.967999999999998695e-02 -5.405483949178436376e+01
8.015999999999999515e-02 -5.440079809701784086e+01
8.063999999999998947e-02 -5.431955972667737598e+01
8.111999999999999766e-02 -5.496816465318110545e+01
8.159999999999999198e-02 -5.499335540247797383e+01
8.207999999999998630e-02 -5.459551976173381149e+01
8.255999999999999450e-02 -5.491774779862579692e+01
8.303999999999998882e-02 -5.517594137859524039e+01
8.351999999999999702e-02 -5.515420084671076495e+01
8.399999999999999134e-02 -5.523371840389887666e+01
8.447999999999999954e-02 -5.516589321923993339e+01
8.495999999999999386e-02 -5.537223569845042448e+01
8.543999999999998818e-02 -5.573241027043945905e+01
8.591999999999999638e-02 -5.566064953025091455e+01
8.639999999999999070e-02 -5.574018122617147952e+01
8.687999999999999889e-02 -5.596291413898423883e+01
8.735999999999999321e-02 -5.608876304950463521e+01
8.783999999999998753e-02 -5.633659260984893535e+01
8.831999999999999573e-02 -5.657617236504810876e+01
8.879999999999999005e-02 -5.652123772623629350e+01
8.927999999999999825e-02 -5.674036857816332713e+01
8.975999999999999257e-02 -5.699830011509016003e+01
9.023999999999998689e-02 -5.693686521388396926e+01
9.071999999999999509e-02 -5.686077584172596744e+01
9.119999999999998941e-02 -5.696949582302102755e+01
9.167999999999999761e-02 -5.734402181781013041e+01
9.215999999999999193e-02 -5.763766440777280309e+01
9.263999999999998625e-02 -5.789894267313690790e+01
9.311999999999999444e-02 -5.788424510626942521e+01
9.359999999999998876e-02 -5.770859614157257056e+01
9.407999999999999696e-02 -5.768990901816840733e+01
9.455999999999999128e-02 -5.767602602617092344e+01
9.503999999999998560e-02 -5.790314315801165890e+01
9.551999999999999380e-02 -5.804777019949652583e+01
9.599999999999998812e-02 -5.813961456818929463e+01
9.647999999999999632e-02 -5.804977095958741984e+01
9.695999999999999064e-02 -5.810967898684098287e+01
9.743999999999998496e-02 -5.815507952708492923e+01
9.791999999999999316e-02 -5.795022501115085589e+01
9.839999999999998748e-02 -5.787914637020818276e+01
9.887999999999999567e-02 -5.826992114612905027e+01
9.935999999999998999e-02 -5.879401952508711560e+01
9.983999999999998431e-02 -5.888751059226581930e+01
1.003199999999999925e-01 -5.866987777682982852e+01
1.007999999999999868e-01 -5.865696620915250747e+01
1.012799999999999950e-01 -5.906884930946504397e+01
1.017599999999999894e-01 -5.948750519972992379e+01
1.022399999999999975e-01 -5.962172479014508042e+01
1.027199999999999919e-01 -5.983754668559910073e+01
1.031999999999999862e-01 -6.003435619495086684e+01
1.036799999999999944e-01 -6.067010171725910794e+01
1.041599999999999887e-01 -6.123600433556624267e+01
1.046399999999999969e-01 -6.174318632605020696e+01
1.051199999999999912e-01 -6.255476499385274280e+01
1.055999999999999855e-01 -6.333630831576388687e+01
1.060799999999999937e-01 -6.368726144626868546e+01
1.065599999999999881e-01 -6.446155934949322841e+01
1.070399999999999963e-01 -6.532109546865652305e+01
1.075199999999999906e-01 -6.612965783008655762e+01
1.079999999999999849e-01 -6.706411619918908684e+01
1.084799999999999931e-01 -6.819015083401330912e+01
1.089599999999999874e-01 -6.917545663773162801e+01
1.094399999999999956e-01 -7.019372355386187223e+01
1.099199999999999899e-01 -7.179835603263363453e+01
1.103999999999999843e-01 -7.328954722274164624e+01
1.108799999999999925e-01 -7.474665237443227284e+01
1.113599999999999868e-01 -7.628005569177821599e+01
1.118399999999999950e-01 -7.752492335157823788e+01
1.123199999999999893e-01 -7.877563222812830190e+01
1.127999999999999836e-01 -7.987891530406776042e+01
1.132799999999999918e-01 -8.058415599513985228e+01
1.137599999999999861e-01 -8.103544797079676698e+01
1.142399999999999943e-01 -8.139441002284500826e+01
1.147199999999999886e-01 -8.135539519153078913e+01
1.151999999999999968e-01 -8.133887601880593365e+01
1.156799999999999912e-01 -8.129821313783250503e+01
1.161599999999999855e-01 -8.147046832688454288e+01
1.166399999999999937e-01 -8.173193796608828166e+01
1.171199999999999880e-01 -8.161982324800617050e+01
1.175999999999999962e-01 -8.157202889348820918e+01
1.180799999999999905e-01 -8.176900090135697496e+01
1.185599999999999848e-01 -8.173427368502119350e+01
1.190399999999999930e-01 -8.178993547253932661e+01
1.195199999999999874e-01 -8.155500049522740369e+01
1.199999999999999956e-01 -8.152132069856807561e+01
1.204799999999999899e-01 -8.169526708110906554e+01
1.209599999999999842e-01 -8.177639806192372873e+01
1.214399999999999924e-01 -8.157423623675708768e+01
1.219199999999999867e-01 -8.128726043195767659e+01
1.223999999999999949e-01 -7.983131119626730765e+01
