-1.228799999999999955e+02 -9.833535969593336290e+01
-1.223999999999999915e+02 -1.020248409677917465e+02
-1.219200000000000017e+02 -1.061660451718807110e+02
-1.214399999999999977e+02 -1.058339691798480686e+02
-1.209599999999999937e+02 -1.059124453098671239e+02
-1.204799999999999898e+02 -1.061994494138963034e+02
-1.200000000000000000e+02 -1.062376648676566191e+02
-1.195199999999999960e+02 -1.063167867902024284e+02
-1.190399999999999920e+02 -1.061904668398526042e+02
-1.185600000000000023e+02 -1.061713651988274876e+02
-1.180799999999999983e+02 -1.061034934989565386e+02
-1.175999999999999943e+02 -1.059398046617576483e+02
-1.171199999999999903e+02 -1.059663785152556557e+02
-1.166400000000000006e+02 -1.060185952763525705e+02
-1.161599999999999966e+02 -1.059742005514684990e+02
-1.156799999999999926e+02 -1.060482455283276551e+02
-1.151999999999999886e+02 -1.060885164405450780e+02
-1.147199999999999989e+02 -1.058584350805301710e+02
-1.142399999999999949e+02 -1.054904359390183970e+02
-1.137599999999999909e+02 -1.054235514304196784e+02
-1.132800000000000011e+02 -1.048159696014137694e+02
-1.127999999999999972e+02 -1.038857203890387666e+02
-1.123199999999999932e+02 -1.029668513760847617e+02
-1.118399999999999892e+02 -1.020696246853238307e+02
-1.113599999999999994e+02 -1.006744091114910873e+02
-1.108799999999999955e+02 -9.911471857694084520e+01
-1.103999999999999915e+02 -9.753578939770173406e+01
-1.099200000000000017e+02 -9.608405132991242681e+01
-1.094399999999999977e+02 -9.479531749277586528e+01
-1.089599999999999937e+02 -9.380509559566965549e+01
-1.084799999999999898e+02 -9.238265088687164450e+01
-1.080000000000000000e+02 -9.081839654250032368e+01
-1.075199999999999960e+02 -8.972254736933058439e+01
-1.070399999999999920e+02 -8.907266850493982702e+01
-1.065600000000000023e+02 -8.835003387474118597e+01
-1.060799999999999983e+02 -8.735877356467500476e+01
-1.055999999999999943e+02 -8.647691093856771261e+01
-1.051199999999999903e+02 -8.583336825403434034e+01
-1.046400000000000006e+02 -8.531727293777217369e+01
-1.041599999999999966e+02 -8.489642856845902941e+01
-1.036799999999999926e+02 -8.444407677748877461e+01
-1.032000000000000028e+02 -8.391465381186820593e+01
-1.027199999999999989e+02 -8.349592770996821400e+01
-1.022399999999999949e+02 -8.314767250451862424e+01
-1.017599999999999909e+02 -8.317207232540125972e+01
-1.012800000000000011e+02 -8.284614224366865187e+01
-1.007999999999999972e+02 -8.261644074267462656e+01
-1.003199999999999932e+02 -8.243951727030955112e+01
-9.984000000000000341e+01 -8.222185266665340464e+01
-9.935999999999999943e+01 -8.243126199556621714e+01
-9.887999999999999545e+01 -8.237847045154752834e+01
-9.839999999999999147e+01 -8.200864046983903677e+01
-9.792000000000000171e+01 -8.187662726185695306e+01
-9.743999999999999773e+01 -8.169007127625236819e+01
-9.695999999999999375e+01 -8.162007653118021722e+01
-9.647999999999998977e+01 -8.117961367182944343e+01
-9.600000000000000000e+01 -8.100430363744402484e+01
-9.551999999999999602e+01 -8.141515720284334634e+01
-9.503999999999999204e+01 -8.138885486088084065e+01
-9.456000000000000227e+01 -8.101351252116275248e+01
-9.407999999999999829e+01 -8.081310142046994827e+01
-9.359999999999999432e+01 -8.077458206875002134e+01
-9.311999999999999034e+01 -8.093575245867980072e+01
-9.264000000000000057e+01 -8.096705199886785920e+01
-9.215999999999999659e+01 -8.092262012315644881e+01
-9.167999999999999261e+01 -8.068658580375912948e+01
-9.120000000000000284e+01 -7.997600559775067097e+01
-9.071999999999999886e+01 -7.991459202540157492e+01
-9.023999999999999488e+01 -7.984521021634782301e+01
-8.975999999999999091e+01 -7.988877716478459945e+01
-8.928000000000000114e+01 -7.987480062032557271e+01
-8.879999999999999716e+01 -8.015049173552348805e+01
-8.831999999999999318e+01 -7.998644200628949363e+01
-8.784000000000000341e+01 -7.946424457568636512e+01
-8.735999999999999943e+01 -7.943569547228891281e+01
-8.687999999999999545e+01 -7.921174235146806097e+01
-8.639999999999999147e+01 -7.868522447858522639e+01
-8.592000000000000171e+01 -7.896960168746706188e+01
-8.543999999999999773e+01 -7.912608407558180090e+01
-8.495999999999999375e+01 -7.890004326377986388e+01
-8.447999999999998977e+01 -7.856789048018495691e+01
-8.400000000000000000e+01 -7.837616648484441839e+01
-8.351999999999999602e+01 -7.828896116436014552e+01
-8.303999999999999204e+01 -7.845943945483060133e+01
-8.256000000000000227e+01 -7.836807764220127126e+01
-8.207999999999999829e+01 -7.829775385241568131e+01
-8.159999999999999432e+01 -7.831679270402565862e+01
-8.111999999999999034e+01 -7.822469449335108038e+01
-8.064000000000000057e+01 -7.802198502645106259e+01
-8.015999999999999659e+01 -7.779880186065543057e+01
-7.967999999999999261e+01 -7.763179200683497072e+01
-7.920000000000000284e+01 -7.755461300524923729e+01
-7.871999999999999886e+01 -7.754605011703080208e+01
-7.823999999999999488e+01 -7.751796651120312731e+01
-7.775999999999999091e+01 -7.738126293254262578e+01
-7.728000000000000114e+01 -7.752563298811759296e+01
-7.679999999999999716e+01 -7.741225218863110058e+01
-7.631999999999999318e+01 -7.697126588642822753e+01
-7.584000000000000341e+01 -7.696877861542327537e+01
-7.535999999999999943e+01 -7.713444709096626184e+01
-7.487999999999999545e+01 -7.677458516605719296e+01
-7.439999999999999147e+01 -7.655416568039231606e+01
-7.392000000000000171e+01 -7.639084321932222110e+01
-7.343999999999999773e+01 -7.636939304883767932e+01
-7.295999999999999375e+01 -7.622226103480404902e+01
-7.248000000000000398e+01 -7.604051520321978330e+01
-7.200000000000000000e+01 -7.599369885547318404e+01
-7.151999999999999602e+01 -7.613231599071059463e+01
-7.103999999999999204e+01 -7.600367372944276667e+01
-7.056000000000000227e+01 -7.559430211801225141e+01
-7.007999999999999829e+01 -7.534501931060376023e+01
-6.959999999999999432e+01 -7.525183403147248384e+01
-6.912000000000000455e+01 -7.531337946703105501e+01
-6.864000000000000057e+01 -7.506170827262531020e+01
-6.815999999999999659e+01 -7.453791251274540741e+01
-6.767999999999999261e+01 -7.456945420647180356e+01
-6.720000000000000284e+01 -7.449876873955641088e+01
-6.671999999999999886e+01 -7.444371327433566421e+01
-6.623999999999999488e+01 -7.462289878228600060e+01
-6.575999999999999091e+01 -7.426263528420649607e+01
-6.528000000000000114e+01 -7.426740472960509010e+01
-6.479999999999999716e+01 -7.412119780391756763e+01
-6.431999999999999318e+01 -7.368263418488923833e+01
-6.383999999999999631e+01 -7.321157282501681607e+01
-6.335999999999999943e+01 -7.301894782089719627e+01
-6.287999999999999545e+01 -7.280326840240110187e+01
-6.239999999999999858e+01 -7.291530623422205792e+01
-6.191999999999999460e+01 -7.294864542710644173e+01
-6.143999999999999773e+01 -7.263333677454424731e+01
-6.096000000000000085e+01 -7.237045931631172380e+01
-6.047999999999999687e+01 -7.220933800223029664e+01
-6.000000000000000000e+01 -7.207222896082855357e+01
-5.951999999999999602e+01 -7.156151954482996302e+01
-5.903999999999999915e+01 -7.135834188569275227e+01
-5.855999999999999517e+01 -7.124547013636338022e+01
-5.807999999999999829e+01 -7.096310014338675387e+01
-5.759999999999999432e+01 -7.092958097360791214e+01
-5.711999999999999744e+01 -7.050147699077147934e+01
-5.664000000000000057e+01 -7.038257052284305360e+01
-5.615999999999999659e+01 -7.031196754373412716e+01
-5.567999999999999972e+01 -7.007343782727539860e+01
-5.519999999999999574e+01 -6.961993087964089000e+01
-5.471999999999999886e+01 -6.934652946349348213e+01
-5.423999999999999488e+01 -6.925270566790456428e+01
-5.375999999999999801e+01 -6.885951768671534978e+01
-5.328000000000000114e+01 -6.852231527665915678e+01
-5.279999999999999716e+01 -6.829787833960335774e+01
-5.232000000000000028e+01 -6.809438746677079735e+01
-5.183999999999999631e+01 -6.805043470427978036e+01
-5.135999999999999943e+01 -6.800607106584597261e+01
-5.087999999999999545e+01 -6.772852737159692538e+01
-5.039999999999999858e+01 -6.720793090177561169e+01
-4.992000000000000171e+01 -6.695079822837229244e+01
-4.943999999999999773e+01 -6.650193321590391804e+01
-4.896000000000000085e+01 -6.605577839852404054e+01
-4.847999999999999687e+01 -6.595375654867024195e+01
-4.800000000000000000e+01 -6.584976209002806513e+01
-4.751999999999999602e+01 -6.554373861294256187e+01
-4.703999999999999915e+01 -6.533603233857745352e+01
-4.655999999999999517e+01 -6.530371525171291580e+01
-4.607999999999999829e+01 -6.512631316147789562e+01
-4.560000000000000142e+01 -6.489108677501126010e+01
-4.511999999999999744e+01 -6.455395288009819410e+01
-4.464000000000000057e+01 -6.407077086353562834e+01
-4.415999999999999659e+01 -6.388504034443344182e+01
-4.367999999999999972e+01 -6.353420146173449012e+01
-4.319999999999999574e+01 -6.301953372448838309e+01
-4.271999999999999886e+01 -6.262577623530872017e+01
-4.223999999999999488e+01 -6.230071398437491581e+01
-4.175999999999999801e+01 -6.184625134884501563e+01
-4.128000000000000114e+01 -6.136389210468365008e+01
-4.079999999999999716e+01 -6.145062965342133054e+01
-4.032000000000000028e+01 -6.146090026476841928e+01
-3.983999999999999631e+01 -6.116337616558391233e+01
-3.935999999999999943e+01 -6.075155530425639228e+01
-3.887999999999999545e+01 -6.031192959307691837e+01
-3.839999999999999858e+01 -5.994579626147455542e+01
-3.792000000000000171e+01 -5.965558802617761103e+01
-3.743999999999999773e+01 -5.912444005931224211e+01
-3.696000000000000085e+01 -5.875736204516069705e+01
-3.647999999999999687e+01 -5.868395935228890181e+01
-3.600000000000000000e+01 -5.830421607793009287e+01
-3.551999999999999602e+01 -5.759463434760530021e+01
-3.503999999999999915e+01 -5.725768454304162702e+01
-3.456000000000000227e+01 -5.720542601306733133e+01
-3.407999999999999829e+01 -5.700187258067050777e+01
-3.360000000000000142e+01 -5.661548099401607459e+01
-3.311999999999999744e+01 -5.625520448268243001e+01
-3.264000000000000057e+01 -5.613563388625611594e+01
-3.215999999999999659e+01 -5.568171078744492064e+01
-3.167999999999999972e+01 -5.534089611595243241e+01
-3.119999999999999929e+01 -5.515159724712255240e+01
-3.071999999999999886e+01 -5.473634652327574912e+01
-3.023999999999999844e+01 -5.434341776804082258e+01
-2.975999999999999801e+01 -5.402445394223617825e+01
-2.927999999999999758e+01 -5.363304279884478376e+01
-2.879999999999999716e+01 -5.323620572891960734e+01
-2.832000000000000028e+01 -5.287034569595645905e+01
-2.783999999999999986e+01 -5.249754565920331117e+01
-2.735999999999999943e+01 -5.198274472133314106e+01
-2.687999999999999901e+01 -5.123051505619334023e+01
-2.639999999999999858e+01 -5.070173464593700885e+01
-2.591999999999999815e+01 -4.992722472778385878e+01
-2.543999999999999773e+01 -4.929073800077210876e+01
-2.496000000000000085e+01 -4.888326699047102863e+01
-2.448000000000000043e+01 -4.855966381146753719e+01
-2.400000000000000000e+01 -4.793170929329584595e+01
-2.351999999999999957e+01 -4.736523532029386274e+01
-2.303999999999999915e+01 -4.703734618250273769e+01
-2.255999999999999872e+01 -4.674270987636637642e+01
-2.207999999999999829e+01 -4.618021753975725829e+01
-2.159999999999999787e+01 -4.576890582974441912e+01
-2.111999999999999744e+01 -4.486734845181241838e+01
-2.064000000000000057e+01 -4.434826112533242792e+01
-2.016000000000000014e+01 -4.397539061839332675e+01
-1.967999999999999972e+01 -4.352580370580020741e+01
-1.919999999999999929e+01 -4.347493814088588238e+01
-1.871999999999999886e+01 -4.337150446747379817e+01
-1.823999999999999844e+01 -4.290485713353180586e+01
-1.775999999999999801e+01 -4.227806613552081672e+01
-1.728000000000000114e+01 -4.209898284851498573e+01
-1.680000000000000071e+01 -4.205229567012619185e+01
-1.632000000000000028e+01 -4.174642516117237534e+01
-1.583999999999999986e+01 -4.141547973113955550e+01
-1.535999999999999943e+01 -4.110796598276365899e+01
-1.487999999999999901e+01 -4.096647126644668901e+01
-1.439999999999999858e+01 -4.058009528149675305e+01
-1.391999999999999993e+01 -4.003943575018055157e+01
-1.343999999999999950e+01 -4.000987057441764705e+01
-1.295999999999999908e+01 -3.975649506254351451e+01
-1.248000000000000043e+01 -3.923050382230353250e+01
-1.200000000000000000e+01 -3.916693705663671210e+01
-1.151999999999999957e+01 -3.903880238243183953e+01
-1.103999999999999915e+01 -3.878281247528796882e+01
-1.055999999999999872e+01 -3.850838398175398680e+01
-1.008000000000000007e+01 -3.300681580870675447e+01
-9.599999999999999645e+00 -2.579167315522921555e+01
-9.119999999999999218e+00 -2.323544635132481773e+01
-8.640000000000000568e+00 -2.303768918797864984e+01
-8.160000000000000142e+00 -2.305611456073417642e+01
-7.679999999999999716e+00 -2.289873759607028347e+01
-7.199999999999999289e+00 -2.281235924596778020e+01
-6.719999999999999751e+00 -2.300292326634492568e+01
-6.240000000000000213e+00 -2.297800014796085577e+01
-5.759999999999999787e+00 -2.281235734706159235e+01
-5.279999999999999361e+00 -2.280709479741800294e+01
-4.799999999999999822e+00 -2.278187135976322963e+01
-4.320000000000000284e+00 -2.291612076751876614e+01
-3.839999999999999858e+00 -2.303021394557530854e+01
-3.359999999999999876e+00 -2.307377908683131196e+01
-2.879999999999999893e+00 -2.307966221377266436e+01
-2.399999999999999911e+00 -2.300909861405635937e+01
-1.919999999999999929e+00 -2.314253536638599229e+01
-1.439999999999999947e+00 -2.307562603652354483e+01
-9.599999999999999645e-01 -2.297860185731659399e+01
-4.799999999999999822e-01 -2.310850054546014221e+01
0.000000000000000000e+00 -2.314042297576338925e+01
4.799999999999999822e-01 -2.288143561802419512e+01
9.599999999999999645e-01 -2.251516442591127287e+01
1.439999999999999947e+00 -2.290571081592089442e+01
1.919999999999999929e+00 -2.330773178894140329e+01
2.399999999999999911e+00 -2.307867328201083623e+01
2.879999999999999893e+00 -2.285978702119989237e+01
3.359999999999999876e+00 -2.269270163424262776e+01
3.839999999999999858e+00 -2.294190846706468889e+01
4.320000000000000284e+00 -2.328585110235811939e+01
4.799999999999999822e+00 -2.325113521826799712e+01
5.279999999999999361e+00 -2.307138388403321727e+01
5.759999999999999787e+00 -2.311952672879754900e+01
6.240000000000000213e+00 -2.324793922154675840e+01
6.719999999999999751e+00 -2.320241485378224056e+01
7.199999999999999289e+00 -2.308495192532112128e+01
7.679999999999999716e+00 -2.325940867719568672e+01
8.160000000000000142e+00 -2.324481176752964373e+01
8.640000000000000568e+00 -2.322236700963062361e+01
9.119999999999999218e+00 -2.359689771559358107e+01
9.599999999999999645e+00 -2.615813351668652942e+01
1.008000000000000007e+01 -3.349891697232067855e+01
1.055999999999999872e+01 -3.939523527745835452e+01
1.103999999999999915e+01 -3.990292016580661283e+01
1.151999999999999957e+01 -4.000991276901356031e+01
1.200000000000000000e+01 -4.028186982146164041e+01
1.248000000000000043e+01 -4.088241277497279214e+01
1.295999999999999908e+01 -4.105280810597555785e+01
1.343999999999999950e+01 -4.113019693437139068e+01
1.391999999999999993e+01 -4.118242124137112370e+01
1.439999999999999858e+01 -4.147873153502814603e+01
1.487999999999999901e+01 -4.207858908752157845e+01
1.535999999999999943e+01 -4.228015873225294285e+01
1.583999999999999986e+01 -4.256488959317071163e+01
1.632000000000000028e+01 -4.293253176997989584e+01
1.680000000000000071e+01 -4.305775196997488763e+01
1.728000000000000114e+01 -4.350740133709560098e+01
1.775999999999999801e+01 -4.429672274537978183e+01
1.823999999999999844e+01 -4.468193980996506554e+01
1.871999999999999886e+01 -4.500299357579472570e+01
1.919999999999999929e+01 -4.521987794099666758e+01
1.967999999999999972e+01 -4.553069207233246374e+01
2.016000000000000014e+01 -4.584160566706205486e+01
2.064000000000000057e+01 -4.629719641216790649e+01
2.111999999999999744e+01 -4.702706943425738473e+01
2.159999999999999787e+01 -4.715252280660459405e+01
2.207999999999999829e+01 -4.721173560943719849e+01
2.255999999999999872e+01 -4.773010984171560267e+01
2.303999999999999915e+01 -4.811271178952253535e+01
2.351999999999999957e+01 -4.873402823229895375e+01
2.400000000000000000e+01 -4.925184804500662494e+01
2.448000000000000043e+01 -4.986898749428392819e+01
2.496000000000000085e+01 -5.032016858833784312e+01
2.543999999999999773e+01 -5.079397756070788716e+01
2.591999999999999815e+01 -5.142286617839479845e+01
2.639999999999999858e+01 -5.208409007011658787e+01
2.687999999999999901e+01 -5.262027845981729968e+01
2.735999999999999943e+01 -5.328133372389181943e+01
2.783999999999999986e+01 -5.376304700338098996e+01
2.832000000000000028e+01 -5.413497009190255937e+01
2.879999999999999716e+01 -5.451755285990246591e+01
2.927999999999999758e+01 -5.466626517279269848e+01
2.975999999999999801e+01 -5.515606902835398273e+01
3.023999999999999844e+01 -5.537156968763679288e+01
3.071999999999999886e+01 -5.550362836454092985e+01
3.119999999999999929e+01 -5.575282441088890550e+01
3.167999999999999972e+01 -5.593720873586079989e+01
3.215999999999999659e+01 -5.614939104762018474e+01
3.264000000000000057e+01 -5.619452493702279128e+01
3.311999999999999744e+01 -5.649695203987914738e+01
3.360000000000000142e+01 -5.701367476536155721e+01
3.407999999999999829e+01 -5.725600955552513938e+01
3.456000000000000227e+01 -5.754292202889886454e+01
3.503999999999999915e+01 -5.755085863092030962e+01
3.551999999999999602e+01 -5.763770580229191864e+01
3.600000000000000000e+01 -5.802494805161898483e+01
3.647999999999999687e+01 -5.820656763248421584e+01
3.696000000000000085e+01 -5.864820127011797979e+01
3.743999999999999773e+01 -5.884882579338518838e+01
3.792000000000000171e+01 -5.914210497789011356e+01
3.839999999999999858e+01 -5.958968946712728609e+01
3.887999999999999545e+01 -5.977855177795398589e+01
3.935999999999999943e+01 -6.013217846727165039e+01
3.983999999999999631e+01 -6.066670857970301256e+01
4.032000000000000028e+01 -6.057642825520734675e+01
4.079999999999999716e+01 -6.074530487605457552e+01
4.128000000000000114e+01 -6.107585527764314293e+01
4.175999999999999801e+01 -6.103547351636144924e+01
4.223999999999999488e+01 -6.110828786379936162e+01
4.271999999999999886e+01 -6.147657852904194442e+01
4.319999999999999574e+01 -6.172903432415545666e+01
4.367999999999999972e+01 -6.194587682740764478e+01
4.415999999999999659e+01 -6.204822932154687010e+01
4.464000000000000057e+01 -6.245635849942366491e+01
4.511999999999999744e+01 -6.283496929336895676e+01
4.560000000000000142e+01 -6.338581114037864950e+01
4.607999999999999829e+01 -6.340049798670132475e+01
4.655999999999999517e+01 -6.328153487379534425e+01
4.703999999999999915e+01 -6.357056961893694336e+01
4.751999999999999602e+01 -6.397666762892530556e+01
4.800000000000000000e+01 -6.390534249664203514e+01
4.847999999999999687e+01 -6.409491768038110138e+01
4.896000000000000085e+01 -6.458295366893460709e+01
4.943999999999999773e+01 -6.504201911552090110e+01
4.992000000000000171e+01 -6.539203173261375923e+01
5.039999999999999858e+01 -6.548228599654915172e+01
5.087999999999999545e+01 -6.556783400373282689e+01
5.135999999999999943e+01 -6.580124287954235740e+01
5.183999999999999631e+01 -6.614636154695480741e+01
5.232000000000000028e+01 -6.655879315225672599e+01
5.279999999999999716e+01 -6.657456913137949073e+01
5.328000000000000114e+01 -6.660200791626535022e+01
5.375999999999999801e+01 -6.668108568912565204e+01
5.423999999999999488e+01 -6.693265133371522779e+01
5.471999999999999886e+01 -6.739362640278024230e+01
5.519999999999999574e+01 -6.783299447029340001e+01
5.567999999999999972e+01 -6.826997974708150707e+01
5.615999999999999659e+01 -6.843446989878057707e+01
5.664000000000000057e+01 -6.831463050913016843e+01
5.711999999999999744e+01 -6.857208721417433139e+01
5.759999999999999432e+01 -6.908418086940656622e+01
5.807999999999999829e+01 -6.924357968091038629e+01
5.855999999999999517e+01 -6.943975587044802467e+01
5.903999999999999915e+01 -6.956222170468363686e+01
5.951999999999999602e+01 -6.971062997178627541e+01
6.000000000000000000e+01 -6.976586478276453818e+01
6.047999999999999687e+01 -7.011936418090797929e+01
6.096000000000000085e+01 -7.066635297514072533e+01
6.143999999999999773e+01 -7.098642634978642718e+01
6.191999999999999460e+01 -7.129521745920541775e+01
6.239999999999999858e+01 -7.145623754774490521e+01
6.287999999999999545e+01 -7.182393345494158154e+01
6.335999999999999943e+01 -7.192163158481872642e+01
6.383999999999999631e+01 -7.196302963490428795e+01
6.431999999999999318e+01 -7.202362950832869615e+01
6.479999999999999716e+01 -7.225542934185352806e+01
6.528000000000000114e+01 -7.265124571929602837e+01
6.575999999999999091e+01 -7.296893712303402424e+01
6.623999999999999488e+01 -7.323795744448058542e+01
6.671999999999999886e+01 -7.345228431167333838e+01
6.720000000000000284e+01 -7.350317394797176007e+01
6.767999999999999261e+01 -7.376112336408122871e+01
6.815999999999999659e+01 -7.377001412819839743e+01
6.864000000000000057e+01 -7.369873181532889816e+01
6.912000000000000455e+01 -7.407573110641199321e+01
6.959999999999999432e+01 -7.434259278629211565e+01
7.007999999999999829e+01 -7.465887454939672807e+01
7.056000000000000227e+01 -7.521690077986156098e+01
7.103999999999999204e+01 -7.516079827264994151e+01
7.151999999999999602e+01 -7.516062007405903955e+01
7.200000000000000000e+01 -7.571386850010254932e+01
7.248000000000000398e+01 -7.594143958617630119e+01
7.295999999999999375e+01 -7.608326287014604361e+01
7.343999999999999773e+01 -7.598354727377368079e+01
7.392000000000000171e+01 -7.629171535768938384e+01
7.439999999999999147e+01 -7.648284607533955182e+01
7.487999999999999545e+01 -7.634820248118190023e+01
7.535999999999999943e+01 -7.687173684006394581e+01
7.584000000000000341e+01 -7.734808566538916352e+01
7.631999999999999318e+01 -7.765444162423909802e+01
7.679999999999999716e+01 -7.792984658452864721e+01
7.728000000000000114e+01 -7.802872276776773219e+01
7.775999999999999091e+01 -7.793767352750013799e+01
7.823999999999999488e+01 -7.822436640334328217e+01
7.871999999999999886e+01 -7.839113533234881004e+01
7.920000000000000284e+01 -7.820651931306771587e+01
7.967999999999999261e+01 -7.846924401348513811e+01
8.015999999999999659e+01 -7.879153165062739106e+01
8.064000000000000057e+01 -7.862500327165273006e+01
8.111999999999999034e+01 -7.924024853993417139e+01
8.159999999999999432e+01 -7.925528885936775225e+01
8.207999999999999829e+01 -7.895105877950318529e+01
8.256000000000000227e+01 -7.927523744233040759e+01
8.303999999999999204e+01 -7.962911585985048646e+01
8.351999999999999602e+01 -7.967021027528889476e+01
8.400000000000000000e+01 -7.976643702631996291e+01
8.447999999999998977e+01 -7.980645582079776545e+01
8.495999999999999375e+01 -8.004638643265005271e+01
8.543999999999999773e+01 -8.012683174877126646e+01
8.592000000000000171e+01 -8.003504751440331688e+01
8.639999999999999147e+01 -8.018808600021873190e+01
8.687999999999999545e+01 -8.040728256099504279e+01
8.735999999999999943e+01 -8.051558116093674755e+01
8.784000000000000341e+01 -8.075346149266374596e+01
8.831999999999999318e+01 -8.109139678203077040e+01
8.879999999999999716e+01 -8.126862933247041099e+01
8.928000000000000114e+01 -8.140985921281094306e+01
8.975999999999999091e+01 -8.161894463621614193e+01
9.023999999999999488e+01 -8.149999422983241004e+01
9.071999999999999886e+01 -8.146946340107818685e+01
9.120000000000000284e+01 -8.159934417480189950e+01
9.167999999999999261e+01 -8.178336843725411143e+01
9.215999999999999659e+01 -8.197528807748585677e+01
9.264000000000000057e+01 -8.238559806023314991e+01
9.311999999999999034e+01 -8.236575872864565895e+01
9.359999999999999432e+01 -8.217899065785670132e+01
9.407999999999999829e+01 -8.210071679410795298e+01
9.456000000000000227e+01 -8.197905836613026054e+01
9.503999999999999204e+01 -8.235956543562161869e+01
9.551999999999999602e+01 -8.263325986017910907e+01
9.600000000000000000e+01 -8.275430296026877386e+01
9.647999999999998977e+01 -8.242657899805357147e+01
9.695999999999999375e+01 -8.259544425068969531e+01
9.743999999999999773e+01 -8.259048079209377136e+01
9.792000000000000171e+01 -8.230326202803351521e+01
9.839999999999999147e+01 -8.230724744350271749e+01
9.887999999999999545e+01 -8.269968866579388589e+01
9.935999999999999943e+01 -8.319429023928907441e+01
9.984000000000000341e+01 -8.334604426293635981e+01
1.003199999999999932e+02 -8.313352495466523351e+01
1.007999999999999972e+02 -8.301398943202016767e+01
1.012800000000000011e+02 -8.342747267838566927e+01
1.017599999999999909e+02 -8.398971188644034669e+01
1.022399999999999949e+02 -8.411548401636379424e+01
1.027199999999999989e+02 -8.424438469683444453e+01
1.032000000000000028e+02 -8.438222314384336187e+01
1.036799999999999926e+02 -8.514838654700504605e+01
1.041599999999999966e+02 -8.565059820969550231e+01
1.046400000000000006e+02 -8.584300227250076887e+01
1.051199999999999903e+02 -8.678238419611817278e+01
1.055999999999999943e+02 -8.767385958089731446e+01
1.060799999999999983e+02 -8.810856080358747988e+01
1.065600000000000023e+02 -8.867361105544416944e+01
1.070399999999999920e+02 -8.950964655165211070e+01
1.075199999999999960e+02 -9.050475844571869288e+01
1.080000000000000000e+02 -9.159001597782423687e+01
1.084799999999999898e+02 -9.277547898361231660e+01
1.089599999999999937e+02 -9.362384469849874336e+01
1.094399999999999977e+02 -9.471597835681841104e+01
1.099200000000000017e+02 -9.632299847233979051e+01
1.103999999999999915e+02 -9.792867308830361139e+01
1.108799999999999955e+02 -9.932032969112458431e+01
1.113599999999999994e+02 -1.009308022815080932e+02
1.118399999999999892e+02 -1.022639392567246119e+02
1.123199999999999932e+02 -1.034723878912064379e+02
1.127999999999999972e+02 -1.045788014259803589e+02
1.132800000000000011e+02 -1.050846509361406191e+02
1.137599999999999909e+02 -1.055298170880832629e+02
1.142399999999999949e+02 -1.060018468978062174e+02
1.147199999999999989e+02 -1.062853276440468022e+02
1.151999999999999886e+02 -1.063236496565634752e+02
1.156799999999999926e+02 -1.063691478205687417e+02
1.161599999999999966e+02 -1.061363490716530293e+02
1.166400000000000006e+02 -1.058987809362183157e+02
1.171199999999999903e+02 -1.061816108772214164e+02
1.175999999999999943e+02 -1.063916663782541150e+02
1.180799999999999983e+02 -1.064093766965464170e+02
1.185600000000000023e+02 -1.062352067241818361e+02
1.190399999999999920e+02 -1.060760237910834434e+02
1.195199999999999960e+02 -1.061116134185623281e+02
1.200000000000000000e+02 -1.063251806783062250e+02
1.204799999999999898e+02 -1.060330811889138261e+02
1.209599999999999937e+02 -1.058155314143535577e+02
1.214399999999999977e+02 -1.058787253626859410e+02
1.219200000000000017e+02 -1.057244201707138984e+02
1.223999999999999915e+02 -1.017486069216851376e+02
