-1.228799999999999892e-01 -7.927411127031899696e+01
-1.223999999999999949e-01 -8.073144839751890345e+01
-1.219199999999999867e-01 -8.168249760127700654e+01
-1.214399999999999924e-01 -8.171308014937906705e+01
-1.209599999999999842e-01 -8.152933460370439889e+01
-1.204799999999999899e-01 -8.167484694017970526e+01
-1.199999999999999956e-01 -8.190222177686564464e+01
-1.195199999999999874e-01 -8.162505346109685433e+01
-1.190399999999999930e-01 -8.136011183377570433e+01
-1.185599999999999848e-01 -8.138340773458260458e+01
-1.180799999999999905e-01 -8.150933924271225806e+01
-1.175999999999999962e-01 -8.151313807845019710e+01
-1.171199999999999880e-01 -8.135179521551327753e+01
-1.166399999999999937e-01 -8.133290895620996253e+01
-1.161599999999999855e-01 -8.167066095747200904e+01
-1.156799999999999912e-01 -8.177532998167248479e+01
-1.151999999999999968e-01 -8.174173968444449656e+01
-1.147199999999999886e-01 -8.169501529812315255e+01
-1.142399999999999943e-01 -8.156836167588980402e+01
-1.137599999999999861e-01 -8.111601357565078274e+01
-1.132799999999999918e-01 -8.060913907242444054e+01
-1.127999999999999836e-01 -8.001240463240873169e+01
-1.123199999999999893e-01 -7.897718544517924499e+01
-1.118399999999999950e-01 -7.779979069402449454e+01
-1.113599999999999868e-01 -7.634246332592418582e+01
-1.108799999999999925e-01 -7.463362617457532622e+01
-1.103999999999999843e-01 -7.286213838775955765e+01
-1.099199999999999899e-01 -7.135963118774687075e+01
-1.094399999999999956e-01 -7.024169920533149991e+01
-1.089599999999999874e-01 -6.934516253484903814e+01
-1.084799999999999931e-01 -6.789283701147967065e+01
-1.079999999999999849e-01 -6.638253581066069842e+01
-1.075199999999999906e-01 -6.546133568813647230e+01
-1.070399999999999963e-01 -6.473702728411937812e+01
-1.065599999999999881e-01 -6.389691867882678622e+01
-1.060799999999999937e-01 -6.285258769299043990e+01
-1.055999999999999855e-01 -6.198796850473924991e+01
-1.051199999999999912e-01 -6.137185775332447690e+01
-1.046399999999999969e-01 -6.085047425379578101e+01
-1.041599999999999887e-01 -6.041836438823342093e+01
-1.036799999999999944e-01 -5.963960603104606406e+01
-1.031999999999999862e-01 -5.918547261023346095e+01
-1.027199999999999919e-01 -5.898960643962168149e+01
-1.022399999999999975e-01 -5.882255961427972579e+01
-1.017599999999999894e-01 -5.868284951967909535e+01
-1.012799999999999950e-01 -5.814950221646783746e+01
-1.007999999999999868e-01 -5.798450498254256047e+01
-1.003199999999999925e-01 -5.801362659892083684e+01
-9.983999999999998431e-02 -5.784653186997287833e+01
-9.935999999999998999e-02 -5.800990760169344895e+01
-9.887999999999999567e-02 -5.800433852264639256e+01
-9.839999999999998748e-02 -5.759258637706834350e+01
-9.791999999999999316e-02 -5.736832290817405067e+01
-9.743999999999998496e-02 -5.728679596727148038e+01
-9.695999999999999064e-02 -5.714627484724034900e+01
-9.647999999999999632e-02 -5.669516304947713081e+01
-9.599999999999998812e-02 -5.656614072617934141e+01
-9.551999999999999380e-02 -5.673918951206579919e+01
-9.503999999999998560e-02 -5.689368838792133687e+01
-9.455999999999999128e-02 -5.677305804362897845e+01
-9.407999999999999696e-02 -5.649415230423762324e+01
-9.359999999999998876e-02 -5.620908515722942411e+01
-9.311999999999999444e-02 -5.642782332567623627e+01
-9.263999999999998625e-02 -5.647565959876516217e+01
-9.215999999999999193e-02 -5.640491488414055965e+01
-9.167999999999999761e-02 -5.613656192431185588e+01
-9.119999999999998941e-02 -5.556991841762008733e+01
-9.071999999999999509e-02 -5.544654720903851342e+01
-9.023999999999998689e-02 -5.532290234460727163e+01
-8.975999999999999257e-02 -5.539774222176233565e+01
-8.927999999999999825e-02 -5.544555455428361768e+01
-8.879999999999999005e-02 -5.560842113087218053e+01
-8.831999999999999573e-02 -5.547751767896025399e+01
-8.783999999999998753e-02 -5.505702488966015551e+01
-8.735999999999999321e-02 -5.492029044627582834e+01
-8.687999999999999889e-02 -5.464046190348391008e+01
-8.639999999999999070e-02 -5.421228261937515924e+01
-8.591999999999999638e-02 -5.451143334886420888e+01
-8.543999999999998818e-02 -5.465512392009345888e+01
-8.495999999999999386e-02 -5.437282362533175473e+01
-8.447999999999999954e-02 -5.404082796020358614e+01
-8.399999999999999134e-02 -5.390213914055255628e+01
-8.351999999999999702e-02 -5.395482715240623861e+01
-8.303999999999998882e-02 -5.416367411557331479e+01
-8.255999999999999450e-02 -5.401125550794099439e+01
-8.207999999999998630e-02 -5.386090334388859446e+01
-8.159999999999999198e-02 -5.382487276364028617e+01
-8.111999999999999766e-02 -5.376278998604517767e+01
-8.063999999999998947e-02 -5.367899330551584569e+01
-8.015999999999999515e-02 -5.342381886510630551e+01
-7.967999999999998695e-02 -5.311456717799612193e+01
-7.919999999999999263e-02 -5.303187729876171375e+01
-7.871999999999999831e-02 -5.296912526957782319e+01
-7.823999999999999011e-02 -5.306618106758946141e+01
-7.775999999999999579e-02 -5.286560256108482747e+01
-7.727999999999998759e-02 -5.293479893807216285e+01
-7.679999999999999327e-02 -5.297192855683429968e+01
-7.631999999999999895e-02 -5.257601341989435895e+01
-7.583999999999999075e-02 -5.246546772535887726e+01
-7.535999999999999643e-02 -5.241121431906172035e+01
-7.487999999999998824e-02 -5.223888129390446267e+01
-7.439999999999999392e-02 -5.194999284078339485e+01
-7.391999999999999960e-02 -5.180293164353633983e+01
-7.343999999999999140e-02 -5.182750230689744342e+01
-7.295999999999999708e-02 -5.175344246118659441e+01
-7.247999999999998888e-02 -5.164288361057075605e+01
-7.199999999999999456e-02 -5.152706912662522853e+01
-7.152000000000000024e-02 -5.166839045586633716e+01
-7.103999999999999204e-02 -5.145719223049810154e+01
-7.055999999999999772e-02 -5.099058257659216764e+01
-7.007999999999998952e-02 -5.068347112077373140e+01
-6.959999999999999520e-02 -5.067356015313899320e+01
-6.911999999999998701e-02 -5.076907112154398760e+01
-6.863999999999999269e-02 -5.051595208262767045e+01
-6.815999999999999837e-02 -5.003319145703820681e+01
-6.767999999999999017e-02 -5.002050308959334757e+01
-6.719999999999999585e-02 -4.988003138465921182e+01
-6.671999999999998765e-02 -4.985558860864139774e+01
-6.623999999999999333e-02 -5.006962192445669757e+01
-6.575999999999999901e-02 -4.969514129112699408e+01
-6.527999999999999081e-02 -4.977324510013958303e+01
-6.479999999999999649e-02 -4.958723676066716735e+01
-6.431999999999998829e-02 -4.919111837641773377e+01
-6.383999999999999397e-02 -4.875494448266147174e+01
-6.335999999999999965e-02 -4.852328483592417285e+01
-6.287999999999999146e-02 -4.829552531541126825e+01
-6.239999999999999714e-02 -4.835925406735803733e+01
-6.191999999999999588e-02 -4.849690691743766280e+01
-6.143999999999999462e-02 -4.819135738578773243e+01
-6.095999999999999336e-02 -4.787552082247832175e+01
-6.047999999999999210e-02 -4.765810174358694695e+01
-5.999999999999999778e-02 -4.748587634127261481e+01
-5.951999999999999652e-02 -4.700124628497228940e+01
-5.903999999999999526e-02 -4.684480001890948131e+01
-5.855999999999999400e-02 -4.673980097440367132e+01
-5.807999999999999274e-02 -4.643553072336385412e+01
-5.759999999999999842e-02 -4.635753677525147509e+01
-5.711999999999999716e-02 -4.595414140873675279e+01
-5.663999999999999591e-02 -4.583346791682827615e+01
-5.615999999999999465e-02 -4.575798455238281548e+01
-5.567999999999999339e-02 -4.552540809733176985e+01
-5.519999999999999213e-02 -4.503519443584936255e+01
-5.471999999999999781e-02 -4.471594172824332958e+01
-5.423999999999999655e-02 -4.461414793421220537e+01
-5.375999999999999529e-02 -4.433225536378201070e+01
-5.327999999999999403e-02 -4.400238298148921245e+01
-5.279999999999999277e-02 -4.375284560447397553e+01
-5.231999999999999845e-02 -4.357395725184575497e+01
-5.183999999999999719e-02 -4.350123720041140984e+01
-5.135999999999999593e-02 -4.343103784268126333e+01
-5.087999999999999468e-02 -4.314174933747584362e+01
-5.039999999999999342e-02 -4.260084395859895068e+01
-4.991999999999999216e-02 -4.238884327238796601e+01
-4.943999999999999784e-02 -4.195655833619387209e+01
-4.895999999999999658e-02 -4.149103177996997260e+01
-4.847999999999999532e-02 -4.140461083901691808e+01
-4.799999999999999406e-02 -4.129739242607188032e+01
-4.751999999999999280e-02 -4.097487566591303221e+01
-4.703999999999999848e-02 -4.076031444372365087e+01
-4.655999999999999722e-02 -4.071200356029339673e+01
-4.607999999999999596e-02 -4.052997912396221381e+01
-4.559999999999999470e-02 -4.033108928628977452e+01
-4.511999999999999345e-02 -4.001013226820256818e+01
-4.463999999999999913e-02 -3.951789732753503870e+01
-4.415999999999999787e-02 -3.935583253390015557e+01
-4.367999999999999661e-02 -3.900244530217027972e+01
-4.319999999999999535e-02 -3.845278743552530898e+01
-4.271999999999999409e-02 -3.801208310468373952e+01
-4.223999999999999977e-02 -3.767229580572787739e+01
-4.175999999999999851e-02 -3.724468544972901185e+01
-4.127999999999999725e-02 -3.676752753486569958e+01
-4.079999999999999599e-02 -3.686110866398629327e+01
-4.031999999999999473e-02 -3.688674260537649729e+01
-3.983999999999999347e-02 -3.659816941835934756e+01
-3.935999999999999915e-02 -3.620755512924947084e+01
-3.887999999999999790e-02 -3.575888098227967760e+01
-3.839999999999999664e-02 -3.537712837515829278e+01
-3.791999999999999538e-02 -3.508953119128183573e+01
-3.743999999999999412e-02 -3.455741903489520439e+01
-3.695999999999999980e-02 -3.419027513294349774e+01
-3.647999999999999854e-02 -3.411240944841097189e+01
-3.599999999999999728e-02 -3.371554995579609937e+01
-3.551999999999999602e-02 -3.300364449875799266e+01
-3.503999999999999476e-02 -3.266412439282706259e+01
-3.455999999999999350e-02 -3.260507144827046488e+01
-3.407999999999999918e-02 -3.241331190296435238e+01
-3.359999999999999792e-02 -3.202644772070391355e+01
-3.311999999999999666e-02 -3.165473005041611287e+01
-3.263999999999999541e-02 -3.155537153234602243e+01
-3.215999999999999415e-02 -3.111660660231241238e+01
-3.167999999999999983e-02 -3.076283572663664501e+01
-3.119999999999999857e-02 -3.056362919349827223e+01
-3.071999999999999731e-02 -3.015634345435599073e+01
-3.023999999999999605e-02 -2.976946401330991421e+01
-2.975999999999999826e-02 -2.944690294532865948e+01
-2.927999999999999700e-02 -2.906490690629230755e+01
-2.879999999999999921e-02 -2.867840384529816333e+01
-2.831999999999999795e-02 -2.830633314969493597e+01
-2.783999999999999669e-02 -2.792250623601068327e+01
-2.735999999999999890e-02 -2.741342326295792020e+01
-2.687999999999999765e-02 -2.665996424434105805e+01
-2.639999999999999639e-02 -2.612553503051564974e+01
-2.591999999999999860e-02 -2.535713954440443274e+01
-2.543999999999999734e-02 -2.472836975135591331e+01
-2.495999999999999608e-02 -2.432282381720838416e+01
-2.447999999999999829e-02 -2.400347730476226360e+01
-2.399999999999999703e-02 -2.337291764377889436e+01
-2.351999999999999924e-02 -2.280452004478396688e+01
-2.303999999999999798e-02 -2.246921272268053471e+01
-2.255999999999999672e-02 -2.217397782361399550e+01
-2.207999999999999893e-02 -2.161286547665090296e+01
-2.159999999999999767e-02 -2.120108605116245570e+01
-2.111999999999999988e-02 -2.030434867722853909e+01
-2.063999999999999863e-02 -1.978664886156030889e+01
-2.015999999999999737e-02 -1.940890248555681907e+01
-1.967999999999999958e-02 -1.895831764883542903e+01
-1.919999999999999832e-02 -1.891417534440412851e+01
-1.871999999999999706e-02 -1.881571552162077055e+01
-1.823999999999999927e-02 -1.835073942901284028e+01
-1.775999999999999801e-02 -1.772581977199467929e+01
-1.727999999999999675e-02 -1.754234684936515976e+01
-1.679999999999999896e-02 -1.749378666338445143e+01
-1.631999999999999770e-02 -1.719327369290759222e+01
-1.583999999999999991e-02 -1.686984900421179390e+01
-1.535999999999999865e-02 -1.656742099413980185e+01
-1.487999999999999913e-02 -1.642818264123564020e+01
-1.439999999999999961e-02 -1.603331246283390144e+01
-1.391999999999999835e-02 -1.547944770531218239e+01
-1.343999999999999882e-02 -1.545670795901542327e+01
-1.295999999999999930e-02 -1.521194738618162390e+01
-1.247999999999999804e-02 -1.468141837742386713e+01
-1.199999999999999852e-02 -1.460764290069248084e+01
-1.151999999999999899e-02 -1.447448231342198532e+01
-1.103999999999999947e-02 -1.420039464439343035e+01
-1.055999999999999994e-02 -1.349010890268662877e+01
-1.007999999999999868e-02 -3.800430519647722161e+00
-9.599999999999999159e-03 4.184118151658206664e+00
-9.119999999999999635e-03 6.788000786690750132e+00
-8.639999999999998376e-03 6.992691638744865656e+00
-8.159999999999998851e-03 6.991019005857848079e+00
-7.679999999999999327e-03 7.161551713596266744e+00
-7.199999999999999803e-03 7.254059708940766349e+00
-6.719999999999999411e-03 7.079662478275170479e+00
-6.239999999999999020e-03 7.118633693045961053e+00
-5.759999999999999495e-03 7.281871194875954245e+00
-5.279999999999999971e-03 7.275981820941431977e+00
-4.799999999999999580e-03 7.303074507625206380e+00
-4.319999999999999188e-03 7.130883632499629421e+00
-3.839999999999999664e-03 7.020751141390499939e+00
-3.359999999999999706e-03 7.000018478989092685e+00
-2.879999999999999748e-03 6.991255367917997177e+00
-2.399999999999999790e-03 7.089857805601274876e+00
-1.919999999999999832e-03 7.013886388599398281e+00
-1.439999999999999874e-03 7.051529010200098924e+00
-9.599999999999999159e-04 7.127325104596251570e+00
-4.799999999999999580e-04 7.007681366772234632e+00
0.000000000000000000e+00 6.962404348890985695e+00
4.799999999999999580e-04 7.202919598847451255e+00
9.599999999999999159e-04 7.582369006439888537e+00
1.439999999999999874e-03 7.210981221146602671e+00
1.919999999999999832e-03 6.830892386257151117e+00
2.399999999999999790e-03 7.057607306557213356e+00
2.879999999999999748e-03 7.251301021688703941e+00
3.359999999999999706e-03 7.420450032734179580e+00
3.839999999999999664e-03 7.178069591922575654e+00
4.319999999999999188e-03 6.851842784207653025e+00
4.799999999999999580e-03 6.897695490778100513e+00
5.279999999999999971e-03 7.035527472544506722e+00
5.759999999999999495e-03 7.012439227473985071e+00
6.239999999999999020e-03 6.903870481800787218e+00
6.719999999999999411e-03 6.953403174490931704e+00
7.199999999999999803e-03 7.071812885898295598e+00
7.679999999999999327e-03 6.878732617425927565e+00
8.159999999999998851e-03 6.911702242796428308e+00
8.639999999999998376e-03 6.965350787723412651e+00
9.119999999999999635e-03 6.611404963133860946e+00
9.599999999999999159e-03 3.949008353572398100e+00
1.007999999999999868e-02 -4.175685809662900816e+00
1.055999999999999994e-02 -1.430226722839039333e+01
1.103999999999999947e-02 -1.528022060485413114e+01
1.151999999999999899e-02 -1.543233279603779096e+01
1.199999999999999852e-02 -1.571817314051628323e+01
1.247999999999999804e-02 -1.632027682370808108e+01
1.295999999999999930e-02 -1.649196948400326335e+01
1.343999999999999882e-02 -1.656808644587515289e+01
1.391999999999999835e-02 -1.662034363652019664e+01
1.439999999999999961e-02 -1.692530838443040153e+01
1.487999999999999913e-02 -1.753102321318630175e+01
1.535999999999999865e-02 -1.772056870388272287e+01
1.583999999999999991e-02 -1.800529384593611582e+01
1.631999999999999770e-02 -1.836959838283552671e+01
1.679999999999999896e-02 -1.849800106879098749e+01
1.727999999999999675e-02 -1.894656516495029308e+01
1.775999999999999801e-02 -1.972926033759962650e+01
1.823999999999999927e-02 -2.010644730864192553e+01
1.871999999999999706e-02 -2.043161657291438260e+01
1.919999999999999832e-02 -2.065983636919018096e+01
1.967999999999999958e-02 -2.097240355288984759e+01
2.015999999999999737e-02 -2.128708752915343538e+01
2.063999999999999863e-02 -2.174245900045368529e+01
2.111999999999999988e-02 -2.246380819696233999e+01
2.159999999999999767e-02 -2.258124326986580499e+01
2.207999999999999893e-02 -2.264121938693826408e+01
2.255999999999999672e-02 -2.315947221170510417e+01
2.303999999999999798e-02 -2.354627505567742674e+01
2.351999999999999924e-02 -2.417120431403981584e+01
2.399999999999999703e-02 -2.469017042478953528e+01
2.447999999999999829e-02 -2.532041367532623610e+01
2.495999999999999608e-02 -2.578207268777310546e+01
2.543999999999999734e-02 -2.625660790238550391e+01
2.591999999999999860e-02 -2.688930868426777110e+01
2.639999999999999639e-02 -2.754262292032271375e+01
2.687999999999999765e-02 -2.808204348092686331e+01
2.735999999999999890e-02 -2.874916365695085929e+01
2.783999999999999669e-02 -2.923620290549594358e+01
2.831999999999999795e-02 -2.961785868453227977e+01
2.879999999999999921e-02 -2.999659517917857343e+01
2.927999999999999700e-02 -3.013574293215023658e+01
2.975999999999999826e-02 -3.063640250621065064e+01
3.023999999999999605e-02 -3.085857109087178785e+01
3.071999999999999731e-02 -3.098944593362379152e+01
3.119999999999999857e-02 -3.126508620367201274e+01
3.167999999999999983e-02 -3.143656555611519465e+01
3.215999999999999415e-02 -3.162974002266460616e+01
3.263999999999999541e-02 -3.167356064063666210e+01
3.311999999999999666e-02 -3.196897633185155030e+01
3.359999999999999792e-02 -3.247013240148451274e+01
3.407999999999999918e-02 -3.272035587667050294e+01
3.455999999999999350e-02 -3.303031772298052715e+01
3.503999999999999476e-02 -3.303343839608739785e+01
3.551999999999999602e-02 -3.310659627262651838e+01
3.599999999999999728e-02 -3.349880771881436914e+01
3.647999999999999854e-02 -3.368250987206022273e+01
3.695999999999999980e-02 -3.411533256206289622e+01
3.743999999999999412e-02 -3.433626426844507762e+01
3.791999999999999538e-02 -3.462588282917886318e+01
3.839999999999999664e-02 -3.506313322926148857e+01
3.887999999999999790e-02 -3.527027449229390044e+01
3.935999999999999915e-02 -3.561530851214750726e+01
3.983999999999999347e-02 -3.613650302177414630e+01
4.031999999999999473e-02 -3.603416420896146377e+01
4.079999999999999599e-02 -3.620835494362953710e+01
4.127999999999999725e-02 -3.652952754109432476e+01
4.175999999999999851e-02 -3.648342385624641793e+01
4.223999999999999977e-02 -3.656049351832103156e+01
4.271999999999999409e-02 -3.695712719936835100e+01
4.319999999999999535e-02 -3.718799405903146749e+01
4.367999999999999661e-02 -3.737279928921086736e+01
4.415999999999999787e-02 -3.746706132180742799e+01
4.463999999999999913e-02 -3.788350137908020088e+01
4.511999999999999345e-02 -3.829580028600425123e+01
4.559999999999999470e-02 -3.885614889084092027e+01
4.607999999999999596e-02 -3.887891854191149577e+01
4.655999999999999722e-02 -3.871042989576934445e+01
4.703999999999999848e-02 -3.896416369538545155e+01
4.751999999999999280e-02 -3.943508590145406600e+01
4.799999999999999406e-02 -3.939149374228223621e+01
4.847999999999999532e-02 -3.955091093086909382e+01
4.895999999999999658e-02 -3.998959662744721300e+01
4.943999999999999784e-02 -4.044536189084661260e+01
4.991999999999999216e-02 -4.081546717177769779e+01
5.039999999999999342e-02 -4.087800829813278369e+01
5.087999999999999468e-02 -4.092118657006055571e+01
5.135999999999999593e-02 -4.118744806432086847e+01
5.183999999999999719e-02 -4.153528572931107021e+01
5.231999999999999845e-02 -4.192841816506785335e+01
5.279999999999999277e-02 -4.197300772950288916e+01
5.327999999999999403e-02 -4.204698702042692560e+01
5.375999999999999529e-02 -4.211494794983995149e+01
5.423999999999999655e-02 -4.233918182120973484e+01
5.471999999999999781e-02 -4.277576564211933174e+01
5.519999999999999213e-02 -4.321141230719892690e+01
5.567999999999999339e-02 -4.360760810837944490e+01
5.615999999999999465e-02 -4.372264225145467975e+01
5.663999999999999591e-02 -4.367426792977484240e+01
5.711999999999999716e-02 -4.393651411424728792e+01
5.759999999999999842e-02 -4.444285241967691036e+01
5.807999999999999274e-02 -4.461926346601025273e+01
5.855999999999999400e-02 -4.487042950539697017e+01
5.903999999999999526e-02 -4.498911772847861812e+01
5.951999999999999652e-02 -4.507619186874681816e+01
5.999999999999999778e-02 -4.515436603539748717e+01
6.047999999999999210e-02 -4.551263100733131495e+01
6.095999999999999336e-02 -4.601264174326716017e+01
6.143999999999999462e-02 -4.636190819035754629e+01
6.191999999999999588e-02 -4.662273624477072786e+01
6.239999999999999714e-02 -4.671282950387946897e+01
6.287999999999999146e-02 -4.712621432475829408e+01
6.335999999999999965e-02 -4.727956504300831853e+01
6.383999999999999397e-02 -4.727403265614147188e+01
6.431999999999998829e-02 -4.725940404492240532e+01
6.479999999999999649e-02 -4.753117928142177107e+01
6.527999999999999081e-02 -4.805271582012730391e+01
6.575999999999999901e-02 -4.829842769216418219e+01
6.623999999999999333e-02 -4.854273988918787097e+01
6.671999999999998765e-02 -4.876330263026491707e+01
6.719999999999999585e-02 -4.886532747266559795e+01
6.767999999999999017e-02 -4.914566776033013440e+01
6.815999999999999837e-02 -4.908066403366561303e+01
6.863999999999999269e-02 -4.896292374101879830e+01
6.911999999999998701e-02 -4.936930656016588870e+01
6.959999999999999520e-02 -4.968001751444611358e+01
7.007999999999998952e-02 -4.989718303184292836e+01
7.055999999999999772e-02 -5.036405220732792998e+01
7.103999999999999204e-02 -5.047518978575104853e+01
7.152000000000000024e-02 -5.059636761845248287e+01
7.199999999999999456e-02 -5.109795242496291223e+01
7.247999999999998888e-02 -5.136717450292266562e+01
7.295999999999999708e-02 -5.150133049464169233e+01
7.343999999999999140e-02 -5.124333668945352827e+01
7.391999999999999960e-02 -5.156703012666255148e+01
7.439999999999999392e-02 -5.194505205382380097e+01
7.487999999999998824e-02 -5.177623313797707283e+01
7.535999999999999643e-02 -5.224737869876096852e+01
7.583999999999999075e-02 -5.273056107997621922e+01
7.631999999999999895e-02 -5.305115612800540958e+01
7.679999999999999327e-02 -5.325233750843700875e+01
7.727999999999998759e-02 -5.338446487311360045e+01
7.775999999999999579e-02 -5.330700076560329848e+01
7.823999999999999011e-02 -5.349823779288073666e+01
7.871999999999999831e-02 -5.376814338218043332e+01
7.919999999999999263e-02 -5.355855251563407649e+01
7.967999999999998695e-02 -5.376073687063735917e+01
8.015999999999999515e-02 -5.424071088179641720e+01
8.063999999999998947e-02 -5.418573461286862170e+01
8.111999999999999766e-02 -5.464796359610137699e+01
8.159999999999999198e-02 -5.470085872258100324e+01
8.207999999999998630e-02 -5.452412792015260834e+01
8.255999999999999450e-02 -5.476523414431233050e+01
8.303999999999998882e-02 -5.496430816058022373e+01
8.351999999999999702e-02 -5.501373359131225982e+01
8.399999999999999134e-02 -5.504901134313516309e+01
8.447999999999999954e-02 -5.496503848777732060e+01
8.495999999999999386e-02 -5.523318057767645683e+01
8.543999999999998818e-02 -5.542426266580005034e+01
8.591999999999999638e-02 -5.548931036535257988e+01
8.639999999999999070e-02 -5.563070582553802268e+01
8.687999999999999889e-02 -5.571007562790867951e+01
8.735999999999999321e-02 -5.600030830581924590e+01
8.783999999999998753e-02 -5.629587042538318542e+01
8.831999999999999573e-02 -5.643107116833628822e+01
8.879999999999999005e-02 -5.644865410900280978e+01
8.927999999999999825e-02 -5.651799457294148965e+01
8.975999999999999257e-02 -5.681473997035411827e+01
9.023999999999998689e-02 -5.696691296185369424e+01
9.071999999999999509e-02 -5.690592161880140054e+01
9.119999999999998941e-02 -5.689889381863396522e+01
9.167999999999999761e-02 -5.726545798977338109e+01
9.215999999999999193e-02 -5.766093083988157275e+01
9.263999999999998625e-02 -5.792137881701721369e+01
9.311999999999999444e-02 -5.775027819706330234e+01
9.359999999999998876e-02 -5.776964469395685597e+01
9.407999999999999696e-02 -5.776929771168564542e+01
9.455999999999999128e-02 -5.776934278152008773e+01
9.503999999999998560e-02 -5.785035991305345959e+01
9.551999999999999380e-02 -5.795059081255784861e+01
9.599999999999998812e-02 -5.816139255835977906e+01
9.647999999999999632e-02 -5.798369375304994122e+01
9.695999999999999064e-02 -5.778045336712487057e+01
9.743999999999998496e-02 -5.783065800885906071e+01
9.791999999999999316e-02 -5.787390382877811135e+01
9.839999999999998748e-02 -5.784872130410512625e+01
9.887999999999999567e-02 -5.814459143057306534e+01
9.935999999999998999e-02 -5.854040819729903689e+01
9.983999999999998431e-02 -5.879744589227765061e+01
1.003199999999999925e-01 -5.859069276317760711e+01
1.007999999999999868e-01 -5.848738483448638448e+01
1.012799999999999950e-01 -5.906315455806755921e+01
1.017599999999999894e-01 -5.972095435325076807e+01
1.022399999999999975e-01 -5.959684492239504294e+01
1.027199999999999919e-01 -5.981382845543678428e+01
1.031999999999999862e-01 -6.023385551736038224e+01
1.036799999999999944e-01 -6.087005171174989471e+01
1.041599999999999887e-01 -6.126971059416261767e+01
1.046399999999999969e-01 -6.156549439098564847e+01
1.051199999999999912e-01 -6.232223484491153442e+01
1.055999999999999855e-01 -6.323381977401805898e+01
1.060799999999999937e-01 -6.351314000739849064e+01
1.065599999999999881e-01 -6.411651895378808774e+01
1.070399999999999963e-01 -6.504018066034008427e+01
1.075199999999999906e-01 -6.607731575075209207e+01
1.079999999999999849e-01 -6.696751393286383802e+01
1.084799999999999931e-01 -6.800854085521143588e+01
1.089599999999999874e-01 -6.914781047820976312e+01
1.094399999999999956e-01 -7.051766903089068705e+01
1.099199999999999899e-01 -7.187005136422457952e+01
1.103999999999999843e-01 -7.352678420742576293e+01
1.108799999999999925e-01 -7.500159985380686578e+01
1.113599999999999868e-01 -7.644774406957526480e+01
1.118399999999999950e-01 -7.799051824420145351e+01
1.123199999999999893e-01 -7.884216864990970919e+01
1.127999999999999836e-01 -7.962126522435200116e+01
1.132799999999999918e-01 -8.047574199455794997e+01
1.137599999999999861e-01 -8.101053696588957109e+01
1.142399999999999943e-01 -8.119977567256057682e+01
1.147199999999999886e-01 -8.136292816670872696e+01
1.151999999999999968e-01 -8.145695494261799752e+01
1.156799999999999912e-01 -8.154917710045373269e+01
1.161599999999999855e-01 -8.159655637943914996e+01
1.166399999999999937e-01 -8.168140460427720484e+01
1.171199999999999880e-01 -8.165414528148025397e+01
1.175999999999999962e-01 -8.164584343734532013e+01
1.180799999999999905e-01 -8.178582991871257946e+01
1.185599999999999848e-01 -8.190302065256554442e+01
1.190399999999999930e-01 -8.175117558726542200e+01
1.195199999999999874e-01 -8.164633656715218990e+01
1.199999999999999956e-01 -8.177338854766614418e+01
1.204799999999999899e-01 -8.173177403264175211e+01
1.209599999999999842e-01 -8.157496805646243843e+01
1.214399999999999924e-01 -8.181665731044793688e+01
1.219199999999999867e-01 -8.164550821327222252e+01
1.223999999999999949e-01 -8.054591586038107209e+01
