-1.228799999999999955e+02 -1.037573907617674820e+02
-1.223999999999999915e+02 -1.052148293654998668e+02
-1.219200000000000017e+02 -1.061658112043979543e+02
-1.214399999999999977e+02 -1.061964569503967795e+02
-1.209599999999999937e+02 -1.060126329139934569e+02
-1.204799999999999898e+02 -1.061581805232379452e+02
-1.200000000000000000e+02 -1.063855875270516833e+02
-1.195199999999999960e+02 -1.061083654016683795e+02
-1.190399999999999920e+02 -1.058434557082167089e+02
-1.185600000000000023e+02 -1.058667758248172959e+02
-1.180799999999999983e+02 -1.059926417504260741e+02
-1.175999999999999943e+02 -1.059964571368810482e+02
-1.171199999999999903e+02 -1.058351705144368538e+02
-1.166400000000000006e+02 -1.058162581971669169e+02
-1.161599999999999966e+02 -1.061539493220718953e+02
-1.156799999999999926e+02 -1.062586818939920050e+02
-1.151999999999999886e+02 -1.062250734177299023e+02
-1.147199999999999989e+02 -1.061783765349449880e+02
-1.142399999999999949e+02 -1.060516842239968440e+02
-1.137599999999999909e+02 -1.055993776150789500e+02
-1.132800000000000011e+02 -1.050924217846073958e+02
-1.127999999999999972e+02 -1.044957584178227421e+02
-1.123199999999999932e+02 -1.034605736039465569e+02
-1.118399999999999892e+02 -1.022831205841969222e+02
-1.113599999999999994e+02 -1.008257406188830316e+02
-1.108799999999999955e+02 -9.911700766956350606e+01
-1.103999999999999915e+02 -9.734546843412940120e+01
-1.099200000000000017e+02 -9.584295880440799920e+01
-1.094399999999999977e+02 -9.472505038465180860e+01
-1.089599999999999937e+02 -9.382847864846516472e+01
-1.084799999999999898e+02 -9.237619352752278701e+01
-1.080000000000000000e+02 -9.086586279416226830e+01
-1.075199999999999960e+02 -8.994468096024297665e+01
-1.070399999999999920e+02 -8.922035126673111449e+01
-1.065600000000000023e+02 -8.838026907414005962e+01
-1.060799999999999983e+02 -8.733591304737095129e+01
-1.055999999999999943e+02 -8.647131412960490593e+01
-1.051199999999999903e+02 -8.585518923296072558e+01
-1.046400000000000006e+02 -8.533381371139140015e+01
-1.041599999999999966e+02 -8.490170476258893473e+01
-1.036799999999999926e+02 -8.412294269348475950e+01
-1.032000000000000028e+02 -8.366879625547949217e+01
-1.027199999999999989e+02 -8.347295990069960681e+01
-1.022399999999999949e+02 -8.330589042968492208e+01
-1.017599999999999909e+02 -8.316618311611647130e+01
-1.012800000000000011e+02 -8.263283900267309434e+01
-1.007999999999999972e+02 -8.246785220673162087e+01
-1.003199999999999932e+02 -8.249695496781704662e+01
-9.984000000000000341e+01 -8.232986395203893437e+01
-9.935999999999999943e+01 -8.249325898188118344e+01
-9.887999999999999545e+01 -8.248766269581429356e+01
-9.839999999999999147e+01 -8.207592070533168283e+01
-9.792000000000000171e+01 -8.185167654542269133e+01
-9.743999999999999773e+01 -8.177011404928276761e+01
-9.695999999999999375e+01 -8.162962575968148826e+01
-9.647999999999998977e+01 -8.117849778311833120e+01
-9.600000000000000000e+01 -8.104946851925602402e+01
-9.551999999999999602e+01 -8.122253233054154009e+01
-9.503999999999999204e+01 -8.137703421540379622e+01
-9.456000000000000227e+01 -8.125637927191860399e+01
-9.407999999999999829e+01 -8.097749685539625375e+01
-9.359999999999999432e+01 -8.069242189209856519e+01
-9.311999999999999034e+01 -8.091116859907845082e+01
-9.264000000000000057e+01 -8.095897991540331873e+01
-9.215999999999999659e+01 -8.088826268876097458e+01
-9.167999999999999261e+01 -8.061989274037574660e+01
-9.120000000000000284e+01 -8.005325719667924034e+01
-9.071999999999999886e+01 -7.992989056526552361e+01
-9.023999999999999488e+01 -7.980623152199497383e+01
-8.975999999999999091e+01 -7.988108483710070118e+01
-8.928000000000000114e+01 -7.992888119215304243e+01
-8.879999999999999716e+01 -8.009177470092993190e+01
-8.831999999999999318e+01 -7.996083422984837341e+01
-8.784000000000000341e+01 -7.954038272899170181e+01
-8.735999999999999943e+01 -7.940361195054322252e+01
-8.687999999999999545e+01 -7.912380838162707164e+01
-8.639999999999999147e+01 -7.869560912160183364e+01
-8.592000000000000171e+01 -7.899478210823444613e+01
-8.543999999999999773e+01 -7.913845448758310397e+01
-8.495999999999999375e+01 -7.885616117802470626e+01
-8.447999999999998977e+01 -7.852416572577129728e+01
-8.400000000000000000e+01 -7.838547754571901294e+01
-8.351999999999999602e+01 -7.843816084620299023e+01
-8.303999999999999204e+01 -7.864701635964784998e+01
-8.256000000000000227e+01 -7.849458330757562408e+01
-8.207999999999999829e+01 -7.834425266233357377e+01
-8.159999999999999432e+01 -7.830820438855775478e+01
-8.111999999999999034e+01 -7.824613159620869851e+01
-8.064000000000000057e+01 -7.816231555582265855e+01
-8.015999999999999659e+01 -7.790717233091523042e+01
-7.967999999999999261e+01 -7.759789870955241042e+01
-7.920000000000000284e+01 -7.751520580886273137e+01
-7.871999999999999886e+01 -7.745247871200243139e+01
-7.823999999999999488e+01 -7.754950845822664007e+01
-7.775999999999999091e+01 -7.734893124324307223e+01
-7.728000000000000114e+01 -7.741815870331579674e+01
-7.679999999999999716e+01 -7.745524130854036571e+01
-7.631999999999999318e+01 -7.705936738958726551e+01
-7.584000000000000341e+01 -7.694878664818078562e+01
-7.535999999999999943e+01 -7.689457467004805835e+01
-7.487999999999999545e+01 -7.672220538005382195e+01
-7.439999999999999147e+01 -7.643332372907505601e+01
-7.392000000000000171e+01 -7.628628131532155976e+01
-7.343999999999999773e+01 -7.631083856256029208e+01
-7.295999999999999375e+01 -7.623676996915433790e+01
-7.248000000000000398e+01 -7.612622551628574286e+01
-7.200000000000000000e+01 -7.601040584000145373e+01
-7.151999999999999602e+01 -7.615173171539066743e+01
-7.103999999999999204e+01 -7.594053230890440886e+01
-7.056000000000000227e+01 -7.547390806832078169e+01
-7.007999999999999829e+01 -7.516681891894802447e+01
-6.959999999999999432e+01 -7.515688631942646225e+01
-6.912000000000000455e+01 -7.525242797720011367e+01
-6.864000000000000057e+01 -7.499927434848039809e+01
-6.815999999999999659e+01 -7.451653672178483134e+01
-6.767999999999999261e+01 -7.450381819826480978e+01
-6.720000000000000284e+01 -7.436340259942082298e+01
-6.671999999999999886e+01 -7.433890185077329704e+01
-6.623999999999999488e+01 -7.455296873547807479e+01
-6.575999999999999091e+01 -7.417847435748174689e+01
-6.528000000000000114e+01 -7.425657117816302843e+01
-6.479999999999999716e+01 -7.407060722294798438e+01
-6.431999999999999318e+01 -7.367442716916836787e+01
-6.383999999999999631e+01 -7.323829605885941874e+01
-6.335999999999999943e+01 -7.300660268791577323e+01
-6.287999999999999545e+01 -7.277889094799834879e+01
-6.239999999999999858e+01 -7.284257521702822658e+01
-6.191999999999999460e+01 -7.298024203632675722e+01
-6.143999999999999773e+01 -7.267469698724285365e+01
-6.096000000000000085e+01 -7.235884684456652849e+01
-6.047999999999999687e+01 -7.214146105129546527e+01
-6.000000000000000000e+01 -7.196919590399876654e+01
-5.951999999999999602e+01 -7.148458761900927527e+01
-5.903999999999999915e+01 -7.132815077049393437e+01
-5.855999999999999517e+01 -7.122310522594638371e+01
-5.807999999999999829e+01 -7.091891605930855746e+01
-5.759999999999999432e+01 -7.084082070151791299e+01
-5.711999999999999744e+01 -7.043750606702236894e+01
-5.664000000000000057e+01 -7.031680904604586146e+01
-5.615999999999999659e+01 -7.024130520922848575e+01
-5.567999999999999972e+01 -7.000874149002984836e+01
-5.519999999999999574e+01 -6.951854821599285117e+01
-5.471999999999999886e+01 -6.919927592865244037e+01
-5.423999999999999488e+01 -6.909747229970537319e+01
-5.375999999999999801e+01 -6.881560732465418084e+01
-5.328000000000000114e+01 -6.848570593840621257e+01
-5.279999999999999716e+01 -6.823619327029712167e+01
-5.232000000000000028e+01 -6.805728766382922856e+01
-5.183999999999999631e+01 -6.798459044541547769e+01
-5.135999999999999943e+01 -6.791434903087343855e+01
-5.087999999999999545e+01 -6.762509456620298920e+01
-5.039999999999999858e+01 -6.708420620509569687e+01
-4.992000000000000171e+01 -6.687214768175550716e+01
-4.943999999999999773e+01 -6.643991843996244029e+01
-4.896000000000000085e+01 -6.597436095540683709e+01
-4.847999999999999687e+01 -6.588795601412603276e+01
-4.800000000000000000e+01 -6.578070345708935918e+01
-4.751999999999999602e+01 -6.545823959613163368e+01
-4.703999999999999915e+01 -6.524363241072707353e+01
-4.655999999999999517e+01 -6.519536118449458684e+01
-4.607999999999999829e+01 -6.501327690777924317e+01
-4.560000000000000142e+01 -6.481446958971216077e+01
-4.511999999999999744e+01 -6.449345231613793317e+01
-4.464000000000000057e+01 -6.400122195737482400e+01
-4.415999999999999659e+01 -6.383919065658929526e+01
-4.367999999999999972e+01 -6.348576112033978092e+01
-4.319999999999999574e+01 -6.293614416460478367e+01
-4.271999999999999886e+01 -6.249540800446368394e+01
-4.223999999999999488e+01 -6.215564116551714591e+01
-4.175999999999999801e+01 -6.172801989139735213e+01
-4.128000000000000114e+01 -6.125085043620923386e+01
-4.079999999999999716e+01 -6.134446098957577931e+01
-4.032000000000000028e+01 -6.137008098286319324e+01
-3.983999999999999631e+01 -6.108150591094247517e+01
-3.935999999999999943e+01 -6.069088450434933435e+01
-3.887999999999999545e+01 -6.024222197760833808e+01
-3.839999999999999858e+01 -5.986047206279690158e+01
-3.792000000000000171e+01 -5.957284386011779276e+01
-3.743999999999999773e+01 -5.904078218782643717e+01
-3.696000000000000085e+01 -5.867360172173404465e+01
-3.647999999999999687e+01 -5.859575312532892610e+01
-3.600000000000000000e+01 -5.819887789903130937e+01
-3.551999999999999602e+01 -5.748697352659188198e+01
-3.503999999999999915e+01 -5.714749839977292822e+01
-3.456000000000000227e+01 -5.708835122356628489e+01
-3.407999999999999829e+01 -5.689668717452273938e+01
-3.360000000000000142e+01 -5.650976962434305051e+01
-3.311999999999999744e+01 -5.613809475151136752e+01
-3.264000000000000057e+01 -5.603868988441193721e+01
-3.215999999999999659e+01 -5.559984619881676338e+01
-3.167999999999999972e+01 -5.524608358739352809e+01
-3.119999999999999929e+01 -5.504697873873372771e+01
-3.071999999999999886e+01 -5.463973234797673939e+01
-3.023999999999999844e+01 -5.425295075697182057e+01
-2.975999999999999801e+01 -5.393041707352372782e+01
-2.927999999999999758e+01 -5.354815161605615259e+01
-2.879999999999999716e+01 -5.316131769783601158e+01
-2.832000000000000028e+01 -5.278919403111557074e+01
-2.783999999999999986e+01 -5.240548581087346491e+01
-2.735999999999999943e+01 -5.189663453440702057e+01
-2.687999999999999901e+01 -5.114329587497643104e+01
-2.639999999999999858e+01 -5.060869655741836226e+01
-2.591999999999999815e+01 -4.984028890365615894e+01
-2.543999999999999773e+01 -4.921171684587164918e+01
-2.496000000000000085e+01 -4.880642488367999476e+01
-2.448000000000000043e+01 -4.848678797335122681e+01
-2.400000000000000000e+01 -4.785609023803337436e+01
-2.351999999999999957e+01 -4.728776689618749174e+01
-2.303999999999999915e+01 -4.695259391375979874e+01
-2.255999999999999872e+01 -4.665742981900433506e+01
-2.207999999999999829e+01 -4.609611027372458381e+01
-2.159999999999999787e+01 -4.568441709302518916e+01
-2.111999999999999744e+01 -4.478743166667798903e+01
-2.064000000000000057e+01 -4.426994293378166390e+01
-2.016000000000000014e+01 -4.389211051232558702e+01
-1.967999999999999972e+01 -4.344145443450471333e+01
-1.919999999999999929e+01 -4.339686333461786205e+01
-1.871999999999999886e+01 -4.329833597965724579e+01
-1.823999999999999844e+01 -4.283130980059675608e+01
-1.775999999999999801e+01 -4.220613651874615613e+01
-1.728000000000000114e+01 -4.202334830170053692e+01
-1.680000000000000071e+01 -4.197484223015234051e+01
-1.632000000000000028e+01 -4.167415020543140258e+01
-1.583999999999999986e+01 -4.134602222147736938e+01
-1.535999999999999943e+01 -4.104102532021481409e+01
-1.487999999999999901e+01 -4.090213429277028467e+01
-1.439999999999999858e+01 -4.051050038390754793e+01
-1.391999999999999993e+01 -3.996020928609691225e+01
-1.343999999999999950e+01 -3.993550718590240933e+01
-1.295999999999999908e+01 -3.968662183730049264e+01
-1.248000000000000043e+01 -3.916034491036430154e+01
-1.200000000000000000e+01 -3.909565986909514379e+01
-1.151999999999999957e+01 -3.896628620363599538e+01
-1.103999999999999915e+01 -3.870913821129067145e+01
-1.055999999999999872e+01 -3.843755572514319141e+01
-1.008000000000000007e+01 -3.299592396418739781e+01
-9.599999999999999645e+00 -2.579997575813604271e+01
-9.119999999999999218e+00 -2.324444300229460936e+01
-8.640000000000000568e+00 -2.304611508602608083e+01
-8.160000000000000142e+00 -2.306494146042720317e+01
-7.679999999999999716e+00 -2.290801043833630146e+01
-7.199999999999999289e+00 -2.282179690200062794e+01
-6.719999999999999751e+00 -2.301227738968911751e+01
-6.240000000000000213e+00 -2.298710629721496446e+01
-5.759999999999999787e+00 -2.282166238058911389e+01
-5.279999999999999361e+00 -2.281575442063895309e+01
-4.799999999999999822e+00 -2.279011752508496613e+01
-4.320000000000000284e+00 -2.292303041215109971e+01
-3.839999999999999858e+00 -2.303704385258473053e+01
-3.359999999999999876e+00 -2.308095652824567168e+01
-2.879999999999999893e+00 -2.308667163634245512e+01
-2.399999999999999911e+00 -2.301700396510245028e+01
-1.919999999999999929e+00 -2.315173888896940113e+01
-1.439999999999999947e+00 -2.308331561467969806e+01
-9.599999999999999645e-01 -2.298524039222387216e+01
-4.799999999999999822e-01 -2.311508174357756928e+01
0.000000000000000000e+00 -2.314706295227421862e+01
4.799999999999999822e-01 -2.288759300479386383e+01
9.599999999999999645e-01 -2.252022969656835372e+01
1.439999999999999947e+00 -2.291073623387191205e+01
1.919999999999999929e+00 -2.331371602390447961e+01
2.399999999999999911e+00 -2.308436583261016395e+01
2.879999999999999893e+00 -2.286483584969350247e+01
3.359999999999999876e+00 -2.269714328710101370e+01
3.839999999999999858e+00 -2.294569393933852552e+01
4.320000000000000284e+00 -2.329023812935515636e+01
4.799999999999999822e+00 -2.325577020421231111e+01
5.279999999999999361e+00 -2.307462016879984290e+01
5.759999999999999787e+00 -2.312329024443403824e+01
6.240000000000000213e+00 -2.325182048900729370e+01
6.719999999999999751e+00 -2.320575148713047042e+01
7.199999999999999289e+00 -2.308850343880846623e+01
7.679999999999999716e+00 -2.326284644012197589e+01
8.160000000000000142e+00 -2.324778898626858492e+01
8.640000000000000568e+00 -2.322550255431537281e+01
9.119999999999999218e+00 -2.360086811174340227e+01
9.599999999999999645e+00 -2.615928459215069068e+01
1.008000000000000007e+01 -3.348085004874256043e+01
1.055999999999999872e+01 -3.931648946368930098e+01
1.103999999999999915e+01 -3.982081317864832926e+01
1.151999999999999957e+01 -3.992637955886758050e+01
1.200000000000000000e+01 -4.019740594056912641e+01
1.248000000000000043e+01 -4.079629364843655992e+01
1.295999999999999908e+01 -4.096847623192977039e+01
1.343999999999999950e+01 -4.104495172850842977e+01
1.391999999999999993e+01 -4.109967049283813623e+01
1.439999999999999858e+01 -4.139974660671899898e+01
1.487999999999999901e+01 -4.200150812648682574e+01
1.535999999999999943e+01 -4.219729474291231952e+01
1.583999999999999986e+01 -4.247919004378864827e+01
1.632000000000000028e+01 -4.284446554962855203e+01
1.680000000000000071e+01 -4.297521375972756630e+01
1.728000000000000114e+01 -4.342695292927103168e+01
1.775999999999999801e+01 -4.421181216144296400e+01
1.823999999999999844e+01 -4.458888066185743781e+01
1.871999999999999886e+01 -4.491350517898954564e+01
1.919999999999999929e+01 -4.514201464775656802e+01
1.967999999999999972e+01 -4.545533991487137371e+01
2.016000000000000014e+01 -4.577040326513655089e+01
2.064000000000000057e+01 -4.622589619512406500e+01
2.111999999999999744e+01 -4.694715411563731777e+01
2.159999999999999787e+01 -4.706478024233103241e+01
2.207999999999999829e+01 -4.712468138601866485e+01
2.255999999999999872e+01 -4.764295196358396112e+01
2.303999999999999915e+01 -4.802971663496190757e+01
2.351999999999999957e+01 -4.865448626483454575e+01
2.400000000000000000e+01 -4.917343695003203408e+01
2.448000000000000043e+01 -4.980379055799909338e+01
2.496000000000000085e+01 -5.026542407177130656e+01
2.543999999999999773e+01 -5.073987981565815630e+01
2.591999999999999815e+01 -5.137239987975924294e+01
2.639999999999999858e+01 -5.202576341626751599e+01
2.687999999999999901e+01 -5.256505846391522141e+01
2.735999999999999943e+01 -5.323229386711745548e+01
2.783999999999999986e+01 -5.371920706653475008e+01
2.832000000000000028e+01 -5.410081184036904034e+01
2.879999999999999716e+01 -5.447961068724347200e+01
2.927999999999999758e+01 -5.461929362121566101e+01
2.975999999999999801e+01 -5.511987592134757818e+01
3.023999999999999844e+01 -5.534195855212840343e+01
3.071999999999999886e+01 -5.547278297283449433e+01
3.119999999999999929e+01 -5.574838608945037777e+01
3.167999999999999972e+01 -5.591982807995250226e+01
3.215999999999999659e+01 -5.611303960659986956e+01
3.264000000000000057e+01 -5.615690105411349720e+01
3.311999999999999744e+01 -5.645232133837293276e+01
3.360000000000000142e+01 -5.695344760419216357e+01
3.407999999999999829e+01 -5.720370519272542253e+01
3.456000000000000227e+01 -5.751363341444670141e+01
3.503999999999999915e+01 -5.751680623948800530e+01
3.551999999999999602e+01 -5.758991173973114286e+01
3.600000000000000000e+01 -5.798216092150673973e+01
3.647999999999999687e+01 -5.816583169105312834e+01
3.696000000000000085e+01 -5.859866666579336680e+01
3.743999999999999773e+01 -5.881962336715609752e+01
3.792000000000000171e+01 -5.910920316044452960e+01
3.839999999999999858e+01 -5.954647507352021307e+01
3.887999999999999545e+01 -5.975361421953085994e+01
3.935999999999999943e+01 -6.009864960162743586e+01
3.983999999999999631e+01 -6.061981611240828016e+01
4.032000000000000028e+01 -6.051752776118017607e+01
4.079999999999999716e+01 -6.069167344334129410e+01
4.128000000000000114e+01 -6.101287115625978430e+01
4.175999999999999801e+01 -6.096676412717432925e+01
4.223999999999999488e+01 -6.104381961744074658e+01
4.271999999999999886e+01 -6.144047000233555167e+01
4.319999999999999574e+01 -6.167133438097104658e+01
4.367999999999999972e+01 -6.185613675173314618e+01
4.415999999999999659e+01 -6.195038953865434195e+01
4.464000000000000057e+01 -6.236684376459390222e+01
4.511999999999999744e+01 -6.277913913552080771e+01
4.560000000000000142e+01 -6.333949130944691319e+01
4.607999999999999829e+01 -6.336223720154475814e+01
4.655999999999999517e+01 -6.319377608512640165e+01
4.703999999999999915e+01 -6.344750991517395278e+01
4.751999999999999602e+01 -6.391841280349893850e+01
4.800000000000000000e+01 -6.387481854680004290e+01
4.847999999999999687e+01 -6.403426113904342287e+01
4.896000000000000085e+01 -6.447293918007557068e+01
4.943999999999999773e+01 -6.492868927623234754e+01
4.992000000000000171e+01 -6.529881020905284572e+01
5.039999999999999858e+01 -6.536134105578987885e+01
5.087999999999999545e+01 -6.540453283421064157e+01
5.135999999999999943e+01 -6.567076943752762475e+01
5.183999999999999631e+01 -6.601862105396624258e+01
5.232000000000000028e+01 -6.641177704233567169e+01
5.279999999999999716e+01 -6.645633751049813043e+01
5.328000000000000114e+01 -6.653031012782614084e+01
5.375999999999999801e+01 -6.659829984905991296e+01
5.423999999999999488e+01 -6.682250517333517337e+01
5.471999999999999886e+01 -6.725911263557323139e+01
5.519999999999999574e+01 -6.769474543673554479e+01
5.567999999999999972e+01 -6.809093739803142853e+01
5.615999999999999659e+01 -6.820597847692613414e+01
5.664000000000000057e+01 -6.815762243960480760e+01
5.711999999999999744e+01 -6.841984363795778279e+01
5.759999999999999432e+01 -6.892617676098159052e+01
5.807999999999999829e+01 -6.910261932044575417e+01
5.855999999999999517e+01 -6.935374219901984816e+01
5.903999999999999915e+01 -6.947247582837051993e+01
5.951999999999999602e+01 -6.955951903515375534e+01
6.000000000000000000e+01 -6.963770714350650337e+01
6.047999999999999687e+01 -6.999595442642129228e+01
6.096000000000000085e+01 -7.049600724563200060e+01
6.143999999999999773e+01 -7.084522706640294132e+01
6.191999999999999460e+01 -7.110606622142694277e+01
6.239999999999999858e+01 -7.119618384728303795e+01
6.287999999999999545e+01 -7.160952780377928661e+01
6.335999999999999943e+01 -7.176292521537445168e+01
6.383999999999999631e+01 -7.175735917621719295e+01
6.431999999999999318e+01 -7.174274545020990956e+01
6.479999999999999716e+01 -7.201450667634955494e+01
6.528000000000000114e+01 -7.253606571181434504e+01
6.575999999999999091e+01 -7.278175689883623534e+01
6.623999999999999488e+01 -7.302608139973730772e+01
6.671999999999999886e+01 -7.324664115419935229e+01
6.720000000000000284e+01 -7.334865426761707852e+01
6.767999999999999261e+01 -7.362900157418734182e+01
6.815999999999999659e+01 -7.356401977917968793e+01
6.864000000000000057e+01 -7.344624465324359619e+01
6.912000000000000455e+01 -7.385265869934059424e+01
6.959999999999999432e+01 -7.416333547890948807e+01
7.007999999999999829e+01 -7.438052349645522554e+01
7.056000000000000227e+01 -7.484739201874587877e+01
7.103999999999999204e+01 -7.495853775366298066e+01
7.151999999999999602e+01 -7.507968351403815177e+01
7.200000000000000000e+01 -7.558132247150371086e+01
7.248000000000000398e+01 -7.585046625585420088e+01
7.295999999999999375e+01 -7.598470500755853152e+01
7.343999999999999773e+01 -7.572665259904819379e+01
7.392000000000000171e+01 -7.605037763722680211e+01
7.439999999999999147e+01 -7.642838440738715633e+01
7.487999999999999545e+01 -7.625957236849360754e+01
7.535999999999999943e+01 -7.673071243307350642e+01
7.584000000000000341e+01 -7.721390468303850696e+01
7.631999999999999318e+01 -7.753447627627070915e+01
7.679999999999999716e+01 -7.773569244402381173e+01
7.728000000000000114e+01 -7.786778718731612514e+01
7.775999999999999091e+01 -7.779034887186011815e+01
7.823999999999999488e+01 -7.798156271180599219e+01
7.871999999999999886e+01 -7.825149764505536609e+01
7.920000000000000284e+01 -7.804187646244700716e+01
7.967999999999999261e+01 -7.824408111757577444e+01
8.015999999999999659e+01 -7.872403846493656943e+01
8.064000000000000057e+01 -7.866908104842302407e+01
8.111999999999999034e+01 -7.913129214651678467e+01
8.159999999999999432e+01 -7.918419764674213468e+01
8.207999999999999829e+01 -7.900745884692430820e+01
8.256000000000000227e+01 -7.924857932006132444e+01
8.303999999999999204e+01 -7.944764876464535064e+01
8.351999999999999602e+01 -7.949706019526188072e+01
8.400000000000000000e+01 -7.953235683050620253e+01
8.447999999999998977e+01 -7.944836892013535135e+01
8.495999999999999375e+01 -7.971650913258001481e+01
8.543999999999999773e+01 -7.990762153027158377e+01
8.592000000000000171e+01 -7.997263008783630767e+01
8.639999999999999147e+01 -8.011405103930299276e+01
8.687999999999999545e+01 -8.019341697843969996e+01
8.735999999999999943e+01 -8.048362238280061831e+01
8.784000000000000341e+01 -8.077924381389352959e+01
8.831999999999999318e+01 -8.091438804263538032e+01
8.879999999999999716e+01 -8.093197471752736760e+01
8.928000000000000114e+01 -8.100136185367661312e+01
8.975999999999999091e+01 -8.129806248150096337e+01
9.023999999999999488e+01 -8.145024027351320228e+01
9.071999999999999886e+01 -8.138927112246591378e+01
9.120000000000000284e+01 -8.138223707093041526e+01
9.167999999999999261e+01 -8.174877992046545216e+01
9.215999999999999659e+01 -8.214426189049586924e+01
9.264000000000000057e+01 -8.240474380534502075e+01
9.311999999999999034e+01 -8.223359151331963801e+01
9.359999999999999432e+01 -8.225299123390774980e+01
9.407999999999999829e+01 -8.225263605392257205e+01
9.456000000000000227e+01 -8.225267646777777486e+01
9.503999999999999204e+01 -8.233369447647113759e+01
9.551999999999999602e+01 -8.243392971842880002e+01
9.600000000000000000e+01 -8.264473854882706405e+01
9.647999999999998977e+01 -8.246701913185688682e+01
9.695999999999999375e+01 -8.226379492200743471e+01
9.743999999999999773e+01 -8.231399607450128997e+01
9.792000000000000171e+01 -8.235723450340138641e+01
9.839999999999999147e+01 -8.233206415707508086e+01
9.887999999999999545e+01 -8.262792820289519113e+01
9.935999999999999943e+01 -8.302373810582065516e+01
9.984000000000000341e+01 -8.328079345985162263e+01
1.003199999999999932e+02 -8.307402725409883715e+01
1.007999999999999972e+02 -8.297071403591522198e+01
1.012800000000000011e+02 -8.354650088695576926e+01
1.017599999999999909e+02 -8.420428838936413740e+01
1.022399999999999949e+02 -8.408017917407876496e+01
1.027199999999999989e+02 -8.429716614657819207e+01
1.032000000000000028e+02 -8.471719932301797940e+01
1.036799999999999926e+02 -8.535337891181094960e+01
1.041599999999999966e+02 -8.575304628639551652e+01
1.046400000000000006e+02 -8.604884508007968691e+01
1.051199999999999903e+02 -8.680556101296124893e+01
1.055999999999999943e+02 -8.771715365699347444e+01
1.060799999999999983e+02 -8.799648828567819692e+01
1.065600000000000023e+02 -8.859983526102467977e+01
1.070399999999999920e+02 -8.952353864614828183e+01
1.075199999999999960e+02 -9.056065393029032862e+01
1.080000000000000000e+02 -9.145083805306343550e+01
1.084799999999999898e+02 -9.249186016689645840e+01
1.089599999999999937e+02 -9.363120003532948488e+01
1.094399999999999977e+02 -9.500095472270336927e+01
1.099200000000000017e+02 -9.635342408682438986e+01
1.103999999999999915e+02 -9.801009948113004100e+01
1.108799999999999955e+02 -9.948494555892737878e+01
1.113599999999999994e+02 -1.009310632022838092e+02
1.118399999999999892e+02 -1.024738714562400617e+02
1.123199999999999932e+02 -1.033255333932566913e+02
1.127999999999999972e+02 -1.041045584513027507e+02
1.132800000000000011e+02 -1.049591001400294630e+02
1.137599999999999909e+02 -1.054938954188882576e+02
1.142399999999999949e+02 -1.056830696792132187e+02
1.147199999999999989e+02 -1.058462828807438569e+02
1.151999999999999886e+02 -1.059403177969994374e+02
1.156799999999999926e+02 -1.060324855838474036e+02
1.161599999999999966e+02 -1.060799006502581392e+02
1.166400000000000006e+02 -1.061647389749405335e+02
1.171199999999999903e+02 -1.061374863841722771e+02
1.175999999999999943e+02 -1.061292085092847515e+02
1.180799999999999983e+02 -1.062691179817121281e+02
1.185600000000000023e+02 -1.063863945781341300e+02
1.190399999999999920e+02 -1.062344800082663028e+02
1.195199999999999960e+02 -1.061297113824861214e+02
1.200000000000000000e+02 -1.062566931097302216e+02
1.204799999999999898e+02 -1.062151249321672566e+02
1.209599999999999937e+02 -1.060583057705729004e+02
1.214399999999999977e+02 -1.062999796158468939e+02
1.219200000000000017e+02 -1.061288670366868416e+02
1.223999999999999915e+02 -1.050292391096949842e+02
