-1.228799999999999955e+02 -1.035185848093703100e+02
-1.223999999999999915e+02 -1.051460670749547575e+02
-1.219200000000000017e+02 -1.062919903532748549e+02
-1.214399999999999977e+02 -1.061998959292432687e+02
-1.209599999999999937e+02 -1.060401780413539257e+02
-1.204799999999999898e+02 -1.061729167934133642e+02
-1.200000000000000000e+02 -1.062022185431976453e+02
-1.195199999999999960e+02 -1.063141869729494431e+02
-1.190399999999999920e+02 -1.062554251645860148e+02
-1.185600000000000023e+02 -1.061266907698187225e+02
-1.180799999999999983e+02 -1.062128744255442143e+02
-1.175999999999999943e+02 -1.060547049133537456e+02
-1.171199999999999903e+02 -1.059572926146199734e+02
-1.166400000000000006e+02 -1.059510082054105453e+02
-1.161599999999999966e+02 -1.059707702939114711e+02
-1.156799999999999926e+02 -1.059813096146957889e+02
-1.151999999999999886e+02 -1.061809980550797832e+02
-1.147199999999999989e+02 -1.062216322120364254e+02
-1.142399999999999949e+02 -1.060223303594465136e+02
-1.137599999999999909e+02 -1.056516519779224694e+02
-1.132800000000000011e+02 -1.051482113470075035e+02
-1.127999999999999972e+02 -1.044160668339966236e+02
-1.123199999999999932e+02 -1.032174437210353943e+02
-1.118399999999999892e+02 -1.020435805951108108e+02
-1.113599999999999994e+02 -1.006914206712439608e+02
-1.108799999999999955e+02 -9.912187659355143410e+01
-1.103999999999999915e+02 -9.735424711136325016e+01
-1.099200000000000017e+02 -9.597513172590052477e+01
-1.094399999999999977e+02 -9.492101280289135445e+01
-1.089599999999999937e+02 -9.373693151186185446e+01
-1.084799999999999898e+02 -9.205802491168822144e+01
-1.080000000000000000e+02 -9.069872880235551804e+01
-1.075199999999999960e+02 -8.976200946038542838e+01
-1.070399999999999920e+02 -8.906083656538443449e+01
-1.065600000000000023e+02 -8.812591489099781938e+01
-1.060799999999999983e+02 -8.725369422389053398e+01
-1.055999999999999943e+02 -8.655228033844488778e+01
-1.051199999999999903e+02 -8.586118913611583991e+01
-1.046400000000000006e+02 -8.513690501347547013e+01
-1.041599999999999966e+02 -8.458732685886786840e+01
-1.036799999999999926e+02 -8.409450522504539549e+01
-1.032000000000000028e+02 -8.378648568179218614e+01
-1.027199999999999989e+02 -8.353018424871932268e+01
-1.022399999999999949e+02 -8.332576721170187284e+01
-1.017599999999999909e+02 -8.314734722472712747e+01
-1.012800000000000011e+02 -8.277400756373955915e+01
-1.007999999999999972e+02 -8.256442529658446006e+01
-1.003199999999999932e+02 -8.244000034681418754e+01
-9.984000000000000341e+01 -8.218805618532142887e+01
-9.935999999999999943e+01 -8.240981401788531002e+01
-9.887999999999999545e+01 -8.247432554329223819e+01
-9.839999999999999147e+01 -8.226669316194087855e+01
-9.792000000000000171e+01 -8.219823932211272677e+01
-9.743999999999999773e+01 -8.200388268054084051e+01
-9.695999999999999375e+01 -8.166932861608984240e+01
-9.647999999999998977e+01 -8.114065949732051308e+01
-9.600000000000000000e+01 -8.097159117757632885e+01
-9.551999999999999602e+01 -8.130516580627400458e+01
-9.503999999999999204e+01 -8.139447536391384119e+01
-9.456000000000000227e+01 -8.111283870175128641e+01
-9.407999999999999829e+01 -8.089071137481121809e+01
-9.359999999999999432e+01 -8.081727773308243457e+01
-9.311999999999999034e+01 -8.090880383691606426e+01
-9.264000000000000057e+01 -8.091192332448314062e+01
-9.215999999999999659e+01 -8.096839568331503756e+01
-9.167999999999999261e+01 -8.082275858565422766e+01
-9.120000000000000284e+01 -8.018139907184108495e+01
-9.071999999999999886e+01 -8.005964205666327871e+01
-9.023999999999999488e+01 -8.002604246001868660e+01
-8.975999999999999091e+01 -8.011288340716649259e+01
-8.928000000000000114e+01 -8.003574275130372939e+01
-8.879999999999999716e+01 -8.018528263974766901e+01
-8.831999999999999318e+01 -8.022896683489810243e+01
-8.784000000000000341e+01 -7.982084741750868773e+01
-8.735999999999999943e+01 -7.958385536811377392e+01
-8.687999999999999545e+01 -7.923318538633657226e+01
-8.639999999999999147e+01 -7.869814516725763553e+01
-8.592000000000000171e+01 -7.895026644904716306e+01
-8.543999999999999773e+01 -7.931653174539799522e+01
-8.495999999999999375e+01 -7.908837877510750047e+01
-8.447999999999998977e+01 -7.863395386719832914e+01
-8.400000000000000000e+01 -7.837731318498093458e+01
-8.351999999999999602e+01 -7.836366656497875738e+01
-8.303999999999999204e+01 -7.865300783644437388e+01
-8.256000000000000227e+01 -7.862922694202242724e+01
-8.207999999999999829e+01 -7.850526066312664852e+01
-8.159999999999999432e+01 -7.847600823699998784e+01
-8.111999999999999034e+01 -7.841770751401065809e+01
-8.064000000000000057e+01 -7.816461038697448771e+01
-8.015999999999999659e+01 -7.779811969939962069e+01
-7.967999999999999261e+01 -7.772732560476006825e+01
-7.920000000000000284e+01 -7.769135957591907982e+01
-7.871999999999999886e+01 -7.740812021176714097e+01
-7.823999999999999488e+01 -7.749960527706005564e+01
-7.775999999999999091e+01 -7.749966903375111826e+01
-7.728000000000000114e+01 -7.755939291191984353e+01
-7.679999999999999716e+01 -7.743735591803759633e+01
-7.631999999999999318e+01 -7.710046325173979653e+01
-7.584000000000000341e+01 -7.708514086098630003e+01
-7.535999999999999943e+01 -7.717642649849186398e+01
-7.487999999999999545e+01 -7.685789853150302520e+01
-7.439999999999999147e+01 -7.667198438862479293e+01
-7.392000000000000171e+01 -7.649513502849394797e+01
-7.343999999999999773e+01 -7.638543897954542672e+01
-7.295999999999999375e+01 -7.624908370543292335e+01
-7.248000000000000398e+01 -7.603899479992870170e+01
-7.200000000000000000e+01 -7.594628553522417747e+01
-7.151999999999999602e+01 -7.608264902981878208e+01
-7.103999999999999204e+01 -7.588258616360965902e+01
-7.056000000000000227e+01 -7.543414308748798192e+01
-7.007999999999999829e+01 -7.523652097512727721e+01
-6.959999999999999432e+01 -7.524010308373182454e+01
-6.912000000000000455e+01 -7.529487680517834747e+01
-6.864000000000000057e+01 -7.498364011771374749e+01
-6.815999999999999659e+01 -7.448464956304162854e+01
-6.767999999999999261e+01 -7.446825363823515431e+01
-6.720000000000000284e+01 -7.432715747554935604e+01
-6.671999999999999886e+01 -7.429524033339967559e+01
-6.623999999999999488e+01 -7.446225907270843436e+01
-6.575999999999999091e+01 -7.418389481826861243e+01
-6.528000000000000114e+01 -7.429049942598322787e+01
-6.479999999999999716e+01 -7.409160927461863366e+01
-6.431999999999999318e+01 -7.357349788372820854e+01
-6.383999999999999631e+01 -7.314521114312603345e+01
-6.335999999999999943e+01 -7.299149575732751316e+01
-6.287999999999999545e+01 -7.278384219669996469e+01
-6.239999999999999858e+01 -7.289857006859969601e+01
-6.191999999999999460e+01 -7.300660075625921763e+01
-6.143999999999999773e+01 -7.260531559066370733e+01
-6.096000000000000085e+01 -7.226965804331103982e+01
-6.047999999999999687e+01 -7.206675178437569684e+01
-6.000000000000000000e+01 -7.183780583171633793e+01
-5.951999999999999602e+01 -7.138468680519157772e+01
-5.903999999999999915e+01 -7.125783854890107705e+01
-5.855999999999999517e+01 -7.119841101322300858e+01
-5.807999999999999829e+01 -7.094714767749719897e+01
-5.759999999999999432e+01 -7.089048105770726238e+01
-5.711999999999999744e+01 -7.038738251048863503e+01
-5.664000000000000057e+01 -7.022896379601131400e+01
-5.615999999999999659e+01 -7.015839310008992413e+01
-5.567999999999999972e+01 -6.990836928952796825e+01
-5.519999999999999574e+01 -6.940508995795420333e+01
-5.471999999999999886e+01 -6.910417841222597701e+01
-5.423999999999999488e+01 -6.903921085098022559e+01
-5.375999999999999801e+01 -6.871158532953484155e+01
-5.328000000000000114e+01 -6.836026155612779576e+01
-5.279999999999999716e+01 -6.812769004828436437e+01
-5.232000000000000028e+01 -6.791644251505867658e+01
-5.183999999999999631e+01 -6.786314760647574928e+01
-5.135999999999999943e+01 -6.782807051264656195e+01
-5.087999999999999545e+01 -6.750169800757403493e+01
-5.039999999999999858e+01 -6.697373515144305145e+01
-4.992000000000000171e+01 -6.681645175025596473e+01
-4.943999999999999773e+01 -6.639497402814083671e+01
-4.896000000000000085e+01 -6.590772622171657247e+01
-4.847999999999999687e+01 -6.582213041245820762e+01
-4.800000000000000000e+01 -6.567385751888902234e+01
-4.751999999999999602e+01 -6.535020646930989585e+01
-4.703999999999999915e+01 -6.516980320646138125e+01
-4.655999999999999517e+01 -6.514485487510400219e+01
-4.607999999999999829e+01 -6.496008498855593416e+01
-4.560000000000000142e+01 -6.467590620154223302e+01
-4.511999999999999744e+01 -6.433701775785951327e+01
-4.464000000000000057e+01 -6.386279855320701415e+01
-4.415999999999999659e+01 -6.371110409409533304e+01
-4.367999999999999972e+01 -6.338813412377392353e+01
-4.319999999999999574e+01 -6.284813226746471315e+01
-4.271999999999999886e+01 -6.241234035045763306e+01
-4.223999999999999488e+01 -6.206443897302971635e+01
-4.175999999999999801e+01 -6.164725276503376250e+01
-4.128000000000000114e+01 -6.115244152304887848e+01
-4.079999999999999716e+01 -6.120990556888091305e+01
-4.032000000000000028e+01 -6.124996424831575581e+01
-3.983999999999999631e+01 -6.098648605688876501e+01
-3.935999999999999943e+01 -6.059352870195236562e+01
-3.887999999999999545e+01 -6.015618085405055382e+01
-3.839999999999999858e+01 -5.977427698752020291e+01
-3.792000000000000171e+01 -5.947622107112698586e+01
-3.743999999999999773e+01 -5.895963738514111441e+01
-3.696000000000000085e+01 -5.859669775897033617e+01
-3.647999999999999687e+01 -5.850996432032866323e+01
-3.600000000000000000e+01 -5.811976062261884124e+01
-3.551999999999999602e+01 -5.740446920060156799e+01
-3.503999999999999915e+01 -5.705915590017227856e+01
-3.456000000000000227e+01 -5.700366266603201382e+01
-3.407999999999999829e+01 -5.680616215548555203e+01
-3.360000000000000142e+01 -5.641446004068978937e+01
-3.311999999999999744e+01 -5.603786600577037547e+01
-3.264000000000000057e+01 -5.592857093471921104e+01
-3.215999999999999659e+01 -5.548294111686178809e+01
-3.167999999999999972e+01 -5.514844116579314459e+01
-3.119999999999999929e+01 -5.495593091124363383e+01
-3.071999999999999886e+01 -5.452070445323769832e+01
-3.023999999999999844e+01 -5.414097758346636624e+01
-2.975999999999999801e+01 -5.382601195789095527e+01
-2.927999999999999758e+01 -5.344857137570299699e+01
-2.879999999999999716e+01 -5.306215290059807899e+01
-2.832000000000000028e+01 -5.269075296751937287e+01
-2.783999999999999986e+01 -5.229563199788859151e+01
-2.735999999999999943e+01 -5.179252923410180642e+01
-2.687999999999999901e+01 -5.104432629092158891e+01
-2.639999999999999858e+01 -5.050613679726669858e+01
-2.591999999999999815e+01 -4.974645693099685673e+01
-2.543999999999999773e+01 -4.912557264307282878e+01
-2.496000000000000085e+01 -4.871879110494688803e+01
-2.448000000000000043e+01 -4.840384273271841664e+01
-2.400000000000000000e+01 -4.777782853799362073e+01
-2.351999999999999957e+01 -4.720541163021490405e+01
-2.303999999999999915e+01 -4.686045763061757441e+01
-2.255999999999999872e+01 -4.656851209345406062e+01
-2.207999999999999829e+01 -4.601424583180190808e+01
-2.159999999999999787e+01 -4.561178103936874351e+01
-2.111999999999999744e+01 -4.470890474818049398e+01
-2.064000000000000057e+01 -4.418555068480991821e+01
-2.016000000000000014e+01 -4.380947904070627175e+01
-1.967999999999999972e+01 -4.335950025665312069e+01
-1.919999999999999929e+01 -4.331810991549946976e+01
-1.871999999999999886e+01 -4.321824481897990466e+01
-1.823999999999999844e+01 -4.275004011043382235e+01
-1.775999999999999801e+01 -4.212951897837774595e+01
-1.728000000000000114e+01 -4.194518327517046430e+01
-1.680000000000000071e+01 -4.189812457029916004e+01
-1.632000000000000028e+01 -4.159805164278431278e+01
-1.583999999999999986e+01 -4.127334021849884493e+01
-1.535999999999999943e+01 -4.097031183879852279e+01
-1.487999999999999901e+01 -4.083120189244226594e+01
-1.439999999999999858e+01 -4.043413900140937756e+01
-1.391999999999999993e+01 -3.987834575700883022e+01
-1.343999999999999950e+01 -3.985875882687658844e+01
-1.295999999999999908e+01 -3.961426317932959051e+01
-1.248000000000000043e+01 -3.908653781785073988e+01
-1.200000000000000000e+01 -3.902260181452556509e+01
-1.151999999999999957e+01 -3.889505160084085844e+01
-1.103999999999999915e+01 -3.863737779356787883e+01
-1.055999999999999872e+01 -3.836639658361622196e+01
-1.008000000000000007e+01 -3.298562270729409818e+01
-9.599999999999999645e+00 -2.580906213990252240e+01
-9.119999999999999218e+00 -2.325392615033236154e+01
-8.640000000000000568e+00 -2.305489150690531730e+01
-8.160000000000000142e+00 -2.307392030876407318e+01
-7.679999999999999716e+00 -2.291722366032066915e+01
-7.199999999999999289e+00 -2.283080700114901163e+01
-6.719999999999999751e+00 -2.302169284493199086e+01
-6.240000000000000213e+00 -2.299654603055554247e+01
-5.759999999999999787e+00 -2.283086699598020886e+01
-5.279999999999999361e+00 -2.282440570158840387e+01
-4.799999999999999822e+00 -2.279841684865817086e+01
-4.320000000000000284e+00 -2.293017025323632652e+01
-3.839999999999999858e+00 -2.304398361216794555e+01
-3.359999999999999876e+00 -2.308826438850485019e+01
-2.879999999999999893e+00 -2.309365695761004034e+01
-2.399999999999999911e+00 -2.302442574521277407e+01
-1.919999999999999929e+00 -2.316023535533371103e+01
-1.439999999999999947e+00 -2.309137607733477893e+01
-9.599999999999999645e-01 -2.299231102024531381e+01
-4.799999999999999822e-01 -2.312139432047022680e+01
0.000000000000000000e+00 -2.315328936781792279e+01
4.799999999999999822e-01 -2.289372378585188272e+01
9.599999999999999645e-01 -2.252565107659219734e+01
1.439999999999999947e+00 -2.291635471144947189e+01
1.919999999999999929e+00 -2.332017835741540068e+01
2.399999999999999911e+00 -2.309027229185631214e+01
2.879999999999999893e+00 -2.287010268663152246e+01
3.359999999999999876e+00 -2.270211451621140952e+01
3.839999999999999858e+00 -2.295023875642484512e+01
4.320000000000000284e+00 -2.329478571634652795e+01
4.799999999999999822e+00 -2.326033020435950860e+01
5.279999999999999361e+00 -2.307841121323168565e+01
5.759999999999999787e+00 -2.312743336770160596e+01
6.240000000000000213e+00 -2.325574641032177681e+01
6.719999999999999751e+00 -2.320996413015392079e+01
7.199999999999999289e+00 -2.309311340694832637e+01
7.679999999999999716e+00 -2.326722805719320775e+01
8.160000000000000142e+00 -2.325186708975339656e+01
8.640000000000000568e+00 -2.322988612171015887e+01
9.119999999999999218e+00 -2.360578013502898287e+01
9.599999999999999645e+00 -2.616073946733726174e+01
1.008000000000000007e+01 -3.346149299218096473e+01
1.055999999999999872e+01 -3.923116781508294793e+01
1.103999999999999915e+01 -3.973344862006237577e+01
1.151999999999999957e+01 -3.984217821546497618e+01
1.200000000000000000e+01 -4.011085394583094654e+01
1.248000000000000043e+01 -4.070587799539963214e+01
1.295999999999999908e+01 -4.087739827458486275e+01
1.343999999999999950e+01 -4.095071874886607333e+01
1.391999999999999993e+01 -4.101055039092407384e+01
1.439999999999999858e+01 -4.131670115076411065e+01
1.487999999999999901e+01 -4.191839377953158419e+01
1.535999999999999943e+01 -4.211202672464462893e+01
1.583999999999999986e+01 -4.239247583752165838e+01
1.632000000000000028e+01 -4.275506967216124821e+01
1.680000000000000071e+01 -4.288710148945165201e+01
1.728000000000000114e+01 -4.334143767623201882e+01
1.775999999999999801e+01 -4.412570699981057487e+01
1.823999999999999844e+01 -4.450194573493166672e+01
1.871999999999999886e+01 -4.482830392172795086e+01
1.919999999999999929e+01 -4.506403233250553342e+01
1.967999999999999972e+01 -4.537764352398799161e+01
2.016000000000000014e+01 -4.569150125141914032e+01
2.064000000000000057e+01 -4.614491374168324000e+01
2.111999999999999744e+01 -4.685974458481382499e+01
2.159999999999999787e+01 -4.697136626130351544e+01
2.207999999999999829e+01 -4.703069587664824525e+01
2.255999999999999872e+01 -4.755947656824852032e+01
2.303999999999999915e+01 -4.794776657257440178e+01
2.351999999999999957e+01 -4.856692762398505891e+01
2.400000000000000000e+01 -4.909201831616344691e+01
2.448000000000000043e+01 -4.972726102086083699e+01
2.496000000000000085e+01 -5.019413179487395382e+01
2.543999999999999773e+01 -5.067447702545195654e+01
2.591999999999999815e+01 -5.130502558123758661e+01
2.639999999999999858e+01 -5.195037699827868494e+01
2.687999999999999901e+01 -5.250327541364883643e+01
2.735999999999999943e+01 -5.317164372176328158e+01
2.783999999999999986e+01 -5.366547023321494692e+01
2.832000000000000028e+01 -5.406011110473607317e+01
2.879999999999999716e+01 -5.442449810928717824e+01
2.927999999999999758e+01 -5.455776067574060306e+01
2.975999999999999801e+01 -5.507236435516209383e+01
3.023999999999999844e+01 -5.530829529219239049e+01
3.071999999999999886e+01 -5.543121602251819269e+01
3.119999999999999929e+01 -5.570989064617882747e+01
3.167999999999999972e+01 -5.589091059427432384e+01
3.215999999999999659e+01 -5.607519467075883313e+01
3.264000000000000057e+01 -5.612349584989442519e+01
3.311999999999999744e+01 -5.643165561118462392e+01
3.360000000000000142e+01 -5.692391376725092300e+01
3.407999999999999829e+01 -5.717175663625727822e+01
3.456000000000000227e+01 -5.747139416244331755e+01
3.503999999999999915e+01 -5.745351537319933755e+01
3.551999999999999602e+01 -5.754575120029023338e+01
3.600000000000000000e+01 -5.795803738610206324e+01
3.647999999999999687e+01 -5.813955302179579121e+01
3.696000000000000085e+01 -5.856453183713426114e+01
3.743999999999999773e+01 -5.876364418815693824e+01
3.792000000000000171e+01 -5.904105145696819079e+01
3.839999999999999858e+01 -5.946600851205670324e+01
3.887999999999999545e+01 -5.966446567305537485e+01
3.935999999999999943e+01 -6.000801996387998116e+01
3.983999999999999631e+01 -6.054158321096680595e+01
4.032000000000000028e+01 -6.044146263278883424e+01
4.079999999999999716e+01 -6.062371054578250806e+01
4.128000000000000114e+01 -6.094709217161650372e+01
4.175999999999999801e+01 -6.089775693582666349e+01
4.223999999999999488e+01 -6.099160962232940619e+01
4.271999999999999886e+01 -6.139984560916987277e+01
4.319999999999999574e+01 -6.162296959647442662e+01
4.367999999999999972e+01 -6.178300129964704723e+01
4.415999999999999659e+01 -6.186316665540332593e+01
4.464000000000000057e+01 -6.227250031127941554e+01
4.511999999999999744e+01 -6.266371326184593471e+01
4.560000000000000142e+01 -6.322527444448431311e+01
4.607999999999999829e+01 -6.325439735980305045e+01
4.655999999999999517e+01 -6.309354654316865663e+01
4.703999999999999915e+01 -6.336448074912014761e+01
4.751999999999999602e+01 -6.380485418181238089e+01
4.800000000000000000e+01 -6.373502808186400870e+01
4.847999999999999687e+01 -6.389971444842997528e+01
4.896000000000000085e+01 -6.433854506363255155e+01
4.943999999999999773e+01 -6.482547275841224632e+01
4.992000000000000171e+01 -6.516098414248895665e+01
5.039999999999999858e+01 -6.520720300006816217e+01
5.087999999999999545e+01 -6.528680819199131236e+01
5.135999999999999943e+01 -6.552902726998610206e+01
5.183999999999999631e+01 -6.591634080226076264e+01
5.232000000000000028e+01 -6.632346404887330493e+01
5.279999999999999716e+01 -6.633468648024826564e+01
5.328000000000000114e+01 -6.638440304510399415e+01
5.375999999999999801e+01 -6.642337380667805746e+01
5.423999999999999488e+01 -6.663838900984742963e+01
5.471999999999999886e+01 -6.712965778738669087e+01
5.519999999999999574e+01 -6.758049676282323048e+01
5.567999999999999972e+01 -6.794744982646156473e+01
5.615999999999999659e+01 -6.805336471374062057e+01
5.664000000000000057e+01 -6.802989347964719968e+01
5.711999999999999744e+01 -6.828678441879434047e+01
5.759999999999999432e+01 -6.875115392538954495e+01
5.807999999999999829e+01 -6.892283479235341304e+01
5.855999999999999517e+01 -6.919565034291602501e+01
5.903999999999999915e+01 -6.927070929763220875e+01
5.951999999999999602e+01 -6.933807695055614317e+01
6.000000000000000000e+01 -6.944897984913782807e+01
6.047999999999999687e+01 -6.985950761123498864e+01
6.096000000000000085e+01 -7.037696499892520308e+01
6.143999999999999773e+01 -7.067444039494803576e+01
6.191999999999999460e+01 -7.089799328431583092e+01
6.239999999999999858e+01 -7.099373077579421931e+01
6.287999999999999545e+01 -7.135298839415264638e+01
6.335999999999999943e+01 -7.158869214421233096e+01
6.383999999999999631e+01 -7.162412778906366384e+01
6.431999999999999318e+01 -7.163622792502503955e+01
6.479999999999999716e+01 -7.187572307761560353e+01
6.528000000000000114e+01 -7.240850601986602442e+01
6.575999999999999091e+01 -7.264913660091389147e+01
6.623999999999999488e+01 -7.280776322871675177e+01
6.671999999999999886e+01 -7.299798742777296923e+01
6.720000000000000284e+01 -7.310952456124367416e+01
6.767999999999999261e+01 -7.336973777403765951e+01
6.815999999999999659e+01 -7.339164716847420777e+01
6.864000000000000057e+01 -7.330111114792237004e+01
6.912000000000000455e+01 -7.366963367844937238e+01
6.959999999999999432e+01 -7.398561094578991515e+01
7.007999999999999829e+01 -7.425507639297103424e+01
7.056000000000000227e+01 -7.467282994311757705e+01
7.103999999999999204e+01 -7.473115515901433525e+01
7.151999999999999602e+01 -7.482071471507570948e+01
7.200000000000000000e+01 -7.534354508246778437e+01
7.248000000000000398e+01 -7.566928394730223317e+01
7.295999999999999375e+01 -7.578791208011116964e+01
7.343999999999999773e+01 -7.552288323034217399e+01
7.392000000000000171e+01 -7.589768916272888077e+01
7.439999999999999147e+01 -7.619477441582529309e+01
7.487999999999999545e+01 -7.606300289657818325e+01
7.535999999999999943e+01 -7.668577450149895469e+01
7.584000000000000341e+01 -7.710480374057907227e+01
7.631999999999999318e+01 -7.735351559275373745e+01
7.679999999999999716e+01 -7.757956488746178536e+01
7.728000000000000114e+01 -7.771371363618834494e+01
7.775999999999999091e+01 -7.758507582742743125e+01
7.823999999999999488e+01 -7.779485606478397131e+01
7.871999999999999886e+01 -7.807426205029906896e+01
7.920000000000000284e+01 -7.800280047721123822e+01
7.967999999999999261e+01 -7.820694321249108327e+01
8.015999999999999659e+01 -7.852094539310026278e+01
8.064000000000000057e+01 -7.853048743382024099e+01
8.111999999999999034e+01 -7.915089951390369549e+01
8.159999999999999432e+01 -7.903557120119434387e+01
8.207999999999999829e+01 -7.869481077062415864e+01
8.256000000000000227e+01 -7.901182446896842748e+01
8.303999999999999204e+01 -7.936177778287499507e+01
8.351999999999999602e+01 -7.949968803374787285e+01
8.400000000000000000e+01 -7.945029948964214839e+01
8.447999999999998977e+01 -7.932246661091400597e+01
8.495999999999999375e+01 -7.966048069467572645e+01
8.543999999999999773e+01 -7.991951336829909280e+01
8.592000000000000171e+01 -7.988652709714722278e+01
8.639999999999999147e+01 -7.999841096092409032e+01
8.687999999999999545e+01 -8.017846792245430265e+01
8.735999999999999943e+01 -8.037770197422452156e+01
8.784000000000000341e+01 -8.084836158307649612e+01
8.831999999999999318e+01 -8.101150852282016501e+01
8.879999999999999716e+01 -8.081714212207890569e+01
8.928000000000000114e+01 -8.082881050063883777e+01
8.975999999999999091e+01 -8.136029550256557741e+01
9.023999999999999488e+01 -8.145010405503954587e+01
9.071999999999999886e+01 -8.137503474126367564e+01
9.120000000000000284e+01 -8.149571033593987579e+01
9.167999999999999261e+01 -8.161216232004393589e+01
9.215999999999999659e+01 -8.193741718173386346e+01
9.264000000000000057e+01 -8.226380413280310222e+01
9.311999999999999034e+01 -8.215074189920895265e+01
9.359999999999999432e+01 -8.202000795897056662e+01
9.407999999999999829e+01 -8.213299963650953828e+01
9.456000000000000227e+01 -8.231462722681447985e+01
9.503999999999999204e+01 -8.240740275553788763e+01
9.551999999999999602e+01 -8.230795677184694625e+01
9.600000000000000000e+01 -8.248946984329178633e+01
9.647999999999998977e+01 -8.261224482293984295e+01
9.695999999999999375e+01 -8.257614180052300412e+01
9.743999999999999773e+01 -8.250573068636137464e+01
9.792000000000000171e+01 -8.229365842937538389e+01
9.839999999999999147e+01 -8.232135628095434754e+01
9.887999999999999545e+01 -8.269680437013450103e+01
9.935999999999999943e+01 -8.315571785110633130e+01
9.984000000000000341e+01 -8.327433386358123357e+01
1.003199999999999932e+02 -8.296686584885372895e+01
1.007999999999999972e+02 -8.280312726014854263e+01
1.012800000000000011e+02 -8.330236226585752490e+01
1.017599999999999909e+02 -8.378524302888045838e+01
1.022399999999999949e+02 -8.374384354391563079e+01
1.027199999999999989e+02 -8.414187053831268770e+01
1.032000000000000028e+02 -8.474115241245280572e+01
1.036799999999999926e+02 -8.527391553668638835e+01
1.041599999999999966e+02 -8.561341940606973822e+01
1.046400000000000006e+02 -8.595208681186888100e+01
1.051199999999999903e+02 -8.675774302193093490e+01
1.055999999999999943e+02 -8.746338443154279219e+01
1.060799999999999983e+02 -8.796696849490054149e+01
1.065600000000000023e+02 -8.878379154934506801e+01
1.070399999999999920e+02 -8.976254800747159379e+01
1.075199999999999960e+02 -9.054543654574872846e+01
1.080000000000000000e+02 -9.161365395233060838e+01
1.084799999999999898e+02 -9.269648448911462424e+01
1.089599999999999937e+02 -9.379590871036201349e+01
1.094399999999999977e+02 -9.500220820846698189e+01
1.099200000000000017e+02 -9.619225234989521311e+01
1.103999999999999915e+02 -9.768510698168036299e+01
1.108799999999999955e+02 -9.938512602404557583e+01
1.113599999999999994e+02 -1.008427765418847031e+02
1.118399999999999892e+02 -1.021980736931286629e+02
1.123199999999999932e+02 -1.033320185846053789e+02
1.127999999999999972e+02 -1.043206956262311991e+02
1.132800000000000011e+02 -1.049627334052630658e+02
1.137599999999999909e+02 -1.055361016525143043e+02
1.142399999999999949e+02 -1.059185547273912817e+02
1.147199999999999989e+02 -1.058103425203402850e+02
1.151999999999999886e+02 -1.058653510723533344e+02
1.156799999999999926e+02 -1.061716277334095935e+02
1.161599999999999966e+02 -1.062707359738654418e+02
1.166400000000000006e+02 -1.061914214362348332e+02
1.171199999999999903e+02 -1.062837136493034791e+02
1.175999999999999943e+02 -1.063964741652709591e+02
1.180799999999999983e+02 -1.064418798640991497e+02
1.185600000000000023e+02 -1.062833325811074303e+02
1.190399999999999920e+02 -1.062095408457022785e+02
1.195199999999999960e+02 -1.060095074752441349e+02
1.200000000000000000e+02 -1.058141953955519057e+02
1.204799999999999898e+02 -1.060453470845944537e+02
1.209599999999999937e+02 -1.064754749661886279e+02
1.214399999999999977e+02 -1.064237059028642562e+02
1.219200000000000017e+02 -1.061835320407830352e+02
1.223999999999999915e+02 -1.050691424301557362e+02
