-1.228799999999999955e+02 -9.903156647217201680e+01
-1.223999999999999915e+02 -1.026493548325868801e+02
-1.219200000000000017e+02 -1.061777995317434033e+02
-1.214399999999999977e+02 -1.062045851199405178e+02
-1.209599999999999937e+02 -1.063096626665445683e+02
-1.204799999999999898e+02 -1.062556198667996910e+02
-1.200000000000000000e+02 -1.063007819713792514e+02
-1.195199999999999960e+02 -1.061760119407214518e+02
-1.190399999999999920e+02 -1.059222719779921249e+02
-1.185600000000000023e+02 -1.059780030760398688e+02
-1.180799999999999983e+02 -1.061802118238520336e+02
-1.175999999999999943e+02 -1.064074344527008833e+02
-1.171199999999999903e+02 -1.063441230847712546e+02
-1.166400000000000006e+02 -1.059721423012013162e+02
-1.161599999999999966e+02 -1.059235698281488425e+02
-1.156799999999999926e+02 -1.060409297681771790e+02
-1.151999999999999886e+02 -1.063905371491861445e+02
-1.147199999999999989e+02 -1.065034707870845239e+02
-1.142399999999999949e+02 -1.060683564924465685e+02
-1.137599999999999909e+02 -1.056686473175225984e+02
-1.132800000000000011e+02 -1.052202672927396208e+02
-1.127999999999999972e+02 -1.044426377179127030e+02
-1.123199999999999932e+02 -1.032723487538981146e+02
-1.118399999999999892e+02 -1.021076026297236012e+02
-1.113599999999999994e+02 -1.009564427754207969e+02
-1.108799999999999955e+02 -9.936245717959658919e+01
-1.103999999999999915e+02 -9.757281600979294467e+01
-1.099200000000000017e+02 -9.618669548651311629e+01
-1.094399999999999977e+02 -9.492270503618881605e+01
-1.089599999999999937e+02 -9.374799505293707114e+01
-1.084799999999999898e+02 -9.240619880904630179e+01
-1.080000000000000000e+02 -9.095521956723598578e+01
-1.075199999999999960e+02 -8.995373257861825778e+01
-1.070399999999999920e+02 -8.935582945966180546e+01
-1.065600000000000023e+02 -8.842379237054640839e+01
-1.060799999999999983e+02 -8.727874525770415914e+01
-1.055999999999999943e+02 -8.663347050639053748e+01
-1.051199999999999903e+02 -8.597012045361836385e+01
-1.046400000000000006e+02 -8.526577203290517559e+01
-1.041599999999999966e+02 -8.480371700140960911e+01
-1.036799999999999926e+02 -8.436570144318510245e+01
-1.032000000000000028e+02 -8.387864794472123720e+01
-1.027199999999999989e+02 -8.366823962908040357e+01
-1.022399999999999949e+02 -8.343450347038789516e+01
-1.017599999999999909e+02 -8.314589590155225096e+01
-1.012800000000000011e+02 -8.267649827592288148e+01
-1.007999999999999972e+02 -8.271065776035028705e+01
-1.003199999999999932e+02 -8.260983458453503658e+01
-9.984000000000000341e+01 -8.224780524714066132e+01
-9.935999999999999943e+01 -8.248869487892078212e+01
-9.887999999999999545e+01 -8.256429119647773973e+01
-9.839999999999999147e+01 -8.239494750875337559e+01
-9.792000000000000171e+01 -8.224605424979293389e+01
-9.743999999999999773e+01 -8.211192898572204513e+01
-9.695999999999999375e+01 -8.197225949321362748e+01
-9.647999999999998977e+01 -8.122443879246857534e+01
-9.600000000000000000e+01 -8.113577571312164594e+01
-9.551999999999999602e+01 -8.158657773136498292e+01
-9.503999999999999204e+01 -8.153987178659539836e+01
-9.456000000000000227e+01 -8.124601009822080755e+01
-9.407999999999999829e+01 -8.099982506414676209e+01
-9.359999999999999432e+01 -8.091305176360503992e+01
-9.311999999999999034e+01 -8.097187864819514402e+01
-9.264000000000000057e+01 -8.093894966980899142e+01
-9.215999999999999659e+01 -8.093288585873507657e+01
-9.167999999999999261e+01 -8.084710535896716976e+01
-9.120000000000000284e+01 -8.021001893840762875e+01
-9.071999999999999886e+01 -8.013181611818787076e+01
-9.023999999999999488e+01 -8.015581261775274413e+01
-8.975999999999999091e+01 -8.011525845678087876e+01
-8.928000000000000114e+01 -8.010729401061320232e+01
-8.879999999999999716e+01 -8.027088608575247974e+01
-8.831999999999999318e+01 -8.016900126456236819e+01
-8.784000000000000341e+01 -7.978096193707372663e+01
-8.735999999999999943e+01 -7.970051927983141127e+01
-8.687999999999999545e+01 -7.940205700424908741e+01
-8.639999999999999147e+01 -7.872380171163680984e+01
-8.592000000000000171e+01 -7.898437916818511439e+01
-8.543999999999999773e+01 -7.924119364508733554e+01
-8.495999999999999375e+01 -7.895792692208031838e+01
-8.447999999999998977e+01 -7.860386115426763354e+01
-8.400000000000000000e+01 -7.860877645675978442e+01
-8.351999999999999602e+01 -7.864111430787829704e+01
-8.303999999999999204e+01 -7.882659979218213664e+01
-8.256000000000000227e+01 -7.866158371452539200e+01
-8.207999999999999829e+01 -7.842678730373474139e+01
-8.159999999999999432e+01 -7.848223811606555955e+01
-8.111999999999999034e+01 -7.836068922472466625e+01
-8.064000000000000057e+01 -7.804276164523312787e+01
-8.015999999999999659e+01 -7.786334713361993920e+01
-7.967999999999999261e+01 -7.788814855624167421e+01
-7.920000000000000284e+01 -7.783917965475153267e+01
-7.871999999999999886e+01 -7.751559244370609747e+01
-7.823999999999999488e+01 -7.752490185641042331e+01
-7.775999999999999091e+01 -7.743354105519603081e+01
-7.728000000000000114e+01 -7.757742472670790335e+01
-7.679999999999999716e+01 -7.748348698118222444e+01
-7.631999999999999318e+01 -7.698398964906677122e+01
-7.584000000000000341e+01 -7.696173328670008118e+01
-7.535999999999999943e+01 -7.710951526322183724e+01
-7.487999999999999545e+01 -7.691584770351090583e+01
-7.439999999999999147e+01 -7.670824071505282404e+01
-7.392000000000000171e+01 -7.641552357710371268e+01
-7.343999999999999773e+01 -7.631116357159397978e+01
-7.295999999999999375e+01 -7.625854778639697429e+01
-7.248000000000000398e+01 -7.595323029162342721e+01
-7.200000000000000000e+01 -7.581356364250432023e+01
-7.151999999999999602e+01 -7.603484950238444640e+01
-7.103999999999999204e+01 -7.589795337075517523e+01
-7.056000000000000227e+01 -7.547090030642254987e+01
-7.007999999999999829e+01 -7.521894681849235553e+01
-6.959999999999999432e+01 -7.521643811530601909e+01
-6.912000000000000455e+01 -7.530160596559100838e+01
-6.864000000000000057e+01 -7.497936246356017875e+01
-6.815999999999999659e+01 -7.442905514650244925e+01
-6.767999999999999261e+01 -7.452501919503791328e+01
-6.720000000000000284e+01 -7.442876615011060437e+01
-6.671999999999999886e+01 -7.436544444515735108e+01
-6.623999999999999488e+01 -7.446929133997062422e+01
-6.575999999999999091e+01 -7.407640675752961101e+01
-6.528000000000000114e+01 -7.415564660226606009e+01
-6.479999999999999716e+01 -7.396638190555205483e+01
-6.431999999999999318e+01 -7.349130695352141629e+01
-6.383999999999999631e+01 -7.306866482880377589e+01
-6.335999999999999943e+01 -7.281654252504179681e+01
-6.287999999999999545e+01 -7.263051053815863156e+01
-6.239999999999999858e+01 -7.275597338523118651e+01
-6.191999999999999460e+01 -7.295120760263405657e+01
-6.143999999999999773e+01 -7.260639680625341441e+01
-6.096000000000000085e+01 -7.227900533643637004e+01
-6.047999999999999687e+01 -7.209894995530171968e+01
-6.000000000000000000e+01 -7.181277378232212527e+01
-5.951999999999999602e+01 -7.129254575849029152e+01
-5.903999999999999915e+01 -7.117529306150049706e+01
-5.855999999999999517e+01 -7.110620546232134132e+01
-5.807999999999999829e+01 -7.080833472294702347e+01
-5.759999999999999432e+01 -7.072433128255654822e+01
-5.711999999999999744e+01 -7.028078002734177687e+01
-5.664000000000000057e+01 -7.019923113048849928e+01
-5.615999999999999659e+01 -7.005125696770801369e+01
-5.567999999999999972e+01 -6.980061065847303325e+01
-5.519999999999999574e+01 -6.931014572666879303e+01
-5.471999999999999886e+01 -6.903700181691115745e+01
-5.423999999999999488e+01 -6.899790019437830324e+01
-5.375999999999999801e+01 -6.865645813794191099e+01
-5.328000000000000114e+01 -6.828223472341805689e+01
-5.279999999999999716e+01 -6.805472916665684124e+01
-5.232000000000000028e+01 -6.786263184007835036e+01
-5.183999999999999631e+01 -6.778980887520208398e+01
-5.135999999999999943e+01 -6.775454538472703803e+01
-5.087999999999999545e+01 -6.744892502782542465e+01
-5.039999999999999858e+01 -6.691396075803405097e+01
-4.992000000000000171e+01 -6.671235893719784826e+01
-4.943999999999999773e+01 -6.631528887864122623e+01
-4.896000000000000085e+01 -6.586987298024517656e+01
-4.847999999999999687e+01 -6.578190335426332069e+01
-4.800000000000000000e+01 -6.561864343997137894e+01
-4.751999999999999602e+01 -6.530440992742489925e+01
-4.703999999999999915e+01 -6.511109587632964235e+01
-4.655999999999999517e+01 -6.507129625099904047e+01
-4.607999999999999829e+01 -6.491533343308078940e+01
-4.560000000000000142e+01 -6.463714931510104122e+01
-4.511999999999999744e+01 -6.432432069544221065e+01
-4.464000000000000057e+01 -6.382414899592969704e+01
-4.415999999999999659e+01 -6.361975534269746646e+01
-4.367999999999999972e+01 -6.330386332116235337e+01
-4.319999999999999574e+01 -6.276353636195654673e+01
-4.271999999999999886e+01 -6.230360405485303943e+01
-4.223999999999999488e+01 -6.195357769370684764e+01
-4.175999999999999801e+01 -6.154080910728200138e+01
-4.128000000000000114e+01 -6.104149731779642707e+01
-4.079999999999999716e+01 -6.111933938128190391e+01
-4.032000000000000028e+01 -6.117402521873147236e+01
-3.983999999999999631e+01 -6.089031430160964931e+01
-3.935999999999999943e+01 -6.050192397904930175e+01
-3.887999999999999545e+01 -6.006859958634788654e+01
-3.839999999999999858e+01 -5.967659489800337269e+01
-3.792000000000000171e+01 -5.939032124044523897e+01
-3.743999999999999773e+01 -5.887379167169575567e+01
-3.696000000000000085e+01 -5.850897511814529395e+01
-3.647999999999999687e+01 -5.842713499508475650e+01
-3.600000000000000000e+01 -5.803159618956698296e+01
-3.551999999999999602e+01 -5.731341658685470009e+01
-3.503999999999999915e+01 -5.696764750615166406e+01
-3.456000000000000227e+01 -5.691171074550710784e+01
-3.407999999999999829e+01 -5.672346456692650207e+01
-3.360000000000000142e+01 -5.632583572925456394e+01
-3.311999999999999744e+01 -5.594158468805922269e+01
-3.264000000000000057e+01 -5.583154055873485078e+01
-3.215999999999999659e+01 -5.537983772114110081e+01
-3.167999999999999972e+01 -5.504059279259443116e+01
-3.119999999999999929e+01 -5.483885070621217039e+01
-3.071999999999999886e+01 -5.440463165117114386e+01
-3.023999999999999844e+01 -5.404840858250345548e+01
-2.975999999999999801e+01 -5.374353112149094613e+01
-2.927999999999999758e+01 -5.336934107415694939e+01
-2.879999999999999716e+01 -5.298521487550873132e+01
-2.832000000000000028e+01 -5.259741587892781922e+01
-2.783999999999999986e+01 -5.219231973465582541e+01
-2.735999999999999943e+01 -5.169151336374887507e+01
-2.687999999999999901e+01 -5.094470122901111608e+01
-2.639999999999999858e+01 -5.041377436552087943e+01
-2.591999999999999815e+01 -4.965634981158775929e+01
-2.543999999999999773e+01 -4.903718533224769516e+01
-2.496000000000000085e+01 -4.864007285954122040e+01
-2.448000000000000043e+01 -4.832784513097014667e+01
-2.400000000000000000e+01 -4.770380968992429871e+01
-2.351999999999999957e+01 -4.713025705842856183e+01
-2.303999999999999915e+01 -4.677941154843063032e+01
-2.255999999999999872e+01 -4.648442443169184912e+01
-2.207999999999999829e+01 -4.592796872797560326e+01
-2.159999999999999787e+01 -4.552753223515856007e+01
-2.111999999999999744e+01 -4.462620979048089964e+01
-2.064000000000000057e+01 -4.410268544259244550e+01
-2.016000000000000014e+01 -4.372601032975999402e+01
-1.967999999999999972e+01 -4.327587472318056427e+01
-1.919999999999999929e+01 -4.323915519346280689e+01
-1.871999999999999886e+01 -4.314545638081970225e+01
-1.823999999999999844e+01 -4.267775582888626218e+01
-1.775999999999999801e+01 -4.206064850032021241e+01
-1.728000000000000114e+01 -4.187462780276997876e+01
-1.680000000000000071e+01 -4.182478536948865155e+01
-1.632000000000000028e+01 -4.152721675530305134e+01
-1.583999999999999986e+01 -4.120607759930429381e+01
-1.535999999999999943e+01 -4.090375421119133392e+01
-1.487999999999999901e+01 -4.076299973520167441e+01
-1.439999999999999858e+01 -4.035874170363952373e+01
-1.391999999999999993e+01 -3.979998642406227560e+01
-1.343999999999999950e+01 -3.978767260487473578e+01
-1.295999999999999908e+01 -3.954484690364107990e+01
-1.248000000000000043e+01 -3.901591110942101182e+01
-1.200000000000000000e+01 -3.895258000915062979e+01
-1.151999999999999957e+01 -3.882614316337694760e+01
-1.103999999999999915e+01 -3.856853804696417143e+01
-1.055999999999999872e+01 -3.829847432533456697e+01
-1.008000000000000007e+01 -3.297443628488252187e+01
-9.599999999999999645e+00 -2.581723746537485198e+01
-9.119999999999999218e+00 -2.326267991173834204e+01
-8.640000000000000568e+00 -2.306334594739331223e+01
-8.160000000000000142e+00 -2.308281650768649129e+01
-7.679999999999999716e+00 -2.292631132166198427e+01
-7.199999999999999289e+00 -2.283981699919319297e+01
-6.719999999999999751e+00 -2.303095713308048076e+01
-6.240000000000000213e+00 -2.300621996082082887e+01
-5.759999999999999787e+00 -2.284077049330146281e+01
-5.279999999999999361e+00 -2.283308082271698325e+01
-4.799999999999999822e+00 -2.280611444675859190e+01
-4.320000000000000284e+00 -2.293713210818358306e+01
-3.839999999999999858e+00 -2.305069272255859403e+01
-3.359999999999999876e+00 -2.309517063088422972e+01
-2.879999999999999893e+00 -2.310075827451381869e+01
-2.399999999999999911e+00 -2.303246961782210889e+01
-1.919999999999999929e+00 -2.316944727502346169e+01
-1.439999999999999947e+00 -2.309923509033908573e+01
-9.599999999999999645e-01 -2.299914956668681398e+01
-4.799999999999999822e-01 -2.312771897072425986e+01
0.000000000000000000e+00 -2.315962446859415635e+01
4.799999999999999822e-01 -2.289985714959888696e+01
9.599999999999999645e-01 -2.253128990599097747e+01
1.439999999999999947e+00 -2.292260241173718072e+01
1.919999999999999929e+00 -2.332664712809058472e+01
2.399999999999999911e+00 -2.309625831600886769e+01
2.879999999999999893e+00 -2.287546617273991956e+01
3.359999999999999876e+00 -2.270720150247295877e+01
3.839999999999999858e+00 -2.295487958495184699e+01
4.320000000000000284e+00 -2.329932372602532809e+01
4.799999999999999822e+00 -2.326474263719699564e+01
5.279999999999999361e+00 -2.308211159328773476e+01
5.759999999999999787e+00 -2.313190756133482040e+01
6.240000000000000213e+00 -2.325973342584657289e+01
6.719999999999999751e+00 -2.321359229628527387e+01
7.199999999999999289e+00 -2.309714532752565219e+01
7.679999999999999716e+00 -2.327122493371757272e+01
8.160000000000000142e+00 -2.325579664969960803e+01
8.640000000000000568e+00 -2.323421678765978626e+01
9.119999999999999218e+00 -2.361038204225611992e+01
9.599999999999999645e+00 -2.616209027715810009e+01
1.008000000000000007e+01 -3.344352763102266124e+01
1.055999999999999872e+01 -3.915413865919170888e+01
1.103999999999999915e+01 -3.965095731628765918e+01
1.151999999999999957e+01 -3.975600111251579705e+01
1.200000000000000000e+01 -4.002259671187065493e+01
1.248000000000000043e+01 -4.061789535505091919e+01
1.295999999999999908e+01 -4.079332568734684372e+01
1.343999999999999950e+01 -4.086501504224247583e+01
1.391999999999999993e+01 -4.092654738016185689e+01
1.439999999999999858e+01 -4.123435316664646422e+01
1.487999999999999901e+01 -4.183820424705368168e+01
1.535999999999999943e+01 -4.202796803416789118e+01
1.583999999999999986e+01 -4.230367999626064801e+01
1.632000000000000028e+01 -4.266174888558146705e+01
1.680000000000000071e+01 -4.279931070237607571e+01
1.728000000000000114e+01 -4.325995131927837178e+01
1.775999999999999801e+01 -4.404357098365645129e+01
1.823999999999999844e+01 -4.441150379346895249e+01
1.871999999999999886e+01 -4.474106915331652345e+01
1.919999999999999929e+01 -4.498698179441763045e+01
1.967999999999999972e+01 -4.529630733022004563e+01
2.016000000000000014e+01 -4.561226750330441604e+01
2.064000000000000057e+01 -4.606607567872817555e+01
2.111999999999999744e+01 -4.677346324897303731e+01
2.159999999999999787e+01 -4.688113452620966370e+01
2.207999999999999829e+01 -4.693924493055271796e+01
2.255999999999999872e+01 -4.746562151411103514e+01
2.303999999999999915e+01 -4.785537109515348675e+01
2.351999999999999957e+01 -4.847687764013195277e+01
2.400000000000000000e+01 -4.900976199725148774e+01
2.448000000000000043e+01 -4.965598487608901479e+01
2.496000000000000085e+01 -5.013533065627569130e+01
2.543999999999999773e+01 -5.061581741582082117e+01
2.591999999999999815e+01 -5.124405455169310386e+01
2.639999999999999858e+01 -5.188524258075366902e+01
2.687999999999999901e+01 -5.244516903021761323e+01
2.735999999999999943e+01 -5.311906339109188480e+01
2.783999999999999986e+01 -5.362001914771639832e+01
2.832000000000000028e+01 -5.401860972797274485e+01
2.879999999999999716e+01 -5.437551197260087577e+01
2.927999999999999758e+01 -5.451738377547143699e+01
2.975999999999999801e+01 -5.504035131066375186e+01
3.023999999999999844e+01 -5.528147399012091512e+01
3.071999999999999886e+01 -5.540960832474829800e+01
3.119999999999999929e+01 -5.569622574988925834e+01
3.167999999999999972e+01 -5.586758793240782950e+01
3.215999999999999659e+01 -5.604537730386310557e+01
3.264000000000000057e+01 -5.610434317631244738e+01
3.311999999999999744e+01 -5.640144699049077559e+01
3.360000000000000142e+01 -5.688370961328803332e+01
3.407999999999999829e+01 -5.714480142920551486e+01
3.456000000000000227e+01 -5.744757842288600358e+01
3.503999999999999915e+01 -5.743164685756214283e+01
3.551999999999999602e+01 -5.750742148132472664e+01
3.600000000000000000e+01 -5.790750038762227092e+01
3.647999999999999687e+01 -5.809061111736908600e+01
3.696000000000000085e+01 -5.851524383042782063e+01
3.743999999999999773e+01 -5.873310769399856923e+01
3.792000000000000171e+01 -5.902718421758306988e+01
3.839999999999999858e+01 -5.943891245023251457e+01
3.887999999999999545e+01 -5.963796946679485700e+01
3.935999999999999943e+01 -5.995397297457564889e+01
3.983999999999999631e+01 -6.047191629055923556e+01
4.032000000000000028e+01 -6.038319363235035553e+01
4.079999999999999716e+01 -6.057735616213597041e+01
4.128000000000000114e+01 -6.088202415258363942e+01
4.175999999999999801e+01 -6.082716087754894829e+01
4.223999999999999488e+01 -6.090637666168401410e+01
4.271999999999999886e+01 -6.133800123581109887e+01
4.319999999999999574e+01 -6.155837033212776532e+01
4.367999999999999972e+01 -6.170224978405939709e+01
4.415999999999999659e+01 -6.178210344262089393e+01
4.464000000000000057e+01 -6.218431127461330021e+01
4.511999999999999744e+01 -6.257217827707911795e+01
4.560000000000000142e+01 -6.313242291819616980e+01
4.607999999999999829e+01 -6.317361932430124227e+01
4.655999999999999517e+01 -6.299923662466176921e+01
4.703999999999999915e+01 -6.325999807245098339e+01
4.751999999999999602e+01 -6.369908562345336378e+01
4.800000000000000000e+01 -6.364658253918126007e+01
4.847999999999999687e+01 -6.381867449459519293e+01
4.896000000000000085e+01 -6.422640796865346147e+01
4.943999999999999773e+01 -6.467852469601064058e+01
4.992000000000000171e+01 -6.503917300896840459e+01
5.039999999999999858e+01 -6.506241867858958017e+01
5.087999999999999545e+01 -6.513588790451771615e+01
5.135999999999999943e+01 -6.544724980377404222e+01
5.183999999999999631e+01 -6.582035218039246161e+01
5.232000000000000028e+01 -6.617687031551531618e+01
5.279999999999999716e+01 -6.621082934488177330e+01
5.328000000000000114e+01 -6.624271361896802546e+01
5.375999999999999801e+01 -6.627961877812285252e+01
5.423999999999999488e+01 -6.652331063027760649e+01
5.471999999999999886e+01 -6.698698290640042785e+01
5.519999999999999574e+01 -6.738055440649998218e+01
5.567999999999999972e+01 -6.774736375099828933e+01
5.615999999999999659e+01 -6.788945720857162769e+01
5.664000000000000057e+01 -6.782938048366244743e+01
5.711999999999999744e+01 -6.811916741194391989e+01
5.759999999999999432e+01 -6.856636898044521899e+01
5.807999999999999829e+01 -6.870609368786890059e+01
5.855999999999999517e+01 -6.903347723681233106e+01
5.903999999999999915e+01 -6.910016404001203227e+01
5.951999999999999602e+01 -6.919406076778523129e+01
6.000000000000000000e+01 -6.927993676101458220e+01
6.047999999999999687e+01 -6.959192995484099242e+01
6.096000000000000085e+01 -7.008509670824918203e+01
6.143999999999999773e+01 -7.037031495133041403e+01
6.191999999999999460e+01 -7.074326511812391516e+01
6.239999999999999858e+01 -7.085087389975343797e+01
6.287999999999999545e+01 -7.116562028015971464e+01
6.335999999999999943e+01 -7.135544943486469549e+01
6.383999999999999631e+01 -7.139110923214330739e+01
6.431999999999999318e+01 -7.139381421987380349e+01
6.479999999999999716e+01 -7.169307578691729077e+01
6.528000000000000114e+01 -7.223552890482595501e+01
6.575999999999999091e+01 -7.245912869447032278e+01
6.623999999999999488e+01 -7.262520184398792367e+01
6.671999999999999886e+01 -7.282932806153786487e+01
6.720000000000000284e+01 -7.287473040334714369e+01
6.767999999999999261e+01 -7.309093819764827060e+01
6.815999999999999659e+01 -7.316537418529071601e+01
6.864000000000000057e+01 -7.312712792048003507e+01
6.912000000000000455e+01 -7.351482051679164442e+01
6.959999999999999432e+01 -7.379029384175757400e+01
7.007999999999999829e+01 -7.400199438937126217e+01
7.056000000000000227e+01 -7.443730440906436741e+01
7.103999999999999204e+01 -7.455684770567908970e+01
7.151999999999999602e+01 -7.468281420400651882e+01
7.200000000000000000e+01 -7.526018836036595872e+01
7.248000000000000398e+01 -7.556529031956020503e+01
7.295999999999999375e+01 -7.565261798868563403e+01
7.343999999999999773e+01 -7.540263739772409224e+01
7.392000000000000171e+01 -7.565827767243311541e+01
7.439999999999999147e+01 -7.591413772002992744e+01
7.487999999999999545e+01 -7.580715230181297670e+01
7.535999999999999943e+01 -7.642329028837335159e+01
7.584000000000000341e+01 -7.689906519235532301e+01
7.631999999999999318e+01 -7.712796556529247027e+01
7.679999999999999716e+01 -7.744765427922664003e+01
7.728000000000000114e+01 -7.758910893740507220e+01
7.775999999999999091e+01 -7.750230502805408150e+01
7.823999999999999488e+01 -7.771307538112991153e+01
7.871999999999999886e+01 -7.795575917559739310e+01
7.920000000000000284e+01 -7.786824788495620453e+01
7.967999999999999261e+01 -7.813427574533160680e+01
8.015999999999999659e+01 -7.855953034843327032e+01
8.064000000000000057e+01 -7.850261808837254307e+01
8.111999999999999034e+01 -7.893878642449801930e+01
8.159999999999999432e+01 -7.882800111435233248e+01
8.207999999999999829e+01 -7.861359282497143397e+01
8.256000000000000227e+01 -7.903896968611694263e+01
8.303999999999999204e+01 -7.928105515198703301e+01
8.351999999999999602e+01 -7.927008651538778849e+01
8.400000000000000000e+01 -7.935340313102855703e+01
8.447999999999998977e+01 -7.923528721468754554e+01
8.495999999999999375e+01 -7.950628777548790538e+01
8.543999999999999773e+01 -7.967651035540524163e+01
8.592000000000000171e+01 -7.963254002835523693e+01
8.639999999999999147e+01 -7.985988701265620193e+01
8.687999999999999545e+01 -8.006399953874660014e+01
8.735999999999999943e+01 -8.023974638292162354e+01
8.784000000000000341e+01 -8.055099924685089263e+01
8.831999999999999318e+01 -8.069428106798417843e+01
8.879999999999999716e+01 -8.066027216083827511e+01
8.928000000000000114e+01 -8.098081802200452728e+01
8.975999999999999091e+01 -8.141603195693157602e+01
9.023999999999999488e+01 -8.123532805706602744e+01
9.071999999999999886e+01 -8.109053621793826494e+01
9.120000000000000284e+01 -8.126010678854733271e+01
9.167999999999999261e+01 -8.151361728594166323e+01
9.215999999999999659e+01 -8.179792069718921255e+01
9.264000000000000057e+01 -8.218490107657912347e+01
9.311999999999999034e+01 -8.205660600350078937e+01
9.359999999999999432e+01 -8.204727655740660452e+01
9.407999999999999829e+01 -8.215816614742537638e+01
9.456000000000000227e+01 -8.210369361251858322e+01
9.503999999999999204e+01 -8.216170501480615940e+01
9.551999999999999602e+01 -8.225569756519091413e+01
9.600000000000000000e+01 -8.238831489648413253e+01
9.647999999999998977e+01 -8.233118410489849737e+01
9.695999999999999375e+01 -8.233469518201454207e+01
9.743999999999999773e+01 -8.247051975880475538e+01
9.792000000000000171e+01 -8.231575219797585419e+01
9.839999999999999147e+01 -8.214243396053808510e+01
9.887999999999999545e+01 -8.238444893407900338e+01
9.935999999999999943e+01 -8.265294064126808848e+01
9.984000000000000341e+01 -8.287620186956613111e+01
1.003199999999999932e+02 -8.283883072381013335e+01
1.007999999999999972e+02 -8.289846864772664503e+01
1.012800000000000011e+02 -8.343321012710008233e+01
1.017599999999999909e+02 -8.407347520171424549e+01
1.022399999999999949e+02 -8.394812490651274572e+01
1.027199999999999989e+02 -8.407480917691763977e+01
1.032000000000000028e+02 -8.458813893163642206e+01
1.036799999999999926e+02 -8.521180401267818638e+01
1.041599999999999966e+02 -8.549219110863539584e+01
1.046400000000000006e+02 -8.582302300832382969e+01
1.051199999999999903e+02 -8.687951730371013070e+01
1.055999999999999943e+02 -8.771641569055142895e+01
1.060799999999999983e+02 -8.815036311663024549e+01
1.065600000000000023e+02 -8.881114996294354569e+01
1.070399999999999920e+02 -8.949108254545546970e+01
1.075199999999999960e+02 -9.039603869388956525e+01
1.080000000000000000e+02 -9.145188634509867143e+01
1.084799999999999898e+02 -9.264697171821369182e+01
1.089599999999999937e+02 -9.367109317524415246e+01
1.094399999999999977e+02 -9.476920645056283377e+01
1.099200000000000017e+02 -9.626713466722536339e+01
1.103999999999999915e+02 -9.791877813931714059e+01
1.108799999999999955e+02 -9.940007447847710864e+01
1.113599999999999994e+02 -1.007122489807024976e+02
1.118399999999999892e+02 -1.021436133615508766e+02
1.123199999999999932e+02 -1.033343600006515146e+02
1.127999999999999972e+02 -1.042367258737564839e+02
1.132800000000000011e+02 -1.050122664008556228e+02
1.137599999999999909e+02 -1.056131711866562028e+02
1.142399999999999949e+02 -1.060076290718096743e+02
1.147199999999999989e+02 -1.064418916503838659e+02
1.151999999999999886e+02 -1.062276475149388375e+02
1.156799999999999926e+02 -1.062656449816324482e+02
1.161599999999999966e+02 -1.062255601653604913e+02
1.166400000000000006e+02 -1.061936041611542549e+02
1.171199999999999903e+02 -1.063897088692172019e+02
1.175999999999999943e+02 -1.060400930131204547e+02
1.180799999999999983e+02 -1.057772742051097481e+02
1.185600000000000023e+02 -1.059369731402354660e+02
1.190399999999999920e+02 -1.061848319017337730e+02
1.195199999999999960e+02 -1.060981656878474979e+02
1.200000000000000000e+02 -1.058535725350648846e+02
1.204799999999999898e+02 -1.060394590443731744e+02
1.209599999999999937e+02 -1.060413122583591985e+02
1.214399999999999977e+02 -1.060612695987458380e+02
1.219200000000000017e+02 -1.060684043329548700e+02
1.223999999999999915e+02 -1.024464059654761314e+02
