-1.228799999999999892e-01 -7.811395483585832267e+01
-1.223999999999999949e-01 -7.795140283186201202e+01
-1.219199999999999867e-01 -7.798569412450163441e+01
-1.214399999999999924e-01 -7.829475133518674568e+01
-1.209599999999999842e-01 -7.826138237801649211e+01
-1.204799999999999899e-01 -7.808650719823896225e+01
-1.199999999999999956e-01 -7.810935444086452151e+01
-1.195199999999999874e-01 -7.833479237020139863e+01
-1.190399999999999930e-01 -7.848628923272806901e+01
-1.185599999999999848e-01 -7.832928270369106372e+01
-1.180799999999999905e-01 -7.831175076669586588e+01
-1.175999999999999962e-01 -7.834224643989308845e+01
-1.171199999999999880e-01 -7.811541693264557296e+01
-1.166399999999999937e-01 -7.799261919470686166e+01
-1.161599999999999855e-01 -7.802342688290534056e+01
-1.156799999999999912e-01 -7.800151572166259939e+01
-1.151999999999999968e-01 -7.804293834680260034e+01
-1.147199999999999886e-01 -7.841914387446564660e+01
-1.142399999999999943e-01 -7.815311861114099656e+01
-1.137599999999999861e-01 -7.812478472798355256e+01
-1.132799999999999918e-01 -7.796537508664619054e+01
-1.127999999999999836e-01 -7.773483666651708290e+01
-1.123199999999999893e-01 -7.746583279397600563e+01
-1.118399999999999950e-01 -7.698365899605094853e+01
-1.113599999999999868e-01 -7.621276519825843820e+01
-1.108799999999999925e-01 -7.530535103467526881e+01
-1.103999999999999843e-01 -7.444261304635692511e+01
-1.099199999999999899e-01 -7.373233357135558208e+01
-1.094399999999999956e-01 -7.297835249277802916e+01
-1.089599999999999874e-01 -7.193054396196883715e+01
-1.084799999999999931e-01 -7.057164926278629480e+01
-1.079999999999999849e-01 -6.947788455794854201e+01
-1.075199999999999906e-01 -6.853096121079610725e+01
-1.070399999999999963e-01 -6.736120876527965606e+01
-1.065599999999999881e-01 -6.652793589129119312e+01
-1.060799999999999937e-01 -6.593082505060834819e+01
-1.055999999999999855e-01 -6.532792327166771429e+01
-1.051199999999999912e-01 -6.475320207350763724e+01
-1.046399999999999969e-01 -6.417322720169667605e+01
-1.041599999999999887e-01 -6.371277027128076043e+01
-1.036799999999999944e-01 -6.305959128269790881e+01
-1.031999999999999862e-01 -6.251821312620698023e+01
-1.027199999999999919e-01 -6.218565080326178673e+01
-1.022399999999999975e-01 -6.195505853674443131e+01
-1.017599999999999894e-01 -6.183488768196082219e+01
-1.012799999999999950e-01 -6.190851165690002489e+01
-1.007999999999999868e-01 -6.194881305831984264e+01
-1.003199999999999925e-01 -6.149397767699254302e+01
-9.983999999999998431e-02 -6.126589650717857438e+01
-9.935999999999998999e-02 -6.110929939137491118e+01
-9.887999999999999567e-02 -6.101503318623895211e+01
-9.839999999999998748e-02 -6.067097922200341031e+01
-9.791999999999999316e-02 -6.065044104066656416e+01
-9.743999999999998496e-02 -6.043076021476637294e+01
-9.695999999999999064e-02 -5.998592409547153892e+01
-9.647999999999999632e-02 -6.006827521329482522e+01
-9.599999999999998812e-02 -6.026855327878672597e+01
-9.551999999999999380e-02 -6.001211518683243185e+01
-9.503999999999998560e-02 -6.014325021710141073e+01
-9.455999999999999128e-02 -6.028035345011748092e+01
-9.407999999999999696e-02 -5.996172441092728889e+01
-9.359999999999998876e-02 -5.946866003777667942e+01
-9.311999999999999444e-02 -5.957748646329739728e+01
-9.263999999999998625e-02 -5.953613409001058443e+01
-9.215999999999999193e-02 -5.952375946273866703e+01
-9.167999999999999761e-02 -5.930645483515877459e+01
-9.119999999999998941e-02 -5.899868595555032869e+01
-9.071999999999999509e-02 -5.907293953833440980e+01
-9.023999999999998689e-02 -5.908404711967607170e+01
-8.975999999999999257e-02 -5.876883881191968584e+01
-8.927999999999999825e-02 -5.859996832909071429e+01
-8.879999999999999005e-02 -5.866349253583523193e+01
-8.831999999999999573e-02 -5.846162712895483082e+01
-8.783999999999998753e-02 -5.825147391608251013e+01
-8.735999999999999321e-02 -5.797850931510177475e+01
-8.687999999999999889e-02 -5.763599459489350352e+01
-8.639999999999999070e-02 -5.736862165326496665e+01
-8.591999999999999638e-02 -5.754872221299961410e+01
-8.543999999999998818e-02 -5.736951080731337527e+01
-8.495999999999999386e-02 -5.699049903046631016e+01
-8.447999999999999954e-02 -5.683597496473009869e+01
-8.399999999999999134e-02 -5.683432237029894196e+01
-8.351999999999999702e-02 -5.677320254554431500e+01
-8.303999999999998882e-02 -5.657591759642717477e+01
-8.255999999999999450e-02 -5.637710674244638653e+01
-8.207999999999998630e-02 -5.633574131758562942e+01
-8.159999999999999198e-02 -5.573448205213510676e+01
-8.111999999999999766e-02 -5.565565713944252479e+01
-8.063999999999998947e-02 -5.566517050838847069e+01
-8.015999999999999515e-02 -5.547581142508875018e+01
-7.967999999999998695e-02 -5.517785842094609450e+01
-7.919999999999999263e-02 -5.465466878350301982e+01
-7.871999999999999831e-02 -5.459418140620383042e+01
-7.823999999999999011e-02 -5.467623340495389783e+01
-7.775999999999999579e-02 -5.458859824012882456e+01
-7.727999999999998759e-02 -5.452992447348590588e+01
-7.679999999999999327e-02 -5.426840494850439711e+01
-7.631999999999999895e-02 -5.406620653039600199e+01
-7.583999999999999075e-02 -5.403268854880537475e+01
-7.535999999999999643e-02 -5.397956601580812475e+01
-7.487999999999998824e-02 -5.366968309947115756e+01
-7.439999999999999392e-02 -5.338993117583488868e+01
-7.391999999999999960e-02 -5.331677778835535264e+01
-7.343999999999999140e-02 -5.322721271846224056e+01
-7.295999999999999708e-02 -5.286697116337266067e+01
-7.247999999999998888e-02 -5.285372297884129722e+01
-7.199999999999999456e-02 -5.262101855519872373e+01
-7.152000000000000024e-02 -5.244264943340937890e+01
-7.103999999999999204e-02 -5.237869478777005838e+01
-7.055999999999999772e-02 -5.200422936088422432e+01
-7.007999999999998952e-02 -5.168636262616497845e+01
-6.959999999999999520e-02 -5.168363322519296332e+01
-6.911999999999998701e-02 -5.169734931343381845e+01
-6.863999999999999269e-02 -5.123145327210652056e+01
-6.815999999999999837e-02 -5.071109087937928450e+01
-6.767999999999999017e-02 -5.065835086127236053e+01
-6.719999999999999585e-02 -5.079544130478087993e+01
-6.671999999999998765e-02 -5.076925860040945082e+01
-6.623999999999999333e-02 -5.062429008347957904e+01
-6.575999999999999901e-02 -5.027631927901683895e+01
-6.527999999999999081e-02 -5.045031940778736157e+01
-6.479999999999999649e-02 -5.047129188217438411e+01
-6.431999999999998829e-02 -4.996079510539417612e+01
-6.383999999999999397e-02 -4.941613003230864365e+01
-6.335999999999999965e-02 -4.922455421376661633e+01
-6.287999999999999146e-02 -4.923351665263509602e+01
-6.239999999999999714e-02 -4.939153709230645006e+01
-6.191999999999999588e-02 -4.923298391604848945e+01
-6.143999999999999462e-02 -4.882920178501066033e+01
-6.095999999999999336e-02 -4.875637162090389154e+01
-6.047999999999999210e-02 -4.851481296412613631e+01
-5.999999999999999778e-02 -4.822664188070227453e+01
-5.951999999999999652e-02 -4.798429512814955444e+01
-5.903999999999999526e-02 -4.792741356755692550e+01
-5.855999999999999400e-02 -4.756425745315826248e+01
-5.807999999999999274e-02 -4.727221304343545683e+01
-5.759999999999999842e-02 -4.737572867668303900e+01
-5.711999999999999716e-02 -4.715018009965692158e+01
-5.663999999999999591e-02 -4.703096789339411998e+01
-5.615999999999999465e-02 -4.677814483190780237e+01
-5.567999999999999339e-02 -4.674674774048263259e+01
-5.519999999999999213e-02 -4.645542714412524532e+01
-5.471999999999999781e-02 -4.644167928530349343e+01
-5.423999999999999655e-02 -4.646708518963218637e+01
-5.375999999999999529e-02 -4.603984142310572736e+01
-5.327999999999999403e-02 -4.556093619395410599e+01
-5.279999999999999277e-02 -4.531984360992959182e+01
-5.231999999999999845e-02 -4.549406414380729302e+01
-5.183999999999999719e-02 -4.573175299209928113e+01
-5.135999999999999593e-02 -4.551870532468260677e+01
-5.087999999999999468e-02 -4.519515597612601709e+01
-5.039999999999999342e-02 -4.497977553279306306e+01
-4.991999999999999216e-02 -4.489994980997301610e+01
-4.943999999999999784e-02 -4.455399863807255656e+01
-4.895999999999999658e-02 -4.444830410894965667e+01
-4.847999999999999532e-02 -4.436861927611169421e+01
-4.799999999999999406e-02 -4.408371569725203898e+01
-4.751999999999999280e-02 -4.387449651604046608e+01
-4.703999999999999848e-02 -4.362879302692384442e+01
-4.655999999999999722e-02 -4.363529458407555239e+01
-4.607999999999999596e-02 -4.361216710308574562e+01
-4.559999999999999470e-02 -4.333945810243867669e+01
-4.511999999999999345e-02 -4.335198828125760429e+01
-4.463999999999999913e-02 -4.309084664951149080e+01
-4.415999999999999787e-02 -4.294664176470845973e+01
-4.367999999999999661e-02 -4.281591631726488600e+01
-4.319999999999999535e-02 -4.221269343140470198e+01
-4.271999999999999409e-02 -4.178985584309436518e+01
-4.223999999999999977e-02 -4.161226772400028295e+01
-4.175999999999999851e-02 -4.162201526304564680e+01
-4.127999999999999725e-02 -4.140799118899229825e+01
-4.079999999999999599e-02 -4.110065238145197242e+01
-4.031999999999999473e-02 -4.094658006410189444e+01
-3.983999999999999347e-02 -4.094198458332299140e+01
-3.935999999999999915e-02 -4.088475020490173506e+01
-3.887999999999999790e-02 -4.041995116007986155e+01
-3.839999999999999664e-02 -3.998127334129900845e+01
-3.791999999999999538e-02 -3.981203168805488701e+01
-3.743999999999999412e-02 -3.976169855526384822e+01
-3.695999999999999980e-02 -3.959066463061126484e+01
-3.647999999999999854e-02 -3.934293632408304831e+01
-3.599999999999999728e-02 -3.906216541226672945e+01
-3.551999999999999602e-02 -3.897654704036708040e+01
-3.503999999999999476e-02 -3.870467420433111982e+01
-3.455999999999999350e-02 -3.859656549880968868e+01
-3.407999999999999918e-02 -3.794332166294695696e+01
-3.359999999999999792e-02 -3.737692026620473484e+01
-3.311999999999999666e-02 -3.723277647266228740e+01
-3.263999999999999541e-02 -3.684955870491575070e+01
-3.215999999999999415e-02 -3.660431567090559923e+01
-3.167999999999999983e-02 -3.646806472718543546e+01
-3.119999999999999857e-02 -3.608708779954871204e+01
-3.071999999999999731e-02 -3.602380707780928049e+01
-3.023999999999999605e-02 -3.563961366947501119e+01
-2.975999999999999826e-02 -3.522526337630095838e+01
-2.927999999999999700e-02 -3.501160157504475023e+01
-2.879999999999999921e-02 -3.458246118418072967e+01
-2.831999999999999795e-02 -3.390440502020689451e+01
-2.783999999999999669e-02 -3.348951323259685608e+01
-2.735999999999999890e-02 -3.286514855587693518e+01
-2.687999999999999765e-02 -3.194442795560284054e+01
-2.639999999999999639e-02 -3.103002933984784661e+01
-2.591999999999999860e-02 -3.016287185584009123e+01
-2.543999999999999734e-02 -2.949978339182016640e+01
-2.495999999999999608e-02 -2.894577395914931017e+01
-2.447999999999999829e-02 -2.844294435183538994e+01
-2.399999999999999703e-02 -2.793069417067879456e+01
-2.351999999999999924e-02 -2.752236093330118649e+01
-2.303999999999999798e-02 -2.700340341174929293e+01
-2.255999999999999672e-02 -2.633260891377866031e+01
-2.207999999999999893e-02 -2.577227692499393896e+01
-2.159999999999999767e-02 -2.535461786889902314e+01
-2.111999999999999988e-02 -2.444423047100426771e+01
-2.063999999999999863e-02 -2.389119014693404708e+01
-2.015999999999999737e-02 -2.344272529216531709e+01
-1.967999999999999958e-02 -2.304232346296093681e+01
-1.919999999999999832e-02 -2.302412767344254974e+01
-1.871999999999999706e-02 -2.294736758415052336e+01
-1.823999999999999927e-02 -2.250955369129619044e+01
-1.775999999999999801e-02 -2.186311672195223110e+01
-1.727999999999999675e-02 -2.158450100797650961e+01
-1.679999999999999896e-02 -2.145516886694279890e+01
-1.631999999999999770e-02 -2.114086369045518055e+01
-1.583999999999999991e-02 -2.078346022543280824e+01
-1.535999999999999865e-02 -2.048335399119670441e+01
-1.487999999999999913e-02 -2.024565766884524010e+01
-1.439999999999999961e-02 -1.976342452223471824e+01
-1.391999999999999835e-02 -1.929091449381397538e+01
-1.343999999999999882e-02 -1.927402316267031068e+01
-1.295999999999999930e-02 -1.899426153230093561e+01
-1.247999999999999804e-02 -1.861262103270508916e+01
-1.199999999999999852e-02 -1.851540720205410651e+01
-1.151999999999999899e-02 -1.827946566184696664e+01
-1.103999999999999947e-02 -1.787725300685318430e+01
-1.055999999999999994e-02 -1.644107462609587955e+01
-1.007999999999999868e-02 -3.840110064890657426e+00
-9.599999999999999159e-03 4.358380025269175562e+00
-9.119999999999999635e-03 6.971575372512967661e+00
-8.639999999999998376e-03 7.179075465780702991e+00
-8.159999999999998851e-03 7.177707655197255399e+00
-7.679999999999999327e-03 7.342772530937143216e+00
-7.199999999999999803e-03 7.429944837019034409e+00
-6.719999999999999411e-03 7.269063123117215142e+00
-6.239999999999999020e-03 7.307098057968442362e+00
-5.759999999999999495e-03 7.452761716838205430e+00
-5.279999999999999971e-03 7.438592509304106315e+00
-4.799999999999999580e-03 7.466424838974957012e+00
-4.319999999999999188e-03 7.268812193155059553e+00
-3.839999999999999664e-03 7.157723003178597665e+00
-3.359999999999999706e-03 7.149418481594194574e+00
-2.879999999999999748e-03 7.132485095904495864e+00
-2.399999999999999790e-03 7.237300500031405015e+00
-1.919999999999999832e-03 7.184831675915205551e+00
-1.439999999999999874e-03 7.211853630619797784e+00
-9.599999999999999159e-04 7.281100954099414935e+00
-4.799999999999999580e-04 7.155297027685855404e+00
0.000000000000000000e+00 7.093672648733157615e+00
4.799999999999999580e-04 7.317854141765668174e+00
9.599999999999999159e-04 7.685042030436973093e+00
1.439999999999999874e-03 7.315872754356188779e+00
1.919999999999999832e-03 6.949311407542237973e+00
2.399999999999999790e-03 7.163319891001153294e+00
2.879999999999999748e-03 7.330724867846257098e+00
3.359999999999999706e-03 7.490138123965022210e+00
3.839999999999999664e-03 7.248938246495479021e+00
4.319999999999999188e-03 6.932738569449985455e+00
4.799999999999999580e-03 6.983265098696758599e+00
5.279999999999999971e-03 7.107509213698746997e+00
5.759999999999999495e-03 7.084517814032237126e+00
6.239999999999999020e-03 6.971777964820436324e+00
6.719999999999999411e-03 7.014818538946605564e+00
7.199999999999999803e-03 7.126206637384440157e+00
7.679999999999999327e-03 6.919029142276872157e+00
8.159999999999998851e-03 6.955889545612161662e+00
8.639999999999998376e-03 7.012877847879766868e+00
9.119999999999999635e-03 6.655806704758894909e+00
9.599999999999999159e-03 3.966522883512277886e+00
1.007999999999999868e-02 -4.352645657287252057e+00
1.055999999999999994e-02 -1.682456883379871471e+01
1.103999999999999947e-02 -1.846714152391852082e+01
1.151999999999999899e-02 -1.858357960755687444e+01
1.199999999999999852e-02 -1.882394200737370937e+01
1.247999999999999804e-02 -1.940900607387553123e+01
1.295999999999999930e-02 -1.963508627361280645e+01
1.343999999999999882e-02 -1.973409417515452802e+01
1.391999999999999835e-02 -1.987260867679825793e+01
1.439999999999999961e-02 -2.025019344664847409e+01
1.487999999999999913e-02 -2.081374957375965096e+01
1.535999999999999865e-02 -2.091279128877982174e+01
1.583999999999999991e-02 -2.106547968154425021e+01
1.631999999999999770e-02 -2.136386406302893448e+01
1.679999999999999896e-02 -2.173557117681647100e+01
1.727999999999999675e-02 -2.223248538902708660e+01
1.775999999999999801e-02 -2.298725539201039680e+01
1.823999999999999927e-02 -2.330501615070159005e+01
1.871999999999999706e-02 -2.370037598380050525e+01
1.919999999999999832e-02 -2.397768490849369272e+01
1.967999999999999958e-02 -2.411764324755363020e+01
2.015999999999999737e-02 -2.444655408820430509e+01
2.063999999999999863e-02 -2.504913180680526708e+01
2.111999999999999988e-02 -2.573223563029906558e+01
2.159999999999999767e-02 -2.583986539851466446e+01
2.207999999999999893e-02 -2.609872296828032745e+01
2.255999999999999672e-02 -2.680835350164998943e+01
2.303999999999999798e-02 -2.721508394783427320e+01
2.351999999999999924e-02 -2.776364565080424995e+01
2.399999999999999703e-02 -2.822934667143792353e+01
2.447999999999999829e-02 -2.876061946530239766e+01
2.495999999999999608e-02 -2.938455806216841637e+01
2.543999999999999734e-02 -3.021741657013679472e+01
2.591999999999999860e-02 -3.099907428394166331e+01
2.639999999999999639e-02 -3.163144727002853074e+01
2.687999999999999765e-02 -3.231361125973700155e+01
2.735999999999999890e-02 -3.297605464710239431e+01
2.783999999999999669e-02 -3.382055528430475988e+01
2.831999999999999795e-02 -3.448507429995049023e+01
2.879999999999999921e-02 -3.480591367098246280e+01
2.927999999999999700e-02 -3.493373297985075965e+01
2.975999999999999826e-02 -3.521898933481232774e+01
3.023999999999999605e-02 -3.588547174740684653e+01
3.071999999999999731e-02 -3.657687323853305372e+01
3.119999999999999857e-02 -3.710181647419774009e+01
3.167999999999999983e-02 -3.727713830839570619e+01
3.215999999999999415e-02 -3.743696409911558476e+01
3.263999999999999541e-02 -3.784749021129043456e+01
3.311999999999999666e-02 -3.789604930161210206e+01
3.359999999999999792e-02 -3.820268247074948675e+01
3.407999999999999918e-02 -3.884853766134880004e+01
3.455999999999999350e-02 -3.912731327006478210e+01
3.503999999999999476e-02 -3.941204923256877635e+01
3.551999999999999602e-02 -3.969083944711290712e+01
3.599999999999999728e-02 -4.004482204277748991e+01
3.647999999999999854e-02 -4.036879658944619820e+01
3.695999999999999980e-02 -4.054668559111146919e+01
3.743999999999999412e-02 -4.090047624464939702e+01
3.791999999999999538e-02 -4.122228443880054272e+01
3.839999999999999664e-02 -4.157768096719269124e+01
3.887999999999999790e-02 -4.190243420147911735e+01
3.935999999999999915e-02 -4.209358157875220741e+01
3.983999999999999347e-02 -4.230146790695670944e+01
4.031999999999999473e-02 -4.255875807950925349e+01
4.079999999999999599e-02 -4.304953800972532463e+01
4.127999999999999725e-02 -4.336636100653768722e+01
4.175999999999999851e-02 -4.354351623706862284e+01
4.223999999999999977e-02 -4.361240122401252250e+01
4.271999999999999409e-02 -4.384402966249530920e+01
4.319999999999999535e-02 -4.400347616796927497e+01
4.367999999999999661e-02 -4.425999293357670439e+01
4.415999999999999787e-02 -4.449596207642655088e+01
4.463999999999999913e-02 -4.466059409624960352e+01
4.511999999999999345e-02 -4.467823679672063975e+01
4.559999999999999470e-02 -4.488734126249474343e+01
4.607999999999999596e-02 -4.502915444119071253e+01
4.655999999999999722e-02 -4.499081884641923779e+01
4.703999999999999848e-02 -4.495832157914371408e+01
4.751999999999999280e-02 -4.478683423295831290e+01
4.799999999999999406e-02 -4.470798837607409837e+01
4.847999999999999532e-02 -4.485671183268853213e+01
4.895999999999999658e-02 -4.541901247739901493e+01
4.943999999999999784e-02 -4.659019375326815293e+01
4.991999999999999216e-02 -4.723643668999710599e+01
5.039999999999999342e-02 -4.728867921252103201e+01
5.087999999999999468e-02 -4.737871061544724682e+01
5.135999999999999593e-02 -4.754271605178617222e+01
5.183999999999999719e-02 -4.785133608882792089e+01
5.231999999999999845e-02 -4.796221674689248005e+01
5.279999999999999277e-02 -4.784006641303349028e+01
5.327999999999999403e-02 -4.804726093901181372e+01
5.375999999999999529e-02 -4.825415198955170837e+01
5.423999999999999655e-02 -4.829930062786271350e+01
5.471999999999999781e-02 -4.866550468060257373e+01
5.519999999999999213e-02 -4.902584938267561654e+01
5.567999999999999339e-02 -4.912433094497767883e+01
5.615999999999999465e-02 -4.921980679868610764e+01
5.663999999999999591e-02 -4.918180017261480685e+01
5.711999999999999716e-02 -4.937430311258608384e+01
5.759999999999999842e-02 -4.961131411421746407e+01
5.807999999999999274e-02 -4.967598424414747171e+01
5.855999999999999400e-02 -4.777932659636041990e+01
5.903999999999999526e-02 -4.664321215175523605e+01
5.951999999999999652e-02 -4.911916794737032177e+01
5.999999999999999778e-02 -5.019829388562429529e+01
6.047999999999999210e-02 -5.030304033445587208e+01
6.095999999999999336e-02 -5.055152156134844432e+01
6.143999999999999462e-02 -5.073186321652148933e+01
6.191999999999999588e-02 -5.093479732124439607e+01
6.239999999999999714e-02 -5.115786810533958118e+01
6.287999999999999146e-02 -5.148171159836665822e+01
6.335999999999999965e-02 -5.167804848794048667e+01
6.383999999999999397e-02 -5.184880115056957095e+01
6.431999999999998829e-02 -5.194301710962765384e+01
6.479999999999999649e-02 -5.216308700691105571e+01
6.527999999999999081e-02 -5.250233708282750200e+01
6.575999999999999901e-02 -5.253277027389201947e+01
6.623999999999999333e-02 -5.282777759085496427e+01
6.671999999999998765e-02 -5.304242998324557590e+01
6.719999999999999585e-02 -5.332046942612437590e+01
6.767999999999999017e-02 -5.345093679507316153e+01
6.815999999999999837e-02 -5.334230902323699297e+01
6.863999999999999269e-02 -5.334112884927439069e+01
6.911999999999998701e-02 -5.351471580139155293e+01
6.959999999999999520e-02 -5.368853656009650877e+01
7.007999999999998952e-02 -5.369315825896414651e+01
7.055999999999999772e-02 -5.416310670731716925e+01
7.103999999999999204e-02 -5.470131070287354191e+01
7.152000000000000024e-02 -5.475486632688792099e+01
7.199999999999999456e-02 -5.499191130307721664e+01
7.247999999999998888e-02 -5.487986685643073770e+01
7.295999999999999708e-02 -5.496077020051531292e+01
7.343999999999999140e-02 -5.522318366833616210e+01
7.391999999999999960e-02 -5.572200011803818853e+01
7.439999999999999392e-02 -5.574377115739799393e+01
7.487999999999998824e-02 -5.540110668765258595e+01
7.535999999999999643e-02 -5.552866891243922254e+01
7.583999999999999075e-02 -5.589810621181008798e+01
7.631999999999999895e-02 -5.618887879652940853e+01
7.679999999999999327e-02 -5.612785953931813054e+01
7.727999999999998759e-02 -5.672346100941074099e+01
7.775999999999999579e-02 -5.698022699134977387e+01
7.823999999999999011e-02 -5.680237110945433443e+01
7.871999999999999831e-02 -5.708996153119397832e+01
7.919999999999999263e-02 -5.724571889370567135e+01
7.967999999999998695e-02 -5.720002878288231329e+01
8.015999999999999515e-02 -5.741668021853926973e+01
8.063999999999998947e-02 -5.781459074247771213e+01
8.111999999999999766e-02 -5.797594422333513364e+01
8.159999999999999198e-02 -5.786381367449700974e+01
8.207999999999998630e-02 -5.795718369101069811e+01
8.255999999999999450e-02 -5.808824421933429250e+01
8.303999999999998882e-02 -5.807024900395283851e+01
8.351999999999999702e-02 -5.838522327619509156e+01
8.399999999999999134e-02 -5.861735901176751184e+01
8.447999999999999954e-02 -5.874561150637084950e+01
8.495999999999999386e-02 -5.880850617338196429e+01
8.543999999999998818e-02 -5.890547221848771642e+01
8.591999999999999638e-02 -5.902936933316617285e+01
8.639999999999999070e-02 -5.904367596667587748e+01
8.687999999999999889e-02 -5.922939753093018567e+01
8.735999999999999321e-02 -5.950789402575504994e+01
8.783999999999998753e-02 -5.970985366890870694e+01
8.831999999999999573e-02 -5.971750475037160300e+01
8.879999999999999005e-02 -5.970153951594813435e+01
8.927999999999999825e-02 -5.993024220132637936e+01
8.975999999999999257e-02 -6.024486276561373188e+01
9.023999999999998689e-02 -6.031237100359719250e+01
9.071999999999999509e-02 -5.997156748344173849e+01
9.119999999999998941e-02 -5.998736161594044347e+01
9.167999999999999761e-02 -6.040900041821129207e+01
9.215999999999999193e-02 -6.072666601136119624e+01
9.263999999999998625e-02 -6.079415446920776134e+01
9.311999999999999444e-02 -6.071973403137899084e+01
9.359999999999998876e-02 -6.072787938389859619e+01
9.407999999999999696e-02 -6.087040268260065545e+01
9.455999999999999128e-02 -6.101237138340874111e+01
9.503999999999998560e-02 -6.124802551914513060e+01
9.551999999999999380e-02 -6.088040622985111838e+01
9.599999999999998812e-02 -6.093013860233561729e+01
9.647999999999999632e-02 -6.129945760476314121e+01
9.695999999999999064e-02 -6.159324905748669465e+01
9.743999999999998496e-02 -6.160238818730079657e+01
9.791999999999999316e-02 -6.157422757126587953e+01
9.839999999999998748e-02 -6.171274322897211562e+01
9.887999999999999567e-02 -6.182903459689302395e+01
9.935999999999998999e-02 -6.194756910423176777e+01
9.983999999999998431e-02 -6.193318764818349109e+01
1.003199999999999925e-01 -6.184371053569270771e+01
1.007999999999999868e-01 -6.206620366153895674e+01
1.012799999999999950e-01 -6.223312123600719303e+01
1.017599999999999894e-01 -6.244386109815017250e+01
1.022399999999999975e-01 -6.246927108185016664e+01
1.027199999999999919e-01 -6.277871827842076868e+01
1.031999999999999862e-01 -6.337712593441529663e+01
1.036799999999999944e-01 -6.394512450436243967e+01
1.041599999999999887e-01 -6.424150260348675090e+01
1.046399999999999969e-01 -6.458505065884875762e+01
1.051199999999999912e-01 -6.519242187156646651e+01
1.055999999999999855e-01 -6.524808625270421203e+01
1.060799999999999937e-01 -6.554503129746929346e+01
1.065599999999999881e-01 -6.694651772294697878e+01
1.070399999999999963e-01 -6.759300559298407052e+01
1.075199999999999906e-01 -6.860869207703063921e+01
1.079999999999999849e-01 -6.960881360079636693e+01
1.084799999999999931e-01 -7.047596201469798416e+01
1.089599999999999874e-01 -7.156498919263749769e+01
1.094399999999999956e-01 -7.261329742717160229e+01
1.099199999999999899e-01 -7.352537704108054584e+01
1.103999999999999843e-01 -7.451068359414436770e+01
1.108799999999999925e-01 -7.540611470184916243e+01
1.113599999999999868e-01 -7.626203768296952035e+01
1.118399999999999950e-01 -7.700135872838987439e+01
1.123199999999999893e-01 -7.734114299626742195e+01
1.127999999999999836e-01 -7.743273507852907755e+01
1.132799999999999918e-01 -7.760138314667359793e+01
1.137599999999999861e-01 -7.777944822386504597e+01
1.142399999999999943e-01 -7.813145444481141055e+01
1.147199999999999886e-01 -7.833284625485008235e+01
1.151999999999999968e-01 -7.818154345733822197e+01
1.156799999999999912e-01 -7.814605810062839453e+01
1.161599999999999855e-01 -7.830276554881051254e+01
1.166399999999999937e-01 -7.840524325589356636e+01
1.171199999999999880e-01 -7.813949897871870576e+01
1.175999999999999962e-01 -7.800725111866528039e+01
1.180799999999999905e-01 -7.821438819870017767e+01
1.185599999999999848e-01 -7.810124771024197798e+01
1.190399999999999930e-01 -7.816533469529878175e+01
1.195199999999999874e-01 -7.846415388684765446e+01
1.199999999999999956e-01 -7.861612498702521634e+01
1.204799999999999899e-01 -7.855990850592006325e+01
1.209599999999999842e-01 -7.855725836874216839e+01
1.214399999999999924e-01 -7.835896874317865013e+01
1.219199999999999867e-01 -7.856455009202417727e+01
1.223999999999999949e-01 -7.853081407331374919e+01
