-1.228799999999999892e-01 -8.004253625346551360e+01
-1.223999999999999949e-01 -8.135192323916336932e+01
-1.219199999999999867e-01 -8.196587141028878420e+01
-1.214399999999999924e-01 -8.193548094934359938e+01
-1.209599999999999842e-01 -8.176102456554909281e+01
-1.204799999999999899e-01 -8.150970041815831735e+01
-1.199999999999999956e-01 -8.144422413681408557e+01
-1.195199999999999874e-01 -8.153780678516370983e+01
-1.190399999999999930e-01 -8.176608670961728365e+01
-1.185599999999999848e-01 -8.178829440105505455e+01
-1.180799999999999905e-01 -8.163988962657371928e+01
-1.175999999999999962e-01 -8.158929317356849253e+01
-1.171199999999999880e-01 -8.161981912795744165e+01
-1.166399999999999937e-01 -8.172139293721937747e+01
-1.161599999999999855e-01 -8.154320952788540922e+01
-1.156799999999999912e-01 -8.154648937240710893e+01
-1.151999999999999968e-01 -8.161820403746574470e+01
-1.147199999999999886e-01 -8.152257679948304769e+01
-1.142399999999999943e-01 -8.122512309367687067e+01
-1.137599999999999861e-01 -8.089490611849612378e+01
-1.132799999999999918e-01 -8.063002697101683225e+01
-1.127999999999999836e-01 -8.005070953600721850e+01
-1.123199999999999893e-01 -7.896323015478400009e+01
-1.118399999999999950e-01 -7.776125653936715310e+01
-1.113599999999999868e-01 -7.651287712326941914e+01
-1.108799999999999925e-01 -7.492259410676888365e+01
-1.103999999999999843e-01 -7.304539608737744061e+01
-1.099199999999999899e-01 -7.154341006564024497e+01
-1.094399999999999956e-01 -7.014675848909550382e+01
-1.089599999999999874e-01 -6.891363881109973022e+01
-1.084799999999999931e-01 -6.780805401086564643e+01
-1.079999999999999849e-01 -6.645276826786340507e+01
-1.075199999999999906e-01 -6.542501398374884047e+01
-1.070399999999999963e-01 -6.478265708999668959e+01
-1.065599999999999881e-01 -6.379011428833685216e+01
-1.060799999999999937e-01 -6.268887702161178765e+01
-1.055999999999999855e-01 -6.204451638988122397e+01
-1.051199999999999912e-01 -6.148175942872108379e+01
-1.046399999999999969e-01 -6.077173017619506368e+01
-1.041599999999999887e-01 -6.020984832155189537e+01
-1.036799999999999944e-01 -5.973203683139516329e+01
-1.031999999999999862e-01 -5.948342707732658141e+01
-1.027199999999999919e-01 -5.929710106191386387e+01
-1.022399999999999975e-01 -5.907327764392061908e+01
-1.017599999999999894e-01 -5.884003008448572558e+01
-1.012799999999999950e-01 -5.834350821539527487e+01
-1.007999999999999868e-01 -5.810111985354119923e+01
-1.003199999999999925e-01 -5.795627074197592776e+01
-9.983999999999998431e-02 -5.784731019856805290e+01
-9.935999999999998999e-02 -5.780082153240335430e+01
-9.887999999999999567e-02 -5.776059519949683363e+01
-9.839999999999998748e-02 -5.761975211923616058e+01
-9.791999999999999316e-02 -5.759244524010945554e+01
-9.743999999999998496e-02 -5.747216496657685525e+01
-9.695999999999999064e-02 -5.721436276053167092e+01
-9.647999999999999632e-02 -5.671849470249979674e+01
-9.599999999999998812e-02 -5.658007157252544772e+01
-9.551999999999999380e-02 -5.677896650756488839e+01
-9.503999999999998560e-02 -5.683720868168997242e+01
-9.455999999999999128e-02 -5.673692481281592848e+01
-9.407999999999999696e-02 -5.652143814913031861e+01
-9.359999999999998876e-02 -5.644761389877732682e+01
-9.311999999999999444e-02 -5.633680542088854537e+01
-9.263999999999998625e-02 -5.625601313151125282e+01
-9.215999999999999193e-02 -5.647630019212862607e+01
-9.167999999999999761e-02 -5.637284675196782047e+01
-9.119999999999998941e-02 -5.560033788209007355e+01
-9.071999999999999509e-02 -5.546113828995672179e+01
-9.023999999999998689e-02 -5.540544460396648674e+01
-8.975999999999999257e-02 -5.548461669015763675e+01
-8.927999999999999825e-02 -5.537819472132642318e+01
-8.879999999999999005e-02 -5.556372876093621471e+01
-8.831999999999999573e-02 -5.560912416439511219e+01
-8.783999999999998753e-02 -5.525229266799154004e+01
-8.735999999999999321e-02 -5.510036001418668405e+01
-8.687999999999999889e-02 -5.471683287619040925e+01
-8.639999999999999070e-02 -5.420036608287787061e+01
-8.591999999999999638e-02 -5.445010049458417001e+01
-8.543999999999998818e-02 -5.465412432162901268e+01
-8.495999999999999386e-02 -5.445765671608146619e+01
-8.447999999999999954e-02 -5.410185768886299229e+01
-8.399999999999999134e-02 -5.398015789913821294e+01
-8.351999999999999702e-02 -5.401291757222797685e+01
-8.303999999999998882e-02 -5.416598371829589098e+01
-8.255999999999999450e-02 -5.413086674299951540e+01
-8.207999999999998630e-02 -5.389434241961417626e+01
-8.159999999999999198e-02 -5.384294103011591659e+01
-8.111999999999999766e-02 -5.379438102756829210e+01
-8.063999999999998947e-02 -5.355717329430252249e+01
-8.015999999999999515e-02 -5.332412409065653947e+01
-7.967999999999998695e-02 -5.325137958969048668e+01
-7.919999999999999263e-02 -5.327484332199076533e+01
-7.871999999999999831e-02 -5.303136627004655423e+01
-7.823999999999999011e-02 -5.317758662729880115e+01
-7.775999999999999579e-02 -5.308703461979396820e+01
-7.727999999999998759e-02 -5.319315296713712371e+01
-7.679999999999999327e-02 -5.298958115851621642e+01
-7.631999999999999895e-02 -5.247164421610658280e+01
-7.583999999999999075e-02 -5.245935400713438668e+01
-7.535999999999999643e-02 -5.248185094488852798e+01
-7.487999999999998824e-02 -5.226011084851850796e+01
-7.439999999999999392e-02 -5.215736063990451044e+01
-7.391999999999999960e-02 -5.187373836021914997e+01
-7.343999999999999140e-02 -5.171545569919965146e+01
-7.295999999999999708e-02 -5.163824990667042414e+01
-7.247999999999998888e-02 -5.144211540986270847e+01
-7.199999999999999456e-02 -5.134534048876854939e+01
-7.152000000000000024e-02 -5.151182385717851275e+01
-7.103999999999999204e-02 -5.128414667761146006e+01
-7.055999999999999772e-02 -5.074859760906592498e+01
-7.007999999999998952e-02 -5.054311779736717369e+01
-6.959999999999999520e-02 -5.066530241730158934e+01
-6.911999999999998701e-02 -5.075825068368534687e+01
-6.863999999999999269e-02 -5.038688215058554931e+01
-6.815999999999999837e-02 -4.987989405090212358e+01
-6.767999999999999017e-02 -4.987206232095982728e+01
-6.719999999999999585e-02 -4.971378736964528144e+01
-6.671999999999998765e-02 -4.973276674661553898e+01
-6.623999999999999333e-02 -4.984533354277930073e+01
-6.575999999999999901e-02 -4.948651867396243631e+01
-6.527999999999999081e-02 -4.966480370290220492e+01
-6.479999999999999649e-02 -4.949585165095604822e+01
-6.431999999999998829e-02 -4.902371655122526306e+01
-6.383999999999999397e-02 -4.854193848428635505e+01
-6.335999999999999965e-02 -4.829961429184134403e+01
-6.287999999999999146e-02 -4.813039084095357367e+01
-6.239999999999999714e-02 -4.822777371287116921e+01
-6.191999999999999588e-02 -4.839461762385398913e+01
-6.143999999999999462e-02 -4.809051133981914461e+01
-6.095999999999999336e-02 -4.770421585307991563e+01
-6.047999999999999210e-02 -4.742690817246588608e+01
-5.999999999999999778e-02 -4.725319455707178662e+01
-5.951999999999999652e-02 -4.681337733076190233e+01
-5.903999999999999526e-02 -4.657871725380826433e+01
-5.855999999999999400e-02 -4.648639467574661666e+01
-5.807999999999999274e-02 -4.621723085522613417e+01
-5.759999999999999842e-02 -4.619024215384119714e+01
-5.711999999999999716e-02 -4.576076354297004656e+01
-5.663999999999999591e-02 -4.559084515423607087e+01
-5.615999999999999465e-02 -4.545612571210051556e+01
-5.567999999999999339e-02 -4.521727863562091443e+01
-5.519999999999999213e-02 -4.470029108090000136e+01
-5.471999999999999781e-02 -4.442465017054065157e+01
-5.423999999999999655e-02 -4.441110153979689557e+01
-5.375999999999999529e-02 -4.406204885085756473e+01
-5.327999999999999403e-02 -4.366540897008569289e+01
-5.279999999999999277e-02 -4.342654265178177297e+01
-5.231999999999999845e-02 -4.322551735776109894e+01
-5.183999999999999719e-02 -4.317321093288435918e+01
-5.135999999999999593e-02 -4.316537711628288321e+01
-5.087999999999999468e-02 -4.284134532646800153e+01
-5.039999999999999342e-02 -4.226757343944398571e+01
-4.991999999999999216e-02 -4.208075125521677506e+01
-4.943999999999999784e-02 -4.171966927554215943e+01
-4.895999999999999658e-02 -4.125581897046871660e+01
-4.847999999999999532e-02 -4.114765938014276259e+01
-4.799999999999999406e-02 -4.098092300146619493e+01
-4.751999999999999280e-02 -4.068914843902001621e+01
-4.703999999999999848e-02 -4.051343742405212112e+01
-4.655999999999999722e-02 -4.050192659406228302e+01
-4.607999999999999596e-02 -4.030684025293317774e+01
-4.559999999999999470e-02 -3.999987869253831718e+01
-4.511999999999999345e-02 -3.970508438128648265e+01
-4.463999999999999913e-02 -3.926169289784548511e+01
-4.415999999999999787e-02 -3.907344819706187877e+01
-4.367999999999999661e-02 -3.872960074131654551e+01
-4.319999999999999535e-02 -3.819873104879795989e+01
-4.271999999999999409e-02 -3.771612170228493000e+01
-4.223999999999999977e-02 -3.734441615341373222e+01
-4.175999999999999851e-02 -3.694201681800146275e+01
-4.127999999999999725e-02 -3.646172850893045592e+01
-4.079999999999999599e-02 -3.651949414740447253e+01
-4.031999999999999473e-02 -3.654938758441284108e+01
-3.983999999999999347e-02 -3.627687431858895906e+01
-3.935999999999999915e-02 -3.591683635923772755e+01
-3.887999999999999790e-02 -3.547534243486788341e+01
-3.839999999999999664e-02 -3.507249089624476568e+01
-3.791999999999999538e-02 -3.478622518152684506e+01
-3.743999999999999412e-02 -3.429226611432915917e+01
-3.695999999999999980e-02 -3.392657632114150346e+01
-3.647999999999999854e-02 -3.382802086353765958e+01
-3.599999999999999728e-02 -3.342130666712932907e+01
-3.551999999999999602e-02 -3.270724133424806723e+01
-3.503999999999999476e-02 -3.237480076890301461e+01
-3.455999999999999350e-02 -3.232065567002636897e+01
-3.407999999999999918e-02 -3.212242453260703456e+01
-3.359999999999999792e-02 -3.173049063015120907e+01
-3.311999999999999666e-02 -3.134142169347769880e+01
-3.263999999999999541e-02 -3.122674984920227814e+01
-3.215999999999999415e-02 -3.079115302508729002e+01
-3.167999999999999983e-02 -3.045462889473150625e+01
-3.119999999999999857e-02 -3.024179794487964301e+01
-3.071999999999999731e-02 -2.980656939723886012e+01
-3.023999999999999605e-02 -2.945411040848820861e+01
-2.975999999999999826e-02 -2.914762689957449737e+01
-2.927999999999999700e-02 -2.877533409793271346e+01
-2.879999999999999921e-02 -2.839190596718554360e+01
-2.831999999999999795e-02 -2.800168942154526519e+01
-2.783999999999999669e-02 -2.759045779468763016e+01
-2.735999999999999890e-02 -2.709120166412917641e+01
-2.687999999999999765e-02 -2.634211960817625453e+01
-2.639999999999999639e-02 -2.581476078170142330e+01
-2.591999999999999860e-02 -2.505703106968235971e+01
-2.543999999999999734e-02 -2.443927081747204966e+01
-2.495999999999999608e-02 -2.404455577215050965e+01
-2.447999999999999829e-02 -2.373432898269408398e+01
-2.399999999999999703e-02 -2.311050900076689985e+01
-2.351999999999999924e-02 -2.253710355030737844e+01
-2.303999999999999798e-02 -2.218263266998325633e+01
-2.255999999999999672e-02 -2.188518371936747897e+01
-2.207999999999999893e-02 -2.133591640172213744e+01
-2.159999999999999767e-02 -2.093857389894890986e+01
-2.111999999999999988e-02 -2.003816466996018875e+01
-2.063999999999999863e-02 -1.951236859865720419e+01
-2.015999999999999737e-02 -1.913465850330484841e+01
-1.967999999999999958e-02 -1.868547080786956016e+01
-1.919999999999999832e-02 -1.865280583819837901e+01
-1.871999999999999706e-02 -1.855928729810475275e+01
-1.823999999999999927e-02 -1.809167673651014141e+01
-1.775999999999999801e-02 -1.747489499829823956e+01
-1.727999999999999675e-02 -1.728708939449468929e+01
-1.679999999999999896e-02 -1.723772102852639065e+01
-1.631999999999999770e-02 -1.694225979446340702e+01
-1.583999999999999991e-02 -1.662768845864522405e+01
-1.535999999999999865e-02 -1.632775771304126877e+01
-1.487999999999999913e-02 -1.618682014849719053e+01
-1.439999999999999961e-02 -1.577867451147157851e+01
-1.391999999999999835e-02 -1.521253606896891419e+01
-1.343999999999999882e-02 -1.520276820392748007e+01
-1.295999999999999930e-02 -1.496648163041883528e+01
-1.247999999999999804e-02 -1.443342166030635099e+01
-1.199999999999999852e-02 -1.436027831657528964e+01
-1.151999999999999899e-02 -1.423112380551469158e+01
-1.103999999999999947e-02 -1.395731454958609419e+01
-1.055999999999999994e-02 -1.327458742063656416e+01
-1.007999999999999868e-02 -3.792174316008829038e+00
-9.599999999999999159e-03 4.169821859150982135e+00
-9.119999999999999635e-03 6.773705442995247239e+00
-8.639999999999998376e-03 6.979033316252184704e+00
-8.159999999999998851e-03 6.976717122728521403e+00
-7.679999999999999327e-03 7.146848467742521471e+00
-7.199999999999999803e-03 7.239436918574051916e+00
-6.719999999999999411e-03 7.064258784013946801e+00
-6.239999999999999020e-03 7.103184674117014374e+00
-5.759999999999999495e-03 7.266467849865860806e+00
-5.279999999999999971e-03 7.261470729374933875e+00
-4.799999999999999580e-03 7.289392247739071351e+00
-4.319999999999999188e-03 7.118894105642086245e+00
-3.839999999999999664e-03 7.008829583117565321e+00
-3.359999999999999706e-03 6.987457053961123599e+00
-2.879999999999999748e-03 6.978769260722355483e+00
-2.399999999999999790e-03 7.076482139606239841e+00
-1.919999999999999832e-03 6.998441875957304603e+00
-1.439999999999999874e-03 7.037272327571312047e+00
-9.599999999999999159e-04 7.114663176930076105e+00
-4.799999999999999580e-04 6.995709622023960073e+00
0.000000000000000000e+00 6.950655768845520832e+00
4.799999999999999580e-04 7.191878996558724424e+00
9.599999999999999159e-04 7.571896393934501646e+00
1.439999999999999874e-03 7.199550858409128118e+00
1.919999999999999832e-03 6.818428988540656377e+00
2.399999999999999790e-03 7.045880229926981819e+00
2.879999999999999748e-03 7.240703175908525857e+00
3.359999999999999706e-03 7.410693587706361996e+00
3.839999999999999664e-03 7.169010716615793477e+00
4.319999999999999188e-03 6.842427910136134273e+00
4.799999999999999580e-03 6.887964751645172967e+00
5.279999999999999971e-03 7.027178245072383866e+00
5.759999999999999495e-03 7.003364898322615772e+00
6.239999999999999020e-03 6.894988811841030518e+00
6.719999999999999411e-03 6.944589610283512293e+00
7.199999999999999803e-03 7.062614828883880591e+00
7.679999999999999327e-03 6.869894092760824300e+00
8.159999999999998851e-03 6.903123911888573438e+00
8.639999999999998376e-03 6.956104379532415116e+00
9.119999999999999635e-03 6.601341757440120972e+00
9.599999999999999159e-03 3.942960009235639163e+00
1.007999999999999868e-02 -4.158429226119323197e+00
1.055999999999999994e-02 -1.406179998895281713e+01
1.103999999999999947e-02 -1.500153415672644108e+01
1.151999999999999899e-02 -1.515461101508131492e+01
1.199999999999999852e-02 -1.543639854167719427e+01
1.247999999999999804e-02 -1.603110099099884422e+01
1.295999999999999930e-02 -1.620301053968909955e+01
1.343999999999999882e-02 -1.627380626410555209e+01
1.391999999999999835e-02 -1.633398998522536516e+01
1.439999999999999961e-02 -1.664912676483432463e+01
1.487999999999999913e-02 -1.725639633143466156e+01
1.535999999999999865e-02 -1.744008696466503849e+01
1.583999999999999991e-02 -1.771741705292241775e+01
1.631999999999999770e-02 -1.807062916377008577e+01
1.679999999999999896e-02 -1.820763584769591859e+01
1.727999999999999675e-02 -1.866258492936979252e+01
1.775999999999999801e-02 -1.944404129765078437e+01
1.823999999999999927e-02 -1.981442288858207235e+01
1.871999999999999706e-02 -2.014573029432420270e+01
1.919999999999999832e-02 -2.039334369907477296e+01
1.967999999999999958e-02 -2.070402320932969076e+01
2.015999999999999737e-02 -2.102031873291393538e+01
2.063999999999999863e-02 -2.147432512969297136e+01
2.111999999999999988e-02 -2.217791376490836797e+01
2.159999999999999767e-02 -2.228165642841480221e+01
2.207999999999999893e-02 -2.233951090355377289e+01
2.255999999999999672e-02 -2.286407308075714795e+01
2.303999999999999798e-02 -2.325870026607908159e+01
2.351999999999999924e-02 -2.388598266142714266e+01
2.399999999999999703e-02 -2.441629338434592711e+01
2.447999999999999829e-02 -2.506328484866864770e+01
2.495999999999999608e-02 -2.554332321648196569e+01
2.543999999999999734e-02 -2.602717076665907925e+01
2.591999999999999860e-02 -2.665853757461702145e+01
2.639999999999999639e-02 -2.729365405601594929e+01
2.687999999999999765e-02 -2.785788598902952629e+01
2.735999999999999890e-02 -2.853514613525798183e+01
2.783999999999999669e-02 -2.903756128905241596e+01
2.831999999999999795e-02 -2.944022808407734715e+01
2.879999999999999921e-02 -2.979685939966542918e+01
2.927999999999999700e-02 -2.993863002363063686e+01
2.975999999999999826e-02 -3.046271275120470534e+01
3.023999999999999605e-02 -3.071817146304088908e+01
3.071999999999999731e-02 -3.084268378743612971e+01
3.119999999999999857e-02 -3.112371753615301628e+01
3.167999999999999983e-02 -3.129997309419328744e+01
3.215999999999999415e-02 -3.146987754480553434e+01
3.263999999999999541e-02 -3.152557720121678031e+01
3.311999999999999666e-02 -3.183760364907395868e+01
3.359999999999999792e-02 -3.231094599439914816e+01
3.407999999999999918e-02 -3.257382877962547951e+01
3.455999999999999350e-02 -3.288756464367947530e+01
3.503999999999999476e-02 -3.285409512183503011e+01
3.551999999999999602e-02 -3.292650755896527670e+01
3.599999999999999728e-02 -3.332823992315768180e+01
3.647999999999999854e-02 -3.351746886679615756e+01
3.695999999999999980e-02 -3.395200950165565246e+01
3.743999999999999412e-02 -3.415357342931716289e+01
3.791999999999999538e-02 -3.443820725071575595e+01
3.839999999999999664e-02 -3.485502694994095663e+01
3.887999999999999790e-02 -3.504314638041607566e+01
3.935999999999999915e-02 -3.535641608644559142e+01
3.983999999999999347e-02 -3.587576995005179725e+01
4.031999999999999473e-02 -3.578878584602053792e+01
4.079999999999999599e-02 -3.599297600282226739e+01
4.127999999999999725e-02 -3.630562454103321102e+01
4.175999999999999851e-02 -3.626069901948635277e+01
4.223999999999999977e-02 -3.635324295171333375e+01
4.271999999999999409e-02 -3.676204647946996573e+01
4.319999999999999535e-02 -3.697546296948630840e+01
4.367999999999999661e-02 -3.712303792482747156e+01
4.415999999999999787e-02 -3.721018825042608569e+01
4.463999999999999913e-02 -3.760690436175018903e+01
4.511999999999999345e-02 -3.801529431263298164e+01
4.559999999999999470e-02 -3.855696704331268876e+01
4.607999999999999596e-02 -3.857435833646245982e+01
4.655999999999999722e-02 -3.841939871317367050e+01
4.703999999999999848e-02 -3.868644794993262792e+01
4.751999999999999280e-02 -3.909896929409936206e+01
4.799999999999999406e-02 -3.902819659560795174e+01
4.847999999999999532e-02 -3.919976543489638487e+01
4.895999999999999658e-02 -3.961873318268021649e+01
4.943999999999999784e-02 -4.008160836229622248e+01
4.991999999999999216e-02 -4.045610348811293733e+01
5.039999999999999342e-02 -4.048454410690140293e+01
5.087999999999999468e-02 -4.053991672283850534e+01
5.135999999999999593e-02 -4.085550215502226479e+01
5.183999999999999719e-02 -4.123894632021872297e+01
5.231999999999999845e-02 -4.158442303597985301e+01
5.279999999999999277e-02 -4.161235366547777659e+01
5.327999999999999403e-02 -4.165389989065634779e+01
5.375999999999999529e-02 -4.168005799175094950e+01
5.423999999999999655e-02 -4.190454532441432178e+01
5.471999999999999781e-02 -4.238638362375801449e+01
5.519999999999999213e-02 -4.280295465710202052e+01
5.567999999999999339e-02 -4.314549040261938728e+01
5.615999999999999465e-02 -4.326826340611451371e+01
5.663999999999999591e-02 -4.319064526613516364e+01
5.711999999999999716e-02 -4.350452391754387804e+01
5.759999999999999842e-02 -4.400871476805405536e+01
5.807999999999999274e-02 -4.412870982934703079e+01
5.855999999999999400e-02 -4.435054113089005767e+01
5.903999999999999526e-02 -4.441445727308800429e+01
5.951999999999999652e-02 -4.453541254382253101e+01
5.999999999999999778e-02 -4.464705640418677746e+01
6.047999999999999210e-02 -4.500184751305827291e+01
6.095999999999999336e-02 -4.554805596722708572e+01
6.143999999999999462e-02 -4.589898648832160433e+01
6.191999999999999588e-02 -4.618887843892336775e+01
6.239999999999999714e-02 -4.624140158828440406e+01
6.287999999999999146e-02 -4.654043639081918826e+01
6.335999999999999965e-02 -4.668791027775856861e+01
6.383999999999999397e-02 -4.674045984176836299e+01
6.431999999999998829e-02 -4.679895550886151767e+01
6.479999999999999649e-02 -4.708291427333229251e+01
6.527999999999999081e-02 -4.756787412186091757e+01
6.575999999999999901e-02 -4.779827486477490339e+01
6.623999999999999333e-02 -4.796064344716394601e+01
6.671999999999998765e-02 -4.819854889406080645e+01
6.719999999999999585e-02 -4.828627774359928537e+01
6.767999999999999017e-02 -4.852539210015331150e+01
6.815999999999999837e-02 -4.854350852302061980e+01
6.863999999999999269e-02 -4.845686435360469346e+01
6.911999999999998701e-02 -4.890070938341726503e+01
6.959999999999999520e-02 -4.918158480857002957e+01
7.007999999999998952e-02 -4.938815850927316120e+01
7.055999999999999772e-02 -4.985016150832954906e+01
7.103999999999999204e-02 -5.001399858855261726e+01
7.152000000000000024e-02 -5.005629309727801513e+01
7.199999999999999456e-02 -5.054570300287291928e+01
7.247999999999998888e-02 -5.082074460478389000e+01
7.295999999999999708e-02 -5.095067803019144748e+01
7.343999999999999140e-02 -5.079199904765494722e+01
7.391999999999999960e-02 -5.111942951681869829e+01
7.439999999999999392e-02 -5.140380890344897580e+01
7.487999999999998824e-02 -5.120105067955488920e+01
7.535999999999999643e-02 -5.171478003389292155e+01
7.583999999999999075e-02 -5.217336119462644461e+01
7.631999999999999895e-02 -5.246061190600884316e+01
7.679999999999999327e-02 -5.269877920556125162e+01
7.727999999999998759e-02 -5.285417894213302503e+01
7.775999999999999579e-02 -5.285565149813934482e+01
7.823999999999999011e-02 -5.299795797040395229e+01
7.871999999999999831e-02 -5.329612458665665287e+01
7.919999999999999263e-02 -5.326344665285229496e+01
7.967999999999998695e-02 -5.351654134128367701e+01
8.015999999999999515e-02 -5.391175780969124531e+01
8.063999999999998947e-02 -5.385896482921940276e+01
8.111999999999999766e-02 -5.430362400766603059e+01
8.159999999999999198e-02 -5.422668090965182586e+01
8.207999999999998630e-02 -5.398252312489924520e+01
8.255999999999999450e-02 -5.432382383732844744e+01
8.303999999999998882e-02 -5.463048296228062384e+01
8.351999999999999702e-02 -5.479822245600256991e+01
8.399999999999999134e-02 -5.476084887463765938e+01
8.447999999999999954e-02 -5.460978120936923119e+01
8.495999999999999386e-02 -5.495998056696859635e+01
8.543999999999998818e-02 -5.501318881351866708e+01
8.591999999999999638e-02 -5.498288056061056750e+01
8.639999999999999070e-02 -5.511153593487308910e+01
8.687999999999999889e-02 -5.526922209901293570e+01
8.735999999999999321e-02 -5.562765656343762544e+01
8.783999999999998753e-02 -5.596295241286899369e+01
8.831999999999999573e-02 -5.603341756357578163e+01
8.879999999999999005e-02 -5.606872958243211258e+01
8.927999999999999825e-02 -5.621521592952893798e+01
8.975999999999999257e-02 -5.670923188302065654e+01
9.023999999999998689e-02 -5.684463231006344586e+01
9.071999999999999509e-02 -5.666637873721435170e+01
9.119999999999998941e-02 -5.670887759876993073e+01
9.167999999999999761e-02 -5.689699937627786852e+01
9.215999999999999193e-02 -5.717385255671135980e+01
9.263999999999998625e-02 -5.766416675466754072e+01
9.311999999999999444e-02 -5.772333513826117724e+01
9.359999999999998876e-02 -5.743752382544496271e+01
9.407999999999999696e-02 -5.750727215415190585e+01
9.455999999999999128e-02 -5.763001096726337380e+01
9.503999999999998560e-02 -5.774936753651224564e+01
9.551999999999999380e-02 -5.783071369546816953e+01
9.599999999999998812e-02 -5.782030572772634258e+01
9.647999999999999632e-02 -5.777382870970618001e+01
9.695999999999999064e-02 -5.789202456426132670e+01
9.743999999999998496e-02 -5.775072252334331324e+01
9.791999999999999316e-02 -5.750119217318363241e+01
9.839999999999998748e-02 -5.772661067114798072e+01
9.887999999999999567e-02 -5.811417368390082316e+01
9.935999999999998999e-02 -5.850376866645213170e+01
9.983999999999998431e-02 -5.866029574803604874e+01
1.003199999999999925e-01 -5.835181993565547032e+01
1.007999999999999868e-01 -5.833768948938924126e+01
1.012799999999999950e-01 -5.897291367057911771e+01
1.017599999999999894e-01 -5.958496120876645818e+01
1.022399999999999975e-01 -5.954709731542396867e+01
1.027199999999999919e-01 -5.978544205694724667e+01
1.031999999999999862e-01 -6.008036147830610219e+01
1.036799999999999944e-01 -6.076109648514144368e+01
1.041599999999999887e-01 -6.123646679371910295e+01
1.046399999999999969e-01 -6.141856728524150810e+01
1.051199999999999912e-01 -6.233007906582802349e+01
1.055999999999999855e-01 -6.340563499846161477e+01
1.060799999999999937e-01 -6.372196028140703561e+01
1.065599999999999881e-01 -6.433155918567975107e+01
1.070399999999999963e-01 -6.513032764578770184e+01
1.075199999999999906e-01 -6.565019720817572590e+01
1.079999999999999849e-01 -6.678413306461185073e+01
1.084799999999999931e-01 -6.805602386562074457e+01
1.089599999999999874e-01 -6.913753428477575369e+01
1.094399999999999956e-01 -7.024689716293458730e+01
1.099199999999999899e-01 -7.150069853793087304e+01
1.103999999999999843e-01 -7.322594857347708341e+01
1.108799999999999925e-01 -7.486486123135433957e+01
1.113599999999999868e-01 -7.638118153862653514e+01
1.118399999999999950e-01 -7.763402382982459926e+01
1.123199999999999893e-01 -7.901310561771357754e+01
1.127999999999999836e-01 -8.023579924099492189e+01
1.132799999999999918e-01 -8.059619025200704812e+01
1.137599999999999861e-01 -8.105750655910698299e+01
1.142399999999999943e-01 -8.122944515401133003e+01
1.147199999999999886e-01 -8.130915451128183236e+01
1.151999999999999968e-01 -8.183088142130202414e+01
1.156799999999999912e-01 -8.189350646432005476e+01
1.161599999999999855e-01 -8.187542237245685328e+01
1.166399999999999937e-01 -8.164447001649006097e+01
1.171199999999999880e-01 -8.155624095748257218e+01
1.175999999999999962e-01 -8.148132610517548358e+01
1.180799999999999905e-01 -8.170858237124821244e+01
1.185599999999999848e-01 -8.194628188825623738e+01
1.190399999999999930e-01 -8.179521452924610969e+01
1.195199999999999874e-01 -8.156234052204105467e+01
1.199999999999999956e-01 -8.149958903118459830e+01
1.204799999999999899e-01 -8.154945505963057428e+01
1.209599999999999842e-01 -8.176185760164295857e+01
1.214399999999999924e-01 -8.171459789595007805e+01
1.219199999999999867e-01 -8.144106016493159927e+01
1.223999999999999949e-01 -8.081081574891064179e+01
