-1.228799999999999955e+02 -1.025972527203193465e+02
-1.223999999999999915e+02 -1.024347564741024144e+02
-1.219200000000000017e+02 -1.024690390527575943e+02
-1.214399999999999977e+02 -1.027780646142448830e+02
-1.209599999999999937e+02 -1.027447290231466468e+02
-1.204799999999999898e+02 -1.025698451866236240e+02
-1.200000000000000000e+02 -1.025926813544984242e+02
-1.195199999999999960e+02 -1.028181578442843147e+02
-1.190399999999999920e+02 -1.029695947837185201e+02
-1.185600000000000023e+02 -1.028126303910983097e+02
-1.180799999999999983e+02 -1.027950848025740669e+02
-1.175999999999999943e+02 -1.028255920800414316e+02
-1.171199999999999903e+02 -1.025987466179602450e+02
-1.166400000000000006e+02 -1.024759586214241551e+02
-1.161599999999999966e+02 -1.025067657737341875e+02
-1.156799999999999926e+02 -1.024848658333231697e+02
-1.151999999999999886e+02 -1.025262363535449737e+02
-1.147199999999999989e+02 -1.029025243788859854e+02
-1.142399999999999949e+02 -1.026364465126770256e+02
-1.137599999999999909e+02 -1.026081124596203438e+02
-1.132800000000000011e+02 -1.024486882034380812e+02
-1.127999999999999972e+02 -1.022182224885117989e+02
-1.123199999999999932e+02 -1.019491567333850099e+02
-1.118399999999999892e+02 -1.014669970487734076e+02
-1.113599999999999994e+02 -1.006960685275414704e+02
-1.108799999999999955e+02 -9.978873602026938272e+01
-1.103999999999999915e+02 -9.892591749633555764e+01
-1.099200000000000017e+02 -9.821568792267373738e+01
-1.094399999999999977e+02 -9.746167899201287810e+01
-1.089599999999999937e+02 -9.641388654986407403e+01
-1.084799999999999898e+02 -9.505497916830771032e+01
-1.080000000000000000e+02 -9.396123049754234557e+01
-1.075199999999999960e+02 -9.301428221034410626e+01
-1.070399999999999920e+02 -9.184456220944930749e+01
-1.065600000000000023e+02 -9.101127440347173092e+01
-1.060799999999999983e+02 -9.041414745779015050e+01
-1.055999999999999943e+02 -8.981127125080914197e+01
-1.051199999999999903e+02 -8.923653892401559062e+01
-1.046400000000000006e+02 -8.865655407160870993e+01
-1.041599999999999966e+02 -8.819611636711826463e+01
-1.036799999999999926e+02 -8.754292991778534372e+01
-1.032000000000000028e+02 -8.700154395173768762e+01
-1.027199999999999989e+02 -8.666898755586765901e+01
-1.022399999999999949e+02 -8.643839273988140803e+01
-1.017599999999999909e+02 -8.631823763783637560e+01
-1.012800000000000011e+02 -8.639184198033795781e+01
-1.007999999999999972e+02 -8.643214204193547801e+01
-1.003199999999999932e+02 -8.597732012696437209e+01
-9.984000000000000341e+01 -8.574924493999500896e+01
-9.935999999999999943e+01 -8.559261138709858585e+01
-9.887999999999999545e+01 -8.549838904535579331e+01
-9.839999999999999147e+01 -8.515431538576798687e+01
-9.792000000000000171e+01 -8.513376435435469602e+01
-9.743999999999999773e+01 -8.491411165392997873e+01
-9.695999999999999375e+01 -8.446925453125361116e+01
-9.647999999999998977e+01 -8.455161608548274899e+01
-9.600000000000000000e+01 -8.475188658126623409e+01
-9.551999999999999602e+01 -8.449544977680112368e+01
-9.503999999999999204e+01 -8.462659205284006703e+01
-9.456000000000000227e+01 -8.476369212664856434e+01
-9.407999999999999829e+01 -8.444505825251309261e+01
-9.359999999999999432e+01 -8.395200079454214404e+01
-9.311999999999999034e+01 -8.406081362499220688e+01
-9.264000000000000057e+01 -8.401947674193036164e+01
-9.215999999999999659e+01 -8.400709861541857038e+01
-9.167999999999999261e+01 -8.378979042234294639e+01
-9.120000000000000284e+01 -8.348201560662786846e+01
-9.071999999999999886e+01 -8.355627884145906137e+01
-9.023999999999999488e+01 -8.356741004361153102e+01
-8.975999999999999091e+01 -8.325214518886278370e+01
-8.928000000000000114e+01 -8.308331891345292775e+01
-8.879999999999999716e+01 -8.314682915009869646e+01
-8.831999999999999318e+01 -8.294495468120362602e+01
-8.784000000000000341e+01 -8.273481531665896682e+01
-8.735999999999999943e+01 -8.246185149209077281e+01
-8.687999999999999545e+01 -8.211931862533546678e+01
-8.639999999999999147e+01 -8.185198901498245050e+01
-8.592000000000000171e+01 -8.203202148810740368e+01
-8.543999999999999773e+01 -8.185287080993497000e+01
-8.495999999999999375e+01 -8.147382662236111628e+01
-8.447999999999998977e+01 -8.131931079975009879e+01
-8.400000000000000000e+01 -8.131767179339252039e+01
-8.351999999999999602e+01 -8.125651780279866898e+01
-8.303999999999999204e+01 -8.105927344214306629e+01
-8.256000000000000227e+01 -8.086043511270477779e+01
-8.207999999999999829e+01 -8.081907813109388883e+01
-8.159999999999999432e+01 -8.021782139190906946e+01
-8.111999999999999034e+01 -8.013899212735609012e+01
-8.064000000000000057e+01 -8.014850976755410272e+01
-8.015999999999999659e+01 -7.995915513343615544e+01
-7.967999999999999261e+01 -7.966117470029462311e+01
-7.920000000000000284e+01 -7.913802985308480231e+01
-7.871999999999999886e+01 -7.907748700407151432e+01
-7.823999999999999488e+01 -7.915960080132259691e+01
-7.775999999999999091e+01 -7.907193513845263055e+01
-7.728000000000000114e+01 -7.901323497277809338e+01
-7.679999999999999716e+01 -7.875177325212004575e+01
-7.631999999999999318e+01 -7.854951468745943544e+01
-7.584000000000000341e+01 -7.851605060613559317e+01
-7.535999999999999943e+01 -7.846288127448136152e+01
-7.487999999999999545e+01 -7.815303786144772857e+01
-7.439999999999999147e+01 -7.787325172303430065e+01
-7.392000000000000171e+01 -7.780012726889691521e+01
-7.343999999999999773e+01 -7.771053231536254202e+01
-7.295999999999999375e+01 -7.735032995222681507e+01
-7.248000000000000398e+01 -7.733703633565069424e+01
-7.200000000000000000e+01 -7.710437616934473226e+01
-7.151999999999999602e+01 -7.692597092491064359e+01
-7.103999999999999204e+01 -7.686204421297277634e+01
-7.056000000000000227e+01 -7.648756365193295892e+01
-7.007999999999999829e+01 -7.616970840401486953e+01
-6.959999999999999432e+01 -7.616695226710599798e+01
-6.912000000000000455e+01 -7.618068877593825050e+01
-6.864000000000000057e+01 -7.571478673580865859e+01
-6.815999999999999659e+01 -7.519444757189121731e+01
-6.767999999999999261e+01 -7.514168029677546201e+01
-6.720000000000000284e+01 -7.527876064200383155e+01
-6.671999999999999886e+01 -7.525262112833385686e+01
-6.623999999999999488e+01 -7.510760222929603458e+01
-6.575999999999999091e+01 -7.475967238222570188e+01
-6.528000000000000114e+01 -7.493367017533535090e+01
-6.479999999999999716e+01 -7.495458646154061455e+01
-6.431999999999999318e+01 -7.444415872441861382e+01
-6.383999999999999631e+01 -7.389946653608495808e+01
-6.335999999999999943e+01 -7.370788506018359953e+01
-6.287999999999999545e+01 -7.371684164508306480e+01
-6.239999999999999858e+01 -7.387489548447308607e+01
-6.191999999999999460e+01 -7.371631037833719802e+01
-6.143999999999999773e+01 -7.331254623792746372e+01
-6.096000000000000085e+01 -7.323970558726634295e+01
-6.047999999999999687e+01 -7.299815261568613778e+01
-6.000000000000000000e+01 -7.270996744613651686e+01
-5.951999999999999602e+01 -7.246763737931134131e+01
-5.903999999999999915e+01 -7.241074619944798485e+01
-5.855999999999999517e+01 -7.204761429009300855e+01
-5.807999999999999829e+01 -7.175551598508845075e+01
-5.759999999999999432e+01 -7.185910350255301182e+01
-5.711999999999999744e+01 -7.163349604929167924e+01
-5.664000000000000057e+01 -7.151429023590777945e+01
-5.615999999999999659e+01 -7.126151492426231471e+01
-5.567999999999999972e+01 -7.123007870423202803e+01
-5.519999999999999574e+01 -7.093873265341188983e+01
-5.471999999999999886e+01 -7.092505031423685580e+01
-5.423999999999999488e+01 -7.095040755337002736e+01
-5.375999999999999801e+01 -7.052318743433080783e+01
-5.328000000000000114e+01 -7.004425907268606011e+01
-5.279999999999999716e+01 -6.980320343782628356e+01
-5.232000000000000028e+01 -6.997737058618849915e+01
-5.183999999999999631e+01 -7.021510447596062932e+01
-5.135999999999999943e+01 -7.000205800083482188e+01
-5.087999999999999545e+01 -6.967846703728208979e+01
-5.039999999999999858e+01 -6.946311936186235414e+01
-4.992000000000000171e+01 -6.938330111954400081e+01
-4.943999999999999773e+01 -6.903732104433835559e+01
-4.896000000000000085e+01 -6.893164796875527145e+01
-4.847999999999999687e+01 -6.885192507990677768e+01
-4.800000000000000000e+01 -6.856711689463855919e+01
-4.751999999999999602e+01 -6.835778634583455471e+01
-4.703999999999999915e+01 -6.811214124461710639e+01
-4.655999999999999517e+01 -6.811861003655182856e+01
-4.607999999999999829e+01 -6.809557366198822592e+01
-4.560000000000000142e+01 -6.782270789742322847e+01
-4.511999999999999744e+01 -6.783537931181841429e+01
-4.464000000000000057e+01 -6.757418722775746289e+01
-4.415999999999999659e+01 -6.742995886999099753e+01
-4.367999999999999972e+01 -6.729925118685815733e+01
-4.319999999999999574e+01 -6.669606004652541742e+01
-4.271999999999999886e+01 -6.627316407035321788e+01
-4.223999999999999488e+01 -6.609560287809489409e+01
-4.175999999999999801e+01 -6.610536699903133240e+01
-4.128000000000000114e+01 -6.589134812143737463e+01
-4.079999999999999716e+01 -6.558394809221461230e+01
-4.032000000000000028e+01 -6.542995481785139589e+01
-3.983999999999999631e+01 -6.542532034579080857e+01
-3.935999999999999943e+01 -6.536805505588718290e+01
-3.887999999999999545e+01 -6.490330700190808955e+01
-3.839999999999999858e+01 -6.446461138121917145e+01
-3.792000000000000171e+01 -6.429537002432887505e+01
-3.743999999999999773e+01 -6.424500451903396936e+01
-3.696000000000000085e+01 -6.407404613074419331e+01
-3.647999999999999687e+01 -6.382627560398606903e+01
-3.600000000000000000e+01 -6.354544980864562831e+01
-3.551999999999999602e+01 -6.345992722759991977e+01
-3.503999999999999915e+01 -6.318799855350381733e+01
-3.456000000000000227e+01 -6.307989861392780995e+01
-3.407999999999999829e+01 -6.242667713371102423e+01
-3.360000000000000142e+01 -6.186025663841049038e+01
-3.311999999999999744e+01 -6.171608166343460766e+01
-3.264000000000000057e+01 -6.133296070290529656e+01
-3.215999999999999659e+01 -6.108767719672569285e+01
-3.167999999999999972e+01 -6.095156972533021644e+01
-3.119999999999999929e+01 -6.057049599235747905e+01
-3.071999999999999886e+01 -6.050746511825801122e+01
-3.023999999999999844e+01 -6.012351861942475750e+01
-2.975999999999999801e+01 -5.970860782134367639e+01
-2.927999999999999758e+01 -5.949480245037015180e+01
-2.879999999999999716e+01 -5.906531455168081379e+01
-2.832000000000000028e+01 -5.838729855054120321e+01
-2.783999999999999986e+01 -5.797295107028116234e+01
-2.735999999999999943e+01 -5.734889758236239032e+01
-2.687999999999999901e+01 -5.642811636021455968e+01
-2.639999999999999858e+01 -5.551330646342799469e+01
-2.591999999999999815e+01 -5.464611497170074017e+01
-2.543999999999999773e+01 -5.398313391223943114e+01
-2.496000000000000085e+01 -5.342924559115342475e+01
-2.448000000000000043e+01 -5.292617914164917892e+01
-2.400000000000000000e+01 -5.241375787449814538e+01
-2.351999999999999957e+01 -5.200579563456395249e+01
-2.303999999999999915e+01 -5.148698587567639606e+01
-2.255999999999999872e+01 -5.081614645267730879e+01
-2.207999999999999829e+01 -5.025542181467813663e+01
-2.159999999999999787e+01 -4.983790293450597630e+01
-2.111999999999999744e+01 -4.892723394100380574e+01
-2.064000000000000057e+01 -4.837447773426483622e+01
-2.016000000000000014e+01 -4.792591533063652776e+01
-1.967999999999999972e+01 -4.752538364696278705e+01
-1.919999999999999929e+01 -4.750649164209340825e+01
-1.871999999999999886e+01 -4.742957949445923305e+01
-1.823999999999999844e+01 -4.698870659693442065e+01
-1.775999999999999801e+01 -4.634203551624039363e+01
-1.728000000000000114e+01 -4.606560739566283047e+01
-1.680000000000000071e+01 -4.593607326950330361e+01
-1.632000000000000028e+01 -4.562087814622098847e+01
-1.583999999999999986e+01 -4.525729654313099104e+01
-1.535999999999999943e+01 -4.495419529958225269e+01
-1.487999999999999901e+01 -4.471694929860824885e+01
-1.439999999999999858e+01 -4.423792672492148625e+01
-1.391999999999999993e+01 -4.376935695169389362e+01
-1.343999999999999950e+01 -4.375098712175886817e+01
-1.295999999999999908e+01 -4.346444685584837941e+01
-1.248000000000000043e+01 -4.308938900044254439e+01
-1.200000000000000000e+01 -4.300837521780341888e+01
-1.151999999999999957e+01 -4.278047825897778011e+01
-1.103999999999999915e+01 -4.242598613718435985e+01
-1.055999999999999872e+01 -4.189973397323127813e+01
-1.008000000000000007e+01 -3.338393663798961342e+01
-9.599999999999999645e+00 -2.553544255870813373e+01
-9.119999999999999218e+00 -2.293794686598856458e+01
-8.640000000000000568e+00 -2.273524376968144622e+01
-8.160000000000000142e+00 -2.275195828416877930e+01
-7.679999999999999716e+00 -2.260465847186129551e+01
-7.199999999999999289e+00 -2.253073703006132078e+01
-6.719999999999999751e+00 -2.269892358815432587e+01
-6.240000000000000213e+00 -2.267079574884911963e+01
-5.759999999999999787e+00 -2.253723102614157980e+01
-5.279999999999999361e+00 -2.254781598269551779e+01
-4.799999999999999822e+00 -2.252035822092062034e+01
-4.320000000000000284e+00 -2.270576828264162828e+01
-3.839999999999999858e+00 -2.282467317325334477e+01
-3.359999999999999876e+00 -2.284559740750120582e+01
-2.879999999999999893e+00 -2.286680118877454504e+01
-2.399999999999999911e+00 -2.278268310600097735e+01
-1.919999999999999929e+00 -2.287430496431546345e+01
-1.439999999999999947e+00 -2.282809326436355946e+01
-9.599999999999999645e-01 -2.274434530587777559e+01
-4.799999999999999822e-01 -2.288615872785597816e+01
0.000000000000000000e+00 -2.294519063249499524e+01
4.799999999999999822e-01 -2.271173421995916542e+01
9.599999999999999645e-01 -2.236447924829733580e+01
1.439999999999999947e+00 -2.275736218841893788e+01
1.919999999999999929e+00 -2.313836197104302883e+01
2.399999999999999911e+00 -2.293014133374183672e+01
2.879999999999999893e+00 -2.275777993874704563e+01
3.359999999999999876e+00 -2.260219031100290010e+01
3.839999999999999858e+00 -2.284756421044684060e+01
4.320000000000000284e+00 -2.317548100397563360e+01
4.799999999999999822e+00 -2.313133357551938474e+01
5.279999999999999361e+00 -2.297854314405345377e+01
5.759999999999999787e+00 -2.302545130535438744e+01
6.240000000000000213e+00 -2.316073632166158447e+01
6.719999999999999751e+00 -2.312626673229886265e+01
7.199999999999999289e+00 -2.301905191312251375e+01
7.679999999999999716e+00 -2.321915123796255642e+01
8.160000000000000142e+00 -2.319485684522750191e+01
8.640000000000000568e+00 -2.316564558522220452e+01
9.119999999999999218e+00 -2.354810541683104219e+01
9.599999999999999645e+00 -2.618079021803560380e+01
1.008000000000000007e+01 -3.406901495598408047e+01
1.055999999999999872e+01 -4.227279489628217135e+01
1.103999999999999915e+01 -4.306725372459277423e+01
1.151999999999999957e+01 -4.310052162521324703e+01
1.200000000000000000e+01 -4.331108931843088783e+01
1.248000000000000043e+01 -4.388314576866004302e+01
1.295999999999999908e+01 -4.410698357152340776e+01
1.343999999999999950e+01 -4.420572245181939763e+01
1.391999999999999993e+01 -4.434755242640448358e+01
1.439999999999999858e+01 -4.472043011758900377e+01
1.487999999999999901e+01 -4.527906649116458482e+01
1.535999999999999943e+01 -4.538608976880514945e+01
1.583999999999999986e+01 -4.553411913664787392e+01
1.632000000000000028e+01 -4.583369719005955290e+01
1.680000000000000071e+01 -4.621030095002343074e+01
1.728000000000000114e+01 -4.671092368301583519e+01
1.775999999999999801e+01 -4.746785807835638593e+01
1.823999999999999844e+01 -4.778516882089561335e+01
1.871999999999999886e+01 -4.818081347328813280e+01
1.919999999999999929e+01 -4.845930358189037435e+01
1.967999999999999972e+01 -4.860030325755577252e+01
2.016000000000000014e+01 -4.892991575570869145e+01
2.064000000000000057e+01 -4.953264145644922678e+01
2.111999999999999744e+01 -5.021554374601252135e+01
2.159999999999999787e+01 -5.032338175857935880e+01
2.207999999999999829e+01 -5.058204637734677078e+01
2.255999999999999872e+01 -5.129181304287676113e+01
2.303999999999999915e+01 -5.169841355075965339e+01
2.351999999999999957e+01 -5.224687063112107666e+01
2.400000000000000000e+01 -5.271249614808578343e+01
2.448000000000000043e+01 -5.324400546123344213e+01
2.496000000000000085e+01 -5.386779787401664521e+01
2.543999999999999773e+01 -5.470047515246535852e+01
2.591999999999999815e+01 -5.548205992033401657e+01
2.639999999999999858e+01 -5.611454329895629911e+01
2.687999999999999901e+01 -5.679657131441239670e+01
2.735999999999999943e+01 -5.745951727003290443e+01
2.783999999999999986e+01 -5.830415154406402678e+01
2.832000000000000028e+01 -5.896896035677710302e+01
2.879999999999999716e+01 -5.928959485653044226e+01
2.927999999999999758e+01 -5.941761799456477888e+01
2.975999999999999801e+01 -5.970241781481355048e+01
3.023999999999999844e+01 -6.036867048460158713e+01
3.071999999999999886e+01 -6.105977941228667305e+01
3.119999999999999929e+01 -6.158514191899201506e+01
3.167999999999999972e+01 -6.176045992393832762e+01
3.215999999999999659e+01 -6.192023048942115793e+01
3.264000000000000057e+01 -6.233080971823015659e+01
3.311999999999999744e+01 -6.237937084015839417e+01
3.360000000000000142e+01 -6.268595618411970349e+01
3.407999999999999829e+01 -6.333187223272526012e+01
3.456000000000000227e+01 -6.361072820728153943e+01
3.503999999999999915e+01 -6.389536308389590857e+01
3.551999999999999602e+01 -6.417412333496331200e+01
3.600000000000000000e+01 -6.452819936952606383e+01
3.647999999999999687e+01 -6.485215594151486584e+01
3.696000000000000085e+01 -6.502997918906986285e+01
3.743999999999999773e+01 -6.538380420012559568e+01
3.792000000000000171e+01 -6.570566475979239840e+01
3.839999999999999858e+01 -6.606101988435030137e+01
3.887999999999999545e+01 -6.638577090596274388e+01
3.935999999999999943e+01 -6.657685982439927841e+01
3.983999999999999631e+01 -6.678486897329614180e+01
4.032000000000000028e+01 -6.704206993931310876e+01
4.079999999999999716e+01 -6.753288625526293742e+01
4.128000000000000114e+01 -6.784969237199072722e+01
4.175999999999999801e+01 -6.802685053645630830e+01
4.223999999999999488e+01 -6.809574767166134279e+01
4.271999999999999886e+01 -6.832737095799447502e+01
4.319999999999999574e+01 -6.848678417466159374e+01
4.367999999999999972e+01 -6.874336793102169452e+01
4.415999999999999659e+01 -6.897927172140325069e+01
4.464000000000000057e+01 -6.914392965873851438e+01
4.511999999999999744e+01 -6.916159950309004500e+01
4.560000000000000142e+01 -6.937066511928658485e+01
4.607999999999999829e+01 -6.951250723484504590e+01
4.655999999999999517e+01 -6.947412679559440107e+01
4.703999999999999915e+01 -6.944169102890124634e+01
4.751999999999999602e+01 -6.927013660029857078e+01
4.800000000000000000e+01 -6.919135982845892840e+01
4.847999999999999687e+01 -6.934003545066951801e+01
4.896000000000000085e+01 -6.990232469084472200e+01
4.943999999999999773e+01 -7.107358326842020801e+01
4.992000000000000171e+01 -7.171975379163002629e+01
5.039999999999999858e+01 -7.177199157191989798e+01
5.087999999999999545e+01 -7.186207717452607824e+01
5.135999999999999943e+01 -7.202603705488401431e+01
5.183999999999999631e+01 -7.233470530677666943e+01
5.232000000000000028e+01 -7.244552615177238408e+01
5.279999999999999716e+01 -7.232338835717739300e+01
5.328000000000000114e+01 -7.253062493498720187e+01
5.375999999999999801e+01 -7.273748455376235711e+01
5.423999999999999488e+01 -7.278263178028628033e+01
5.471999999999999886e+01 -7.314884790729891506e+01
5.519999999999999574e+01 -7.350919228954001028e+01
5.567999999999999972e+01 -7.360766602281687199e+01
5.615999999999999659e+01 -7.370314401498623624e+01
5.664000000000000057e+01 -7.366512787822993857e+01
5.711999999999999744e+01 -7.385763012129557126e+01
5.759999999999999432e+01 -7.409468162053130413e+01
5.807999999999999829e+01 -7.415929204171304434e+01
5.855999999999999517e+01 -7.226269378297614310e+01
5.903999999999999915e+01 -7.112651669949005395e+01
5.951999999999999602e+01 -7.360255526970762219e+01
6.000000000000000000e+01 -7.468158601507208516e+01
6.047999999999999687e+01 -7.478642384136017540e+01
6.096000000000000085e+01 -7.503481278777364594e+01
6.143999999999999773e+01 -7.521522529067648577e+01
6.191999999999999460e+01 -7.541811738970341139e+01
6.239999999999999858e+01 -7.564122428426499312e+01
6.287999999999999545e+01 -7.596505330644555443e+01
6.335999999999999943e+01 -7.616136736579497324e+01
6.383999999999999631e+01 -7.633213474977671353e+01
6.431999999999999318e+01 -7.642638146605992233e+01
6.479999999999999716e+01 -7.664640052082999944e+01
6.528000000000000114e+01 -7.698568414319956332e+01
6.575999999999999091e+01 -7.701611205732346832e+01
6.623999999999999488e+01 -7.731107530311818721e+01
6.671999999999999886e+01 -7.752581722753238580e+01
6.720000000000000284e+01 -7.780377876297923478e+01
6.767999999999999261e+01 -7.793429341207982475e+01
6.815999999999999659e+01 -7.782562734381521352e+01
6.864000000000000057e+01 -7.782447351113900424e+01
6.912000000000000455e+01 -7.799803353705655695e+01
6.959999999999999432e+01 -7.817190243156279905e+01
7.007999999999999829e+01 -7.817649800113336767e+01
7.056000000000000227e+01 -7.864643724557130611e+01
7.103999999999999204e+01 -7.918461965556329574e+01
7.151999999999999602e+01 -7.923822359157857420e+01
7.200000000000000000e+01 -7.947524480907900113e+01
7.248000000000000398e+01 -7.936322189836269558e+01
7.295999999999999375e+01 -7.944407516158257465e+01
7.343999999999999773e+01 -7.970656437808605688e+01
7.392000000000000171e+01 -8.020529351798730033e+01
7.439999999999999147e+01 -8.022712803903174006e+01
7.487999999999999545e+01 -7.988444001948934670e+01
7.535999999999999943e+01 -8.001200860272572868e+01
7.584000000000000341e+01 -8.038144483862993184e+01
7.631999999999999318e+01 -8.067222442815054251e+01
7.679999999999999716e+01 -8.061118140388958864e+01
7.728000000000000114e+01 -8.120680904946863166e+01
7.775999999999999091e+01 -8.146354775140794402e+01
7.823999999999999488e+01 -8.128572783905443089e+01
7.871999999999999886e+01 -8.157327821517854716e+01
7.920000000000000284e+01 -8.172907501912830242e+01
7.967999999999999261e+01 -8.168334419294211557e+01
8.015999999999999659e+01 -8.190004395723221364e+01
8.064000000000000057e+01 -8.229790594319958075e+01
8.111999999999999034e+01 -8.245929654999102354e+01
8.159999999999999432e+01 -8.234713996202918906e+01
8.207999999999999829e+01 -8.244052176386273345e+01
8.256000000000000227e+01 -8.257159327158787221e+01
8.303999999999999204e+01 -8.255357001512584247e+01
8.351999999999999602e+01 -8.286857308918600040e+01
8.400000000000000000e+01 -8.310068865884315414e+01
8.447999999999998977e+01 -8.322895005409067437e+01
8.495999999999999375e+01 -8.329185461981739991e+01
8.543999999999999773e+01 -8.338879043605969343e+01
8.592000000000000171e+01 -8.351272700867858134e+01
8.639999999999999147e+01 -8.352701002461176927e+01
8.687999999999999545e+01 -8.371270539600111249e+01
8.735999999999999943e+01 -8.399128241174372533e+01
8.784000000000000341e+01 -8.419313279750380730e+01
8.831999999999999318e+01 -8.420087432191225219e+01
8.879999999999999716e+01 -8.418488262460350313e+01
8.928000000000000114e+01 -8.441356247100287646e+01
8.975999999999999091e+01 -8.472820564200608828e+01
9.023999999999999488e+01 -8.479571103492776274e+01
9.071999999999999886e+01 -8.445490654074033898e+01
9.120000000000000284e+01 -8.447069227157280125e+01
9.167999999999999261e+01 -8.489233582440610348e+01
9.215999999999999659e+01 -8.521001646315069422e+01
9.264000000000000057e+01 -8.527747713666740026e+01
9.311999999999999034e+01 -8.520306267990090987e+01
9.359999999999999432e+01 -8.521124277588307905e+01
9.407999999999999829e+01 -8.535372235734536162e+01
9.456000000000000227e+01 -8.549571738900570494e+01
9.503999999999999204e+01 -8.573134946927240208e+01
9.551999999999999602e+01 -8.536375539569016269e+01
9.600000000000000000e+01 -8.541345548891865747e+01
9.647999999999998977e+01 -8.578282843399257729e+01
9.695999999999999375e+01 -8.607656042777446714e+01
9.743999999999999773e+01 -8.608572797902793639e+01
9.792000000000000171e+01 -8.605757603146767565e+01
9.839999999999999147e+01 -8.619606207124961372e+01
9.887999999999999545e+01 -8.631238760068093541e+01
9.935999999999999943e+01 -8.643090776764836392e+01
9.984000000000000341e+01 -8.641650642922405723e+01
1.003199999999999932e+02 -8.632706134236968865e+01
1.007999999999999972e+02 -8.654953801203056685e+01
1.012800000000000011e+02 -8.671645609188296078e+01
1.017599999999999909e+02 -8.692719417194010134e+01
1.022399999999999949e+02 -8.695262320997693450e+01
1.027199999999999989e+02 -8.726203606923613165e+01
1.032000000000000028e+02 -8.786047012123155753e+01
1.036799999999999926e+02 -8.842846526509221405e+01
1.041599999999999966e+02 -8.872484057610643049e+01
1.046400000000000006e+02 -8.906837640403908551e+01
1.051199999999999903e+02 -8.967576756545390992e+01
1.055999999999999943e+02 -8.973142809507365314e+01
1.060799999999999983e+02 -9.002835892028986109e+01
1.065600000000000023e+02 -9.142986471498912238e+01
1.070399999999999920e+02 -9.207633374996913744e+01
1.075199999999999960e+02 -9.309203774604675630e+01
1.080000000000000000e+02 -9.409212861198889755e+01
1.084799999999999898e+02 -9.495932807293557687e+01
1.089599999999999937e+02 -9.604830663300644744e+01
1.094399999999999977e+02 -9.709664217012635845e+01
1.099200000000000017e+02 -9.800871320151189536e+01
1.103999999999999915e+02 -9.899402912170077684e+01
1.108799999999999955e+02 -9.988941668394879514e+01
1.113599999999999994e+02 -1.007454253103297219e+02
1.118399999999999892e+02 -1.014846710299194399e+02
1.123199999999999932e+02 -1.018244734534238489e+02
1.127999999999999972e+02 -1.019160811390139543e+02
1.132800000000000011e+02 -1.020847177190356092e+02
1.137599999999999909e+02 -1.022627698030787258e+02
1.142399999999999949e+02 -1.026148386829494399e+02
1.147199999999999989e+02 -1.028161379036133667e+02
1.151999999999999886e+02 -1.026648853071009455e+02
1.156799999999999926e+02 -1.026294090838655677e+02
1.161599999999999966e+02 -1.027861104782249413e+02
1.166400000000000006e+02 -1.028885473101295958e+02
1.171199999999999903e+02 -1.026228433151270849e+02
1.175999999999999943e+02 -1.024906158966890928e+02
1.180799999999999983e+02 -1.026976880055850074e+02
1.185600000000000023e+02 -1.025846125386107843e+02
1.190399999999999920e+02 -1.026486537201283795e+02
1.195199999999999960e+02 -1.029475008723484706e+02
1.200000000000000000e+02 -1.030994607343519220e+02
1.204799999999999898e+02 -1.030432596927512066e+02
1.209599999999999937e+02 -1.030405726809138969e+02
1.214399999999999977e+02 -1.028423135164736948e+02
1.219200000000000017e+02 -1.030478797426188180e+02
1.223999999999999915e+02 -1.030141726543528478e+02
