-1.228799999999999892e-01 -7.520091859338948836e+01
-1.223999999999999949e-01 -7.743289039466282020e+01
-1.219199999999999867e-01 -7.877694540570736592e+01
-1.214399999999999924e-01 -7.862768326842031286e+01
-1.209599999999999842e-01 -7.860317199316125425e+01
-1.204799999999999899e-01 -7.855338498440241324e+01
-1.199999999999999956e-01 -7.849655148828431095e+01
-1.195199999999999874e-01 -7.857288164220713611e+01
-1.190399999999999930e-01 -7.852676564816911764e+01
-1.185599999999999848e-01 -7.849782506663193260e+01
-1.180799999999999905e-01 -7.862972949466742989e+01
-1.175999999999999962e-01 -7.881313296886196440e+01
-1.171199999999999880e-01 -7.898243638891588603e+01
-1.166399999999999937e-01 -7.880453577255744335e+01
-1.161599999999999855e-01 -7.868707063936514601e+01
-1.156799999999999912e-01 -7.870655936579430545e+01
-1.151999999999999968e-01 -7.862846578206043091e+01
-1.147199999999999886e-01 -7.850407059003904919e+01
-1.142399999999999943e-01 -7.846755622189344592e+01
-1.137599999999999861e-01 -7.857792995618488874e+01
-1.132799999999999918e-01 -7.819476646486727134e+01
-1.127999999999999836e-01 -7.792907044118712179e+01
-1.123199999999999893e-01 -7.761684168692816854e+01
-1.118399999999999950e-01 -7.695935369692367090e+01
-1.113599999999999868e-01 -7.649991908414412478e+01
-1.108799999999999925e-01 -7.570498871547654574e+01
-1.103999999999999843e-01 -7.449764837744099566e+01
-1.099199999999999899e-01 -7.359573264169058859e+01
-1.094399999999999956e-01 -7.258253478182200524e+01
-1.089599999999999874e-01 -7.160374180511180953e+01
-1.084799999999999931e-01 -7.059481143723230900e+01
-1.079999999999999849e-01 -6.967248835815991015e+01
-1.075199999999999906e-01 -6.842255073026719003e+01
-1.070399999999999963e-01 -6.744101878419436957e+01
-1.065599999999999881e-01 -6.682055874269798323e+01
-1.060799999999999937e-01 -6.602786492630814053e+01
-1.055999999999999855e-01 -6.510331530071864847e+01
-1.051199999999999912e-01 -6.458553959591401394e+01
-1.046399999999999969e-01 -6.384607311884068537e+01
-1.041599999999999887e-01 -6.348682678915240274e+01
-1.036799999999999944e-01 -6.298948057789171173e+01
-1.031999999999999862e-01 -6.217042634856347405e+01
-1.027199999999999919e-01 -6.199556160151232120e+01
-1.022399999999999975e-01 -6.178516115487618521e+01
-1.017599999999999894e-01 -6.134333035093334985e+01
-1.012799999999999950e-01 -6.104938229295704843e+01
-1.007999999999999868e-01 -6.084911156899860885e+01
-1.003199999999999925e-01 -6.064529612815245940e+01
-9.983999999999998431e-02 -6.050581743813340552e+01
-9.935999999999998999e-02 -6.034815964358580231e+01
-9.887999999999999567e-02 -6.027444524745531851e+01
-9.839999999999998748e-02 -6.013530572252097528e+01
-9.791999999999999316e-02 -6.053502705689410135e+01
-9.743999999999998496e-02 -6.031097864438628164e+01
-9.695999999999999064e-02 -5.962671964133862446e+01
-9.647999999999999632e-02 -5.964404439415899617e+01
-9.599999999999998812e-02 -5.982057366552864153e+01
-9.551999999999999380e-02 -5.969754101986730177e+01
-9.503999999999998560e-02 -5.941006555684261059e+01
-9.455999999999999128e-02 -5.937426743484272151e+01
-9.407999999999999696e-02 -5.914317535845773932e+01
-9.359999999999998876e-02 -5.887894156262743195e+01
-9.311999999999999444e-02 -5.902389992334980917e+01
-9.263999999999998625e-02 -5.882473287907742332e+01
-9.215999999999999193e-02 -5.860670620948762632e+01
-9.167999999999999761e-02 -5.850827056457443121e+01
-9.119999999999998941e-02 -5.852410122347193777e+01
-9.071999999999999509e-02 -5.867583054056184722e+01
-9.023999999999998689e-02 -5.850477398942621932e+01
-8.975999999999999257e-02 -5.821717738960110466e+01
-8.927999999999999825e-02 -5.801358282237644204e+01
-8.879999999999999005e-02 -5.773004156894180028e+01
-8.831999999999999573e-02 -5.761272715714017778e+01
-8.783999999999998753e-02 -5.723987834677822661e+01
-8.735999999999999321e-02 -5.698149280493301205e+01
-8.687999999999999889e-02 -5.688417736322575990e+01
-8.639999999999999070e-02 -5.659834688146722215e+01
-8.591999999999999638e-02 -5.669805351250998626e+01
-8.543999999999998818e-02 -5.681194023368045976e+01
-8.495999999999999386e-02 -5.652454165547968756e+01
-8.447999999999999954e-02 -5.605400540323844893e+01
-8.399999999999999134e-02 -5.595647663442838393e+01
-8.351999999999999702e-02 -5.580173507531520016e+01
-8.303999999999998882e-02 -5.582573925239752555e+01
-8.255999999999999450e-02 -5.561654899327614743e+01
-8.207999999999998630e-02 -5.555631753009741658e+01
-8.159999999999999198e-02 -5.516083231300116552e+01
-8.111999999999999766e-02 -5.516433190616162818e+01
-8.063999999999998947e-02 -5.505428753801844977e+01
-8.015999999999999515e-02 -5.471147519184302865e+01
-7.967999999999998695e-02 -5.442824952150026974e+01
-7.919999999999999263e-02 -5.410302020734786765e+01
-7.871999999999999831e-02 -5.379173627001354419e+01
-7.823999999999999011e-02 -5.382549491706480893e+01
-7.775999999999999579e-02 -5.407490108912772087e+01
-7.727999999999998759e-02 -5.406533011201479155e+01
-7.679999999999999327e-02 -5.373370110681787537e+01
-7.631999999999999895e-02 -5.325917432180360578e+01
-7.583999999999999075e-02 -5.313524939945931180e+01
-7.535999999999999643e-02 -5.305058121780986369e+01
-7.487999999999998824e-02 -5.283940598109052189e+01
-7.439999999999999392e-02 -5.271461523965336937e+01
-7.391999999999999960e-02 -5.270807436886358488e+01
-7.343999999999999140e-02 -5.243394765431527560e+01
-7.295999999999999708e-02 -5.200487594037301164e+01
-7.247999999999998888e-02 -5.198191734172385736e+01
-7.199999999999999456e-02 -5.180776501507396858e+01
-7.152000000000000024e-02 -5.165254655649597026e+01
-7.103999999999999204e-02 -5.164853959172047837e+01
-7.055999999999999772e-02 -5.129516766769250324e+01
-7.007999999999998952e-02 -5.101461206315558172e+01
-6.959999999999999520e-02 -5.108372764146915301e+01
-6.911999999999998701e-02 -5.104816017042875842e+01
-6.863999999999999269e-02 -5.066322957626540102e+01
-6.815999999999999837e-02 -5.022034540554130899e+01
-6.767999999999999017e-02 -5.003827091249917913e+01
-6.719999999999999585e-02 -5.008772415935530375e+01
-6.671999999999998765e-02 -5.017376425145873498e+01
-6.623999999999999333e-02 -5.004222366627853091e+01
-6.575999999999999901e-02 -4.980908857922535304e+01
-6.527999999999999081e-02 -4.988920936827437913e+01
-6.479999999999999649e-02 -4.989354888832559709e+01
-6.431999999999998829e-02 -4.968282172515770156e+01
-6.383999999999999397e-02 -4.922651134724617350e+01
-6.335999999999999965e-02 -4.904858784434055252e+01
-6.287999999999999146e-02 -4.900502635477878499e+01
-6.239999999999999714e-02 -4.905493232326590913e+01
-6.191999999999999588e-02 -4.871594778515233770e+01
-6.143999999999999462e-02 -4.829664599865896690e+01
-6.095999999999999336e-02 -4.838765448297965577e+01
-6.047999999999999210e-02 -4.834010057700855612e+01
-5.999999999999999778e-02 -4.813415318600738146e+01
-5.951999999999999652e-02 -4.777457556821104845e+01
-5.903999999999999526e-02 -4.759644036157857983e+01
-5.855999999999999400e-02 -4.726933985349911893e+01
-5.807999999999999274e-02 -4.713702674785170643e+01
-5.759999999999999842e-02 -4.728795746530354904e+01
-5.711999999999999716e-02 -4.704985210132866769e+01
-5.663999999999999591e-02 -4.687773976651934049e+01
-5.615999999999999465e-02 -4.654901790216549529e+01
-5.567999999999999339e-02 -4.656482327022285972e+01
-5.519999999999999213e-02 -4.633421152772144325e+01
-5.471999999999999781e-02 -4.635333196155912105e+01
-5.423999999999999655e-02 -4.644324287819629404e+01
-5.375999999999999529e-02 -4.597672902765361158e+01
-5.327999999999999403e-02 -4.545270807759169429e+01
-5.279999999999999277e-02 -4.521819681864811713e+01
-5.231999999999999845e-02 -4.547373608391570343e+01
-5.183999999999999719e-02 -4.568399020037474401e+01
-5.135999999999999593e-02 -4.553374186487921094e+01
-5.087999999999999468e-02 -4.537322795772691109e+01
-5.039999999999999342e-02 -4.519904738690446067e+01
-4.991999999999999216e-02 -4.485482278044920434e+01
-4.943999999999999784e-02 -4.454494103465275145e+01
-4.895999999999999658e-02 -4.464984530030642418e+01
-4.847999999999999532e-02 -4.449070334530944848e+01
-4.799999999999999406e-02 -4.415627063463699642e+01
-4.751999999999999280e-02 -4.406091685083108445e+01
-4.703999999999999848e-02 -4.382372711792285003e+01
-4.655999999999999722e-02 -4.368317509894300343e+01
-4.607999999999999596e-02 -4.369053813081837490e+01
-4.559999999999999470e-02 -4.346793606804374122e+01
-4.511999999999999345e-02 -4.346297650313110950e+01
-4.463999999999999913e-02 -4.313473810430033950e+01
-4.415999999999999787e-02 -4.293287295146217986e+01
-4.367999999999999661e-02 -4.282842254507360735e+01
-4.319999999999999535e-02 -4.228904572277588869e+01
-4.271999999999999409e-02 -4.185363047603228637e+01
-4.223999999999999977e-02 -4.160161316423799605e+01
-4.175999999999999851e-02 -4.161485205897821515e+01
-4.127999999999999725e-02 -4.135941479002187293e+01
-4.079999999999999599e-02 -4.103798016714024044e+01
-4.031999999999999473e-02 -4.078056177633423829e+01
-3.983999999999999347e-02 -4.071920650851791379e+01
-3.935999999999999915e-02 -4.068252214950879875e+01
-3.887999999999999790e-02 -4.014604939406040529e+01
-3.839999999999999664e-02 -3.953603628371710954e+01
-3.791999999999999538e-02 -3.928028185720816623e+01
-3.743999999999999412e-02 -3.934468752361123478e+01
-3.695999999999999980e-02 -3.919266383953637956e+01
-3.647999999999999854e-02 -3.890511937576131629e+01
-3.599999999999999728e-02 -3.863925271051823529e+01
-3.551999999999999602e-02 -3.847136142419087435e+01
-3.503999999999999476e-02 -3.805868104331353408e+01
-3.455999999999999350e-02 -3.782428284632982951e+01
-3.407999999999999918e-02 -3.718375056322341266e+01
-3.359999999999999792e-02 -3.671157862205294009e+01
-3.311999999999999666e-02 -3.654442998135420595e+01
-3.263999999999999541e-02 -3.621829518139017523e+01
-3.215999999999999415e-02 -3.598177676107066247e+01
-3.167999999999999983e-02 -3.576716504369891680e+01
-3.119999999999999857e-02 -3.536181865398347668e+01
-3.071999999999999731e-02 -3.515020499473780546e+01
-3.023999999999999605e-02 -3.469012028163437122e+01
-2.975999999999999826e-02 -3.433360996533447462e+01
-2.927999999999999700e-02 -3.415032215924404824e+01
-2.879999999999999921e-02 -3.360960343482095425e+01
-2.831999999999999795e-02 -3.297263301246421463e+01
-2.783999999999999669e-02 -3.267314244532813206e+01
-2.735999999999999890e-02 -3.205724284723325468e+01
-2.687999999999999765e-02 -3.109059768463703932e+01
-2.639999999999999639e-02 -3.024931604239038307e+01
-2.591999999999999860e-02 -2.939594638473622012e+01
-2.543999999999999734e-02 -2.875745048711728558e+01
-2.495999999999999608e-02 -2.826710898336429523e+01
-2.447999999999999829e-02 -2.780740280990430691e+01
-2.399999999999999703e-02 -2.727098237237583334e+01
-2.351999999999999924e-02 -2.685109594708396941e+01
-2.303999999999999798e-02 -2.638056715357659954e+01
-2.255999999999999672e-02 -2.572763614859533732e+01
-2.207999999999999893e-02 -2.513796831022437672e+01
-2.159999999999999767e-02 -2.471947369814597195e+01
-2.111999999999999988e-02 -2.385616813456755381e+01
-2.063999999999999863e-02 -2.333492848298453382e+01
-2.015999999999999737e-02 -2.292421970501813533e+01
-1.967999999999999958e-02 -2.253821133218673722e+01
-1.919999999999999832e-02 -2.247391915376718430e+01
-1.871999999999999706e-02 -2.239564259149066672e+01
-1.823999999999999927e-02 -2.191250410893758271e+01
-1.775999999999999801e-02 -2.126880961662106628e+01
-1.727999999999999675e-02 -2.105101161162414769e+01
-1.679999999999999896e-02 -2.096479055399519353e+01
-1.631999999999999770e-02 -2.064027298957754297e+01
-1.583999999999999991e-02 -2.027979855276716137e+01
-1.535999999999999865e-02 -1.996673764118419925e+01
-1.487999999999999913e-02 -1.974741162278258955e+01
-1.439999999999999961e-02 -1.928255824462985402e+01
-1.391999999999999835e-02 -1.879482279803007216e+01
-1.343999999999999882e-02 -1.879036776394902830e+01
-1.295999999999999930e-02 -1.851911675446280370e+01
-1.247999999999999804e-02 -1.809540803539367104e+01
-1.199999999999999852e-02 -1.799374009361698867e+01
-1.151999999999999899e-02 -1.779073876464294557e+01
-1.103999999999999947e-02 -1.739995375971843927e+01
-1.055999999999999994e-02 -1.608475514308354803e+01
-1.007999999999999868e-02 -3.834431447516003288e+00
-9.599999999999999159e-03 4.345945306970850019e+00
-9.119999999999999635e-03 6.957895840246343333e+00
-8.639999999999998376e-03 7.165035705038516056e+00
-8.159999999999998851e-03 7.163794146726511158e+00
-7.679999999999999327e-03 7.329714529119820909e+00
-7.199999999999999803e-03 7.416766625717547967e+00
-6.719999999999999411e-03 7.255309546460393832e+00
-6.239999999999999020e-03 7.294243803681126792e+00
-5.759999999999999495e-03 7.441147022510610221e+00
-5.279999999999999971e-03 7.426024118751467284e+00
-4.799999999999999580e-03 7.451385941629936838e+00
-4.319999999999999188e-03 7.256196761086574298e+00
-3.839999999999999664e-03 7.145961433721041089e+00
-3.359999999999999706e-03 7.138120052610580579e+00
-2.879999999999999748e-03 7.122819561140767419e+00
-2.399999999999999790e-03 7.225345638699357309e+00
-1.919999999999999832e-03 7.170481740799262482e+00
-1.439999999999999874e-03 7.199362745618672399e+00
-9.599999999999999159e-04 7.269264716026972550e+00
-4.799999999999999580e-04 7.143580531145134138e+00
0.000000000000000000e+00 7.084537217058435310e+00
4.799999999999999580e-04 7.310641844421056135e+00
9.599999999999999159e-04 7.676314512603732432e+00
1.439999999999999874e-03 7.305917437117815716e+00
1.919999999999999832e-03 6.941298488335698735e+00
2.399999999999999790e-03 7.157595794137938228e+00
2.879999999999999748e-03 7.325149003654124691e+00
3.359999999999999706e-03 7.482916748093789039e+00
3.839999999999999664e-03 7.240224745188520217e+00
4.319999999999999188e-03 6.925452651153481298e+00
4.799999999999999580e-03 6.976771490659038122e+00
5.279999999999999971e-03 7.101539901550719236e+00
5.759999999999999495e-03 7.079194495808743604e+00
6.239999999999999020e-03 6.965390031992865438e+00
6.719999999999999411e-03 7.008922470500661639e+00
7.199999999999999803e-03 7.120969020467563304e+00
7.679999999999999327e-03 6.914214363842210886e+00
8.159999999999998851e-03 6.949167955339658143e+00
8.639999999999998376e-03 7.004944590375602687e+00
9.119999999999999635e-03 6.647801822765170954e+00
9.599999999999999159e-03 3.960398808927146241e+00
1.007999999999999868e-02 -4.342541832941253510e+00
1.055999999999999994e-02 -1.654952337360313308e+01
1.103999999999999947e-02 -1.809919613903338131e+01
1.151999999999999899e-02 -1.822172892281493617e+01
1.199999999999999852e-02 -1.848486005222708428e+01
1.247999999999999804e-02 -1.907357379746823156e+01
1.295999999999999930e-02 -1.928627215264448935e+01
1.343999999999999882e-02 -1.938189804374913905e+01
1.391999999999999835e-02 -1.944910010173709480e+01
1.439999999999999961e-02 -1.976836140464682501e+01
1.487999999999999913e-02 -2.036664755403898042e+01
1.535999999999999865e-02 -2.051504925893672038e+01
1.583999999999999991e-02 -2.066252242720065269e+01
1.631999999999999770e-02 -2.096615226689617373e+01
1.679999999999999896e-02 -2.128070916075865071e+01
1.727999999999999675e-02 -2.176288405755999378e+01
1.775999999999999801e-02 -2.252903539059790461e+01
1.823999999999999927e-02 -2.288045445712399228e+01
1.871999999999999706e-02 -2.327269406465440582e+01
1.919999999999999832e-02 -2.347648737597067736e+01
1.967999999999999958e-02 -2.360861697400324388e+01
2.015999999999999737e-02 -2.391906308110554136e+01
2.063999999999999863e-02 -2.453127717324901980e+01
2.111999999999999988e-02 -2.524640055361208724e+01
2.159999999999999767e-02 -2.533680957917903953e+01
2.207999999999999893e-02 -2.556979054925491468e+01
2.255999999999999672e-02 -2.622657340023924633e+01
2.303999999999999798e-02 -2.659181904492850279e+01
2.351999999999999924e-02 -2.712552262730470432e+01
2.399999999999999703e-02 -2.759123604218952863e+01
2.447999999999999829e-02 -2.814812118784184136e+01
2.495999999999999608e-02 -2.870085933574066672e+01
2.543999999999999734e-02 -2.947504573029875274e+01
2.591999999999999860e-02 -3.022152041048590476e+01
2.639999999999999639e-02 -3.077757324388169735e+01
2.687999999999999765e-02 -3.142029053459216570e+01
2.735999999999999890e-02 -3.208979082767972102e+01
2.783999999999999669e-02 -3.283238304218069459e+01
2.831999999999999795e-02 -3.344877745396741631e+01
2.879999999999999921e-02 -3.381929113599451853e+01
2.927999999999999700e-02 -3.388126757494779895e+01
2.975999999999999826e-02 -3.417104139199803114e+01
3.023999999999999605e-02 -3.481208163553658608e+01
3.071999999999999731e-02 -3.546365225344880656e+01
3.119999999999999857e-02 -3.604833357904298907e+01
3.167999999999999983e-02 -3.633360325806499702e+01
3.215999999999999415e-02 -3.652483321385354031e+01
3.263999999999999541e-02 -3.683752927684822254e+01
3.311999999999999666e-02 -3.693205193047934642e+01
3.359999999999999792e-02 -3.727209544520394502e+01
3.407999999999999918e-02 -3.784628664067300008e+01
3.455999999999999350e-02 -3.815130873028430614e+01
3.503999999999999476e-02 -3.846541580702239571e+01
3.551999999999999602e-02 -3.882882653146454288e+01
3.599999999999999728e-02 -3.911935052386584744e+01
3.647999999999999854e-02 -3.944331439533262795e+01
3.695999999999999980e-02 -3.972510278945765805e+01
3.743999999999999412e-02 -4.000296979946341480e+01
3.791999999999999538e-02 -4.039364261455962435e+01
3.839999999999999664e-02 -4.084862255229633377e+01
3.887999999999999790e-02 -4.116097799897592324e+01
3.935999999999999915e-02 -4.137784523900276668e+01
3.983999999999999347e-02 -4.150719567686109457e+01
4.031999999999999473e-02 -4.176640795948208762e+01
4.079999999999999599e-02 -4.242484757716577803e+01
4.127999999999999725e-02 -4.284678321733754558e+01
4.175999999999999851e-02 -4.300971941443589230e+01
4.223999999999999977e-02 -4.325887559324315390e+01
4.271999999999999409e-02 -4.356795535632030436e+01
4.319999999999999535e-02 -4.386113460391647578e+01
4.367999999999999661e-02 -4.414432806109368101e+01
4.415999999999999787e-02 -4.447498781804000600e+01
4.463999999999999913e-02 -4.469851358000292407e+01
4.511999999999999345e-02 -4.467808487747267066e+01
4.559999999999999470e-02 -4.506361803111123265e+01
4.607999999999999596e-02 -4.535022603453878531e+01
4.655999999999999722e-02 -4.570978361954974645e+01
4.703999999999999848e-02 -4.598351981720183801e+01
4.751999999999999280e-02 -4.607991144008258999e+01
4.799999999999999406e-02 -4.613600166453984741e+01
4.847999999999999532e-02 -4.623835991493539410e+01
4.895999999999999658e-02 -4.639044479221141160e+01
4.943999999999999784e-02 -4.685111033416945503e+01
4.991999999999999216e-02 -4.730957214653290066e+01
5.039999999999999342e-02 -4.725671517703469249e+01
5.087999999999999468e-02 -4.728202941122778213e+01
5.135999999999999593e-02 -4.745123936299670220e+01
5.183999999999999719e-02 -4.768761523934223590e+01
5.231999999999999845e-02 -4.769461342799359471e+01
5.279999999999999277e-02 -4.775167293530903123e+01
5.327999999999999403e-02 -4.802932759370307281e+01
5.375999999999999529e-02 -4.814656947145724075e+01
5.423999999999999655e-02 -4.810124803873619470e+01
5.471999999999999781e-02 -4.846606137216423349e+01
5.519999999999999213e-02 -4.869350170909885378e+01
5.567999999999999339e-02 -4.879522743121518857e+01
5.615999999999999465e-02 -4.902897687643538660e+01
5.663999999999999591e-02 -4.911970377356646367e+01
5.711999999999999716e-02 -4.927019524393719507e+01
5.759999999999999842e-02 -4.931955128943713618e+01
5.807999999999999274e-02 -4.957079905945814602e+01
5.855999999999999400e-02 -4.984750391036747885e+01
5.903999999999999526e-02 -4.976750338755199721e+01
5.951999999999999652e-02 -4.981912761924624533e+01
5.999999999999999778e-02 -4.978592034039341740e+01
6.047999999999999210e-02 -4.994936774858399531e+01
6.095999999999999336e-02 -5.021329092074522293e+01
6.143999999999999462e-02 -5.045727556551936743e+01
6.191999999999999588e-02 -5.051605201873467621e+01
6.239999999999999714e-02 -5.067564323256827663e+01
6.287999999999999146e-02 -5.097962605175798956e+01
6.335999999999999965e-02 -5.139340868843056143e+01
6.383999999999999397e-02 -5.167442698045690719e+01
6.431999999999998829e-02 -5.164556466619834652e+01
6.479999999999999649e-02 -5.186618953494669881e+01
6.527999999999999081e-02 -5.239212077051228533e+01
6.575999999999999901e-02 -5.225155731315421548e+01
6.623999999999999333e-02 -5.227567099673760254e+01
6.671999999999998765e-02 -5.257062206297716500e+01
6.719999999999999585e-02 -5.282810625190158049e+01
6.767999999999999017e-02 -5.277921190608907409e+01
6.815999999999999837e-02 -5.280235281154878635e+01
6.863999999999999269e-02 -5.272521359822106035e+01
6.911999999999998701e-02 -5.281837374761823867e+01
6.959999999999999520e-02 -5.301378662016535515e+01
7.007999999999998952e-02 -5.347224643376228670e+01
7.055999999999999772e-02 -5.386130613904802544e+01
7.103999999999999204e-02 -5.414826071523747686e+01
7.152000000000000024e-02 -5.413064697424566418e+01
7.199999999999999456e-02 -5.426381652726104221e+01
7.247999999999998888e-02 -5.434113103351827334e+01
7.295999999999999708e-02 -5.433239257097091013e+01
7.343999999999999140e-02 -5.425349176426017550e+01
7.391999999999999960e-02 -5.466243877642072846e+01
7.439999999999999392e-02 -5.483066475915434523e+01
7.487999999999998824e-02 -5.481678962716411974e+01
7.535999999999999643e-02 -5.515221515690374332e+01
7.583999999999999075e-02 -5.532629328699368898e+01
7.631999999999999895e-02 -5.572447266604049787e+01
7.679999999999999327e-02 -5.580957031614178732e+01
7.727999999999998759e-02 -5.619161381814950573e+01
7.775999999999999579e-02 -5.617571995848840771e+01
7.823999999999999011e-02 -5.598198044074761981e+01
7.871999999999999831e-02 -5.630090516740785489e+01
7.919999999999999263e-02 -5.642071751607505803e+01
7.967999999999998695e-02 -5.653678886237602796e+01
8.015999999999999515e-02 -5.674000312836757587e+01
8.063999999999998947e-02 -5.689525063719388243e+01
8.111999999999999766e-02 -5.724173934478068304e+01
8.159999999999999198e-02 -5.727111239497717321e+01
8.207999999999998630e-02 -5.733525146514505622e+01
8.255999999999999450e-02 -5.751270212038566143e+01
8.303999999999998882e-02 -5.763106882373179474e+01
8.351999999999999702e-02 -5.770615088755078403e+01
8.399999999999999134e-02 -5.800576462341007300e+01
8.447999999999999954e-02 -5.799641395665040022e+01
8.495999999999999386e-02 -5.794971982968264967e+01
8.543999999999998818e-02 -5.803076051014508607e+01
8.591999999999999638e-02 -5.822773756459150718e+01
8.639999999999999070e-02 -5.829472701203430063e+01
8.687999999999999889e-02 -5.879173953580199452e+01
8.735999999999999321e-02 -5.930626666733766683e+01
8.783999999999998753e-02 -5.906067211920812099e+01
8.831999999999999573e-02 -5.917115808656624409e+01
8.879999999999999005e-02 -5.908619168305628477e+01
8.927999999999999825e-02 -5.921064929353849493e+01
8.975999999999999257e-02 -5.953648470952688854e+01
9.023999999999998689e-02 -5.963692186684848906e+01
9.071999999999999509e-02 -5.932745319111204196e+01
9.119999999999998941e-02 -5.949698372187967976e+01
9.167999999999999761e-02 -5.996238531916923620e+01
9.215999999999999193e-02 -6.045816594646188946e+01
9.263999999999998625e-02 -6.024587155261193061e+01
9.311999999999999444e-02 -6.004827370668100173e+01
9.359999999999998876e-02 -6.005123150654454633e+01
9.407999999999999696e-02 -6.019159942718253831e+01
9.455999999999999128e-02 -6.042618702018192778e+01
9.503999999999998560e-02 -6.063038774703287714e+01
9.551999999999999380e-02 -6.051788054979438414e+01
9.599999999999998812e-02 -6.070513913443196685e+01
9.647999999999999632e-02 -6.092959206346194634e+01
9.695999999999999064e-02 -6.114622355498855910e+01
9.743999999999998496e-02 -6.132786679392190621e+01
9.791999999999999316e-02 -6.114099934774674949e+01
9.839999999999998748e-02 -6.098835099628053058e+01
9.887999999999999567e-02 -6.129280755065761355e+01
9.935999999999998999e-02 -6.145720762822229233e+01
9.983999999999998431e-02 -6.175627583715120750e+01
1.003199999999999925e-01 -6.182716651514961370e+01
1.007999999999999868e-01 -6.178231806049787878e+01
1.012799999999999950e-01 -6.192585737857947237e+01
1.017599999999999894e-01 -6.231775741819649284e+01
1.022399999999999975e-01 -6.254219158911652698e+01
1.027199999999999919e-01 -6.250518434814114244e+01
1.031999999999999862e-01 -6.267241990030554177e+01
1.036799999999999944e-01 -6.321051097658305196e+01
1.041599999999999887e-01 -6.369172172208095617e+01
1.046399999999999969e-01 -6.433416851793904812e+01
1.051199999999999912e-01 -6.509230750552910649e+01
1.055999999999999855e-01 -6.524614502838683450e+01
1.060799999999999937e-01 -6.511290338642149322e+01
1.065599999999999881e-01 -6.662304513557272401e+01
1.070399999999999963e-01 -6.795654354797140684e+01
1.075199999999999906e-01 -6.886507651814861219e+01
1.079999999999999849e-01 -6.989681976742866709e+01
1.084799999999999931e-01 -7.096363683035920644e+01
1.089599999999999874e-01 -7.205269414385368520e+01
1.094399999999999956e-01 -7.307908042991530806e+01
1.099199999999999899e-01 -7.397239586520102250e+01
1.103999999999999843e-01 -7.501544132419076050e+01
1.108799999999999925e-01 -7.585795621595083560e+01
1.113599999999999868e-01 -7.649580621264955482e+01
1.118399999999999950e-01 -7.718345496853788745e+01
1.123199999999999893e-01 -7.776619800932316195e+01
1.127999999999999836e-01 -7.823354724613014355e+01
1.132799999999999918e-01 -7.861546610082795894e+01
1.137599999999999861e-01 -7.877973414428649335e+01
1.142399999999999943e-01 -7.877058202086661254e+01
1.147199999999999886e-01 -7.847743656846360238e+01
1.151999999999999968e-01 -7.853551954910783195e+01
1.156799999999999912e-01 -7.865509347234632287e+01
1.161599999999999855e-01 -7.849112916047589295e+01
1.166399999999999937e-01 -7.833390106265748898e+01
1.171199999999999880e-01 -7.821747051940261031e+01
1.175999999999999962e-01 -7.822406004909142041e+01
1.180799999999999905e-01 -7.830310985364624798e+01
1.185599999999999848e-01 -7.843277346322258836e+01
1.190399999999999930e-01 -7.853742037156904132e+01
1.195199999999999874e-01 -7.868112578384987899e+01
1.199999999999999956e-01 -7.875778637161671725e+01
1.204799999999999899e-01 -7.884405688250896560e+01
1.209599999999999842e-01 -7.886132665065174763e+01
1.214399999999999924e-01 -7.844813432273852527e+01
1.219199999999999867e-01 -7.820902787228989439e+01
1.223999999999999949e-01 -7.706435463729692970e+01
